##q-\DeltaF
0.0 0.30615952298293464 
0.00101010101010101 0.3061581454639827 
0.00202020202020202 0.30615584977925386 
0.0030303030303030303 0.3061526356812014 
0.00404040404040404 0.3061485032144395 
0.00505050505050505 0.3061434525143747 
0.006060606060606061 0.3061374835136493 
0.007070707070707071 0.30613059609873483 
0.00808080808080808 0.30612279036093765 
0.00909090909090909 0.3061140663445231 
0.0101010101010101 0.30610442389171805 
0.011111111111111112 0.30609386318336734 
0.012121212121212121 0.3060823839933022 
0.013131313131313131 0.30606998650259587 
0.014141414141414142 0.30605667055272207 
0.015151515151515152 0.30604243625688643 
0.01616161616161616 0.30602728357012254 
0.01717171717171717 0.30601121231120354 
0.01818181818181818 0.30599422272905663 
0.01919191919191919 0.3059763146650012 
0.0202020202020202 0.3059574880746793 
0.021212121212121213 0.30593774304805976 
0.022222222222222223 0.3059170794718719 
0.023232323232323233 0.3058954973240483 
0.024242424242424242 0.30587299669451073 
0.025252525252525252 0.30584957744837477 
0.026262626262626262 0.30582523960748814 
0.02727272727272727 0.3057999831495734 
0.028282828282828285 0.305773807984878 
0.029292929292929294 0.30574671429284805 
0.030303030303030304 0.3057187017585483 
0.031313131313131314 0.30568977056174296 
0.03232323232323232 0.3056599206578104 
0.03333333333333333 0.3056291518659611 
0.03434343434343434 0.30559746436672997 
0.03535353535353535 0.3055648579795777 
0.03636363636363636 0.30553133270459615 
0.03737373737373737 0.3054968886544428 
0.03838383838383838 0.30546152549052863 
0.03939393939393939 0.3054252434839195 
0.0404040404040404 0.3053880423636284 
0.04141414141414142 0.30534992233277775 
0.04242424242424243 0.3053108830978061 
0.043434343434343436 0.3052709249072174 
0.044444444444444446 0.3052300473771114 
0.045454545454545456 0.30518825080103673 
0.046464646464646465 0.3051455349304041 
0.047474747474747475 0.3051018997431722 
0.048484848484848485 0.30505734530643125 
0.049494949494949494 0.3050118715076944 
0.050505050505050504 0.3049654782114736 
0.051515151515151514 0.30491816555300105 
0.052525252525252523 0.30486993337439106 
0.05353535353535353 0.3048207816080308 
0.05454545454545454 0.3047707103211569 
0.05555555555555555 0.3047197193114778 
0.05656565656565657 0.30466780860052484 
0.05757575757575758 0.3046149782115794 
0.05858585858585859 0.304561227895864 
0.0595959595959596 0.3045065578796053 
0.06060606060606061 0.30445096784622283 
0.06161616161616162 0.3043944578187965 
0.06262626262626263 0.3043370278415989 
0.06363636363636363 0.3042786777578249 
0.06464646464646465 0.30421940745406223 
0.06565656565656566 0.3041592170646924 
0.06666666666666667 0.3040981062531324 
0.06767676767676768 0.3040360752204464 
0.06868686868686869 0.3039731237654171 
0.0696969696969697 0.30390925184081236 
0.0707070707070707 0.3038444593585556 
0.07171717171717172 0.30377874631634555 
0.07272727272727272 0.30371211255842506 
0.07373737373737374 0.3036445581275899 
0.07474747474747474 0.30357608282309945 
0.07575757575757576 0.3035066866198372 
0.07676767676767676 0.30343636954292413 
0.07777777777777778 0.3033651313640356 
0.07878787878787878 0.3032929720631342 
0.0797979797979798 0.30321989161506846 
0.0808080808080808 0.30314588988662966 
0.08181818181818182 0.3030709668091525 
0.08282828282828283 0.3029951222460251 
0.08383838383838384 0.30291835626750446 
0.08484848484848485 0.30284066859982794 
0.08585858585858586 0.30276205924576904 
0.08686868686868687 0.3026825282476731 
0.08787878787878788 0.30260207520190646 
0.08888888888888889 0.30252070030898665 
0.0898989898989899 0.30243840336840483 
0.09090909090909091 0.30235518424183383 
0.09191919191919191 0.30227104297741103 
0.09292929292929293 0.3021859792561148 
0.09393939393939393 0.3020999931708997 
0.09494949494949495 0.3020130846289161 
0.09595959595959595 0.30192525331652326 
0.09696969696969697 0.3018364994131817 
0.09797979797979799 0.301746822578739 
