0.001 0.27250543168824554 
0.00301010101010101 0.2725054316880668 
0.00502020202020202 0.27250543168824554 
0.00703030303030303 0.27250543168824554 
0.00904040404040404 0.2725054316880668 
0.01105050505050505 0.27250543169986646 
0.01306060606060606 0.272505431723287 
0.015070707070707071 0.272505431723287 
0.017080808080808082 0.27250543219205564 
0.019090909090909092 0.2725054365273611 
0.021101010101010103 0.27250546147222177 
0.023111111111111114 0.27250556523537806 
0.02512121212121212 0.27250590133037317 
0.02713131313131313 0.27250679886314344 
0.02914141414141414 0.2725088580711175 
0.031151515151515152 0.2725130431662555 
0.03316161616161616 0.2725207537423905 
0.03517171717171717 0.2725338614794791 
0.037181818181818184 0.2725547074072894 
0.039191919191919194 0.2725860624047587 
0.041202020202020205 0.27263105858601727 
0.043212121212121216 0.2726931028506515 
0.045222222222222226 0.2727757821219019 
0.04723232323232324 0.27288277067042177 
0.04924242424242424 0.27301774517959193 
0.05125252525252525 0.27318431261491205 
0.05326262626262626 0.2733859529696223 
0.05527272727272727 0.2736259771777924 
0.05728282828282828 0.2739074994322051 
0.05929292929292929 0.2742334224271739 
0.061303030303030304 0.2746064331476558 
0.06331313131313131 0.27502900770799305 
0.06532323232323232 0.2755034226705067 
0.06733333333333333 0.27603177131155926 
0.06934343434343435 0.27661598326718956 
0.07135353535353535 0.2772578462572031 
0.07336363636363637 0.2779590286468657 
0.07537373737373737 0.27872110291823765 
0.07738383838383839 0.2795455682512423 
0.07939393939393939 0.280433873010228 
0.08140404040404041 0.2813874362596017 
0.08341414141414141 0.28240766838091347 
0.08542424242424243 0.2834959907655896 
0.08743434343434343 0.2846538547580098 
0.08944444444444445 0.2858827595195276 
0.09145454545454546 0.28718426958825694 
0.09346464646464647 0.2885600315962078 
0.09547474747474748 0.2900117909504512 
0.09748484848484848 0.2915414080703269 
0.0994949494949495 0.29315087496948444 
0.1015050505050505 0.2948423316584851 
0.10351515151515152 0.29661808361470876 
0.10552525252525252 0.2984806193405031 
0.10753535353535354 0.3004326290831066 
0.10954545454545454 0.302477024923018 
0.11155555555555556 0.3046169620375088 
0.11356565656565656 0.3068558616981482 
0.11557575757575758 0.3091974369751468 
0.11758585858585859 0.3116457197002616 
0.1195959595959596 0.3142050917373397 
0.1216060606060606 0.3168803184053604 
0.12361616161616162 0.31967658658227976 
0.1256262626262626 0.322599547042924 
0.12763636363636363 0.32565536202469336 
0.12964646464646465 0.32885075925254265 
0.13165656565656567 0.33219309249667595 
0.13366666666666666 0.33569041110306674 
0.13567676767676767 0.3393515388923228 
0.1376868686868687 0.3431861647834038 
0.1396969696969697 0.34720494647122635 
0.1417070707070707 0.35141963047235353 
0.14371717171717172 0.3558431913541519 
0.14572727272727273 0.36048999231407425 
0.14773737373737375 0.3653759744827208 
0.14974747474747474 0.37051887771834263 
0.15175757575757576 0.3759385012145425 
0.15376767676767678 0.3816570121317464 
0.1557777777777778 0.38769931332252505 
0.15778787878787878 0.3940934834919404 
0.1597979797979798 0.40087130788754477 
0.16180808080808082 0.408068921789244 
0.1638181818181818 0.4157275964498575 
0.16582828282828282 0.4238947070730427 
0.16783838383838384 0.4326249329933603 
0.16984848484848486 0.441981760589063 
0.17185858585858585 0.4520393832374174 
0.17386868686868687 0.462885127516348 
0.17587878787878788 0.4746225878325582 
0.1778888888888889 0.48737572705050347 
0.1798989898989899 0.5012943166970347 
0.1819090909090909 0.5165612670016464 
0.18391919191919193 0.5334026710783852 
0.18592929292929294 0.5521018425990318 
0.18793939393939393 0.5730193655758964 
0.18994949494949495 0.5966224598858246 
0.19195959595959597 0.6235292461861013 
0.19396969696969696 0.6545777653660653 
0.19597979797979798 0.6909379588712873 
0.197989898989899 0.7343022827441736 
0.2 0.7872298068679512 
