0.001 -1.0441429685579346 
0.00301010101010101 -1.1166370423507037 
0.00502020202020202 -1.0687898942342147 
0.00703030303030303 -1.0049955554768528 
0.00904040404040404 -0.945120727055837 
0.01105050505050505 -0.8920267111079735 
0.01306060606060606 -0.8452462054901843 
0.015070707070707071 -0.8037812336715435 
0.017080808080808082 -0.7667018885422295 
0.019090909090909092 -0.7332476411920653 
0.021101010101010103 -0.7028160910158476 
0.023111111111111114 -0.6749317749563487 
0.02512121212121212 -0.6492169983630447 
0.02713131313131313 -0.6253687228036142 
0.02914141414141414 -0.6031411257299625 
0.031151515151515152 -0.5823326108475158 
0.03316161616161616 -0.562776124870652 
0.03517171717171717 -0.5443318892776005 
0.037181818181818184 -0.5268818929744158 
0.039191919191919194 -0.5103256756956398 
0.041202020202020205 -0.4945770654558146 
0.043212121212121216 -0.47956162781701994 
0.045222222222222226 -0.4652146521038958 
0.04723232323232324 -0.4514795461182075 
0.04924242424242424 -0.4383065455385804 
0.05125252525252525 -0.4256516674558952 
0.05326262626262626 -0.4134758550844709 
0.05527272727272727 -0.4017442738859245 
0.05728282828282828 -0.3904257280828459 
0.05929292929292929 -0.3794921739790881 
0.061303030303030304 -0.3689183114693151 
0.06331313131313131 -0.35868123926775297 
0.06532323232323232 -0.34876016245107155 
0.06733333333333333 -0.3391361429203243 
0.06934343434343435 -0.3297918856605975 
0.07135353535353535 -0.32071155472294777 
0.07336363636363637 -0.3118806142356334 
0.07537373737373737 -0.30328569028824853 
0.07738383838383839 -0.29491445072380884 
0.07939393939393939 -0.28675550002844835 
0.08140404040404041 -0.2787982870631822 
0.08341414141414141 -0.2710330238096504 
0.08542424242424243 -0.2634506138019787 
0.08743434343434343 -0.25604258849853073 
0.08944444444444445 -0.248801051029659 
0.09145454545454546 -0.24171862586626955 
0.09346464646464647 -0.23478841407268197 
0.09547474747474748 -0.22800395311605826 
0.09748484848484848 -0.2213591809413629 
0.0994949494949495 -0.21484840351149617 
0.1015050505050505 -0.20846626570346413 
0.10351515151515152 -0.2022077249785071 
0.10552525252525252 -0.1960680274169136 
0.10753535353535354 -0.19004268626304108 
0.10954545454545454 -0.18412746222566057 
0.11155555555555556 -0.17831834555181555 
0.11356565656565656 -0.17261153983781694 
0.11557575757575758 -0.16700344710443457 
0.11758585858585859 -0.16149065423633147 
0.1195959595959596 -0.15606992048560642 
0.1216060606060606 -0.15073816604854076 
0.12361616161616162 -0.14549246160640908 
0.1256262626262626 -0.14033001865755068 
0.12763636363636363 -0.13524818056794174 
0.12964646464646465 -0.13024441440393272 
0.13165656565656567 -0.12531630337434765 
0.13366666666666666 -0.12046153979099469 
0.13567676767676767 -0.1156779186294443 
0.1376868686868687 -0.11096333138993944 
0.1396969696969697 -0.10631576066771231 
0.1417070707070707 -0.10173327487791538 
0.14371717171717172 -0.09721402346258401 
0.14572727272727273 -0.09275623242501752 
0.14773737373737375 -0.0883582000460592 
0.14974747474747474 -0.08401829317335795 
0.15175757575757576 -0.07973494336511062 
0.15376767676767678 -0.07550664365226112 
0.1557777777777778 -0.07133194527341401 
0.15778787878787878 -0.06720945473716711 
0.1597979797979798 -0.06313783103905735 
0.16180808080808082 -0.059115782960361685 
0.1638181818181818 -0.05514206671250576 
0.16582828282828282 -0.05121548364513728 
0.16783838383838384 -0.04733487794510438 
0.16984848484848486 -0.043499134790181415 
0.17185858585858585 -0.039707178257231135 
0.17386868686868687 -0.03595796966692432 
0.17587878787878788 -0.03225050571927568 
0.1778888888888889 -0.0285838170657371 
0.1798989898989899 -0.024956966717581963 
0.1819090909090909 -0.021369048536143968 
0.18391919191919193 -0.017819186050473942 
0.18592929292929294 -0.014306531038528192 
0.18793939393939393 -0.01083026241758489 
0.18994949494949495 -0.007389585025521227 
0.19195959595959597 -0.003983728611274274 
0.19396969696969696 -0.0006119467252574398 
0.19597979797979798 0.0027264841719443207 
0.197989898989899 0.0060322656463540625 
0.2 0.009306078218287439 
