0.075 -8681.754111435423 
0.07626262626262625 -8141.9129863894805 
0.07752525252525252 -7643.166466393741 
0.07878787878787878 -7181.626279346762 
0.08005050505050505 -6754.33548317871 
0.08131313131313131 -6358.18577849422 
0.08257575757575758 -5990.429771247409 
0.08383838383838384 -5648.715879575707 
0.0851010101010101 -5330.7507192410385 
0.08636363636363636 -5034.939382037905 
0.08762626262626262 -4759.256262727276 
0.08888888888888889 -4502.071531038338 
0.09015151515151515 -4261.895083508462 
0.09141414141414142 -4037.5394743088696 
0.09267676767676768 -3827.491306915798 
0.09393939393939393 -3631.296568327125 
0.0952020202020202 -3447.127522935185 
0.09646464646464646 -3274.2740552181804 
0.09772727272727272 -3112.3519880861836 
0.09898989898989899 -2960.348500511438 
0.10025252525252526 -2817.553469378717 
0.10151515151515152 -2683.0006364144833 
0.10277777777777777 -2556.4222529507742 
0.10404040404040404 -2437.2013311935416 
0.1053030303030303 -2324.732487755348 
0.10656565656565656 -2219.0390188006927 
0.10782828282828283 -2118.851988173424 
0.1090909090909091 -2024.4275221500689 
0.11035353535353536 -1935.055477406853 
0.11161616161616161 -1850.7125740784193 
0.11287878787878788 -1770.8633101663952 
0.11414141414141414 -1695.356327500055 
0.1154040404040404 -1623.807472836849 
0.11666666666666667 -1555.890777546911 
0.11792929292929294 -1491.4316154056494 
0.1191919191919192 -1430.3717742224408 
0.12045454545454545 -1372.373663286343 
0.12171717171717172 -1317.4139909176608 
0.12297979797979798 -1265.027093963912 
0.12424242424242424 -1215.3526745416377 
0.1255050505050505 -1167.866866988877 
0.12676767676767678 -1122.8141340667753 
0.12803030303030302 -1079.9383733918012 
0.1292929292929293 -1038.9136136251439 
0.13055555555555556 -999.7514997407131 
0.13181818181818183 -962.8362026325755 
0.13308080808080808 -927.3877365590289 
0.13434343434343435 -893.5574433699168 
0.13560606060606062 -861.170698839262 
0.13686868686868686 -830.262433025839 
0.13813131313131313 -800.7395076548839 
0.1393939393939394 -772.5437182182326 
0.14065656565656565 -745.6983432285846 
0.14191919191919192 -719.8657827823517 
0.1431818181818182 -695.139165850522 
0.14444444444444443 -671.5650684653002 
0.14570707070707073 -648.9106439511278 
0.14696969696969697 -627.3854539207963 
0.14823232323232322 -606.4539766359917 
0.14949494949494951 -586.6400859966365 
0.15075757575757576 -567.3849968735584 
0.15202020202020203 -549.072865351265 
0.1532828282828283 -531.6105689202303 
0.15454545454545454 -514.4858731255667 
0.1558080808080808 -498.37399309559885 
0.15707070707070708 -482.8092629239944 
0.15833333333333333 -467.6287047355754 
0.1595959595959596 -453.3561870567138 
0.16085858585858587 -439.3281412539462 
0.1621212121212121 -425.99858579453917 
0.1633838383838384 -413.28603326171384 
0.16464646464646465 -401.132273551924 
0.1659090909090909 -389.03672329056 
0.1671717171717172 -377.8142853227717 
0.16843434343434344 -366.60348919795746 
0.1696969696969697 -355.77686510073755 
0.17095959595959598 -345.75350462578405 
0.17222222222222222 -335.7999960307376 
0.1734848484848485 -326.07931661370856 
0.17474747474747476 -316.9174309080711 
0.176010101010101 -307.9650921100105 
0.17727272727272728 -299.6763208961903 
0.17853535353535355 -291.25949369984113 
0.1797979797979798 -283.4014596652787 
0.18106060606060606 -275.62491612286607 
0.18232323232323233 -268.2791081720389 
0.18358585858585857 -260.9798681984906 
0.18484848484848487 -254.0880813463183 
0.18611111111111112 -247.37091704960136 
0.1873737373737374 -240.84001757842145 
0.18863636363636366 -234.2858350428051 
0.1898989898989899 -228.48835192132157 
0.19116161616161617 -222.667585898933 
0.19242424242424244 -216.75368764338342 
0.19368686868686869 -211.2938090725086 
0.19494949494949496 -205.74079826602141 
0.19621212121212123 -201.002694641908 
0.19747474747474747 -195.7407221704349 
0.19873737373737374 -190.97933554103773 
0.2 -186.27615665455065 
