##delta---free_energy---extended_GL
0.0 -0.0009281223969992425 0.0
0.00202020202020202 -0.0025858123923399035 -0.0003287139369932689
0.00404040404040404 -0.007166114954998193 -0.001314305565449294
0.006060606060606061 -0.013388263226829622 -0.0029551243377967298
0.00808080808080808 -0.020618945858132065 -0.005248419341416667
0.0101010101010101 -0.028704698459023348 -0.008190339298642631
0.012121212121212121 -0.037578222383672255 -0.011775932566760596
0.014141414141414142 -0.047180617688468374 -0.015999147138008957
0.01616161616161616 -0.05745238733061342 -0.020852830639578535
0.01818181818181818 -0.06833381907392777 -0.02632873033361263
0.0202020202020202 -0.07976617672784414 -0.03241749311720693
0.022222222222222223 -0.09169260350415698 -0.0391086655224096
0.024242424242424242 -0.10405867170584315 -0.04639069371622122
0.026262626262626262 -0.11681265346066994 -0.05425092350059478
0.028282828282828285 -0.12990559568333993 -0.0626756003124358
0.030303030303030304 -0.1432912681992775 -0.0716498692236021
0.03232323232323232 -0.15692603658339976 -0.08115777494090402
0.03434343434343434 -0.17076869573372733 -0.0911822618061044
0.03636363636363636 -0.18478028795072987 -0.10170517379591833
0.03838383838383838 -0.19892392029294115 -0.11270725452201354
0.0404040404040404 -0.21316458975184105 -0.12416814723101005
0.04242424242424243 -0.22746902067649444 -0.13606639480448046
0.044444444444444446 -0.24180551627432578 -0.14837943975894957
0.046464646464646465 -0.2561438244629244 -0.1610836242458949
0.048484848484848485 -0.2704550174631777 -0.17415419005174615
0.050505050505050504 -0.2847113840938391 -0.18756527859788566
0.052525252525252523 -0.29888633354312333 -0.2012899309406481
0.05454545454545454 -0.31295430937211677 -0.21530008777132065
0.05656565656565657 -0.3268907125647047 -0.22956658941614286
0.05858585858585859 -0.34067183253830535 -0.24405917583630657
0.06060606060606061 -0.35427478514679933 -0.25874648662795646
0.06262626262626263 -0.3676774568185692 -0.27359606102218914
0.06464646464646465 -0.3808584540878428 -0.28857433788505427
0.06666666666666667 -0.3937970578680279 -0.3036466557175534
0.06868686868686869 -0.40647318190929127 -0.31877725265564066
0.0707070707070707 -0.41886733495459794 -0.33392926647022264
0.07272727272727272 -0.4309605861731143 -0.3490647345671586
0.07474747474747474 -0.4427345335092241 -0.36414459398726
0.07676767676767676 -0.4541712746304256 -0.3791286814062905
0.07878787878787878 -0.46525338019819173 -0.3939757331349668
0.0808080808080808 -0.4759638692204362 -0.4086433851189576
0.08282828282828283 -0.48628618627992637 -0.4230881729388842
0.08484848484848485 -0.4962041804498085 -0.43726553181032
0.08686868686868687 -0.5057020857332191 -0.4511297965837914
0.08888888888888889 -0.5147645028874877 -0.4646342017447767
0.09090909090909091 -0.5233763825028745 -0.4777308814137072
0.09292929292929293 -0.5315230092231786 -0.4903708693459662
0.09494949494949495 -0.5391899870086263 -0.5025040989318893
0.09696969696969697 -0.5463632253503192 -0.5140794031967653
0.09898989898989899 -0.5530289263583654 -0.5250445148008346
0.10101010101010101 -0.5591735726475235 -0.5353460660392901
0.10303030303030303 -0.564783915960561 -0.5449295888422779
0.10505050505050505 -0.569846966467253 -0.5537395147748957
0.10707070707070707 -0.5743499826882044 -0.5617191750371944
0.10909090909090909 -0.5782804619949502 -0.5688108004641768
0.1111111111111111 -0.5816261316456348 -0.5749555215257978
0.11313131313131314 -0.5843749403120455 -0.5800933683269659
0.11515151515151516 -0.5865150500683285 -0.5841632706075404
0.11717171717171718 -0.5880348288037567 -0.5871030577423345
0.1191919191919192 -0.5889228430344247 -0.5888494587411137
0.12121212121212122 -0.5891678510816973 -0.5893381022485947
0.12323232323232323 -0.5887587965979719 -0.588503516544448
0.12525252525252525 -0.5876848024123547 -0.5862791295432959
0.12727272727272726 -0.5859351646769255 -0.5825972687947132
0.1292929292929293 -0.5834993472979022 -0.5773891614832274
0.13131313131313133 -0.5803669766257826 -0.5705849344283179
0.13333333333333333 -0.5765278363966218 -0.562113614084417
0.13535353535353536 -0.5719718629045474 -0.5519031265409091
0.13737373737373737 -0.5666891403916452 -0.5398802975221318
0.1393939393939394 -0.5606698966455497 -0.5259708523873737
0.1414141414141414 -0.5539044987870057 -0.5100994161308771
0.14343434343434344 -0.5463834492441038 -0.49218951338183664
0.14545454545454545 -0.5380973818938628 -0.4721635684043989
0.14747474747474748 -0.529037058369795 -0.4499429050976628
0.1494949494949495 -0.5191933645203335 -0.4254477469956806
0.15151515151515152 -0.5085573070138025 -0.3985972172674553
0.15353535353535352 -0.4971200100794704 -0.36930933871694455
0.15555555555555556 -0.4848727123792287 -0.3375010337830569
0.15757575757575756 -0.47180676400228094 -0.3030881245396535
0.1595959595959596 -0.45791362357579146 -0.26598533269554825
0.1616161616161616 -0.4431848554880844 -0.22610627959450808
0.16363636363636364 -0.4276121272147293 -0.18336348621525045
0.16565656565656567 -0.4111872067466038 -0.13766837317144767
0.16767676767676767 -0.39390196011174794 -0.08893126071172282
0.1696969696969697 -0.3757483489890774 -0.037061368719651426
0.1717171717171717 -0.35671842840611134 0.01803318328623672
0.17373737373737375 -0.336804344521056 0.07644537615246287
0.17575757575757575 -0.31599833248083087 0.1382692910905909
0.17777777777777778 -0.29429271435606097 0.20360010967723802
0.1797979797979798 -0.27167989714484975 0.2725341138540631
0.18181818181818182 -0.2481523708468103 0.34516868592777833
0.18383838383838383 -0.2237027065991697 0.42160230857013825
0.18585858585858586 -0.19832355487847053 0.5019345648179494
0.18787878787878787 -0.17200764375843391 0.5862661380730618
0.1898989898989899 -0.14474777722602994 0.6746988121023777
0.1919191919191919 -0.11653683355166322 0.7673354710378415
0.19393939393939394 -0.08736776371176802 0.8642800993764502
0.19595959595959597 -0.05723358985994764 0.9656377819802452
0.19797979797979798 -0.026127403848136055 1.0715147040763144
0.2 0.005957634209380558 1.1820181512567989
