##delta---free_energy---extended_GL
0.0 -0.0028944315656644903 0.0
0.00202020202020202 -0.0037736988920187287 -0.00032868067774751596
0.00404040404040404 -0.007091839367717512 -0.001314172584460175
0.006060606060606061 -0.012881308961823379 -0.0029548253405483112
0.00808080808080808 -0.02004112464805985 -0.005247888313362479
0.0101010101010101 -0.028117189275576493 -0.008189510617193458
0.012121212121212121 -0.03698943853146375 -0.011774741113272253
0.014141414141414142 -0.046591682898110776 -0.01599752840977008
0.01616161616161616 -0.05686345310664365 -0.020850720861798382
0.01818181818181818 -0.06774490778911968 -0.02632606657140884
0.0202020202020202 -0.07917729354437597 -0.03241421338759334
0.022222222222222223 -0.091103751228502 -0.03910470890628399
0.024242424242424242 -0.1034698527683986 -0.04638600047035312
0.026262626262626262 -0.11622387018553582 -0.05424543516961329
0.028282828282828285 -0.12931685033026952 -0.06266925984081731
0.030303030303030304 -0.14270256297595552 -0.07164262106765815
0.03232323232323232 -0.15633737364964873 -0.081149565180769
0.03434343434343434 -0.17018007720650985 -0.09117303825772341
0.03636363636363636 -0.18419171590846872 -0.10169488612303493
0.03838383838383838 -0.19833539677722456 -0.11269585434815754
0.0404040404040404 -0.21257611677060595 -0.12415558825148532
0.04242424242424243 -0.2268806002053907 -0.13605263289835265
0.044444444444444446 -0.24121715025967205 -0.148364433101034
0.046464646464646465 -0.2555555148220492 -0.16106733341874424
0.048484848484848485 -0.2698667660863521 -0.17413657815763833
0.050505050505050504 -0.28412319284541354 -0.18754631137081146
0.052525252525252523 -0.2982982042625508 -0.20126957685829913
0.05454545454545454 -0.3123662438753172 -0.21527831816707707
0.05656565656565657 -0.32630271264406474 -0.2295433785910611
0.05858585858585859 -0.3400838999647249 -0.24403450117110725
0.06060606060606061 -0.35368692166923665 -0.25872032869501205
0.06262626262626263 -0.3670896641659738 -0.2735684036975118
0.06464646464646465 -0.38027073396892774 -0.2885451684602836
0.06666666666666667 -0.39320941197206594 -0.3036159650119443
0.06868686868686869 -0.4058856119072516 -0.3187450351280511
0.0707070707070707 -0.41827984249857764 -0.33389552033110137
0.07272727272727272 -0.4303731728979301 -0.34902946189053297
0.07474747474747474 -0.4421472010328671 -0.36410780082272376
0.07676767676767676 -0.45358402455372016 -0.37909037789099176
0.07878787878787878 -0.4646662141055913 -0.3939359336055954
0.0808080808080808 -0.4753767886809328 -0.40860210822373316
0.08282828282828283 -0.4856991928465959 -0.42304544174954406
0.08484848484848485 -0.4956172756609476 -0.4372213739341067
0.08686868686868687 -0.5051152711121176 -0.45108424427544064
0.08888888888888889 -0.5141777799432248 -0.46458729201850507
0.09090909090909091 -0.5227897527303185 -0.47768265615519995
0.09292929292929293 -0.5309364741035552 -0.4903213754243651
0.09494949494949495 -0.5386035480092914 -0.5024533883117803
0.09696969696969697 -0.5457768839258961 -0.5140275330501666
0.09898989898989899 -0.5524426839501757 -0.5249915476191839
0.10101010101010101 -0.5585874306841561 -0.535292069745433
0.10303030303030303 -0.5641978758584401 -0.5448746369024554
0.10505050505050505 -0.5692610296306384 -0.5536836863107318
0.10707070707070707 -0.5737641505089641 -0.5616625549376841
0.10909090909090909 -0.5776947358536972 -0.5687534794976741
0.1111111111111111 -0.581040512911045 -0.574897596452003
0.11313131313131314 -0.583789430341767 -0.5800349420089137
0.11515151515151516 -0.5859296502084135 -0.5841044521235876
0.11717171717171718 -0.5874495403896844 -0.5870439624981479
0.1191919191919192 -0.5883376673907605 -0.5887902085816578
0.12121212121212122 -0.5885827895226612 -0.5892788255701193
0.12323232323232323 -0.5881738504268696 -0.5884443484064764
0.12525252525252525 -0.587099972922374 -0.586220211780612
0.12727272727272726 -0.585350453151591 -0.5825387501293504
0.1292929292929293 -0.5829147550102789 -0.5773311976364552
0.13131313131313133 -0.5797825048391587 -0.5705276882326304
0.13333333333333333 -0.5759434863650768 -0.5620572555955206
0.13535353535353536 -0.5713876358720427 -0.55184783314971
0.13737373737373737 -0.5661050375933883 -0.5398262540667239
0.1393939393939394 -0.5600859193067436 -0.5259182512650267
0.1414141414141414 -0.5533206481243269 -0.5100484574100239
0.14343434343434344 -0.5457997264649066 -0.4921404049140612
0.14545454545454545 -0.5375137881968612 -0.4721165259364241
0.14747474747474748 -0.5284535949448355 -0.44989815238333847
0.1494949494949495 -0.5186100325485086 -0.4254055159079707
0.15151515151515152 -0.5079741076679056 -0.3985577479104262
0.15353535353535352 -0.496536944523541 -0.3692728795377527
0.15555555555555556 -0.484289781769462 -0.33746784168393656
0.15757575757575756 -0.47122396948600453 -0.3030584649899045
0.1595959595959596 -0.45733096629271586 -0.26595947984352397
0.1616161616161616 -0.4426023365697347 -0.22608451637960303
0.16363636363636364 -0.4270297477847862 -0.18334610447988808
0.16565656565656567 -0.41060496792044887 -0.1376556737730682
0.16767676767676767 -0.39331986299771415 -0.08892355363477109
0.1696969696969697 -0.3751663946873123 -0.037058973187564535
0.1717171717171717 -0.3561366180094865 0.018029938699041497
0.17373737373737375 -0.33622267911471226 0.07643615340860037
0.17575757575757575 -0.31541681314263315 0.13825374257772025
0.17777777777777778 -0.29371134215648453 0.20357787809607486
0.1797979797979798 -0.2710986731472076 0.2725048321063918
0.18181818181818182 -0.24757129610713946 0.3451319770044643
0.18383838383838383 -0.2231217821665723 0.4215577854391398
0.18585858585858586 -0.19774278179488647 0.5018818303123306
0.18787878787878787 -0.17142702305864077 0.5862047847790038
0.1898989898989899 -0.14416730993821147 0.674628422247192
0.1919191919191919 -0.1159565206970683 0.7672556163779812
0.19393939393939394 -0.08678760630493798 0.8641903410855232
0.19595959595959597 -0.05665358890882999 0.9655376705370249
0.19797979797979798 -0.02554756035385708 1.0714037791527535
0.2 0.006537319252402085 1.181895941606041
