##delta---compare_q_0_to_finite_q
0.0 2.2737367544323206e-16 
0.0015151515151515152 1.5065037148360715e-06 
0.0030303030303030303 5.264451037874096e-06 
0.004545454545454545 1.0279422102485114e-05 
0.006060606060606061 1.6082876937161928e-05 
0.007575757575757576 2.244500819665518e-05 
0.00909090909090909 2.921109560588775e-05 
0.010606060606060607 3.6272148892521726e-05 
0.012121212121212121 4.356095659136372e-05 
0.013636363636363636 5.104038601598404e-05 
0.015151515151515152 5.868506374872595e-05 
0.016666666666666666 6.646019386244007e-05 
0.01818181818181818 7.42828949782961e-05 
0.019696969696969695 8.19171135419765e-05 
0.021212121212121213 8.877831939685165e-05 
0.022727272727272728 9.407372655300606e-05 
0.024242424242424242 9.759173344127703e-05 
0.025757575757575757 9.951300757461468e-05 
0.02727272727272727 0.00010022908001337782 
0.02878787878787879 0.00010041771886744754 
0.030303030303030304 0.00010045788108777742 
0.031818181818181815 0.00010046273518105408 
0.03333333333333333 0.00010045944163675812 
0.03484848484848485 0.00010045416751563607 
0.03636363636363636 0.0001004482973435188 
0.03787878787878788 0.00010044214258618923 
0.03939393939393939 0.00010043577466763055 
0.04090909090909091 0.00010042921129343086 
0.04242424242424243 0.00010042245810063834 
0.04393939393939394 0.00010041551797121431 
0.045454545454545456 0.00010040839311568561 
0.04696969696969697 0.0001004010855417619 
0.048484848484848485 0.00010039359716415672 
0.05 0.0001003859298307361 
0.051515151515151514 0.00010037808533161296 
0.05303030303030303 0.00010037006540460428 
0.05454545454545454 0.00010036187173705004 
0.05606060606060606 0.00010035350596945136 
0.05757575757575758 0.00010034496969888097 
0.05909090909090909 0.00010033626447875576 
0.06060606060606061 0.00010032739182429403 
0.06212121212121212 0.00010031835321296968 
0.06363636363636363 0.00010030915008474035 
0.06515151515151515 0.00010029978384841346 
0.06666666666666667 0.00010029025587664361 
0.06818181818181818 0.00010028056751480111 
0.0696969696969697 0.00010027072007619611 
0.07121212121212121 0.00010026071484617197 
0.07272727272727272 0.00010025055308392433 
0.07424242424242425 0.00010024023602250051 
0.07575757575757576 0.00010022976486879988 
0.07727272727272727 0.00010021914080834884 
0.07878787878787878 0.00010020836500211779 
0.0803030303030303 0.00010019743858902079 
0.08181818181818182 0.00010018636268705459 
0.08333333333333333 0.00010017513839466106 
0.08484848484848485 0.00010016376678959201 
0.08636363636363636 0.00010015224893186324 
0.08787878787878788 0.0001001405858614818 
0.0893939393939394 0.00010012877860344832 
0.09090909090909091 0.00010011682816320915 
0.09242424242424242 0.00010010473553165875 
0.09393939393939393 0.00010009250168332051 
0.09545454545454546 0.00010008012757657496 
0.09696969696969697 0.00010006761415616008 
0.09848484848484848 0.00010005496235180548 
0.1 0.00010004217307937316 
0.10151515151515152 0.00010002924724176413 
0.10303030303030303 0.00010001618572823669 
0.10454545454545454 0.00010000298941486088 
0.10606060606060606 9.998965916747666e-05 
0.10757575757575757 9.997619583691645e-05 
0.10909090909090909 9.996260026491665e-05 
0.11060606060606061 9.994887328093659e-05 
0.11212121212121212 9.993501570352203e-05 
0.11363636363636363 9.992102834053196e-05 
0.11515151515151516 9.990691198913729e-05 
0.11666666666666667 9.989266743741596e-05 
0.11818181818181818 9.987829546275872e-05 
0.11969696969696969 9.986379683300621e-05 
0.12121212121212122 9.984917230713118e-05 
0.12272727272727273 9.983442263387628e-05 
0.12424242424242424 9.981954855470612e-05 
0.12575757575757576 9.980455080108204e-05 
0.12727272727272726 9.978943009650732e-05 
0.12878787878787878 9.977418715743664e-05 
0.1303030303030303 9.975882268986342e-05 
0.1318181818181818 9.974333739387522e-05 
0.13333333333333333 9.972773196136563e-05 
0.13484848484848486 9.971200707604988e-05 
0.13636363636363635 9.969616341550143e-05 
0.13787878787878788 9.968020164865306e-05 
0.1393939393939394 9.966412243898014e-05 
0.1409090909090909 9.964792644223067e-05 
0.14242424242424243 9.963161430732743e-05 
0.14393939393939395 9.961518667751107e-05 
0.14545454545454545 9.95986441887451e-05 
0.14696969696969697 9.958198747085558e-05 
0.1484848484848485 9.956521714821111e-05 
0.15 9.954833383744692e-05 
