##delta---compare_q_0_to_finite_q
0.0 -3.5254996673756978e-06 
0.0015151515151515152 -1.3443599341371735e-06 
0.0030303030303030303 4.447712758747002e-06 
0.004545454545454545 1.2885927658999207e-05 
0.006060606060606061 2.3546287819726787e-05 
0.007575757575757576 3.62475460594851e-05 
0.00909090909090909 5.087025257148525e-05 
0.010606060606060607 6.731113174305392e-05 
0.012121212121212121 8.547499918836366e-05 
0.013636363636363636 0.00010527395934855122 
0.015151515151515152 0.0001266273222390737 
0.016666666666666666 0.0001494612252315619 
0.01818181818181818 0.00017370801071047026 
0.019696969696969695 0.0001993055150173859 
0.021212121212121213 0.00022619636719446132 
0.022727272727272728 0.00025432733960724363 
0.024242424242424242 0.0002836487574068087 
0.025757575757575757 0.0003141139544775342 
0.02727272727272727 0.0003456787522854938 
0.02878787878787879 0.0003783009298281286 
0.030303030303030304 0.00041193964478338787 
0.031818181818181815 0.00044655475765648594 
0.03333333333333333 0.00048210600555376003 
0.03484848484848485 0.0005185519806393586 
0.03636363636363636 0.0005558489139320954 
0.03787878787878788 0.0005939493900677917 
0.03939393939393939 0.000632801373966231 
0.04090909090909091 0.000672348313277098 
0.04242424242424243 0.0007125313813035063 
0.04393939393939394 0.0007532945882185232 
0.045454545454545456 0.0007945919445301115 
0.04696969696969697 0.0008363936683720112 
0.048484848484848485 0.0008786878294849884 
0.05 0.0009214763605245935 
0.051515151515151514 0.0009647679613467516 
0.05303030303030303 0.001008571584950687 
0.05454545454545454 0.0010528925643839102 
0.05606060606060606 0.0010977313439461797 
0.05757575757575758 0.0011430837981631612 
0.05909090909090909 0.001188942146359068 
0.06060606060606061 0.0012352958329715875 
0.06212121212121212 0.0012821320317138998 
0.06363636363636363 0.0013294355287634973 
0.06515151515151515 0.0013771876412274652 
0.06666666666666667 0.0014253635307734387 
0.06818181818181818 0.0014739268188777715 
0.0696969696969697 0.0015228202189355214 
0.07121212121212121 0.0015719527934834332 
0.07272727272727272 0.0016211927256745183 
0.07424242424242425 0.0016703892942261972 
0.07575757575757576 0.0017194402058319156 
0.07727272727272727 0.0017683550941214887 
0.07878787878787878 0.0018172370234276513 
0.0803030303030303 0.0018662069965491809 
0.08181818181818182 0.001915353707850045 
0.08333333333333333 0.0019647263868612297 
0.08484848484848485 0.0020143450341900005 
0.08636363636363636 0.002064209310536853 
0.08787878787878788 0.002114299478956809 
0.0893939393939394 0.002164565670141201 
0.09090909090909091 0.00221490098355207 
0.09242424242424242 0.002265106034874862 
0.09393939393939393 0.002314907455413049 
0.09545454545454546 0.0023641242848973436 
0.09696969696969697 0.0024128402634351004 
0.09848484848484848 0.0024613033730299773 
0.1 0.002509723658619123 
0.10151515151515152 0.0025582112572963066 
0.10303030303030303 0.0026067982426563963 
0.10454545454545454 0.0026554512825921394 
0.10606060606060606 0.0027040422081893206 
0.10757575757575757 0.0027522853298319206 
0.10909090909090909 0.0027997788881350518 
0.11060606060606061 0.0028463459734628027 
0.11212121212121212 0.0028922484780671306 
0.11363636363636363 0.002937858379998488 
0.11515151515151516 0.0029833852671222304 
0.11666666666666667 0.003028863769345889 
0.11818181818181818 0.0030741498521801988 
0.11969696969696969 0.0031188505266402447 
0.12121212121212122 0.003162456857666484 
0.12272727272727273 0.0032049178744928213 
0.12424242424242424 0.003246698937682595 
0.12575757575757576 0.0032881825388349174 
0.12727272727272726 0.003329424118590168 
0.12878787878787878 0.003370110251860069 
0.1303030303030303 0.0034096196806740406 
0.1318181818181818 0.003447698348569248 
0.13333333333333333 0.0034848330856796107 
0.13484848484848486 0.0035214535100649294 
0.13636363636363635 0.0035574267290569422 
0.13787878787878788 0.0035920973281924947 
0.1393939393939394 0.0036251080172833095 
0.1409090909090909 0.0036569462271759225 
0.14242424242424243 0.0036878805393484983 
0.14393939393939395 0.003717372805400373 
0.14545454545454545 0.003744948547597232 
0.14696969696969697 0.003770952990694241 
0.1484848484848485 0.0037953032054313107 
0.15 0.003817389256578735 
