##delta---compare_q_0_to_finite_q
0.0 0.0 
0.0015151515151515152 1.2302027037094376e-06 
0.0030303030303030303 4.132284205525139e-06 
0.004545454545454545 7.643760712653603e-06 
0.006060606060606061 1.1233362200300689e-05 
0.007575757575757576 1.4679868080065717e-05 
0.00909090909090909 1.7914415960376574e-05 
0.010606060606060607 2.086467175558937e-05 
0.012121212121212121 2.3219547163989772e-05 
0.013636363636363636 2.452931424841154e-05 
0.015151515151515152 2.497991250538689e-05 
0.016666666666666666 2.509385864232172e-05 
0.01818181818181818 2.511929886532016e-05 
0.019696969696969695 2.5124265220938468e-05 
0.021212121212121213 2.5124605078190144e-05 
0.022727272727272728 2.5123871737378067e-05 
0.024242424242424242 2.5122856582584063e-05 
0.025757575757575757 2.5121736308847178e-05 
0.02727272727272727 2.5120550910514795e-05 
0.02878787878787879 2.5119309929550582e-05 
0.030303030303030304 2.5118016091710164e-05 
0.031818181818181815 2.511667057387967e-05 
0.03333333333333333 2.511527418027981e-05 
0.03484848484848485 2.5113827606219275e-05 
0.03636363636363636 2.5112331500167783e-05 
0.03787878787878788 2.5110786480581746e-05 
0.03939393939393939 2.5109193139769565e-05 
0.04090909090909091 2.5107552046620184e-05 
0.04242424242424243 2.5105863748876796e-05 
0.04393939393939394 2.510412877427371e-05 
0.045454545454545456 2.510234763212791e-05 
0.04696969696969697 2.5100520814703498e-05 
0.048484848484848485 2.5098648799257682e-05 
0.05 2.5096732046449668e-05 
0.051515151515151514 2.509477100375078e-05 
0.05303030303030303 2.5092766106126884e-05 
0.05454545454545454 2.509071777512874e-05 
0.05606060606060606 2.508862642071108e-05 
0.05757575757575758 2.508649244259691e-05 
0.05909090909090909 2.508431622845822e-05 
0.06060606060606061 2.5082098157554406e-05 
0.06212121212121212 2.507983859868551e-05 
0.06363636363636363 2.5077537912466066e-05 
0.06515151515151515 2.5075196450643567e-05 
0.06666666666666667 2.5072814556551773e-05 
0.06818181818181818 2.507039256624923e-05 
0.0696969696969697 2.5067930808745547e-05 
0.07121212121212121 2.50654296050925e-05 
0.07272727272727272 2.5062889268838212e-05 
0.07424242424242425 2.5060310110575166e-05 
0.07575757575757576 2.5057692429754797e-05 
0.07727272727272727 2.50550365240086e-05 
0.07878787878787878 2.505234268346604e-05 
0.0803030303030303 2.5049611192116744e-05 
0.08181818181818182 2.5046842330539226e-05 
0.08333333333333333 2.5044036372037217e-05 
0.08484848484848485 2.5041193587412545e-05 
0.08636363636363636 2.503831424064632e-05 
0.08787878787878788 2.5035398592081074e-05 
0.0893939393939394 2.5032446898421833e-05 
0.09090909090909091 2.502945941000698e-05 
0.09242424242424242 2.502643637535603e-05 
0.09393939393939393 2.5023378037758318e-05 
0.09545454545454546 2.5020284636639075e-05 
0.09696969696969697 2.5017156408694164e-05 
0.09848484848484848 2.5013993585616505e-05 
0.1 2.5010796397509794e-05 
0.10151515151515152 2.500756506856319e-05 
0.10303030303030303 2.50042998222854e-05 
0.10454545454545454 2.5001000877182197e-05 
0.10606060606060606 2.499766844994136e-05 
0.10757575757575757 2.4994302752929902e-05 
0.10909090909090909 2.4990903996695117e-05 
0.11060606060606061 2.498747238882963e-05 
0.11212121212121212 2.4984008133742408e-05 
0.11363636363636363 2.498051143334139e-05 
0.11515151515151516 2.4976982487032607e-05 
0.11666666666666667 2.49734214914951e-05 
0.11818181818181818 2.496982864204269e-05 
0.11969696969696969 2.4966204129441612e-05 
0.12121212121212122 2.496254814423086e-05 
0.12272727272727273 2.4958860872857213e-05 
0.12424242424242424 2.4955142501312082e-05 
0.12575757575757576 2.49513932119496e-05 
0.12727272727272726 2.49476131862136e-05 
0.12878787878787878 2.4943802603275e-05 
0.1303030303030303 2.4939961638665263e-05 
0.1318181818181818 2.4936090468145704e-05 
0.13333333333333333 2.4932189264745448e-05 
0.13484848484848486 2.492825819876924e-05 
0.13636363636363635 2.49242974407482e-05 
0.13787878787878788 2.492030715643516e-05 
0.1393939393939394 2.4916287512951642e-05 
0.1409090909090909 2.491223867355074e-05 
0.14242424242424243 2.4908160800123785e-05 
0.14393939393939395 2.4904054054331395e-05 
0.14545454545454545 2.489991859488342e-05 
0.14696969696969697 2.489575457889203e-05 
0.1484848484848485 2.4891562162792855e-05 
0.15 2.488734150028933e-05 
