0.0001 0.0 0.13143692303969343

0.0001 0.0008466666666666666 0.13143732357518834

0.0001 0.0016933333333333331 0.13143851015595426

0.0001 0.00254 0.1314404375930363

0.0001 0.0033866666666666663 0.13144303030126597

0.0001 0.004233333333333333 0.1314461822600108

0.0001 0.00508 0.1314497575121597

0.0001 0.005926666666666667 0.13145359077610638

0.0001 0.006773333333333333 0.1314574863878042

0.0001 0.007619999999999999 0.13146121675282763

0.0001 0.008466666666666666 0.13146452757065963

0.0001 0.009313333333333331 0.131467132235395

0.0001 0.01016 0.13146871679426997

0.0001 0.011006666666666666 0.013961502926271714

0.0001 0.011853333333333334 0.013677928823179749

0.0001 0.0127 0.013318082540688718

0.0001 0.013546666666666665 0.01286479603052146

0.0001 0.014393333333333333 0.012295728915174971

0.0001 0.015239999999999998 0.01158025225213841

0.0001 0.016086666666666666 0.010673377690174965

0.0001 0.01693333333333333 0.009502039491396731

0.0001 0.017779999999999997 0.007926828246409707

0.0001 0.018626666666666663 0.005582882408819738

0.0001 0.019473333333333336 0.001008661656437881

0.0001 0.02032 0.0010292346547523931

0.0001 0.021166666666666667 0.0010694300562189578

0.0001 0.022013333333333333 0.0011738602341953756

0.0001 0.02286 0.0010778080185065621

0.0001 0.023706666666666668 0.0011815814264920193

0.0001 0.024553333333333333 0.001071365516572571
