-0.03 -2.5579538487363606e-15 
-0.029393939393939392 -2.5579538487363606e-15 
-0.028787878787878786 -3.126388037344441e-15 
-0.02818181818181818 -3.4106051316484808e-15 
-0.027575757575757573 -3.4106051316484808e-15 
-0.02696969696969697 -3.4106051316484808e-15 
-0.026363636363636363 -3.694822225952521e-15 
-0.025757575757575757 -3.9790393202565614e-15 
-0.02515151515151515 -3.9790393202565614e-15 
-0.024545454545454544 -4.263256414560601e-15 
-0.023939393939393937 -4.547473508864641e-15 
-0.02333333333333333 -4.831690603168682e-15 
-0.022727272727272728 -4.547473508864641e-15 
-0.022121212121212118 -4.831690603168682e-15 
-0.021515151515151515 -4.831690603168682e-15 
-0.02090909090909091 -5.115907697472721e-15 
-0.020303030303030302 -5.115907697472721e-15 
-0.019696969696969695 -5.115907697472721e-15 
-0.01909090909090909 -4.831690603168682e-15 
-0.018484848484848486 -4.831690603168682e-15 
-0.017878787878787876 -4.831690603168682e-15 
-0.017272727272727273 -4.831690603168682e-15 
-0.016666666666666666 -4.547473508864641e-15 
-0.01606060606060606 -4.547473508864641e-15 
-0.015454545454545453 -4.263256414560601e-15 
-0.014848484848484847 -4.263256414560601e-15 
-0.01424242424242424 -3.9790393202565614e-15 
-0.013636363636363634 -3.694822225952521e-15 
-0.013030303030303031 -3.4106051316484808e-15 
-0.012424242424242424 -3.4106051316484808e-15 
-0.011818181818181818 -3.126388037344441e-15 
-0.011212121212121211 -3.126388037344441e-15 
-0.010606060606060605 -2.842170943040401e-15 
-0.009999999999999998 -2.2737367544323206e-15 
-0.009393939393939392 -2.2737367544323206e-15 
-0.008787878787878785 -1.9895196601282807e-15 
-0.008181818181818179 -1.4210854715202005e-15 
-0.007575757575757576 -1.4210854715202005e-15 
-0.0069696969696969695 -1.1368683772161603e-15 
-0.006363636363636363 -1.1368683772161603e-15 
-0.0057575757575757565 -8.526512829121202e-16 
-0.00515151515151515 -5.684341886080802e-16 
-0.0045454545454545435 -5.684341886080802e-16 
-0.003939393939393937 -5.684341886080802e-16 
-0.003333333333333334 -2.842170943040401e-16 
-0.0027272727272727275 0.0 
-0.002121212121212121 0.0 
-0.0015151515151515145 0.0 
-0.000909090909090908 0.0 
-0.0003030303030303015 2.842170943040401e-16 
0.000303030303030305 2.842170943040401e-16 
0.0009090909090909115 0.0 
0.001515151515151518 0.0 
0.002121212121212121 0.0 
0.002727272727272731 0.0 
0.003333333333333334 -2.842170943040401e-16 
0.003939393939393937 -5.684341886080802e-16 
0.004545454545454547 -5.684341886080802e-16 
0.00515151515151515 -5.684341886080802e-16 
0.00575757575757576 -8.526512829121202e-16 
0.006363636363636363 -1.1368683772161603e-15 
0.006969696969696973 -1.1368683772161603e-15 
0.007575757575757576 -1.4210854715202005e-15 
0.008181818181818186 -1.4210854715202005e-15 
0.008787878787878789 -1.9895196601282807e-15 
0.009393939393939392 -2.2737367544323206e-15 
0.010000000000000002 -2.2737367544323206e-15 
0.010606060606060605 -2.842170943040401e-15 
0.011212121212121215 -3.126388037344441e-15 
0.011818181818181818 -3.126388037344441e-15 
0.012424242424242428 -3.4106051316484808e-15 
0.013030303030303031 -3.4106051316484808e-15 
0.013636363636363641 -3.694822225952521e-15 
0.014242424242424244 -3.9790393202565614e-15 
0.014848484848484847 -4.263256414560601e-15 
0.015454545454545457 -4.263256414560601e-15 
0.01606060606060606 -4.547473508864641e-15 
0.01666666666666667 -4.547473508864641e-15 
0.017272727272727273 -4.831690603168682e-15 
0.017878787878787883 -4.831690603168682e-15 
0.018484848484848486 -4.831690603168682e-15 
0.01909090909090909 -4.831690603168682e-15 
0.0196969696969697 -5.115907697472721e-15 
0.020303030303030302 -5.115907697472721e-15 
0.020909090909090912 -5.115907697472721e-15 
0.021515151515151515 -4.831690603168682e-15 
0.022121212121212125 -4.831690603168682e-15 
0.022727272727272728 -4.547473508864641e-15 
0.02333333333333333 -4.831690603168682e-15 
0.02393939393939394 -4.547473508864641e-15 
0.024545454545454544 -4.263256414560601e-15 
0.025151515151515154 -3.9790393202565614e-15 
0.025757575757575757 -3.9790393202565614e-15 
0.026363636363636367 -3.694822225952521e-15 
0.02696969696969697 -3.4106051316484808e-15 
0.02757575757575758 -3.4106051316484808e-15 
0.028181818181818183 -3.4106051316484808e-15 
0.028787878787878786 -3.126388037344441e-15 
0.029393939393939396 -2.5579538487363606e-15 
0.03 -2.5579538487363606e-15 
