-3.9 40.86912585812643 
-3.8212121212121213 39.97575886511842 
-3.742424242424242 38.443023753692245 
-3.6636363636363636 36.078841878635785 
-3.584848484848485 34.43617688835514 
-3.506060606060606 32.65700053509798 
-3.4272727272727272 30.961929650132028 
-3.3484848484848486 29.461797505143895 
-3.2696969696969695 27.81733076705583 
-3.190909090909091 26.3920445347643 
-3.1121212121212123 24.9506352887796 
-3.033333333333333 23.586787101429657 
-2.9545454545454546 22.30744568978018 
-2.875757575757576 21.08830087385224 
-2.796969696969697 19.926089820630523 
-2.7181818181818183 18.820964935302534 
-2.6393939393939396 17.770307597686436 
-2.5606060606060606 16.772981521777428 
-2.481818181818182 15.826183899650962 
-2.4030303030303033 14.927857150748027 
-2.324242424242424 14.075634286734672 
-2.2454545454545456 13.267371374396971 
-2.166666666666667 12.50099164578665 
-2.087878787878788 11.774500626226688 
-2.0090909090909093 11.085998241031842 
-1.9303030303030304 10.433663447372773 
-1.8515151515151516 9.815750195143053 
-1.772727272727273 9.230588079512437 
-1.6939393939393939 8.676582192008432 
-1.6151515151515152 8.15221231926426 
-1.5363636363636366 7.656032026672502 
-1.4575757575757575 7.186668071236004 
-1.378787878787879 6.742820443765609 
-1.3000000000000003 6.323263260576156 
-1.2212121212121212 5.926847069366987 
-1.1424242424242426 5.552503049096156 
-1.063636363636364 5.199250126449079 
-0.9848484848484849 4.86620640952924 
-0.9060606060606062 4.5526071343862355 
-0.8272727272727276 4.257832436928537 
-0.7484848484848485 3.981450109077291 
-0.6696969696969699 3.7232805503981727 
-0.5909090909090913 3.483494290055708 
-0.5121212121212122 3.2627538489104344 
-0.43333333333333357 3.0624081108334793 
-0.35454545454545494 2.88472834097763 
-0.27575757575757587 2.7331222374460045 
-0.19696969696969724 2.6121640366438217 
-0.11818181818181861 2.527173965314723 
-0.03939393939393954 2.483132796432311 
0.03939393939393909 2.483132797796286 
0.11818181818181772 2.5271739653147227 
0.1969696969696968 2.612164036697016 
0.27575757575757587 2.7331222376331223 
0.35454545454545405 2.8847283387405147 
0.4333333333333331 3.0624081075627276 
0.5121212121212122 3.2627538474174855 
0.5909090909090904 3.483494294190652 
0.6696969696969695 3.723280545040504 
0.7484848484848485 3.981450100604352 
0.8272727272727267 4.25783244508547 
0.9060606060606058 4.552607133365346 
0.9848484848484849 4.866206418113381 
1.063636363636363 5.199250121321743 
1.1424242424242421 5.552503047723889 
1.2212121212121212 5.926847078857448 
1.2999999999999994 6.323263258566577 
1.3787878787878785 6.742820453573865 
1.4575757575757575 7.1866680511779615 
1.5363636363636357 7.656032050763829 
1.6151515151515148 8.152212329274843 
1.6939393939393939 8.676582167321829 
1.772727272727272 9.230588091681707 
1.8515151515151511 9.815750218041764 
1.9303030303030302 10.433663433812264 
2.0090909090909084 11.085998220206065 
2.0878787878787874 11.77450060667875 
2.1666666666666665 12.500991664757459 
2.2454545454545447 13.267371399103322 
2.3242424242424238 14.075634311640878 
2.403030303030303 14.927857124801283 
2.481818181818181 15.826183869047517 
2.56060606060606 16.772981461598857 
2.639393939393939 17.770307507536234 
2.7181818181818174 18.820964877910207 
2.7969696969696964 19.92608979090891 
2.8757575757575755 21.088301014753345 
2.9545454545454537 22.307445605471592 
3.0333333333333328 23.58678722610046 
3.112121212121212 24.95063532809889 
3.19090909090909 26.392044405036845 
3.269696969696969 27.817330874138666 
3.348484848484848 29.461797640037542 
3.4272727272727264 30.96192968477548 
3.5060606060606054 32.65700069506173 
3.5848484848484845 34.43617712973504 
3.6636363636363627 36.07884165329599 
3.7424242424242418 38.44302390651959 
3.821212121212121 39.97575905911698 
3.9 40.86912524624259 
