1.0 91.577159557432 
1.02020202020202 81.23176982710729 
1.0404040404040404 72.32091565951842 
1.0606060606060606 64.63713053832704 
1.0808080808080809 57.992513601076396 
1.101010101010101 52.225614467925425 
1.121212121212121 47.2009893558169 
1.1414141414141414 42.80601837098101 
1.1616161616161615 38.947182793811855 
1.1818181818181819 35.54665847591266 
1.202020202020202 32.539456871221745 
1.2222222222222223 29.87109371754147 
1.2424242424242424 27.495710101941356 
1.2626262626262625 25.37455609214009 
1.2828282828282829 23.474764421881172 
1.303030303030303 21.76835450228094 
1.3232323232323233 20.231421387284826 
1.3434343434343434 18.843471732155567 
1.3636363636363638 17.586878164184906 
1.3838383838383839 16.446429807223428 
1.404040404040404 15.408960087777913 
1.4242424242424243 14.463037532187647 
1.4444444444444444 13.598708315535147 
1.4646464646464648 12.807280772623095 
1.4848484848484849 12.081144733018421 
1.5050505050505052 11.413619267182304 
1.5252525252525253 10.79882434406453 
1.5454545454545454 10.231572025385162 
1.5656565656565657 9.707274033575247 
1.5858585858585859 9.221863073174815 
1.606060606060606 8.77172552195045 
1.6262626262626263 8.353643921025029 
1.6464646464646466 7.964747491551983 
1.6666666666666667 7.602469511671399 
1.6868686868686869 7.264510589540303 
1.7070707070707072 6.948806878509152 
1.7272727272727273 6.653502444403619 
1.7474747474747474 6.376925330334266 
1.7676767676767677 6.117566672337126 
1.787878787878788 5.874062438669092 
1.8080808080808082 5.645177496135694 
1.8282828282828283 5.429791634269722 
1.8484848484848486 5.22688722099299 
1.8686868686868687 5.035538484058554 
1.8888888888888888 4.854901884689044 
1.9090909090909092 4.6842077642653575 
1.9292929292929295 4.522752819786388 
1.9494949494949496 4.369893567731392 
1.9696969696969697 4.225040416324469 
1.98989898989899 4.087652479506455 
2.0101010101010104 3.9572329035200875 
2.0303030303030303 3.8333247284786833 
2.0505050505050506 3.715507172081811 
2.070707070707071 3.6033923145421 
2.090909090909091 3.49662210434304 
2.111111111111111 3.394865708690457 
2.1313131313131315 3.2978170987624 
2.1515151515151514 3.2051928846882194 
2.1717171717171717 3.1167303677085205 
2.191919191919192 3.0321857855413517 
2.212121212121212 2.951332721941138 
2.2323232323232327 2.8739606537714537 
2.2525252525252526 2.79987366552327 
2.272727272727273 2.7288892635620168 
2.2929292929292933 2.6608372924318604 
2.313131313131313 2.5955589632513436 
2.3333333333333335 2.5329059738861877 
2.353535353535354 2.472739686790257 
2.3737373737373737 2.41493040266133 
2.393939393939394 2.3593566665188557 
2.4141414141414144 2.3059046809048946 
2.4343434343434343 2.2544677139679896 
2.4545454545454546 2.204945602754656 
2.474747474747475 2.157244268380257 
2.494949494949495 2.11127528649569 
2.5151515151515156 2.06695547733119 
2.5353535353535355 2.0242065668219387 
2.5555555555555554 1.9829548189804154 
2.575757575757576 1.9431307336959192 
2.595959595959596 1.9046687687007313 
2.6161616161616164 1.8675070695942937 
2.6363636363636367 1.8315872241328541 
2.6565656565656566 1.7968540342659693 
2.676767676767677 1.763255317322533 
2.6969696969696972 1.730741699713153 
2.717171717171717 1.6992664524656003 
2.7373737373737375 1.6687853099683785 
2.757575757575758 1.6392563265154505 
2.7777777777777777 1.6106397319742036 
2.7979797979797985 1.5828977944041895 
2.8181818181818183 1.5559947013678248 
2.8383838383838382 1.5298964443869407 
2.858585858585859 1.5045707039773895 
2.878787878787879 1.4799867665800288 
2.8989898989898992 1.4561154150437474 
2.9191919191919196 1.4329288487731089 
2.9393939393939394 1.4104006037366372 
2.95959595959596 1.3885054752236434 
2.97979797979798 1.3672194477414084 
3.0 1.3465196247900257 
