##q-\DeltaF
0.001 2.1401807735501444 
0.00301010101010101 2.1401807735501444 
0.00502020202020202 2.1401807735501444 
0.00703030303030303 2.1401807735501444 
0.00904040404040404 2.1401807735501444 
0.01105050505050505 2.1401807751199273 
0.01306060606060606 2.1401808765519763 
0.015070707070707071 2.1401809787329333 
0.017080808080808082 2.1401807739709304 
0.019090909090909092 2.1401805768332527 
0.021101010101010103 2.140181020475308 
0.023111111111111114 2.140181264310674 
0.02512121212121212 2.1401825278847437 
0.02713131313131313 2.140186138120196 
0.02914141414141414 2.14019417212293 
0.031151515151515152 2.1402107908473287 
0.03316161616161616 2.140240095293719 
0.03517171717171717 2.140290500205448 
0.037181818181818184 2.140371303032993 
0.039191919191919194 2.140493385327874 
0.041202020202020205 2.140670395028607 
0.043212121212121216 2.1409176997347297 
0.045222222222222226 2.1412515630165605 
0.04723232323232324 2.1416891762832706 
0.04924242424242424 2.1422500235722586 
0.05125252525252525 2.142952719385195 
0.05326262626262626 2.1438179329437834 
0.05527272727272727 2.1448652609288037 
0.05728282828282828 2.146115237223448 
0.05929292929292929 2.147586350502882 
0.061303030303030304 2.1493008996940044 
0.06331313131313131 2.151276943171469 
0.06532323232323232 2.153534548449948 
0.06733333333333333 2.156093721201589 
0.06934343434343435 2.1589733220770646 
0.07135353535353535 2.162191484529506 
0.07336363636363637 2.1657690719790574 
0.07537373737373737 2.169723283313815 
0.07738383838383839 2.1740748051043797 
0.07939393939393939 2.178842244219863 
0.08140404040404041 2.1840455141246315 
0.08341414141414141 2.189704309335232 
0.08542424242424243 2.195839347093991 
0.08743434343434343 2.2024716286949575 
0.08944444444444445 2.2096238064465292 
0.09145454545454546 2.2173180277706677 
0.09346464646464647 2.225578205863082 
0.09547474747474748 2.234430308254021 
0.09748484848484848 2.2438997558835694 
0.0994949494949495 2.2540152253434784 
0.1015050505050505 2.264806993481731 
0.10351515151515152 2.2763060494760077 
0.10552525252525252 2.288547864233496 
0.10753535353535354 2.301568207178082 
0.10954545454545454 2.315406147494828 
0.11155555555555556 2.3301054912771484 
0.11356565656565656 2.3457120544798586 
0.11557575757575758 2.3622758708881384 
0.11758585858585859 2.379851261653596 
0.1195959595959596 2.398497452933346 
0.1216060606060606 2.418279844797929 
0.12361616161616162 2.4392701664749525 
0.1256262626262626 2.461546669202595 
0.12763636363636363 2.485195867479115 
0.12964646464646465 2.510313289364352 
0.13165656565656567 2.53700563085965 
0.13366666666666666 2.565390056635408 
0.13567676767676767 2.5955996676345374 
0.1376868686868687 2.6277806252574605 
0.1396969696969697 2.6621002554970987 
0.1417070707070707 2.6987455903705166 
0.14371717171717172 2.737928538615738 
0.14572727272727273 2.7798917170916235 
0.14773737373737375 2.824911844626209 
0.14974747474747474 2.8733078421165272 
0.15175757575757576 2.9254476615725955 
0.15376767676767678 2.9817600658073276 
0.1557777777777778 3.042749588759334 
0.15778787878787878 3.109011244650051 
0.1597979797979798 3.1812509500628137 
0.16180808080808082 3.260319194417028 
0.1638181818181818 3.3472521678032594 
0.16582828282828282 3.4433134454263064 
0.16783838383838384 3.5500846686353387 
0.16984848484848486 3.6695520525565053 
0.17185858585858585 3.8042744513648494 
0.17386868686868687 3.9575863190570955 
0.17587878787878788 4.133952832053162 
0.1778888888888889 4.339509088970799 
0.1798989898989899 4.582950529619509 
0.1819090909090909 4.87708251774438 
0.18391919191919193 5.241763572423167 
0.18592929292929294 5.709751303863769 
0.18793939393939393 6.34005939410084 
0.18994949494949495 7.252946791983375 
0.19195959595959597 8.747336386125943 
0.19396969696969696 11.835267837552871 
0.19597979797979798 13.124670074909966 
0.197989898989899 0.0 
0.2 nan 
