0.001 0.7569364153724178 
0.009373737373737374 0.7569364153724178 
0.017747474747474748 0.7569364152978492 
0.02612121212121212 0.7569364153724178 
0.034494949494949495 0.7569364152978492 
0.04286868686868687 0.7569364161508421 
0.05124242424242424 0.7569364145194567 
0.059616161616161616 0.7569364145217414 
0.06798989898989899 0.7569364150001524 
0.07636363636363636 0.7569364123225382 
0.08473737373737374 0.7569363983584818 
0.09311111111111112 0.7569363354687337 
0.10148484848484848 0.7569361381346749 
0.10985858585858585 0.7569356187753793 
0.11823232323232323 0.7569344815913636 
0.1266060606060606 0.7569322976879953 
0.13497979797979798 0.7569285680346014 
0.14335353535353534 0.7569227818848578 
0.1517272727272727 0.7569145403066183 
0.1601010101010101 0.7569036914492427 
0.16847474747474747 0.7568904534588449 
0.17684848484848484 0.7568755352793963 
0.18522222222222223 0.7568602384298225 
0.1935959595959596 0.7568465114917572 
0.20196969696969697 0.7568369875421483 
0.21034343434343433 0.7568349700226186 
0.2187171717171717 0.7568444310368521 
0.2270909090909091 0.7568699408011478 
0.23546464646464646 0.7569166239385392 
0.24383838383838383 0.7569900835051737 
0.2522121212121212 0.7570963358895305 
0.2605858585858586 0.7572417377949696 
0.26895959595959595 0.7574329225951739 
0.2773333333333333 0.7576767502122687 
0.2857070707070707 0.7579802363709783 
0.29408080808080805 0.7583505411917947 
0.3024545454545454 0.7587949148498689 
0.31082828282828284 0.759320680782218 
0.3192020202020202 0.7599352251576651 
0.3275757575757576 0.7606459849998236 
0.33594949494949494 0.7614604597725682 
0.3443232323232323 0.7623862050009265 
0.3526969696969697 0.7634308592710045 
0.36107070707070704 0.7646021540900946 
0.36944444444444446 0.7659079479616995 
0.37781818181818183 0.7673562468096544 
0.3861919191919192 0.7689552543978488 
0.39456565656565656 0.7707133942574251 
0.40293939393939393 0.7726393670938748 
0.4113131313131313 0.7747421926166709 
0.41968686868686866 0.7770312670272577 
0.42806060606060603 0.7795164235314019 
0.4364343434343434 0.7822079971340529 
0.4448080808080808 0.7851168961803099 
0.4531818181818182 0.7882546832751794 
0.46155555555555555 0.7916336650467946 
0.4699292929292929 0.7952669929106428 
0.4783030303030303 0.7991687627860701 
0.48667676767676765 0.8033541566173555 
0.495050505050505 0.8078395631409935 
0.5034242424242424 0.8126427457448374 
0.5117979797979798 0.8177830179140717 
0.5201717171717172 0.8232814512821026 
0.5285454545454545 0.8291610976074731 
0.5369191919191919 0.8354472687943383 
0.5452929292929293 0.8421678433215622 
0.5536666666666666 0.8493536322043292 
0.562040404040404 0.8570387952629145 
0.5704141414141414 0.865261337358342 
0.5787878787878787 0.8740637015362155 
0.5871616161616161 0.8834934594566276 
0.5955353535353535 0.8936041510461612 
0.6039090909090908 0.9044562677921355 
0.6122828282828283 0.916118487715883 
0.6206565656565657 0.9286691299512967 
0.629030303030303 0.9421979790940053 
0.6374040404040404 0.9568085279016518 
0.6457777777777778 0.972620775917076 
0.6541515151515152 0.989774762054323 
0.6625252525252525 1.0084350747726651 
0.6708989898989899 1.0287966391644903 
0.6792727272727273 1.0510922905310807 
0.6876464646464646 1.075602755167252 
0.696020202020202 1.102670081860347 
0.7043939393939394 1.1327159456610671 
0.7127676767676767 1.166267059307166 
0.7211414141414141 1.2039914036410628 
0.7295151515151514 1.2467507208085413 
0.7378888888888889 1.2956792128353967 
0.7462626262626263 1.352305099343738 
0.7546363636363637 1.418745605352178 
0.763010101010101 1.4980346516541045 
0.7713838383838384 1.5947044890565507 
0.7797575757575758 1.71589303285178 
0.7881313131313131 1.8736484616503193 
0.7965050505050505 2.090340328811756 
0.8048787878787879 2.413755178083924 
0.8132525252525252 2.9724948431519556 
0.8216262626262626 4.326106635364344 
0.83 15.264548004378886 
