0.001 0.0175 -0.08 -16213.0121346196 
0.001 0.018125000000000002 -0.08 -16212.790340232494 
0.001 0.018750000000000003 -0.08 -16212.560778675823 
0.001 0.019375 -0.08 -16212.32345151061 
0.001 0.02 -0.08 -16212.078360351152 
0.001 0.0175 -0.07838383838383839 -16213.232623575193 
0.001 0.018125000000000002 -0.07838383838383839 -16213.010808977579 
0.001 0.018750000000000003 -0.07838383838383839 -16212.781226573896 
0.001 0.019375 -0.07838383838383839 -16212.543877932927 
0.001 0.02 -0.07838383838383839 -16212.29876467851 
0.001 0.0175 -0.07676767676767676 -16213.432492776803 
0.001 0.018125000000000002 -0.07676767676767676 -16213.210658265778 
0.001 0.018750000000000003 -0.07676767676767676 -16212.981055324935 
0.001 0.019375 -0.07676767676767676 -16212.743685532067 
0.001 0.02 -0.07676767676767676 -16212.498550527933 
0.001 0.0175 -0.07515151515151515 -16213.611994610334 
0.001 0.018125000000000002 -0.07515151515151515 -16213.39014048879 
0.001 0.018750000000000003 -0.07515151515151515 -16213.16051732747 
0.001 0.019375 -0.07515151515151515 -16212.92312671855 
0.001 0.02 -0.07515151515151515 -16212.67797035601 
0.001 0.0175 -0.07353535353535354 -16213.77138647239 
0.001 0.018125000000000002 -0.07353535353535354 -16213.549513049773 
0.001 0.018750000000000003 -0.07353535353535354 -16213.31986999504 
0.001 0.019375 -0.07353535353535354 -16213.082458940906 
0.001 0.02 -0.07353535353535354 -16212.83728181628 
0.001 0.0175 -0.07191919191919192 -16213.910930927177 
0.001 0.018125000000000002 -0.07191919191919192 -16213.689038522165 
0.001 0.018750000000000003 -0.07191919191919192 -16213.459375928112 
0.001 0.019375 -0.07191919191919192 -16213.221944948904 
0.001 0.02 -0.07191919191919192 -16212.976748661926 
0.001 0.0175 -0.07030303030303031 -16214.030895872089 
0.001 0.018125000000000002 -0.07030303030303031 -16213.80898482464 
0.001 0.018750000000000003 -0.07030303030303031 -16213.579303154676 
0.001 0.019375 -0.07030303030303031 -16213.34185349368 
0.001 0.02 -0.07030303030303031 -16213.096644663345 
0.001 0.0175 -0.06868686868686869 -16214.13155471757 
0.001 0.018125000000000002 -0.06868686868686869 -16213.909625448243 
0.001 0.018750000000000003 -0.06868686868686869 -16213.679925687748 
0.001 0.019375 -0.06868686868686869 -16213.442462197481 
0.001 0.02 -0.06868686868686869 -16213.197272636658 
0.001 0.0175 -0.06707070707070707 -16214.213186607449 
0.001 0.018125000000000002 -0.06707070707070707 -16213.991239914312 
0.001 0.018750000000000003 -0.06707070707070707 -16213.761525645716 
0.001 0.019375 -0.06707070707070707 -16213.524071294427 
0.001 0.02 -0.06707070707070707 -16213.279058600809 
0.001 0.0175 -0.06545454545454546 -16214.276076808532 
0.001 0.018125000000000002 -0.06545454545454546 -16214.054115359895 
0.001 0.018750000000000003 -0.06545454545454546 -16213.824403196255 
0.001 0.019375 -0.06545454545454546 -16213.587071597902 
0.001 0.02 -0.06545454545454546 -16213.343002177933 
0.001 0.0175 -0.06383838383838383 -16214.32051791519 
0.001 0.018125000000000002 -0.06383838383838383 -16214.09855375649 
0.001 0.018750000000000003 -0.06383838383838383 -16213.868925609715 
0.001 0.019375 -0.06383838383838383 -16213.632274082971 
0.001 0.02 -0.06383838383838383 -16213.392467976311 
0.001 0.0175 -0.06222222222222222 -16214.346815113247 
0.001 0.018125000000000002 -0.06222222222222222 -16214.124907325537 
0.001 0.018750000000000003 -0.06222222222222222 -16213.895767321874 
0.001 0.019375 -0.06222222222222222 -16213.662309497251 
0.001 0.02 -0.06222222222222222 -16213.43637742874 
0.001 0.0175 -0.06060606060606061 -16214.355311772364 
0.001 0.018125000000000002 -0.06060606060606061 -16214.133752861273 
0.001 0.018750000000000003 -0.06060606060606061 -16213.906979158022 
0.001 0.019375 -0.06060606060606061 -16213.684946424277 
0.001 0.02 -0.06060606060606061 -16213.484118098713 
0.001 0.0175 -0.058989898989898995 -16214.34651579112 
0.001 0.018125000000000002 -0.058989898989898995 -16214.126695301598 
0.001 0.018750000000000003 -0.058989898989898995 -16213.909093668679 
0.001 0.019375 -0.058989898989898995 -16213.710780636391 
0.001 0.02 -0.058989898989898995 -16213.535620427921 
0.001 0.0175 -0.057373737373737375 -16214.321696460218 
0.001 0.018125000000000002 -0.057373737373737375 -16214.10907531964 
0.001 0.018750000000000003 -0.057373737373737375 -16213.913250599473 
0.001 0.019375 -0.057373737373737375 -16213.741793902707 
0.001 0.02 -0.057373737373737375 -16213.586860405456 
0.001 0.0175 -0.055757575757575756 -16214.285128391186 
0.001 0.018125000000000002 -0.055757575757575756 -16214.091916569756 
0.001 0.018750000000000003 -0.055757575757575756 -16213.923777133801 
0.001 0.019375 -0.055757575757575756 -16213.774046444101 
0.001 0.02 -0.055757575757575756 -16213.63500996412 
0.001 0.0175 -0.05414141414141414 -16214.24716122842 
0.001 0.018125000000000002 -0.05414141414141414 -16214.08196032733 
0.001 0.018750000000000003 -0.05414141414141414 -16213.937156307546 
0.001 0.019375 -0.05414141414141414 -16213.80432760708 
0.001 0.02 -0.05414141414141414 -16213.678493093796 
0.001 0.0175 -0.05252525252525253 -16214.216749463114 
0.001 0.018125000000000002 -0.05252525252525253 -16214.076557708404 
0.001 0.018750000000000003 -0.05252525252525253 -16213.94978721235 
0.001 0.019375 -0.05252525252525253 -16213.83082549629 
0.001 0.02 -0.05252525252525253 -16213.71641289592 
0.001 0.0175 -0.05090909090909091 -16214.192632251605 
0.001 0.018125000000000002 -0.05090909090909091 -16214.071747142285 
0.001 0.018750000000000003 -0.05090909090909091 -16213.95958304672 
0.001 0.019375 -0.05090909090909091 -16213.85252194829 
0.001 0.02 -0.05090909090909091 -16213.748239989702 
0.001 0.0175 -0.04929292929292929 -16214.170576852219 
0.001 0.018125000000000002 -0.04929292929292929 -16214.065124164892 
0.001 0.018750000000000003 -0.04929292929292929 -16213.965383377623 
0.001 0.019375 -0.04929292929292929 -16213.868822430166 
0.001 0.02 -0.04929292929292929 -16213.773684023816 
0.001 0.0175 -0.04767676767676768 -16214.147817194867 
0.001 0.018125000000000002 -0.04767676767676768 -16214.055360999764 
0.001 0.018750000000000003 -0.04767676767676768 -16213.96651820957 
0.001 0.019375 -0.04767676767676768 -16213.87939358262 
0.001 0.02 -0.04767676767676768 -16213.792577040773 
0.001 0.0175 -0.046060606060606066 -16214.122828369764 
0.001 0.018125000000000002 -0.046060606060606066 -16214.041700006474 
0.001 0.018750000000000003 -0.046060606060606066 -16213.962607119209 
0.001 0.019375 -0.046060606060606066 -16213.884051350298 
0.001 0.02 -0.046060606060606066 -16213.80485332869 
0.001 0.0175 -0.044444444444444446 -16214.094750584758 
0.001 0.018125000000000002 -0.044444444444444446 -16214.023708616913 
0.001 0.018750000000000003 -0.044444444444444446 -16213.953444482726 
0.001 0.019375 -0.044444444444444446 -16213.882710550142 
0.001 0.02 -0.044444444444444446 -16213.810596028738 
0.001 0.0175 -0.042828282828282827 -16214.063092820545 
0.001 0.018125000000000002 -0.042828282828282827 -16214.001154166584 
0.001 0.018750000000000003 -0.042828282828282827 -16213.938929492671 
0.001 0.019375 -0.042828282828282827 -16213.875441096357 
0.001 0.02 -0.042828282828282827 -16213.809808790995 
0.001 0.0175 -0.041212121212121214 -16214.02758993313 
0.001 0.018125000000000002 -0.041212121212121214 -16213.97392212548 
0.001 0.018750000000000003 -0.041212121212121214 -16213.91910970358 
0.001 0.019375 -0.041212121212121214 -16213.862271309697 
0.001 0.02 -0.041212121212121214 -16213.802745973502 
0.001 0.0175 -0.0395959595959596 -16213.988113365345 
0.001 0.018125000000000002 -0.0395959595959596 -16213.942033847008 
0.001 0.018750000000000003 -0.0395959595959596 -16213.894045057841 
0.001 0.019375 -0.0395959595959596 -16213.843396480768 
0.001 0.02 -0.0395959595959596 -16213.789487700948 
0.001 0.0175 -0.03797979797979798 -16213.944659330538 
0.001 0.018125000000000002 -0.03797979797979798 -16213.90557544136 
0.001 0.018750000000000003 -0.03797979797979798 -16213.863873335185 
0.001 0.019375 -0.03797979797979798 -16213.818995366151 
0.001 0.02 -0.03797979797979798 -16213.770369300073 
0.001 0.0175 -0.03636363636363636 -16213.897326037828 
0.001 0.018125000000000002 -0.03636363636363636 -16213.864650592846 
0.001 0.018750000000000003 -0.03636363636363636 -16213.828850298605 
0.001 0.019375 -0.03636363636363636 -16213.7892753589 
0.001 0.02 -0.03636363636363636 -16213.745560254478 
0.001 0.0175 -0.03474747474747475 -16213.846214841982 
0.001 0.018125000000000002 -0.03474747474747475 -16213.819539441603 
0.001 0.018750000000000003 -0.03474747474747475 -16213.78910946375 
0.001 0.019375 -0.03474747474747475 -16213.754586196292 
0.001 0.02 -0.03474747474747475 -16213.715458860144 
0.001 0.0175 -0.033131313131313136 -16213.791579632141 
0.001 0.018125000000000002 -0.033131313131313136 -16213.770392315337 
0.001 0.018750000000000003 -0.033131313131313136 -16213.74508571703 
0.001 0.019375 -0.033131313131313136 -16213.715120187666 
0.001 0.02 -0.033131313131313136 -16213.680281607267 
0.001 0.0175 -0.03151515151515152 -16213.733650274675 
0.001 0.018125000000000002 -0.03151515151515152 -16213.717597590998 
0.001 0.018750000000000003 -0.03151515151515152 -16213.696911522977 
0.001 0.019375 -0.03151515151515152 -16213.671370077602 
0.001 0.02 -0.03151515151515152 -16213.640539660155 
0.001 0.0175 -0.029898989898989897 -16213.672710030374 
0.001 0.018125000000000002 -0.029898989898989897 -16213.661406697302 
0.001 0.018750000000000003 -0.029898989898989897 -16213.645157892417 
0.001 0.019375 -0.029898989898989897 -16213.623538070788 
0.001 0.02 -0.029898989898989897 -16213.59641491091 
0.001 0.0175 -0.028282828282828285 -16213.609171286931 
0.001 0.018125000000000002 -0.028282828282828285 -16213.60224171412 
0.001 0.018750000000000003 -0.028282828282828285 -16213.58997025704 
0.001 0.019375 -0.028282828282828285 -16213.572207175404 
0.001 0.02 -0.028282828282828285 -16213.548611665974 
0.001 0.0175 -0.026666666666666672 -16213.543299324247 
0.001 0.018125000000000002 -0.026666666666666672 -16213.540480393924 
0.001 0.018750000000000003 -0.026666666666666672 -16213.53204175957 
0.001 0.019375 -0.026666666666666672 -16213.517650275682 
0.001 0.02 -0.026666666666666672 -16213.49720433027 
0.001 0.0175 -0.025050505050505052 -16213.475675624388 
0.001 0.018125000000000002 -0.025050505050505052 -16213.476566885505 
0.001 0.018750000000000003 -0.025050505050505052 -16213.471525030027 
0.001 0.019375 -0.025050505050505052 -16213.46045737068 
0.001 0.02 -0.025050505050505052 -16213.443127621791 
0.001 0.0175 -0.023434343434343433 -16213.406567697439 
0.001 0.018125000000000002 -0.023434343434343433 -16213.41098735275 
0.001 0.018750000000000003 -0.023434343434343433 -16213.409244328444 
0.001 0.019375 -0.023434343434343433 -16213.401076842012 
0.001 0.02 -0.023434343434343433 -16213.386379407193 
0.001 0.0175 -0.02181818181818182 -16213.336694601707 
0.001 0.018125000000000002 -0.02181818181818182 -16213.34424138296 
0.001 0.018750000000000003 -0.02181818181818182 -16213.345356921485 
0.001 0.019375 -0.02181818181818182 -16213.339990525517 
0.001 0.02 -0.02181818181818182 -16213.328010454406 
0.001 0.0175 -0.020202020202020207 -16213.266352812114 
0.001 0.018125000000000002 -0.020202020202020207 -16213.27688198551 
0.001 0.018750000000000003 -0.020202020202020207 -16213.28081291572 
0.001 0.019375 -0.020202020202020207 -16213.277947773026 
0.001 0.02 -0.020202020202020207 -16213.268168587214 
0.001 0.0175 -0.018585858585858588 -16213.196387544072 
0.001 0.018125000000000002 -0.018585858585858588 -16213.20952473516 
0.001 0.018750000000000003 -0.018585858585858588 -16213.215817092747 
0.001 0.019375 -0.018585858585858588 -16213.215234045168 
0.001 0.02 -0.018585858585858588 -16213.20772399277 
0.001 0.0175 -0.016969696969696968 -16213.127140150928 
0.001 0.018125000000000002 -0.016969696969696968 -16213.142737447535 
0.001 0.018750000000000003 -0.016969696969696968 -16213.15138501262 
0.001 0.019375 -0.016969696969696968 -16213.15294989735 
0.001 0.02 -0.016969696969696968 -16213.147321332637 
0.001 0.0175 -0.015353535353535355 -16213.05959023473 
0.001 0.018125000000000002 -0.015353535353535355 -16213.07732728813 
0.001 0.018750000000000003 -0.015353535353535355 -16213.087889490951 
0.001 0.019375 -0.015353535353535355 -16213.091247534338 
0.001 0.02 -0.015353535353535355 -16213.087385576679 
0.001 0.0175 -0.013737373737373743 -16212.994141052714 
0.001 0.018125000000000002 -0.013737373737373743 -16213.013832385 
0.001 0.018750000000000003 -0.013737373737373743 -16213.026286943064 
0.001 0.019375 -0.013737373737373743 -16213.03143224936 
0.001 0.02 -0.013737373737373743 -16213.029191938329 
0.001 0.0175 -0.01212121212121213 -16212.931919475775 
0.001 0.018125000000000002 -0.01212121212121213 -16212.95331893684 
0.001 0.018750000000000003 -0.01212121212121213 -16212.967295949735 
0.001 0.019375 -0.01212121212121213 -16212.973818707296 
0.001 0.02 -0.01212121212121213 -16212.972872379816 
0.001 0.0175 -0.010505050505050503 -16212.87342825682 
0.001 0.018125000000000002 -0.010505050505050503 -16212.896293783888 
0.001 0.018750000000000003 -0.010505050505050503 -16212.911689641292 
0.001 0.019375 -0.010505050505050503 -16212.919586297894 
0.001 0.02 -0.010505050505050503 -16212.919949134852 
0.001 0.0175 -0.00888888888888889 -16212.819947060316 
0.001 0.018125000000000002 -0.00888888888888889 -16212.844106599945 
0.001 0.018750000000000003 -0.00888888888888889 -16212.860670088246 
0.001 0.019375 -0.00888888888888889 -16212.869612409448 
0.001 0.02 -0.00888888888888889 -16212.870915964113 
0.001 0.0175 -0.007272727272727278 -16212.772161464674 
0.001 0.018125000000000002 -0.007272727272727278 -16212.797326697964 
0.001 0.018750000000000003 -0.007272727272727278 -16212.814846195384 
0.001 0.019375 -0.007272727272727278 -16212.824710282617 
0.001 0.02 -0.007272727272727278 -16212.82690923202 
0.001 0.0175 -0.005656565656565651 -16212.731531255926 
0.001 0.018125000000000002 -0.005656565656565651 -16212.75757490824 
0.001 0.018750000000000003 -0.005656565656565651 -16212.775907880043 
0.001 0.019375 -0.005656565656565651 -16212.78651880725 
0.001 0.02 -0.005656565656565651 -16212.789397890045 
0.001 0.0175 -0.004040404040404039 -16212.699135023016 
0.001 0.018125000000000002 -0.004040404040404039 -16212.72576694639 
0.001 0.018750000000000003 -0.004040404040404039 -16212.744643546583 
0.001 0.019375 -0.004040404040404039 -16212.755761169123 
0.001 0.02 -0.004040404040404039 -16212.75911691069 
0.001 0.0175 -0.002424242424242426 -16212.676673045453 
0.001 0.018125000000000002 -0.002424242424242426 -16212.703751677795 
0.001 0.018750000000000003 -0.002424242424242426 -16212.723050401604 
0.001 0.019375 -0.002424242424242426 -16212.734567214453 
0.001 0.02 -0.002424242424242426 -16212.738300417288 
0.001 0.0175 -0.0008080808080808133 -16212.665305585093 
0.001 0.018125000000000002 -0.0008080808080808133 -16212.692585072102 
0.001 0.018750000000000003 -0.0008080808080808133 -16212.712066999356 
0.001 0.019375 -0.0008080808080808133 -16212.72375072696 
0.001 0.02 -0.0008080808080808133 -16212.727635817335 
0.001 0.0175 0.0008080808080807994 -16212.665305585093 
0.001 0.018125000000000002 0.0008080808080807994 -16212.692585072102 
0.001 0.018750000000000003 0.0008080808080807994 -16212.712066999356 
0.001 0.019375 0.0008080808080807994 -16212.72375072696 
0.001 0.02 0.0008080808080807994 -16212.727635817335 
0.001 0.0175 0.002424242424242426 -16212.676673045453 
0.001 0.018125000000000002 0.002424242424242426 -16212.703751677795 
0.001 0.018750000000000003 0.002424242424242426 -16212.723050401604 
0.001 0.019375 0.002424242424242426 -16212.734567214453 
0.001 0.02 0.002424242424242426 -16212.738300417288 
0.001 0.0175 0.004040404040404039 -16212.699135023016 
0.001 0.018125000000000002 0.004040404040404039 -16212.72576694639 
0.001 0.018750000000000003 0.004040404040404039 -16212.744643546583 
0.001 0.019375 0.004040404040404039 -16212.755761169123 
0.001 0.02 0.004040404040404039 -16212.75911691069 
0.001 0.0175 0.005656565656565651 -16212.731531255926 
0.001 0.018125000000000002 0.005656565656565651 -16212.75757490824 
0.001 0.018750000000000003 0.005656565656565651 -16212.775907880043 
0.001 0.019375 0.005656565656565651 -16212.78651880725 
0.001 0.02 0.005656565656565651 -16212.789397890045 
0.001 0.0175 0.007272727272727278 -16212.772161464674 
0.001 0.018125000000000002 0.007272727272727278 -16212.797326697964 
0.001 0.018750000000000003 0.007272727272727278 -16212.814846195384 
0.001 0.019375 0.007272727272727278 -16212.824710282617 
0.001 0.02 0.007272727272727278 -16212.82690923202 
0.001 0.0175 0.00888888888888889 -16212.819947060316 
0.001 0.018125000000000002 0.00888888888888889 -16212.844106599945 
0.001 0.018750000000000003 0.00888888888888889 -16212.860670088246 
0.001 0.019375 0.00888888888888889 -16212.869612409448 
0.001 0.02 0.00888888888888889 -16212.870915964113 
0.001 0.0175 0.010505050505050503 -16212.87342825682 
0.001 0.018125000000000002 0.010505050505050503 -16212.896293783888 
0.001 0.018750000000000003 0.010505050505050503 -16212.911689641292 
0.001 0.019375 0.010505050505050503 -16212.919586297894 
0.001 0.02 0.010505050505050503 -16212.919949134852 
0.001 0.0175 0.012121212121212116 -16212.931919475775 
0.001 0.018125000000000002 0.012121212121212116 -16212.95331893684 
0.001 0.018750000000000003 0.012121212121212116 -16212.967295949735 
0.001 0.019375 0.012121212121212116 -16212.973818707296 
0.001 0.02 0.012121212121212116 -16212.972872379816 
0.001 0.0175 0.013737373737373729 -16212.994141052714 
0.001 0.018125000000000002 0.013737373737373729 -16213.013832385 
0.001 0.018750000000000003 0.013737373737373729 -16213.026286943064 
0.001 0.019375 0.013737373737373729 -16213.03143224936 
0.001 0.02 0.013737373737373729 -16213.029191938329 
0.001 0.0175 0.015353535353535355 -16213.05959023473 
0.001 0.018125000000000002 0.015353535353535355 -16213.07732728813 
0.001 0.018750000000000003 0.015353535353535355 -16213.087889490951 
0.001 0.019375 0.015353535353535355 -16213.091247534338 
0.001 0.02 0.015353535353535355 -16213.087385576679 
0.001 0.0175 0.016969696969696968 -16213.127140150928 
0.001 0.018125000000000002 0.016969696969696968 -16213.142737447535 
0.001 0.018750000000000003 0.016969696969696968 -16213.15138501262 
0.001 0.019375 0.016969696969696968 -16213.15294989735 
0.001 0.02 0.016969696969696968 -16213.147321332637 
0.001 0.0175 0.01858585858585858 -16213.196387544072 
0.001 0.018125000000000002 0.01858585858585858 -16213.20952473516 
0.001 0.018750000000000003 0.01858585858585858 -16213.215817092747 
0.001 0.019375 0.01858585858585858 -16213.215234045168 
0.001 0.02 0.01858585858585858 -16213.20772399277 
0.001 0.0175 0.020202020202020207 -16213.266352812114 
0.001 0.018125000000000002 0.020202020202020207 -16213.27688198551 
0.001 0.018750000000000003 0.020202020202020207 -16213.28081291572 
0.001 0.019375 0.020202020202020207 -16213.277947773026 
0.001 0.02 0.020202020202020207 -16213.268168587214 
0.001 0.0175 0.02181818181818182 -16213.336694601707 
0.001 0.018125000000000002 0.02181818181818182 -16213.34424138296 
0.001 0.018750000000000003 0.02181818181818182 -16213.345356921485 
0.001 0.019375 0.02181818181818182 -16213.339990525517 
0.001 0.02 0.02181818181818182 -16213.328010454406 
0.001 0.0175 0.023434343434343433 -16213.406567697439 
0.001 0.018125000000000002 0.023434343434343433 -16213.41098735275 
0.001 0.018750000000000003 0.023434343434343433 -16213.409244328444 
0.001 0.019375 0.023434343434343433 -16213.401076842012 
0.001 0.02 0.023434343434343433 -16213.386379407193 
0.001 0.0175 0.025050505050505045 -16213.475675624388 
0.001 0.018125000000000002 0.025050505050505045 -16213.476566885505 
0.001 0.018750000000000003 0.025050505050505045 -16213.471525030027 
0.001 0.019375 0.025050505050505045 -16213.46045737068 
0.001 0.02 0.025050505050505045 -16213.443127621791 
0.001 0.0175 0.026666666666666658 -16213.543299324247 
0.001 0.018125000000000002 0.026666666666666658 -16213.540480393924 
0.001 0.018750000000000003 0.026666666666666658 -16213.53204175957 
0.001 0.019375 0.026666666666666658 -16213.517650275682 
0.001 0.02 0.026666666666666658 -16213.49720433027 
0.001 0.0175 0.028282828282828285 -16213.609171286931 
0.001 0.018125000000000002 0.028282828282828285 -16213.60224171412 
0.001 0.018750000000000003 0.028282828282828285 -16213.58997025704 
0.001 0.019375 0.028282828282828285 -16213.572207175404 
0.001 0.02 0.028282828282828285 -16213.548611665974 
0.001 0.0175 0.029898989898989897 -16213.672710030374 
0.001 0.018125000000000002 0.029898989898989897 -16213.661406697302 
0.001 0.018750000000000003 0.029898989898989897 -16213.645157892417 
0.001 0.019375 0.029898989898989897 -16213.623538070788 
0.001 0.02 0.029898989898989897 -16213.59641491091 
0.001 0.0175 0.03151515151515151 -16213.733650274675 
0.001 0.018125000000000002 0.03151515151515151 -16213.717597590998 
0.001 0.018750000000000003 0.03151515151515151 -16213.696911522977 
0.001 0.019375 0.03151515151515151 -16213.671370077602 
0.001 0.02 0.03151515151515151 -16213.640539660155 
0.001 0.0175 0.033131313131313136 -16213.791579632141 
0.001 0.018125000000000002 0.033131313131313136 -16213.770392315337 
0.001 0.018750000000000003 0.033131313131313136 -16213.74508571703 
0.001 0.019375 0.033131313131313136 -16213.715120187666 
0.001 0.02 0.033131313131313136 -16213.680281607267 
0.001 0.0175 0.03474747474747475 -16213.846214841982 
0.001 0.018125000000000002 0.03474747474747475 -16213.819539441603 
0.001 0.018750000000000003 0.03474747474747475 -16213.78910946375 
0.001 0.019375 0.03474747474747475 -16213.754586196292 
0.001 0.02 0.03474747474747475 -16213.715458860144 
0.001 0.0175 0.03636363636363636 -16213.897326037828 
0.001 0.018125000000000002 0.03636363636363636 -16213.864650592846 
0.001 0.018750000000000003 0.03636363636363636 -16213.828850298605 
0.001 0.019375 0.03636363636363636 -16213.7892753589 
0.001 0.02 0.03636363636363636 -16213.745560254478 
0.001 0.0175 0.037979797979797975 -16213.944659330538 
0.001 0.018125000000000002 0.037979797979797975 -16213.90557544136 
0.001 0.018750000000000003 0.037979797979797975 -16213.863873335185 
0.001 0.019375 0.037979797979797975 -16213.818995366151 
0.001 0.02 0.037979797979797975 -16213.770369300073 
0.001 0.0175 0.03959595959595959 -16213.988113365345 
0.001 0.018125000000000002 0.03959595959595959 -16213.942033847008 
0.001 0.018750000000000003 0.03959595959595959 -16213.894045057841 
0.001 0.019375 0.03959595959595959 -16213.843396480768 
0.001 0.02 0.03959595959595959 -16213.789487700948 
0.001 0.0175 0.041212121212121214 -16214.02758993313 
0.001 0.018125000000000002 0.041212121212121214 -16213.97392212548 
0.001 0.018750000000000003 0.041212121212121214 -16213.91910970358 
0.001 0.019375 0.041212121212121214 -16213.862271309697 
0.001 0.02 0.041212121212121214 -16213.802745973502 
0.001 0.0175 0.042828282828282827 -16214.063092820545 
0.001 0.018125000000000002 0.042828282828282827 -16214.001154166584 
0.001 0.018750000000000003 0.042828282828282827 -16213.938929492671 
0.001 0.019375 0.042828282828282827 -16213.875441096357 
0.001 0.02 0.042828282828282827 -16213.809808790995 
0.001 0.0175 0.04444444444444444 -16214.094750584758 
0.001 0.018125000000000002 0.04444444444444444 -16214.023708616913 
0.001 0.018750000000000003 0.04444444444444444 -16213.953444482726 
0.001 0.019375 0.04444444444444444 -16213.882710550142 
0.001 0.02 0.04444444444444444 -16213.810596028738 
0.001 0.0175 0.046060606060606066 -16214.122828369764 
0.001 0.018125000000000002 0.046060606060606066 -16214.041700006474 
0.001 0.018750000000000003 0.046060606060606066 -16213.962607119209 
0.001 0.019375 0.046060606060606066 -16213.884051350298 
0.001 0.02 0.046060606060606066 -16213.80485332869 
0.001 0.0175 0.047676767676767665 -16214.147817194867 
0.001 0.018125000000000002 0.047676767676767665 -16214.055360999764 
0.001 0.018750000000000003 0.047676767676767665 -16213.96651820957 
0.001 0.019375 0.047676767676767665 -16213.87939358262 
0.001 0.02 0.047676767676767665 -16213.792577040773 
0.001 0.0175 0.04929292929292929 -16214.170576852219 
0.001 0.018125000000000002 0.04929292929292929 -16214.065124164892 
0.001 0.018750000000000003 0.04929292929292929 -16213.965383377623 
0.001 0.019375 0.04929292929292929 -16213.868822430166 
0.001 0.02 0.04929292929292929 -16213.773684023816 
0.001 0.0175 0.05090909090909092 -16214.192632251605 
0.001 0.018125000000000002 0.05090909090909092 -16214.071747142285 
0.001 0.018750000000000003 0.05090909090909092 -16213.95958304672 
0.001 0.019375 0.05090909090909092 -16213.85252194829 
0.001 0.02 0.05090909090909092 -16213.748239989702 
0.001 0.0175 0.05252525252525252 -16214.216749463114 
0.001 0.018125000000000002 0.05252525252525252 -16214.076557708404 
0.001 0.018750000000000003 0.05252525252525252 -16213.94978721235 
0.001 0.019375 0.05252525252525252 -16213.83082549629 
0.001 0.02 0.05252525252525252 -16213.71641289592 
0.001 0.0175 0.05414141414141414 -16214.24716122842 
0.001 0.018125000000000002 0.05414141414141414 -16214.08196032733 
0.001 0.018750000000000003 0.05414141414141414 -16213.937156307546 
0.001 0.019375 0.05414141414141414 -16213.80432760708 
0.001 0.02 0.05414141414141414 -16213.678493093796 
0.001 0.0175 0.05575757575757574 -16214.285128391186 
0.001 0.018125000000000002 0.05575757575757574 -16214.091916569756 
0.001 0.018750000000000003 0.05575757575757574 -16213.923777133801 
0.001 0.019375 0.05575757575757574 -16213.774046444101 
0.001 0.02 0.05575757575757574 -16213.63500996412 
0.001 0.0175 0.05737373737373737 -16214.321696460218 
0.001 0.018125000000000002 0.05737373737373737 -16214.10907531964 
0.001 0.018750000000000003 0.05737373737373737 -16213.913250599473 
0.001 0.019375 0.05737373737373737 -16213.741793902707 
0.001 0.02 0.05737373737373737 -16213.586860405456 
0.001 0.0175 0.058989898989898995 -16214.34651579112 
0.001 0.018125000000000002 0.058989898989898995 -16214.126695301598 
0.001 0.018750000000000003 0.058989898989898995 -16213.909093668679 
0.001 0.019375 0.058989898989898995 -16213.710780636391 
0.001 0.02 0.058989898989898995 -16213.535620427921 
0.001 0.0175 0.060606060606060594 -16214.355311772364 
0.001 0.018125000000000002 0.060606060606060594 -16214.133752861273 
0.001 0.018750000000000003 0.060606060606060594 -16213.906979158022 
0.001 0.019375 0.060606060606060594 -16213.684946424277 
0.001 0.02 0.060606060606060594 -16213.484118098713 
0.001 0.0175 0.06222222222222222 -16214.346815113247 
0.001 0.018125000000000002 0.06222222222222222 -16214.124907325537 
0.001 0.018750000000000003 0.06222222222222222 -16213.895767321874 
0.001 0.019375 0.06222222222222222 -16213.662309497251 
0.001 0.02 0.06222222222222222 -16213.43637742874 
0.001 0.0175 0.06383838383838385 -16214.32051791519 
0.001 0.018125000000000002 0.06383838383838385 -16214.09855375649 
0.001 0.018750000000000003 0.06383838383838385 -16213.868925609715 
0.001 0.019375 0.06383838383838385 -16213.632274082971 
0.001 0.02 0.06383838383838385 -16213.392467976311 
0.001 0.0175 0.06545454545454545 -16214.276076808532 
0.001 0.018125000000000002 0.06545454545454545 -16214.054115359895 
0.001 0.018750000000000003 0.06545454545454545 -16213.824403196255 
0.001 0.019375 0.06545454545454545 -16213.587071597902 
0.001 0.02 0.06545454545454545 -16213.343002177933 
0.001 0.0175 0.06707070707070707 -16214.213186607449 
0.001 0.018125000000000002 0.06707070707070707 -16213.991239914312 
0.001 0.018750000000000003 0.06707070707070707 -16213.761525645716 
0.001 0.019375 0.06707070707070707 -16213.524071294427 
0.001 0.02 0.06707070707070707 -16213.279058600809 
0.001 0.0175 0.0686868686868687 -16214.13155471757 
0.001 0.018125000000000002 0.0686868686868687 -16213.909625448243 
0.001 0.018750000000000003 0.0686868686868687 -16213.679925687748 
0.001 0.019375 0.0686868686868687 -16213.442462197481 
0.001 0.02 0.0686868686868687 -16213.197272636658 
0.001 0.0175 0.0703030303030303 -16214.030895872089 
0.001 0.018125000000000002 0.0703030303030303 -16213.80898482464 
0.001 0.018750000000000003 0.0703030303030303 -16213.579303154676 
0.001 0.019375 0.0703030303030303 -16213.34185349368 
0.001 0.02 0.0703030303030303 -16213.096644663345 
0.001 0.0175 0.07191919191919192 -16213.910930927177 
0.001 0.018125000000000002 0.07191919191919192 -16213.689038522165 
0.001 0.018750000000000003 0.07191919191919192 -16213.459375928112 
0.001 0.019375 0.07191919191919192 -16213.221944948904 
0.001 0.02 0.07191919191919192 -16212.976748661926 
0.001 0.0175 0.07353535353535352 -16213.77138647239 
0.001 0.018125000000000002 0.07353535353535352 -16213.549513049773 
0.001 0.018750000000000003 0.07353535353535352 -16213.31986999504 
0.001 0.019375 0.07353535353535352 -16213.082458940906 
0.001 0.02 0.07353535353535352 -16212.83728181628 
0.001 0.0175 0.07515151515151515 -16213.611994610334 
0.001 0.018125000000000002 0.07515151515151515 -16213.39014048879 
0.001 0.018750000000000003 0.07515151515151515 -16213.16051732747 
0.001 0.019375 0.07515151515151515 -16212.92312671855 
0.001 0.02 0.07515151515151515 -16212.67797035601 
0.001 0.0175 0.07676767676767678 -16213.432492776803 
0.001 0.018125000000000002 0.07676767676767678 -16213.210658265778 
0.001 0.018750000000000003 0.07676767676767678 -16212.981055324935 
0.001 0.019375 0.07676767676767678 -16212.743685532067 
0.001 0.02 0.07676767676767678 -16212.498550527933 
0.001 0.0175 0.07838383838383838 -16213.232623575193 
0.001 0.018125000000000002 0.07838383838383838 -16213.010808977579 
0.001 0.018750000000000003 0.07838383838383838 -16212.781226573896 
0.001 0.019375 0.07838383838383838 -16212.543877932927 
0.001 0.02 0.07838383838383838 -16212.29876467851 
0.001 0.0175 0.08 -16213.0121346196 
0.001 0.018125000000000002 0.08 -16212.790340232494 
0.001 0.018750000000000003 0.08 -16212.560778675823 
0.001 0.019375 0.08 -16212.32345151061 
0.001 0.02 0.08 -16212.078360351152 
