0.001 0.0 -0.08 -145944.96478790938 
0.001 0.0025 -0.08 -145944.4039469915 
0.001 0.005 -0.08 -145942.7214849078 
0.001 0.0075 -0.08 -145939.91758366858 
0.001 0.01 -0.08 -145935.99254662532 
0.001 0.0 -0.07838383838383839 -145946.98390815986 
0.001 0.0025 -0.07838383838383839 -145946.4230132385 
0.001 0.005 -0.07838383838383839 -145944.74038940814 
0.001 0.0075 -0.07838383838383839 -145941.93621947002 
0.001 0.01 -0.07838383838383839 -145938.01080809388 
0.001 0.0 -0.07676767676767676 -145948.82008670687 
0.001 0.0025 -0.07676767676767676 -145948.25913842954 
0.001 0.005 -0.07676767676767676 -145946.57635480037 
0.001 0.0075 -0.07676767676767676 -145943.7719194283 
0.001 0.01 -0.07676767676767676 -145939.84613832922 
0.001 0.0 -0.07515151515151515 -145950.47581647852 
0.001 0.0025 -0.07515151515151515 -145949.91481550035 
0.001 0.005 -0.07515151515151515 -145948.23187404376 
0.001 0.0075 -0.07515151515151515 -145945.42717654264 
0.001 0.01 -0.07515151515151515 -145941.50103038788 
0.001 0.0 -0.07353535353535354 -145951.9536540304 
0.001 0.0025 -0.07353535353535354 -145951.39260101455 
0.001 0.005 -0.07353535353535354 -145949.70950372587 
0.001 0.0075 -0.07353535353535354 -145946.9045474415 
0.001 0.01 -0.07353535353535354 -145942.9780409576 
0.001 0.0 -0.07191919191919192 -145953.25622252875 
0.001 0.0025 -0.07191919191919192 -145952.69511814645 
0.001 0.005 -0.07191919191919192 -145951.0118670459 
0.001 0.0075 -0.07191919191919192 -145948.20665536623 
0.001 0.01 -0.07191919191919192 -145944.2797933406 
0.001 0.0 -0.07030303030303031 -145954.38621493778 
0.001 0.0025 -0.07030303030303031 -145953.82505986874 
0.001 0.005 -0.07030303030303031 -145952.14165700192 
0.001 0.0075 -0.07030303030303031 -145949.3361933584 
0.001 0.01 -0.07030303030303031 -145945.4089806412 
0.001 0.0 -0.06868686868686869 -145955.3463974306 
0.001 0.0025 -0.06868686868686869 -145954.78519236314 
0.001 0.005 -0.06868686868686869 -145953.1016398019 
0.001 0.0075 -0.06868686868686869 -145950.29592767067 
0.001 0.01 -0.06868686868686869 -145946.36836917678 
0.001 0.0 -0.06707070707070707 -145956.1396130428 
0.001 0.0025 -0.06707070707070707 -145955.5783586741 
0.001 0.005 -0.06707070707070707 -145953.89465851724 
0.001 0.0075 -0.06707070707070707 -145951.08870142046 
0.001 0.01 -0.06707070707070707 -145947.1608021319 
0.001 0.0 -0.06545454545454546 -145956.76878559173 
0.001 0.0025 -0.06545454545454546 -145956.2074826282 
0.001 0.005 -0.06545454545454546 -145954.52363700248 
0.001 0.0075 -0.06545454545454546 -145951.71743851004 
0.001 0.01 -0.06545454545454546 -145947.78920347776 
0.001 0.0 -0.06383838383838383 -145957.23692388623 
0.001 0.0025 -0.06383838383838383 -145956.67557304364 
0.001 0.005 -0.06383838383838383 -145954.99158410457 
0.001 0.0075 -0.06383838383838383 -145952.1851478355 
0.001 0.01 -0.06383838383838383 -145948.2565821821 
0.001 0.0 -0.06222222222222222 -145957.54712625346 
0.001 0.0025 -0.06222222222222222 -145956.9857282574 
0.001 0.005 -0.06222222222222222 -145955.30159819004 
0.001 0.0075 -0.06222222222222222 -145952.49492781435 
0.001 0.01 -0.06222222222222222 -145948.56603673648 
0.001 0.0 -0.06060606060606061 -145957.70258541394 
0.001 0.0025 -0.06060606060606061 -145957.14114100012 
0.001 0.005 -0.06060606060606061 -145955.45687202032 
0.001 0.0075 -0.06060606060606061 -145952.64997126054 
0.001 0.01 -0.06060606060606061 -145948.7207600318 
0.001 0.0 -0.058989898989898995 -145957.70659373864 
0.001 0.0025 -0.058989898989898995 -145957.1451036531 
0.001 0.005 -0.058989898989898995 -145955.4606980085 
0.001 0.0075 -0.058989898989898995 -145952.65357064182 
0.001 0.01 -0.058989898989898995 -145948.72404461572 
0.001 0.0 -0.057373737373737375 -145957.56254892497 
0.001 0.0025 -0.057373737373737375 -145957.0010139246 
0.001 0.005 -0.057373737373737375 -145955.31647389577 
0.001 0.0075 -0.057373737373737375 -145952.509123756 
0.001 0.01 -0.057373737373737375 -145948.57928836907 
0.001 0.0 -0.055757575757575756 -145957.27396013404 
0.001 0.0025 -0.055757575757575756 -145956.7123809869 
0.001 0.005 -0.055757575757575756 -145955.02770888852 
0.001 0.0075 -0.055757575757575756 -145952.22013986844 
0.001 0.01 -0.055757575757575756 -145948.29000064376 
0.001 0.0 -0.05414141414141414 -145956.8444546354 
0.001 0.0025 -0.05414141414141414 -145956.2828321213 
0.001 0.005 -0.05414141414141414 -145954.59803030358 
0.001 0.0075 -0.05414141414141414 -145951.79024635718 
0.001 0.01 -0.05414141414141414 -145947.85980890814 
0.001 0.0 -0.05252525252525253 -145956.2777850118 
0.001 0.0025 -0.05252525252525253 -145955.71611992238 
0.001 0.005 -0.05252525252525253 -145954.0311907725 
0.001 0.0075 -0.05252525252525253 -145951.2231959178 
0.001 0.01 -0.05252525252525253 -145947.2924659523 
0.001 0.0 -0.05090909090909091 -145955.57783697997 
0.001 0.0025 -0.05090909090909091 -145955.01613011962 
0.001 0.005 -0.05090909090909091 -145953.33107606324 
0.001 0.0075 -0.05090909090909091 -145950.52287438497 
0.001 0.01 -0.05090909090909091 -145946.59185771007 
0.001 0.0 -0.04929292929292929 -145954.7486378948 
0.001 0.0025 -0.04929292929292929 -145954.18689008107 
0.001 0.005 -0.04929292929292929 -145952.501713584 
0.001 0.0075 -0.04929292929292929 -145949.69330923678 
0.001 0.01 -0.04929292929292929 -145945.76201176422 
0.001 0.0 -0.04767676767676768 -145953.79436600668 
0.001 0.0025 -0.04767676767676768 -145953.23257807066 
0.001 0.005 -0.04767676767676768 -145951.5472816408 
0.001 0.0075 -0.04767676767676768 -145948.7386788527 
0.001 0.01 -0.04767676767676768 -145944.80710660754 
0.001 0.0 -0.046060606060606066 -145952.71936055442 
0.001 0.0025 -0.046060606060606066 -145952.15753334155 
0.001 0.005 -0.046060606060606066 -145950.4721195309 
0.001 0.0075 -0.046060606060606066 -145947.663322607 
0.001 0.01 -0.046060606060606066 -145943.73148174942 
0.001 0.0 -0.044444444444444446 -145951.52813278456 
0.001 0.0025 -0.044444444444444446 -145950.96626715534 
0.001 0.005 -0.044444444444444446 -145949.28073856214 
0.001 0.0075 -0.044444444444444446 -145946.471751889 
0.001 0.01 -0.044444444444444446 -145942.53964879844 
0.001 0.0 -0.042828282828282827 -145950.22537799977 
0.001 0.0025 -0.042828282828282827 -145949.66347483048 
0.001 0.005 -0.042828282828282827 -145947.97783410174 
0.001 0.0075 -0.042828282828282827 -145945.16866215217 
0.001 0.01 -0.042828282828282827 -145941.23630382575 
0.001 0.0 -0.041212121212121214 -145948.8159887525 
0.001 0.0025 -0.041212121212121214 -145948.25404893595 
0.001 0.005 -0.041212121212121214 -145946.56829877023 
0.001 0.0075 -0.041212121212121214 -145943.75894610942 
0.001 0.01 -0.041212121212121214 -145939.82634213567 
0.001 0.0 -0.0395959595959596 -145947.30506931624 
0.001 0.0025 -0.0395959595959596 -145946.7430937629 
0.001 0.005 -0.0395959595959596 -145945.05723691318 
0.001 0.0075 -0.0395959595959596 -145942.2477082092 
0.001 0.01 -0.0395959595959596 -145938.31488066737 
0.001 0.0 -0.03797979797979798 -145945.69795158616 
0.001 0.0025 -0.03797979797979798 -145945.13594122502 
0.001 0.005 -0.03797979797979798 -145943.4499805024 
0.001 0.0075 -0.03797979797979798 -145940.6402805553 
0.001 0.01 -0.03797979797979798 -145936.70731376423 
0.001 0.0 -0.03636363636363636 -145944.00021258392 
0.001 0.0025 -0.03636363636363636 -145943.43816836362 
0.001 0.005 -0.03636363636363636 -145941.7521066409 
0.001 0.0075 -0.03636363636363636 -145938.94224050312 
0.001 0.01 -0.03636363636363636 -145935.00953036788 
0.001 0.0 -0.03474747474747475 -145942.2176937709 
0.001 0.0025 -0.03474747474747475 -145941.6556166611 
0.001 0.005 -0.03474747474747475 -145939.9694568776 
0.001 0.0075 -0.03474747474747475 -145937.15943042954 
0.001 0.01 -0.03474747474747475 -145933.2289139148 
0.001 0.0 -0.033131313131313136 -145940.35652241122 
0.001 0.0025 -0.033131313131313136 -145939.79441340393 
0.001 0.005 -0.033131313131313136 -145938.10815857167 
0.001 0.0075 -0.033131313131313136 -145935.29798138482 
0.001 0.01 -0.033131313131313136 -145931.37873818033 
0.001 0.0 -0.03151515151515152 -145938.42313527345 
0.001 0.0025 -0.03151515151515152 -145937.8609953847 
0.001 0.005 -0.03151515151515152 -145936.17464860086 
0.001 0.0075 -0.03151515151515152 -145933.36434830548 
0.001 0.01 -0.03151515151515152 -145929.49095010053 
0.001 0.0 -0.029898989898989897 -145936.42430502194 
0.001 0.0025 -0.029898989898989897 -145935.86213529346 
0.001 0.005 -0.029898989898989897 -145934.1756997815 
0.001 0.0075 -0.029898989898989897 -145931.36539426868 
0.001 0.01 -0.029898989898989897 -145927.61695787613 
0.001 0.0 -0.028282828282828285 -145934.36716973412 
0.001 0.0025 -0.028282828282828285 -145933.8049712355 
0.001 0.005 -0.028282828282828285 -145932.11845052624 
0.001 0.0075 -0.028282828282828285 -145929.3087094596 
0.001 0.01 -0.028282828282828285 -145925.78082603106 
0.001 0.0 -0.026666666666666672 -145932.25926609224 
0.001 0.0025 -0.026666666666666672 -145931.6970399239 
0.001 0.005 -0.026666666666666672 -145930.01043873758 
0.001 0.0075 -0.026666666666666672 -145927.20405688745 
0.001 0.01 -0.026666666666666672 -145923.97463138934 
0.001 0.0 -0.025050505050505052 -145930.10856695753 
0.001 0.0025 -0.025050505050505052 -145929.5463142553 
0.001 0.005 -0.025050505050505052 -145927.85964290934 
0.001 0.0075 -0.025050505050505052 -145925.06952903222 
0.001 0.01 -0.025050505050505052 -145922.19038514403 
0.001 0.0 -0.023434343434343433 -145927.92352425394 
0.001 0.0025 -0.023434343434343433 -145927.36124620467 
0.001 0.005 -0.023434343434343433 -145925.6745427518 
0.001 0.0075 -0.023434343434343433 -145922.94735354144 
0.001 0.01 -0.023434343434343433 -145920.42674040943 
0.001 0.0 -0.02181818181818182 -145925.71311840558 
0.001 0.0025 -0.02181818181818182 -145925.15081631189 
0.001 0.005 -0.02181818181818182 -145923.46425778768 
0.001 0.0075 -0.02181818181818182 -145920.89752647682 
0.001 0.01 -0.02181818181818182 -145918.68665031073 
0.001 0.0 -0.020202020202020207 -145923.48691602427 
0.001 0.0025 -0.020202020202020207 -145922.92459161865 
0.001 0.005 -0.020202020202020207 -145921.23905034908 
0.001 0.0075 -0.020202020202020207 -145918.94215778747 
0.001 0.01 -0.020202020202020207 -145916.97563799995 
0.001 0.0 -0.018585858585858588 -145921.25513821642 
0.001 0.0025 -0.018585858585858588 -145920.6927952268 
0.001 0.005 -0.018585858585858588 -145919.01255024565 
0.001 0.0075 -0.018585858585858588 -145917.07213320473 
0.001 0.01 -0.018585858585858588 -145915.30100391107 
0.001 0.0 -0.016969696969696968 -145919.02874288757 
0.001 0.0025 -0.016969696969696968 -145918.46639489898 
0.001 0.005 -0.016969696969696968 -145916.81084858338 
0.001 0.0075 -0.016969696969696968 -145915.28125668253 
0.001 0.01 -0.016969696969696968 -145913.67148936627 
0.001 0.0 -0.015353535353535355 -145916.81952601194 
0.001 0.0025 -0.015353535353535355 -145916.25723600457 
0.001 0.005 -0.015353535353535355 -145914.69253461136 
0.001 0.0075 -0.015353535353535355 -145913.57101934365 
0.001 0.01 -0.015353535353535355 -145912.09715553437 
0.001 0.0 -0.013737373737373743 -145914.64024951216 
0.001 0.0025 -0.013737373737373743 -145914.07832853383 
0.001 0.005 -0.013737373737373743 -145912.73070763095 
0.001 0.0075 -0.013737373737373743 -145911.94785553272 
0.001 0.01 -0.013737373737373743 -145910.58938377403 
0.001 0.0 -0.01212121212121213 -145912.50480863574 
0.001 0.0025 -0.01212121212121213 -145911.94480772663 
0.001 0.005 -0.01212121212121213 -145910.94679502936 
0.001 0.0075 -0.01212121212121213 -145910.42144060906 
0.001 0.01 -0.01212121212121213 -145909.1609687987 
0.001 0.0 -0.010505050505050503 -145910.42846480812 
0.001 0.0025 -0.010505050505050503 -145909.87797136273 
0.001 0.005 -0.010505050505050503 -145909.33184113135 
0.001 0.0075 -0.010505050505050503 -145909.00402910268 
0.001 0.01 -0.010505050505050503 -145907.82631351778 
0.001 0.0 -0.00888888888888889 -145908.42821348278 
0.001 0.0025 -0.00888888888888889 -145907.92086290364 
0.001 0.005 -0.00888888888888889 -145907.88372593507 
0.001 0.0075 -0.00888888888888889 -145907.71035084088 
0.001 0.01 -0.00888888888888889 -145906.60177438543 
0.001 0.0 -0.007272727272727278 -145906.5235347696 
0.001 0.0025 -0.007272727272727278 -145906.16682399172 
0.001 0.005 -0.007272727272727278 -145906.61046566258 
0.001 0.0075 -0.007272727272727278 -145906.5579090554 
0.001 0.01 -0.007272727272727278 -145905.50627447944 
0.001 0.0 -0.005656565656565651 -145904.73858265596 
0.001 0.0025 -0.005656565656565651 -145904.71947083678 
0.001 0.005 -0.005656565656565651 -145905.527600559 
0.001 0.0075 -0.005656565656565651 -145905.56780137197 
0.001 0.01 -0.005656565656565651 -145904.562421245 
0.001 0.0 -0.004040404040404039 -145903.11060301136 
0.001 0.0025 -0.004040404040404039 -145903.60854133818 
0.001 0.005 -0.004040404040404039 -145904.65786585896 
0.001 0.0075 -0.004040404040404039 -145904.76650624297 
0.001 0.01 -0.004040404040404039 -145903.79845311743 
0.001 0.0 -0.002424242424242426 -145901.7248016032 
0.001 0.0025 -0.002424242424242426 -145902.83770408644 
0.001 0.005 -0.002424242424242426 -145904.03363913874 
0.001 0.0075 -0.002424242424242426 -145904.18910191275 
0.001 0.01 -0.002424242424242426 -145903.2505806367 
0.001 0.0 -0.0008080808080808133 -145900.82349918043 
0.001 0.0025 -0.0008080808080808133 -145902.43328560275 
0.001 0.005 -0.0008080808080808133 -145903.6998468597 
0.001 0.0075 -0.0008080808080808133 -145903.88069910527 
0.001 0.01 -0.0008080808080808133 -145902.96085964137 
0.001 0.0 0.0008080808080807994 -145900.82349918043 
0.001 0.0025 0.0008080808080807994 -145902.43328560275 
0.001 0.005 0.0008080808080807994 -145903.6998468597 
0.001 0.0075 0.0008080808080807994 -145903.88069910527 
0.001 0.01 0.0008080808080807994 -145902.96085964137 
0.001 0.0 0.002424242424242426 -145901.7248016032 
0.001 0.0025 0.002424242424242426 -145902.83770408644 
0.001 0.005 0.002424242424242426 -145904.03363913874 
0.001 0.0075 0.002424242424242426 -145904.18910191275 
0.001 0.01 0.002424242424242426 -145903.2505806367 
0.001 0.0 0.004040404040404039 -145903.11060301136 
0.001 0.0025 0.004040404040404039 -145903.60854133818 
0.001 0.005 0.004040404040404039 -145904.65786585896 
0.001 0.0075 0.004040404040404039 -145904.76650624297 
0.001 0.01 0.004040404040404039 -145903.79845311743 
0.001 0.0 0.005656565656565651 -145904.73858265596 
0.001 0.0025 0.005656565656565651 -145904.71947083678 
0.001 0.005 0.005656565656565651 -145905.527600559 
0.001 0.0075 0.005656565656565651 -145905.56780137197 
0.001 0.01 0.005656565656565651 -145904.562421245 
0.001 0.0 0.007272727272727278 -145906.5235347696 
0.001 0.0025 0.007272727272727278 -145906.16682399172 
0.001 0.005 0.007272727272727278 -145906.61046566258 
0.001 0.0075 0.007272727272727278 -145906.5579090554 
0.001 0.01 0.007272727272727278 -145905.50627447944 
0.001 0.0 0.00888888888888889 -145908.42821348278 
0.001 0.0025 0.00888888888888889 -145907.92086290364 
0.001 0.005 0.00888888888888889 -145907.88372593507 
0.001 0.0075 0.00888888888888889 -145907.71035084088 
0.001 0.01 0.00888888888888889 -145906.60177438543 
0.001 0.0 0.010505050505050503 -145910.42846480812 
0.001 0.0025 0.010505050505050503 -145909.87797136273 
0.001 0.005 0.010505050505050503 -145909.33184113135 
0.001 0.0075 0.010505050505050503 -145909.00402910268 
0.001 0.01 0.010505050505050503 -145907.82631351778 
0.001 0.0 0.012121212121212116 -145912.50480863574 
0.001 0.0025 0.012121212121212116 -145911.94480772663 
0.001 0.005 0.012121212121212116 -145910.94679502936 
0.001 0.0075 0.012121212121212116 -145910.42144060906 
0.001 0.01 0.012121212121212116 -145909.1609687987 
0.001 0.0 0.013737373737373729 -145914.64024951216 
0.001 0.0025 0.013737373737373729 -145914.07832853383 
0.001 0.005 0.013737373737373729 -145912.73070763095 
0.001 0.0075 0.013737373737373729 -145911.94785553272 
0.001 0.01 0.013737373737373729 -145910.58938377403 
0.001 0.0 0.015353535353535355 -145916.81952601194 
0.001 0.0025 0.015353535353535355 -145916.25723600457 
0.001 0.005 0.015353535353535355 -145914.69253461136 
0.001 0.0075 0.015353535353535355 -145913.57101934365 
0.001 0.01 0.015353535353535355 -145912.09715553437 
0.001 0.0 0.016969696969696968 -145919.02874288757 
0.001 0.0025 0.016969696969696968 -145918.46639489898 
0.001 0.005 0.016969696969696968 -145916.81084858338 
0.001 0.0075 0.016969696969696968 -145915.28125668253 
0.001 0.01 0.016969696969696968 -145913.67148936627 
0.001 0.0 0.01858585858585858 -145921.25513821642 
0.001 0.0025 0.01858585858585858 -145920.6927952268 
0.001 0.005 0.01858585858585858 -145919.01255024565 
0.001 0.0075 0.01858585858585858 -145917.07213320473 
0.001 0.01 0.01858585858585858 -145915.30100391107 
0.001 0.0 0.020202020202020207 -145923.48691602427 
0.001 0.0025 0.020202020202020207 -145922.92459161865 
0.001 0.005 0.020202020202020207 -145921.23905034908 
0.001 0.0075 0.020202020202020207 -145918.94215778747 
0.001 0.01 0.020202020202020207 -145916.97563799995 
0.001 0.0 0.02181818181818182 -145925.71311840558 
0.001 0.0025 0.02181818181818182 -145925.15081631189 
0.001 0.005 0.02181818181818182 -145923.46425778768 
0.001 0.0075 0.02181818181818182 -145920.89752647682 
0.001 0.01 0.02181818181818182 -145918.68665031073 
0.001 0.0 0.023434343434343433 -145927.92352425394 
0.001 0.0025 0.023434343434343433 -145927.36124620467 
0.001 0.005 0.023434343434343433 -145925.6745427518 
0.001 0.0075 0.023434343434343433 -145922.94735354144 
0.001 0.01 0.023434343434343433 -145920.42674040943 
0.001 0.0 0.025050505050505045 -145930.10856695753 
0.001 0.0025 0.025050505050505045 -145929.5463142553 
0.001 0.005 0.025050505050505045 -145927.85964290934 
0.001 0.0075 0.025050505050505045 -145925.06952903222 
0.001 0.01 0.025050505050505045 -145922.19038514403 
0.001 0.0 0.026666666666666658 -145932.25926609224 
0.001 0.0025 0.026666666666666658 -145931.6970399239 
0.001 0.005 0.026666666666666658 -145930.01043873758 
0.001 0.0075 0.026666666666666658 -145927.20405688745 
0.001 0.01 0.026666666666666658 -145923.97463138934 
0.001 0.0 0.028282828282828285 -145934.36716973412 
0.001 0.0025 0.028282828282828285 -145933.8049712355 
0.001 0.005 0.028282828282828285 -145932.11845052624 
0.001 0.0075 0.028282828282828285 -145929.3087094596 
0.001 0.01 0.028282828282828285 -145925.78082603106 
0.001 0.0 0.029898989898989897 -145936.42430502194 
0.001 0.0025 0.029898989898989897 -145935.86213529346 
0.001 0.005 0.029898989898989897 -145934.1756997815 
0.001 0.0075 0.029898989898989897 -145931.36539426868 
0.001 0.01 0.029898989898989897 -145927.61695787613 
0.001 0.0 0.03151515151515151 -145938.42313527345 
0.001 0.0025 0.03151515151515151 -145937.8609953847 
0.001 0.005 0.03151515151515151 -145936.17464860086 
0.001 0.0075 0.03151515151515151 -145933.36434830548 
0.001 0.01 0.03151515151515151 -145929.49095010053 
0.001 0.0 0.033131313131313136 -145940.35652241122 
0.001 0.0025 0.033131313131313136 -145939.79441340393 
0.001 0.005 0.033131313131313136 -145938.10815857167 
0.001 0.0075 0.033131313131313136 -145935.29798138482 
0.001 0.01 0.033131313131313136 -145931.37873818033 
0.001 0.0 0.03474747474747475 -145942.2176937709 
0.001 0.0025 0.03474747474747475 -145941.6556166611 
0.001 0.005 0.03474747474747475 -145939.9694568776 
0.001 0.0075 0.03474747474747475 -145937.15943042954 
0.001 0.01 0.03474747474747475 -145933.2289139148 
0.001 0.0 0.03636363636363636 -145944.00021258392 
0.001 0.0025 0.03636363636363636 -145943.43816836362 
0.001 0.005 0.03636363636363636 -145941.7521066409 
0.001 0.0075 0.03636363636363636 -145938.94224050312 
0.001 0.01 0.03636363636363636 -145935.00953036788 
0.001 0.0 0.037979797979797975 -145945.69795158616 
0.001 0.0025 0.037979797979797975 -145945.13594122502 
0.001 0.005 0.037979797979797975 -145943.4499805024 
0.001 0.0075 0.037979797979797975 -145940.6402805553 
0.001 0.01 0.037979797979797975 -145936.70731376423 
0.001 0.0 0.03959595959595959 -145947.30506931624 
0.001 0.0025 0.03959595959595959 -145946.7430937629 
0.001 0.005 0.03959595959595959 -145945.05723691318 
0.001 0.0075 0.03959595959595959 -145942.2477082092 
0.001 0.01 0.03959595959595959 -145938.31488066737 
0.001 0.0 0.041212121212121214 -145948.8159887525 
0.001 0.0025 0.041212121212121214 -145948.25404893595 
0.001 0.005 0.041212121212121214 -145946.56829877023 
0.001 0.0075 0.041212121212121214 -145943.75894610942 
0.001 0.01 0.041212121212121214 -145939.82634213567 
0.001 0.0 0.042828282828282827 -145950.22537799977 
0.001 0.0025 0.042828282828282827 -145949.66347483048 
0.001 0.005 0.042828282828282827 -145947.97783410174 
0.001 0.0075 0.042828282828282827 -145945.16866215217 
0.001 0.01 0.042828282828282827 -145941.23630382575 
0.001 0.0 0.04444444444444444 -145951.52813278456 
0.001 0.0025 0.04444444444444444 -145950.96626715534 
0.001 0.005 0.04444444444444444 -145949.28073856214 
0.001 0.0075 0.04444444444444444 -145946.471751889 
0.001 0.01 0.04444444444444444 -145942.53964879844 
0.001 0.0 0.046060606060606066 -145952.71936055442 
0.001 0.0025 0.046060606060606066 -145952.15753334155 
0.001 0.005 0.046060606060606066 -145950.4721195309 
0.001 0.0075 0.046060606060606066 -145947.663322607 
0.001 0.01 0.046060606060606066 -145943.73148174942 
0.001 0.0 0.047676767676767665 -145953.79436600668 
0.001 0.0025 0.047676767676767665 -145953.23257807066 
0.001 0.005 0.047676767676767665 -145951.5472816408 
0.001 0.0075 0.047676767676767665 -145948.7386788527 
0.001 0.01 0.047676767676767665 -145944.80710660754 
0.001 0.0 0.04929292929292929 -145954.7486378948 
0.001 0.0025 0.04929292929292929 -145954.18689008107 
0.001 0.005 0.04929292929292929 -145952.501713584 
0.001 0.0075 0.04929292929292929 -145949.69330923678 
0.001 0.01 0.04929292929292929 -145945.76201176422 
0.001 0.0 0.05090909090909092 -145955.57783697997 
0.001 0.0025 0.05090909090909092 -145955.01613011962 
0.001 0.005 0.05090909090909092 -145953.33107606324 
0.001 0.0075 0.05090909090909092 -145950.52287438497 
0.001 0.01 0.05090909090909092 -145946.59185771007 
0.001 0.0 0.05252525252525252 -145956.2777850118 
0.001 0.0025 0.05252525252525252 -145955.71611992238 
0.001 0.005 0.05252525252525252 -145954.0311907725 
0.001 0.0075 0.05252525252525252 -145951.2231959178 
0.001 0.01 0.05252525252525252 -145947.2924659523 
0.001 0.0 0.05414141414141414 -145956.8444546354 
0.001 0.0025 0.05414141414141414 -145956.2828321213 
0.001 0.005 0.05414141414141414 -145954.59803030358 
0.001 0.0075 0.05414141414141414 -145951.79024635718 
0.001 0.01 0.05414141414141414 -145947.85980890814 
0.001 0.0 0.05575757575757574 -145957.27396013404 
0.001 0.0025 0.05575757575757574 -145956.7123809869 
0.001 0.005 0.05575757575757574 -145955.02770888852 
0.001 0.0075 0.05575757575757574 -145952.22013986844 
0.001 0.01 0.05575757575757574 -145948.29000064376 
0.001 0.0 0.05737373737373737 -145957.56254892497 
0.001 0.0025 0.05737373737373737 -145957.0010139246 
0.001 0.005 0.05737373737373737 -145955.31647389577 
0.001 0.0075 0.05737373737373737 -145952.509123756 
0.001 0.01 0.05737373737373737 -145948.57928836907 
0.001 0.0 0.058989898989898995 -145957.70659373864 
0.001 0.0025 0.058989898989898995 -145957.1451036531 
0.001 0.005 0.058989898989898995 -145955.4606980085 
0.001 0.0075 0.058989898989898995 -145952.65357064182 
0.001 0.01 0.058989898989898995 -145948.72404461572 
0.001 0.0 0.060606060606060594 -145957.70258541394 
0.001 0.0025 0.060606060606060594 -145957.14114100012 
0.001 0.005 0.060606060606060594 -145955.45687202032 
0.001 0.0075 0.060606060606060594 -145952.64997126054 
0.001 0.01 0.060606060606060594 -145948.7207600318 
0.001 0.0 0.06222222222222222 -145957.54712625346 
0.001 0.0025 0.06222222222222222 -145956.9857282574 
0.001 0.005 0.06222222222222222 -145955.30159819004 
0.001 0.0075 0.06222222222222222 -145952.49492781435 
0.001 0.01 0.06222222222222222 -145948.56603673648 
0.001 0.0 0.06383838383838385 -145957.23692388623 
0.001 0.0025 0.06383838383838385 -145956.67557304364 
0.001 0.005 0.06383838383838385 -145954.99158410457 
0.001 0.0075 0.06383838383838385 -145952.1851478355 
0.001 0.01 0.06383838383838385 -145948.2565821821 
0.001 0.0 0.06545454545454545 -145956.76878559173 
0.001 0.0025 0.06545454545454545 -145956.2074826282 
0.001 0.005 0.06545454545454545 -145954.52363700248 
0.001 0.0075 0.06545454545454545 -145951.71743851004 
0.001 0.01 0.06545454545454545 -145947.78920347776 
0.001 0.0 0.06707070707070707 -145956.1396130428 
0.001 0.0025 0.06707070707070707 -145955.5783586741 
0.001 0.005 0.06707070707070707 -145953.89465851724 
0.001 0.0075 0.06707070707070707 -145951.08870142046 
0.001 0.01 0.06707070707070707 -145947.1608021319 
0.001 0.0 0.0686868686868687 -145955.3463974306 
0.001 0.0025 0.0686868686868687 -145954.78519236314 
0.001 0.005 0.0686868686868687 -145953.1016398019 
0.001 0.0075 0.0686868686868687 -145950.29592767067 
0.001 0.01 0.0686868686868687 -145946.36836917678 
0.001 0.0 0.0703030303030303 -145954.38621493778 
0.001 0.0025 0.0703030303030303 -145953.82505986874 
0.001 0.005 0.0703030303030303 -145952.14165700192 
0.001 0.0075 0.0703030303030303 -145949.3361933584 
0.001 0.01 0.0703030303030303 -145945.4089806412 
0.001 0.0 0.07191919191919192 -145953.25622252875 
0.001 0.0025 0.07191919191919192 -145952.69511814645 
0.001 0.005 0.07191919191919192 -145951.0118670459 
0.001 0.0075 0.07191919191919192 -145948.20665536623 
0.001 0.01 0.07191919191919192 -145944.2797933406 
0.001 0.0 0.07353535353535352 -145951.9536540304 
0.001 0.0025 0.07353535353535352 -145951.39260101455 
0.001 0.005 0.07353535353535352 -145949.70950372587 
0.001 0.0075 0.07353535353535352 -145946.9045474415 
0.001 0.01 0.07353535353535352 -145942.9780409576 
0.001 0.0 0.07515151515151515 -145950.47581647852 
0.001 0.0025 0.07515151515151515 -145949.91481550035 
0.001 0.005 0.07515151515151515 -145948.23187404376 
0.001 0.0075 0.07515151515151515 -145945.42717654264 
0.001 0.01 0.07515151515151515 -145941.50103038788 
0.001 0.0 0.07676767676767678 -145948.82008670687 
0.001 0.0025 0.07676767676767678 -145948.25913842954 
0.001 0.005 0.07676767676767678 -145946.57635480037 
0.001 0.0075 0.07676767676767678 -145943.7719194283 
0.001 0.01 0.07676767676767678 -145939.84613832922 
0.001 0.0 0.07838383838383838 -145946.98390815986 
0.001 0.0025 0.07838383838383838 -145946.4230132385 
0.001 0.005 0.07838383838383838 -145944.74038940814 
0.001 0.0075 0.07838383838383838 -145941.93621947002 
0.001 0.01 0.07838383838383838 -145938.01080809385 
0.001 0.0 0.08 -145944.96478790938 
0.001 0.0025 0.08 -145944.4039469915 
0.001 0.005 0.08 -145942.7214849078 
0.001 0.0075 0.08 -145939.91758366858 
0.001 0.01 0.08 -145935.99254662532 
