0.001 0.015 -0.08 -16213.821611104815 
0.001 0.0175 -0.08 -16213.0121346196 
0.001 0.02 -0.08 -16212.078360351152 
0.001 0.0225 -0.08 -16211.020391580158 
0.001 0.025 -0.08 -16209.842147875428 
0.001 0.015 -0.07838383838383839 -16214.042174395774 
0.001 0.0175 -0.07838383838383839 -16213.232623575193 
0.001 0.02 -0.07838383838383839 -16212.29876467851 
0.001 0.0225 -0.07838383838383839 -16211.24070827741 
0.001 0.025 -0.07838383838383839 -16210.07389234219 
0.001 0.015 -0.07676767676767676 -16214.242116866117 
0.001 0.0175 -0.07676767676767676 -16213.432492776803 
0.001 0.02 -0.07676767676767676 -16212.498550527933 
0.001 0.0225 -0.07676767676767676 -16211.440435409764 
0.001 0.025 -0.07676767676767676 -16210.302772680236 
0.001 0.015 -0.07515151515151515 -16214.42169088219 
0.001 0.0175 -0.07515151515151515 -16213.611994610334 
0.001 0.02 -0.07515151515151515 -16212.67797035601 
0.001 0.0225 -0.07515151515151515 -16211.61993550082 
0.001 0.025 -0.07515151515151515 -16210.531154126504 
0.001 0.015 -0.07353535353535354 -16214.581153819963 
0.001 0.0175 -0.07353535353535354 -16213.77138647239 
0.001 0.02 -0.07353535353535354 -16212.83728181628 
0.001 0.0225 -0.07353535353535354 -16211.780005227321 
0.001 0.025 -0.07353535353535354 -16210.755629912248 
0.001 0.015 -0.07191919191919192 -16214.72076822155 
0.001 0.0175 -0.07191919191919192 -16213.910930927177 
0.001 0.02 -0.07191919191919192 -16212.976748661926 
0.001 0.0225 -0.07191919191919192 -16211.923296376071 
0.001 0.025 -0.07191919191919192 -16210.973230389327 
0.001 0.015 -0.07030303030303031 -16214.84080195909 
0.001 0.0175 -0.07030303030303031 -16214.030895872089 
0.001 0.02 -0.07030303030303031 -16213.096644663345 
0.001 0.0225 -0.07030303030303031 -16212.057413385917 
0.001 0.025 -0.07030303030303031 -16211.182249614822 
0.001 0.015 -0.06868686868686869 -16214.941528406667 
0.001 0.0175 -0.06868686868686869 -16214.13155471757 
0.001 0.02 -0.06868686868686869 -16213.197272636658 
0.001 0.0225 -0.06868686868686869 -16212.191911441687 
0.001 0.025 -0.06868686868686869 -16211.381703777966 
0.001 0.015 -0.06707070707070707 -16215.02322662085 
0.001 0.0175 -0.06707070707070707 -16214.213186607449 
0.001 0.02 -0.06707070707070707 -16213.279058600809 
0.001 0.0225 -0.06707070707070707 -16212.327939982459 
0.001 0.025 -0.06707070707070707 -16211.571021802798 
0.001 0.015 -0.06545454545454546 -16215.086181530763 
0.001 0.0175 -0.06545454545454546 -16214.276076808532 
0.001 0.02 -0.06545454545454546 -16213.343002177933 
0.001 0.0225 -0.06545454545454546 -16212.4617433349 
0.001 0.025 -0.06545454545454546 -16211.749845794662 
0.001 0.015 -0.06383838383838383 -16215.130684138689 
0.001 0.0175 -0.06383838383838383 -16214.32051791519 
0.001 0.02 -0.06383838383838383 -16213.392467976311 
0.001 0.0225 -0.06383838383838383 -16212.590422570729 
0.001 0.025 -0.06383838383838383 -16211.917919099413 
0.001 0.015 -0.06222222222222222 -16215.157031733595 
0.001 0.0175 -0.06222222222222222 -16214.346815113247 
0.001 0.02 -0.06222222222222222 -16213.43637742874 
0.001 0.0225 -0.06222222222222222 -16212.712339188516 
0.001 0.025 -0.06222222222222222 -16212.075226382434 
0.001 0.015 -0.06060606060606061 -16215.165528125523 
0.001 0.0175 -0.06060606060606061 -16214.355311772364 
0.001 0.02 -0.06060606060606061 -16213.484118098713 
0.001 0.0225 -0.06060606060606061 -16212.826565081059 
0.001 0.025 -0.06060606060606061 -16212.221573322971 
0.001 0.015 -0.058989898989898995 -16215.156483936558 
0.001 0.0175 -0.058989898989898995 -16214.34651579112 
0.001 0.02 -0.058989898989898995 -16213.535620427921 
0.001 0.0225 -0.058989898989898995 -16212.93253991577 
0.001 0.025 -0.058989898989898995 -16212.357194901668 
0.001 0.015 -0.057373737373737375 -16215.13021712404 
0.001 0.0175 -0.057373737373737375 -16214.321696460218 
0.001 0.02 -0.057373737373737375 -16213.586860405456 
0.001 0.0225 -0.057373737373737375 -16213.029917079542 
0.001 0.025 -0.057373737373737375 -16212.481884778384 
0.001 0.015 -0.055757575757575756 -16215.087054613703 
0.001 0.0175 -0.055757575757575756 -16214.285128391186 
0.001 0.02 -0.055757575757575756 -16213.63500996412 
0.001 0.0225 -0.055757575757575756 -16213.118552749975 
0.001 0.025 -0.055757575757575756 -16212.596085818077 
0.001 0.015 -0.05414141414141414 -16215.027339452077 
0.001 0.0175 -0.05414141414141414 -16214.24716122842 
0.001 0.02 -0.05414141414141414 -16213.678493093796 
0.001 0.0225 -0.05414141414141414 -16213.19829283768 
0.001 0.025 -0.05414141414141414 -16212.699548767423 
0.001 0.015 -0.05252525252525253 -16214.951465565155 
0.001 0.0175 -0.05252525252525253 -16214.216749463114 
0.001 0.02 -0.05252525252525253 -16213.71641289592 
0.001 0.0225 -0.05252525252525253 -16213.269203576701 
0.001 0.025 -0.05252525252525253 -16212.792858456041 
0.001 0.015 -0.05090909090909091 -16214.860048800623 
0.001 0.0175 -0.05090909090909091 -16214.192632251605 
0.001 0.02 -0.05090909090909091 -16213.748239989702 
0.001 0.0225 -0.05090909090909091 -16213.331276183644 
0.001 0.025 -0.05090909090909091 -16212.875838651458 
0.001 0.015 -0.04929292929292929 -16214.754722434418 
0.001 0.0175 -0.04929292929292929 -16214.170576852219 
0.001 0.02 -0.04929292929292929 -16213.773684023816 
0.001 0.0225 -0.04929292929292929 -16213.38465352087 
0.001 0.025 -0.04929292929292929 -16212.94893709966 
0.001 0.015 -0.04767676767676768 -16214.640929338742 
0.001 0.0175 -0.04767676767676768 -16214.147817194867 
0.001 0.02 -0.04767676767676768 -16213.792577040773 
0.001 0.0225 -0.04767676767676768 -16213.42945515449 
0.001 0.025 -0.04767676767676768 -16213.012433340295 
0.001 0.015 -0.046060606060606066 -16214.530553678047 
0.001 0.0175 -0.046060606060606066 -16214.122828369764 
0.001 0.02 -0.046060606060606066 -16213.80485332869 
0.001 0.0225 -0.046060606060606066 -16213.46588607711 
0.001 0.025 -0.046060606060606066 -16213.066209196024 
0.001 0.015 -0.044444444444444446 -16214.431855449266 
0.001 0.0175 -0.044444444444444446 -16214.094750584758 
0.001 0.02 -0.044444444444444446 -16213.810596028738 
0.001 0.0225 -0.044444444444444446 -16213.494105625994 
0.001 0.025 -0.044444444444444446 -16213.111244442942 
0.001 0.015 -0.042828282828282827 -16214.342426129864 
0.001 0.0175 -0.042828282828282827 -16214.063092820545 
0.001 0.02 -0.042828282828282827 -16213.809808790995 
0.001 0.0225 -0.042828282828282827 -16213.514471791137 
0.001 0.025 -0.042828282828282827 -16213.14702523735 
0.001 0.015 -0.041212121212121214 -16214.257859605264 
0.001 0.0175 -0.041212121212121214 -16214.02758993313 
0.001 0.02 -0.041212121212121214 -16213.802745973502 
0.001 0.0225 -0.041212121212121214 -16213.527032142234 
0.001 0.025 -0.041212121212121214 -16213.174477667264 
0.001 0.015 -0.0395959595959596 -16214.175437909993 
0.001 0.0175 -0.0395959595959596 -16213.988113365345 
0.001 0.02 -0.0395959595959596 -16213.789487700948 
0.001 0.0225 -0.0395959595959596 -16213.532434221628 
0.001 0.025 -0.0395959595959596 -16213.193876101159 
0.001 0.015 -0.03797979797979798 -16214.09368036269 
0.001 0.0175 -0.03797979797979798 -16213.944659330538 
0.001 0.02 -0.03797979797979798 -16213.770369300073 
0.001 0.0225 -0.03797979797979798 -16213.530501507023 
0.001 0.025 -0.03797979797979798 -16213.204982501036 
0.001 0.015 -0.03636363636363636 -16214.011765006671 
0.001 0.0175 -0.03636363636363636 -16213.897326037828 
0.001 0.02 -0.03636363636363636 -16213.745560254478 
0.001 0.0225 -0.03636363636363636 -16213.522165413695 
0.001 0.025 -0.03636363636363636 -16213.20918303969 
0.001 0.015 -0.03474747474747475 -16213.929239115243 
0.001 0.0175 -0.03474747474747475 -16213.846214841982 
0.001 0.02 -0.03474747474747475 -16213.715458860144 
0.001 0.0225 -0.03474747474747475 -16213.507200302316 
0.001 0.025 -0.03474747474747475 -16213.206021745566 
0.001 0.015 -0.033131313131313136 -16213.84588096143 
0.001 0.0175 -0.033131313131313136 -16213.791579632141 
0.001 0.02 -0.033131313131313136 -16213.680281607267 
0.001 0.0225 -0.033131313131313136 -16213.486427670123 
0.001 0.025 -0.033131313131313136 -16213.196024380733 
0.001 0.015 -0.03151515151515152 -16213.761623522469 
0.001 0.0175 -0.03151515151515152 -16213.733650274675 
0.001 0.02 -0.03151515151515152 -16213.640539660155 
0.001 0.0225 -0.03151515151515152 -16213.460131696933 
0.001 0.025 -0.03151515151515152 -16213.180401703372 
0.001 0.015 -0.029898989898989897 -16213.676515639083 
0.001 0.0175 -0.029898989898989897 -16213.672710030374 
0.001 0.02 -0.029898989898989897 -16213.59641491091 
0.001 0.0225 -0.029898989898989897 -16213.42845660955 
0.001 0.025 -0.029898989898989897 -16213.158438609762 
0.001 0.015 -0.028282828282828285 -16213.590713884836 
0.001 0.0175 -0.028282828282828285 -16213.609171286931 
0.001 0.02 -0.028282828282828285 -16213.548611665974 
0.001 0.0225 -0.028282828282828285 -16213.392523460283 
0.001 0.025 -0.028282828282828285 -16213.13130615522 
0.001 0.015 -0.026666666666666672 -16213.504441508032 
0.001 0.0175 -0.026666666666666672 -16213.543299324247 
0.001 0.02 -0.026666666666666672 -16213.49720433027 
0.001 0.0225 -0.026666666666666672 -16213.351976531481 
0.001 0.025 -0.026666666666666672 -16213.099868209098 
0.001 0.015 -0.025050505050505052 -16213.417969249676 
0.001 0.0175 -0.025050505050505052 -16213.475675624388 
0.001 0.02 -0.025050505050505052 -16213.443127621791 
0.001 0.0225 -0.025050505050505052 -16213.307997421009 
0.001 0.025 -0.025050505050505052 -16213.063461613387 
0.001 0.015 -0.023434343434343433 -16213.33167921928 
0.001 0.0175 -0.023434343434343433 -16213.406567697439 
0.001 0.02 -0.023434343434343433 -16213.386379407193 
0.001 0.0225 -0.023434343434343433 -16213.260929389387 
0.001 0.025 -0.023434343434343433 -16213.023671535997 
0.001 0.015 -0.02181818181818182 -16213.24596402683 
0.001 0.0175 -0.02181818181818182 -16213.336694601707 
0.001 0.02 -0.02181818181818182 -16213.328010454406 
0.001 0.0225 -0.02181818181818182 -16213.210901421386 
0.001 0.025 -0.02181818181818182 -16212.981111326535 
0.001 0.015 -0.020202020202020207 -16213.161265293846 
0.001 0.0175 -0.020202020202020207 -16213.266352812114 
0.001 0.02 -0.020202020202020207 -16213.268168587214 
0.001 0.0225 -0.020202020202020207 -16213.159405566332 
0.001 0.025 -0.020202020202020207 -16212.935265139447 
0.001 0.015 -0.018585858585858588 -16213.078154952085 
0.001 0.0175 -0.018585858585858588 -16213.196387544072 
0.001 0.02 -0.018585858585858588 -16213.20772399277 
0.001 0.0225 -0.018585858585858588 -16213.106161895847 
0.001 0.025 -0.018585858585858588 -16212.887980585543 
0.001 0.015 -0.016969696969696968 -16212.997128662397 
0.001 0.0175 -0.016969696969696968 -16213.127140150928 
0.001 0.02 -0.016969696969696968 -16213.147321332637 
0.001 0.0225 -0.016969696969696968 -16213.052253926378 
0.001 0.025 -0.016969696969696968 -16212.83979630752 
0.001 0.015 -0.015353535353535355 -16212.918879106532 
0.001 0.0175 -0.015353535353535355 -16213.05959023473 
0.001 0.02 -0.015353535353535355 -16213.087385576679 
0.001 0.0225 -0.015353535353535355 -16212.998746029549 
0.001 0.025 -0.015353535353535355 -16212.79033662523 
0.001 0.015 -0.013737373737373743 -16212.844058799183 
0.001 0.0175 -0.013737373737373743 -16212.994141052714 
0.001 0.02 -0.013737373737373743 -16213.029191938329 
0.001 0.0225 -0.013737373737373743 -16212.945454042134 
0.001 0.025 -0.013737373737373743 -16212.741644070647 
0.001 0.015 -0.01212121212121213 -16212.773408124305 
0.001 0.0175 -0.01212121212121213 -16212.931919475775 
0.001 0.02 -0.01212121212121213 -16212.972872379816 
0.001 0.0225 -0.01212121212121213 -16212.894172389219 
0.001 0.025 -0.01212121212121213 -16212.694374946414 
0.001 0.015 -0.010505050505050503 -16212.707810060852 
0.001 0.0175 -0.010505050505050503 -16212.87342825682 
0.001 0.02 -0.010505050505050503 -16212.919949134852 
0.001 0.0225 -0.010505050505050503 -16212.845389897157 
0.001 0.025 -0.010505050505050503 -16212.648278763327 
0.001 0.015 -0.00888888888888889 -16212.648067552565 
0.001 0.0175 -0.00888888888888889 -16212.819947060316 
0.001 0.02 -0.00888888888888889 -16212.870915964113 
0.001 0.0225 -0.00888888888888889 -16212.79957939209 
0.001 0.025 -0.00888888888888889 -16212.605578257357 
0.001 0.015 -0.007272727272727278 -16212.595310326169 
0.001 0.0175 -0.007272727272727278 -16212.772161464674 
0.001 0.02 -0.007272727272727278 -16212.82690923202 
0.001 0.0225 -0.007272727272727278 -16212.758840794459 
0.001 0.025 -0.007272727272727278 -16212.56728756722 
0.001 0.015 -0.005656565656565651 -16212.550525144594 
0.001 0.0175 -0.005656565656565651 -16212.731531255926 
0.001 0.02 -0.005656565656565651 -16212.789397890045 
0.001 0.0225 -0.005656565656565651 -16212.72345340368 
0.001 0.025 -0.005656565656565651 -16212.533380603812 
0.001 0.015 -0.004040404040404039 -16212.515165659283 
0.001 0.0175 -0.004040404040404039 -16212.699135023016 
0.001 0.02 -0.004040404040404039 -16212.75911691069 
0.001 0.0225 -0.004040404040404039 -16212.694880909936 
0.001 0.025 -0.004040404040404039 -16212.506332200584 
0.001 0.015 -0.002424242424242426 -16212.490612569722 
0.001 0.0175 -0.002424242424242426 -16212.676673045453 
0.001 0.02 -0.002424242424242426 -16212.738300417288 
0.001 0.0225 -0.002424242424242426 -16212.675372671967 
0.001 0.025 -0.002424242424242426 -16212.487840588768 
0.001 0.015 -0.0008080808080808133 -16212.478232990245 
0.001 0.0175 -0.0008080808080808133 -16212.665305585093 
0.001 0.02 -0.0008080808080808133 -16212.727635817335 
0.001 0.0225 -0.0008080808080808133 -16212.665187712495 
0.001 0.025 -0.0008080808080808133 -16212.477976579314 
0.001 0.015 0.0008080808080807994 -16212.478232990245 
0.001 0.0175 0.0008080808080807994 -16212.665305585093 
0.001 0.02 0.0008080808080807994 -16212.727635817335 
0.001 0.0225 0.0008080808080807994 -16212.665187712495 
0.001 0.025 0.0008080808080807994 -16212.477976579314 
0.001 0.015 0.002424242424242426 -16212.490612569722 
0.001 0.0175 0.002424242424242426 -16212.676673045453 
0.001 0.02 0.002424242424242426 -16212.738300417288 
0.001 0.0225 0.002424242424242426 -16212.675372671967 
0.001 0.025 0.002424242424242426 -16212.487840588768 
0.001 0.015 0.004040404040404039 -16212.515165659283 
0.001 0.0175 0.004040404040404039 -16212.699135023016 
0.001 0.02 0.004040404040404039 -16212.75911691069 
0.001 0.0225 0.004040404040404039 -16212.694880909936 
0.001 0.025 0.004040404040404039 -16212.506332200584 
0.001 0.015 0.005656565656565651 -16212.550525144594 
0.001 0.0175 0.005656565656565651 -16212.731531255926 
0.001 0.02 0.005656565656565651 -16212.789397890045 
0.001 0.0225 0.005656565656565651 -16212.72345340368 
0.001 0.025 0.005656565656565651 -16212.533380603812 
0.001 0.015 0.007272727272727278 -16212.595310326169 
0.001 0.0175 0.007272727272727278 -16212.772161464674 
0.001 0.02 0.007272727272727278 -16212.82690923202 
0.001 0.0225 0.007272727272727278 -16212.758840794459 
0.001 0.025 0.007272727272727278 -16212.56728756722 
0.001 0.015 0.00888888888888889 -16212.648067552565 
0.001 0.0175 0.00888888888888889 -16212.819947060316 
0.001 0.02 0.00888888888888889 -16212.870915964113 
0.001 0.0225 0.00888888888888889 -16212.79957939209 
0.001 0.025 0.00888888888888889 -16212.605578257357 
0.001 0.015 0.010505050505050503 -16212.707810060852 
0.001 0.0175 0.010505050505050503 -16212.87342825682 
0.001 0.02 0.010505050505050503 -16212.919949134852 
0.001 0.0225 0.010505050505050503 -16212.845389897157 
0.001 0.025 0.010505050505050503 -16212.648278763327 
0.001 0.015 0.012121212121212116 -16212.773408124305 
0.001 0.0175 0.012121212121212116 -16212.931919475775 
0.001 0.02 0.012121212121212116 -16212.972872379816 
0.001 0.0225 0.012121212121212116 -16212.894172389219 
0.001 0.025 0.012121212121212116 -16212.694374946414 
0.001 0.015 0.013737373737373729 -16212.844058799183 
0.001 0.0175 0.013737373737373729 -16212.994141052714 
0.001 0.02 0.013737373737373729 -16213.029191938329 
0.001 0.0225 0.013737373737373729 -16212.945454042134 
0.001 0.025 0.013737373737373729 -16212.741644070647 
0.001 0.015 0.015353535353535355 -16212.918879106532 
0.001 0.0175 0.015353535353535355 -16213.05959023473 
0.001 0.02 0.015353535353535355 -16213.087385576679 
0.001 0.0225 0.015353535353535355 -16212.998746029549 
0.001 0.025 0.015353535353535355 -16212.79033662523 
0.001 0.015 0.016969696969696968 -16212.997128662397 
0.001 0.0175 0.016969696969696968 -16213.127140150928 
0.001 0.02 0.016969696969696968 -16213.147321332637 
0.001 0.0225 0.016969696969696968 -16213.052253926378 
0.001 0.025 0.016969696969696968 -16212.83979630752 
0.001 0.015 0.01858585858585858 -16213.078154952085 
0.001 0.0175 0.01858585858585858 -16213.196387544072 
0.001 0.02 0.01858585858585858 -16213.20772399277 
0.001 0.0225 0.01858585858585858 -16213.106161895847 
0.001 0.025 0.01858585858585858 -16212.887980585543 
0.001 0.015 0.020202020202020207 -16213.161265293846 
0.001 0.0175 0.020202020202020207 -16213.266352812114 
0.001 0.02 0.020202020202020207 -16213.268168587214 
0.001 0.0225 0.020202020202020207 -16213.159405566332 
0.001 0.025 0.020202020202020207 -16212.935265139447 
0.001 0.015 0.02181818181818182 -16213.24596402683 
0.001 0.0175 0.02181818181818182 -16213.336694601707 
0.001 0.02 0.02181818181818182 -16213.328010454406 
0.001 0.0225 0.02181818181818182 -16213.210901421386 
0.001 0.025 0.02181818181818182 -16212.981111326535 
0.001 0.015 0.023434343434343433 -16213.33167921928 
0.001 0.0175 0.023434343434343433 -16213.406567697439 
0.001 0.02 0.023434343434343433 -16213.386379407193 
0.001 0.0225 0.023434343434343433 -16213.260929389387 
0.001 0.025 0.023434343434343433 -16213.023671535997 
0.001 0.015 0.025050505050505045 -16213.417969249676 
0.001 0.0175 0.025050505050505045 -16213.475675624388 
0.001 0.02 0.025050505050505045 -16213.443127621791 
0.001 0.0225 0.025050505050505045 -16213.307997421009 
0.001 0.025 0.025050505050505045 -16213.063461613387 
0.001 0.015 0.026666666666666658 -16213.504441508032 
0.001 0.0175 0.026666666666666658 -16213.543299324247 
0.001 0.02 0.026666666666666658 -16213.49720433027 
0.001 0.0225 0.026666666666666658 -16213.351976531481 
0.001 0.025 0.026666666666666658 -16213.099868209098 
0.001 0.015 0.028282828282828285 -16213.590713884836 
0.001 0.0175 0.028282828282828285 -16213.609171286931 
0.001 0.02 0.028282828282828285 -16213.548611665974 
0.001 0.0225 0.028282828282828285 -16213.392523460283 
0.001 0.025 0.028282828282828285 -16213.13130615522 
0.001 0.015 0.029898989898989897 -16213.676515639083 
0.001 0.0175 0.029898989898989897 -16213.672710030374 
0.001 0.02 0.029898989898989897 -16213.59641491091 
0.001 0.0225 0.029898989898989897 -16213.42845660955 
0.001 0.025 0.029898989898989897 -16213.158438609762 
0.001 0.015 0.03151515151515151 -16213.761623522469 
0.001 0.0175 0.03151515151515151 -16213.733650274675 
0.001 0.02 0.03151515151515151 -16213.640539660155 
0.001 0.0225 0.03151515151515151 -16213.460131696933 
0.001 0.025 0.03151515151515151 -16213.180401703372 
0.001 0.015 0.033131313131313136 -16213.84588096143 
0.001 0.0175 0.033131313131313136 -16213.791579632141 
0.001 0.02 0.033131313131313136 -16213.680281607267 
0.001 0.0225 0.033131313131313136 -16213.486427670123 
0.001 0.025 0.033131313131313136 -16213.196024380733 
0.001 0.015 0.03474747474747475 -16213.929239115243 
0.001 0.0175 0.03474747474747475 -16213.846214841982 
0.001 0.02 0.03474747474747475 -16213.715458860144 
0.001 0.0225 0.03474747474747475 -16213.507200302316 
0.001 0.025 0.03474747474747475 -16213.206021745566 
0.001 0.015 0.03636363636363636 -16214.011765006671 
0.001 0.0175 0.03636363636363636 -16213.897326037828 
0.001 0.02 0.03636363636363636 -16213.745560254478 
0.001 0.0225 0.03636363636363636 -16213.522165413695 
0.001 0.025 0.03636363636363636 -16213.20918303969 
0.001 0.015 0.037979797979797975 -16214.09368036269 
0.001 0.0175 0.037979797979797975 -16213.944659330538 
0.001 0.02 0.037979797979797975 -16213.770369300073 
0.001 0.0225 0.037979797979797975 -16213.530501507023 
0.001 0.025 0.037979797979797975 -16213.204982501036 
0.001 0.015 0.03959595959595959 -16214.175437909993 
0.001 0.0175 0.03959595959595959 -16213.988113365345 
0.001 0.02 0.03959595959595959 -16213.789487700948 
0.001 0.0225 0.03959595959595959 -16213.532434221628 
0.001 0.025 0.03959595959595959 -16213.193876101159 
0.001 0.015 0.041212121212121214 -16214.257859605264 
0.001 0.0175 0.041212121212121214 -16214.02758993313 
0.001 0.02 0.041212121212121214 -16213.802745973502 
0.001 0.0225 0.041212121212121214 -16213.527032142234 
0.001 0.025 0.041212121212121214 -16213.174477667264 
0.001 0.015 0.042828282828282827 -16214.342426129864 
0.001 0.0175 0.042828282828282827 -16214.063092820545 
0.001 0.02 0.042828282828282827 -16213.809808790995 
0.001 0.0225 0.042828282828282827 -16213.514471791137 
0.001 0.025 0.042828282828282827 -16213.14702523735 
0.001 0.015 0.04444444444444444 -16214.431855449266 
0.001 0.0175 0.04444444444444444 -16214.094750584758 
0.001 0.02 0.04444444444444444 -16213.810596028738 
0.001 0.0225 0.04444444444444444 -16213.494105625994 
0.001 0.025 0.04444444444444444 -16213.111244442942 
0.001 0.015 0.046060606060606066 -16214.530553678047 
0.001 0.0175 0.046060606060606066 -16214.122828369764 
0.001 0.02 0.046060606060606066 -16213.80485332869 
0.001 0.0225 0.046060606060606066 -16213.46588607711 
0.001 0.025 0.046060606060606066 -16213.066209196024 
0.001 0.015 0.047676767676767665 -16214.640929338742 
0.001 0.0175 0.047676767676767665 -16214.147817194867 
0.001 0.02 0.047676767676767665 -16213.792577040773 
0.001 0.0225 0.047676767676767665 -16213.42945515449 
0.001 0.025 0.047676767676767665 -16213.012433340295 
0.001 0.015 0.04929292929292929 -16214.754722434418 
0.001 0.0175 0.04929292929292929 -16214.170576852219 
0.001 0.02 0.04929292929292929 -16213.773684023816 
0.001 0.0225 0.04929292929292929 -16213.38465352087 
0.001 0.025 0.04929292929292929 -16212.94893709966 
0.001 0.015 0.05090909090909092 -16214.860048800623 
0.001 0.0175 0.05090909090909092 -16214.192632251605 
0.001 0.02 0.05090909090909092 -16213.748239989702 
0.001 0.0225 0.05090909090909092 -16213.331276183644 
0.001 0.025 0.05090909090909092 -16212.875838651458 
0.001 0.015 0.05252525252525252 -16214.951465565155 
0.001 0.0175 0.05252525252525252 -16214.216749463114 
0.001 0.02 0.05252525252525252 -16213.71641289592 
0.001 0.0225 0.05252525252525252 -16213.269203576701 
0.001 0.025 0.05252525252525252 -16212.792858456041 
0.001 0.015 0.05414141414141414 -16215.027339452077 
0.001 0.0175 0.05414141414141414 -16214.24716122842 
0.001 0.02 0.05414141414141414 -16213.678493093796 
0.001 0.0225 0.05414141414141414 -16213.19829283768 
0.001 0.025 0.05414141414141414 -16212.699548767423 
0.001 0.015 0.05575757575757574 -16215.087054613703 
0.001 0.0175 0.05575757575757574 -16214.285128391186 
0.001 0.02 0.05575757575757574 -16213.63500996412 
0.001 0.0225 0.05575757575757574 -16213.118552749975 
0.001 0.025 0.05575757575757574 -16212.596085818077 
0.001 0.015 0.05737373737373737 -16215.13021712404 
0.001 0.0175 0.05737373737373737 -16214.321696460218 
0.001 0.02 0.05737373737373737 -16213.586860405456 
0.001 0.0225 0.05737373737373737 -16213.029917079542 
0.001 0.025 0.05737373737373737 -16212.481884778384 
0.001 0.015 0.058989898989898995 -16215.156483936558 
0.001 0.0175 0.058989898989898995 -16214.34651579112 
0.001 0.02 0.058989898989898995 -16213.535620427921 
0.001 0.0225 0.058989898989898995 -16212.93253991577 
0.001 0.025 0.058989898989898995 -16212.357194901668 
0.001 0.015 0.060606060606060594 -16215.165528125523 
0.001 0.0175 0.060606060606060594 -16214.355311772364 
0.001 0.02 0.060606060606060594 -16213.484118098713 
0.001 0.0225 0.060606060606060594 -16212.826565081059 
0.001 0.025 0.060606060606060594 -16212.221573322971 
0.001 0.015 0.06222222222222222 -16215.157031733595 
0.001 0.0175 0.06222222222222222 -16214.346815113247 
0.001 0.02 0.06222222222222222 -16213.43637742874 
0.001 0.0225 0.06222222222222222 -16212.712339188516 
0.001 0.025 0.06222222222222222 -16212.075226382434 
0.001 0.015 0.06383838383838385 -16215.130684138689 
0.001 0.0175 0.06383838383838385 -16214.32051791519 
0.001 0.02 0.06383838383838385 -16213.392467976311 
0.001 0.0225 0.06383838383838385 -16212.590422570729 
0.001 0.025 0.06383838383838385 -16211.917919099413 
0.001 0.015 0.06545454545454545 -16215.086181530763 
0.001 0.0175 0.06545454545454545 -16214.276076808532 
0.001 0.02 0.06545454545454545 -16213.343002177933 
0.001 0.0225 0.06545454545454545 -16212.4617433349 
0.001 0.025 0.06545454545454545 -16211.749845794662 
0.001 0.015 0.06707070707070707 -16215.02322662085 
0.001 0.0175 0.06707070707070707 -16214.213186607449 
0.001 0.02 0.06707070707070707 -16213.279058600809 
0.001 0.0225 0.06707070707070707 -16212.327939982459 
0.001 0.025 0.06707070707070707 -16211.571021802798 
0.001 0.015 0.0686868686868687 -16214.941528406667 
0.001 0.0175 0.0686868686868687 -16214.13155471757 
0.001 0.02 0.0686868686868687 -16213.197272636658 
0.001 0.0225 0.0686868686868687 -16212.191911441687 
0.001 0.025 0.0686868686868687 -16211.381703777966 
0.001 0.015 0.0703030303030303 -16214.84080195909 
0.001 0.0175 0.0703030303030303 -16214.030895872089 
0.001 0.02 0.0703030303030303 -16213.096644663345 
0.001 0.0225 0.0703030303030303 -16212.057413385917 
0.001 0.025 0.0703030303030303 -16211.182249614822 
0.001 0.015 0.07191919191919192 -16214.72076822155 
0.001 0.0175 0.07191919191919192 -16213.910930927177 
0.001 0.02 0.07191919191919192 -16212.976748661926 
0.001 0.0225 0.07191919191919192 -16211.923296376071 
0.001 0.025 0.07191919191919192 -16210.973230389327 
0.001 0.015 0.07353535353535352 -16214.581153819963 
0.001 0.0175 0.07353535353535352 -16213.77138647239 
0.001 0.02 0.07353535353535352 -16212.83728181628 
0.001 0.0225 0.07353535353535352 -16211.780005227321 
0.001 0.025 0.07353535353535352 -16210.755629912248 
0.001 0.015 0.07515151515151515 -16214.42169088219 
0.001 0.0175 0.07515151515151515 -16213.611994610334 
0.001 0.02 0.07515151515151515 -16212.67797035601 
0.001 0.0225 0.07515151515151515 -16211.61993550082 
0.001 0.025 0.07515151515151515 -16210.531154126504 
0.001 0.015 0.07676767676767678 -16214.242116866117 
0.001 0.0175 0.07676767676767678 -16213.432492776803 
0.001 0.02 0.07676767676767678 -16212.498550527933 
0.001 0.0225 0.07676767676767678 -16211.440435409764 
0.001 0.025 0.07676767676767678 -16210.302772680236 
0.001 0.015 0.07838383838383838 -16214.042174395774 
0.001 0.0175 0.07838383838383838 -16213.232623575193 
0.001 0.02 0.07838383838383838 -16212.29876467851 
0.001 0.0225 0.07838383838383838 -16211.24070827741 
0.001 0.025 0.07838383838383838 -16210.07389234219 
0.001 0.015 0.08 -16213.821611104815 
0.001 0.0175 0.08 -16213.0121346196 
0.001 0.02 0.08 -16212.078360351152 
0.001 0.0225 0.08 -16211.020391580158 
0.001 0.025 0.08 -16209.842147875428 
