0.001 0.0 -0.08 -1621610.7200335213 
0.001 0.0025 -0.08 -1621604.4884677604 
0.001 0.005 -0.08 -1621585.79444458 
0.001 0.0075 -0.08 -1621554.6399863234 
0.001 0.01 -0.08 -1621511.028463555 
0.001 0.0 -0.07838383838383839 -1621633.1547488717 
0.001 0.0025 -0.07838383838383839 -1621626.922583068 
0.001 0.005 -0.07838383838383839 -1621608.2267626997 
0.001 0.0075 -0.07838383838383839 -1621577.0693188864 
0.001 0.01 -0.07838383838383839 -1621533.453636847 
0.001 0.0 -0.07676767676767676 -1621653.5567911724 
0.001 0.0025 -0.07676767676767676 -1621647.324032523 
0.001 0.005 -0.07676767676767676 -1621628.626436603 
0.001 0.0075 -0.07676767676767676 -1621597.4660435112 
0.001 0.01 -0.07676767676767676 -1621553.8462534188 
0.001 0.0 -0.07515151515151515 -1621671.9538630524 
0.001 0.0025 -0.07515151515151515 -1621665.7205188342 
0.001 0.005 -0.07515151515151515 -1621647.0211692664 
0.001 0.0075 -0.07515151515151515 -1621615.8578636115 
0.001 0.01 -0.07515151515151515 -1621572.2340173186 
0.001 0.0 -0.07353535353535354 -1621688.374375046 
0.001 0.0025 -0.07353535353535354 -1621682.1404526266 
0.001 0.005 -0.07353535353535354 -1621663.4393715786 
0.001 0.0075 -0.07353535353535354 -1621632.2731905333 
0.001 0.01 -0.07353535353535354 -1621588.6453405519 
0.001 0.0 -0.07191919191919192 -1621702.8474789953 
0.001 0.0025 -0.07191919191919192 -1621696.6129858347 
0.001 0.005 -0.07191919191919192 -1621677.9101957493 
0.001 0.0075 -0.07191919191919192 -1621646.7411769505 
0.001 0.01 -0.07191919191919192 -1621603.109376466 
0.001 0.0 -0.07030303030303031 -1621715.403103797 
0.001 0.0025 -0.07030303030303031 -1621709.168047442 
0.001 0.005 -0.07030303030303031 -1621690.4635710455 
0.001 0.0075 -0.07030303030303031 -1621659.2917526145 
0.001 0.01 -0.07030303030303031 -1621615.6560555059 
0.001 0.0 -0.06868686868686869 -1621726.0719936949 
0.001 0.0025 -0.06868686868686869 -1621719.8363817947 
0.001 0.005 -0.06868686868686869 -1621701.1302421028 
0.001 0.0075 -0.06868686868686869 -1621669.9556626547 
0.001 0.01 -0.06868686868686869 -1621626.3161235196 
0.001 0.0 -0.06707070707070707 -1621734.8857494246 
0.001 0.0025 -0.06707070707070707 -1621728.6495897223 
0.001 0.005 -0.06707070707070707 -1621709.9418100491 
0.001 0.0075 -0.06707070707070707 -1621678.764508709 
0.001 0.01 -0.06707070707070707 -1621635.1211828857 
0.001 0.0 -0.06545454545454546 -1621741.8768724075 
0.001 0.0025 -0.06545454545454546 -1621735.6401727514 
0.001 0.005 -0.06545454545454546 -1621716.9307767206 
0.001 0.0075 -0.06545454545454546 -1621685.7507931401 
0.001 0.01 -0.06545454545454546 -1621642.1037367322 
0.001 0.0 -0.06383838383838383 -1621747.0788123936 
0.001 0.0025 -0.06383838383838383 -1621740.8415807327 
0.001 0.005 -0.06383838383838383 -1621722.1305922824 
0.001 0.0075 -0.06383838383838383 -1621690.9479666587 
0.001 0.01 -0.06383838383838383 -1621647.2972365583 
0.001 0.0 -0.06222222222222222 -1621750.5260188202 
0.001 0.0025 -0.06222222222222222 -1621744.2882632131 
0.001 0.005 -0.06222222222222222 -1621725.575706615 
0.001 0.0075 -0.06222222222222222 -1621694.3904797025 
0.001 0.01 -0.06222222222222222 -1621650.7361336183 
0.001 0.0 -0.06060606060606061 -1621752.2539963697 
0.001 0.0025 -0.06060606060606061 -1621746.0157249859 
0.001 0.005 -0.06060606060606061 -1621727.3016248436 
0.001 0.0075 -0.06060606060606061 -1621696.113837981 
0.001 0.01 -0.06060606060606061 -1621652.4559344696 
0.001 0.0 -0.058989898989898995 -1621752.299365115 
0.001 0.0025 -0.058989898989898995 -1621746.0605862392 
0.001 0.005 -0.058989898989898995 -1621727.3449675099 
0.001 0.0075 -0.058989898989898995 -1621696.1546626326 
0.001 0.01 -0.058989898989898995 -1621652.49326113 
0.001 0.0 -0.057373737373737375 -1621750.699925811 
0.001 0.0025 -0.057373737373737375 -1621744.4606478452 
0.001 0.005 -0.057373737373737375 -1621725.743535847 
0.001 0.0075 -0.057373737373737375 -1621694.5507555152 
0.001 0.01 -0.057373737373737375 -1621650.8859163648 
0.001 0.0 -0.055757575757575756 -1621747.494730906 
0.001 0.0025 -0.055757575757575756 -1621741.254962377 
0.001 0.005 -0.055757575757575756 -1621722.536382802 
0.001 0.0075 -0.055757575757575756 -1621691.3411702204 
0.001 0.01 -0.055757575757575756 -1621647.672954714 
0.001 0.0 -0.05414141414141414 -1621742.7241619579 
0.001 0.0025 -0.05414141414141414 -1621736.483911518 
0.001 0.005 -0.05414141414141414 -1621717.7638904452 
0.001 0.0075 -0.05414141414141414 -1621686.566289487 
0.001 0.01 -0.05414141414141414 -1621642.8947599 
0.001 0.0 -0.05252525252525253 -1621736.4300142322 
0.001 0.0025 -0.05252525252525253 -1621730.1892906667 
0.001 0.005 -0.05252525252525253 -1621711.4678545818 
0.001 0.0075 -0.05252525252525253 -1621680.2679098144 
0.001 0.01 -0.05252525252525253 -1621636.5931294481 
0.001 0.0 -0.05090909090909091 -1621728.6555894 
0.001 0.0025 -0.05090909090909091 -1621722.4144016309 
0.001 0.005 -0.05090909090909091 -1621703.6915774331 
0.001 0.0075 -0.05090909090909091 -1621672.4893341523 
0.001 0.01 -0.05090909090909091 -1621628.811367379 
0.001 0.0 -0.04929292929292929 -1621719.4457973666 
0.001 0.0025 -0.04929292929292929 -1621713.2041544558 
0.001 0.005 -0.04929292929292929 -1621694.4799694836 
0.001 0.0075 -0.04929292929292929 -1621663.275473735 
0.001 0.01 -0.04929292929292929 -1621619.5943860481 
0.001 0.0 -0.04767676767676768 -1621708.8472684678 
0.001 0.0025 -0.04767676767676768 -1621702.6051796267 
0.001 0.005 -0.04767676767676768 -1621683.8796616674 
0.001 0.0075 -0.04767676767676768 -1621652.6729602886 
0.001 0.01 -0.04767676767676768 -1621608.9888183705 
0.001 0.0 -0.046060606060606066 -1621696.908477465 
0.001 0.0025 -0.046060606060606066 -1621690.665952059 
0.001 0.005 -0.046060606060606066 -1621671.9391293742 
0.001 0.0075 -0.046060606060606066 -1621640.7302700211 
0.001 0.01 -0.046060606060606066 -1621597.0431418682 
0.001 0.0 -0.044444444444444446 -1621683.6798810295 
0.001 0.0025 -0.044444444444444446 -1621677.4369285835 
0.001 0.005 -0.044444444444444446 -1621658.7088299287 
0.001 0.0075 -0.044444444444444446 -1621627.4978611197 
0.001 0.01 -0.044444444444444446 -1621583.8078164556 
0.001 0.0 -0.042828282828282827 -1621669.214070713 
0.001 0.0025 -0.042828282828282827 -1621662.9707009203 
0.001 0.005 -0.042828282828282827 -1621644.2413555651 
0.001 0.0075 -0.042828282828282827 -1621613.0283267235 
0.001 0.01 -0.042828282828282827 -1621569.3354387959 
0.001 0.0 -0.041212121212121214 -1621653.5659437974 
0.001 0.0025 -0.041212121212121214 -1621647.322166525 
0.001 0.005 -0.041212121212121214 -1621628.5916042791 
0.001 0.0075 -0.041212121212121214 -1621597.3765657826 
0.001 0.01 -0.041212121212121214 -1621553.6809199934 
0.001 0.0 -0.0395959595959596 -1621636.7928948542 
0.001 0.0025 -0.0395959595959596 -1621630.548720154 
0.001 0.005 -0.0395959595959596 -1621611.8169713933 
0.001 0.0075 -0.0395959595959596 -1621580.5999746416 
0.001 0.01 -0.0395959595959596 -1621536.9017109447 
0.001 0.0 -0.03797979797979798 -1621618.9550314886 
0.001 0.0025 -0.03797979797979798 -1621612.710469605 
0.001 0.005 -0.03797979797979798 -1621593.9775653037 
0.001 0.0075 -0.03797979797979798 -1621562.7586628718 
0.001 0.01 -0.03797979797979798 -1621519.0581849471 
0.001 0.0 -0.03636363636363636 -1621600.115418433 
0.001 0.0025 -0.03636363636363636 -1621593.8704798126 
0.001 0.005 -0.03636363636363636 -1621575.1364515705 
0.001 0.0075 -0.03636363636363636 -1621543.9156977348 
0.001 0.01 -0.03636363636363636 -1621500.2147032334 
0.001 0.0 -0.03474747474747475 -1621580.340355096 
0.001 0.0025 -0.03474747474747475 -1621574.0950503969 
0.001 0.005 -0.03474747474747475 -1621555.3599304818 
0.001 0.0075 -0.03474747474747475 -1621524.137383598 
0.001 0.01 -0.03474747474747475 -1621480.4438684876 
0.001 0.0 -0.033131313131313136 -1621559.6996929161 
0.001 0.0025 -0.033131313131313136 -1621553.4540330223 
0.001 0.005 -0.033131313131313136 -1621534.7178544085 
0.001 0.0075 -0.033131313131313136 -1621503.4935883991 
0.001 0.01 -0.033131313131313136 -1621459.8445721918 
0.001 0.0 -0.03151515151515152 -1621538.2672003657 
0.001 0.0025 -0.03151515151515152 -1621532.0211964012 
0.001 0.005 -0.03151515151515152 -1621513.283992847 
0.001 0.0075 -0.03151515151515152 -1621482.058153651 
0.001 0.01 -0.03151515151515152 -1621438.5981249155 
0.001 0.0 -0.029898989898989897 -1621516.1209855145 
0.001 0.0025 -0.029898989898989897 -1621509.8746488546 
0.001 0.005 -0.029898989898989897 -1621491.1364550798 
0.001 0.0075 -0.029898989898989897 -1621459.909539113 
0.001 0.01 -0.029898989898989897 -1621417.0163523355 
0.001 0.0 -0.028282828282828285 -1621493.343988692 
0.001 0.0025 -0.028282828282828285 -1621487.097330984 
0.001 0.005 -0.028282828282828285 -1621468.3581833912 
0.001 0.0075 -0.028282828282828285 -1621437.1324075232 
0.001 0.01 -0.028282828282828285 -1621395.4533115118 
0.001 0.0 -0.026666666666666672 -1621470.0245614408 
0.001 0.0025 -0.026666666666666672 -1621463.7775946225 
0.001 0.005 -0.026666666666666672 -1621445.0375346374 
0.001 0.0075 -0.026666666666666672 -1621413.8234556708 
0.001 0.01 -0.026666666666666672 -1621374.172169268 
0.001 0.0 -0.025050505050505052 -1621446.2571527164 
0.001 0.0025 -0.025050505050505052 -1621440.009889044 
0.001 0.005 -0.025050505050505052 -1621421.268979404 
0.001 0.0075 -0.025050505050505052 -1621390.114760959 
0.001 0.01 -0.025050505050505052 -1621353.2252049425 
0.001 0.0 -0.023434343434343433 -1621422.143130008 
0.001 0.0025 -0.023434343434343433 -1621415.8955821302 
0.001 0.005 -0.023434343434343433 -1621397.153987184 
0.001 0.0075 -0.023434343434343433 -1621366.2360899446 
0.001 0.01 -0.023434343434343433 -1621332.5856777504 
0.001 0.0 -0.02181818181818182 -1621397.791772277 
0.001 0.0025 -0.02181818181818182 -1621391.5439534856 
0.001 0.005 -0.02181818181818182 -1621372.8023363743 
0.001 0.0075 -0.02181818181818182 -1621342.5250885724 
0.001 0.01 -0.02181818181818182 -1621312.2862592973 
0.001 0.0 -0.020202020202020207 -1621373.321484682 
0.001 0.0025 -0.020202020202020207 -1621367.0734100677 
0.001 0.005 -0.020202020202020207 -1621348.334890701 
0.001 0.0075 -0.020202020202020207 -1621319.3071212457 
0.001 0.01 -0.020202020202020207 -1621292.44561942 
0.001 0.0 -0.018585858585858588 -1621348.8613036321 
0.001 0.0025 -0.018585858585858588 -1621342.612995662 
0.001 0.005 -0.018585858585858588 -1621323.8925822654 
0.001 0.0075 -0.018585858585858588 -1621296.90097479 
0.001 0.01 -0.018585858585858588 -1621273.251386511 
0.001 0.0 -0.016969696969696968 -1621324.5527877077 
0.001 0.0025 -0.016969696969696968 -1621318.3043037981 
0.001 0.005 -0.016969696969696968 -1621299.6693744806 
0.001 0.0075 -0.016969696969696968 -1621275.502507058 
0.001 0.01 -0.016969696969696968 -1621254.8896292553 
0.001 0.0 -0.015353535353535355 -1621300.5524294772 
0.001 0.0025 -0.015353535353535355 -1621294.303998805 
0.001 0.005 -0.015353535353535355 -1621275.9845556372 
0.001 0.0075 -0.015353535353535355 -1621255.1479411602 
0.001 0.01 -0.015353535353535355 -1621237.478924446 
0.001 0.0 -0.013737373737373743 -1621277.0347828676 
0.001 0.0025 -0.013737373737373743 -1621270.787486544 
0.001 0.005 -0.013737373737373743 -1621253.2356137142 
0.001 0.0075 -0.013737373737373743 -1621235.8662244116 
0.001 0.01 -0.013737373737373743 -1621221.0892589379 
0.001 0.0 -0.01212121212121213 -1621254.1965956015 
0.001 0.0025 -0.01212121212121213 -1621247.9557341342 
0.001 0.005 -0.01212121212121213 -1621231.7048986547 
0.001 0.0075 -0.01212121212121213 -1621217.7404061265 
0.001 0.01 -0.01212121212121213 -1621205.7913286944 
0.001 0.0 -0.010505050505050503 -1621232.2624077818 
0.001 0.0025 -0.010505050505050503 -1621226.0536851292 
0.001 0.005 -0.010505050505050503 -1621211.6646713603 
0.001 0.0075 -0.010505050505050503 -1621200.9051029014 
0.001 0.01 -0.010505050505050503 -1621191.6805068972 
0.001 0.0 -0.00888888888888889 -1621211.4924714896 
0.001 0.0025 -0.00888888888888889 -1621205.4292889277 
0.001 0.005 -0.00888888888888889 -1621193.4772847835 
0.001 0.0075 -0.00888888888888889 -1621185.5398798045 
0.001 0.01 -0.00888888888888889 -1621178.8825550098 
0.001 0.0 -0.007272727272727278 -1621192.1950521898 
0.001 0.0025 -0.007272727272727278 -1621186.639507322 
0.001 0.005 -0.007272727272727278 -1621177.484549023 
0.001 0.0075 -0.007272727272727278 -1621171.8683500618 
0.001 0.01 -0.007272727272727278 -1621167.5562309537 
0.001 0.0 -0.005656565656565651 -1621174.7497048895 
0.001 0.0025 -0.005656565656565651 -1621170.3352150552 
0.001 0.005 -0.005656565656565651 -1621163.9432082786 
0.001 0.0075 -0.005656565656565651 -1621160.1620791072 
0.001 0.01 -0.005656565656565651 -1621157.8997159554 
0.001 0.0 -0.004040404040404039 -1621159.6663889128 
0.001 0.0025 -0.004040404040404039 -1621157.0153247537 
0.001 0.005 -0.004040404040404039 -1621153.1118869644 
0.001 0.0075 -0.004040404040404039 -1621150.7502231218 
0.001 0.01 -0.004040404040404039 -1621150.1639937875 
0.001 0.0 -0.002424242424242426 -1621147.7709702367 
0.001 0.0025 -0.002424242424242426 -1621147.2520069415 
0.001 0.005 -0.002424242424242426 -1621145.361052985 
0.001 0.0075 -0.002424242424242426 -1621144.0359640124 
0.001 0.01 -0.002424242424242426 -1621144.669206995 
0.001 0.0 -0.0008080808080808133 -1621140.6826194527 
0.001 0.0025 -0.0008080808080808133 -1621141.9200256567 
0.001 0.005 -0.0008080808080808133 -1621141.2271247606 
0.001 0.0075 -0.0008080808080808133 -1621140.4889866814 
0.001 0.01 -0.0008080808080808133 -1621141.7839152701 
0.001 0.0 0.0008080808080807994 -1621140.6826194527 
0.001 0.0025 0.0008080808080807994 -1621141.9200256567 
0.001 0.005 0.0008080808080807994 -1621141.2271247606 
0.001 0.0075 0.0008080808080807994 -1621140.4889866814 
0.001 0.01 0.0008080808080807994 -1621141.7839152701 
0.001 0.0 0.002424242424242426 -1621147.7709702367 
0.001 0.0025 0.002424242424242426 -1621147.2520069415 
0.001 0.005 0.002424242424242426 -1621145.361052985 
0.001 0.0075 0.002424242424242426 -1621144.0359640124 
0.001 0.01 0.002424242424242426 -1621144.669206995 
0.001 0.0 0.004040404040404039 -1621159.6663889128 
0.001 0.0025 0.004040404040404039 -1621157.0153247537 
0.001 0.005 0.004040404040404039 -1621153.1118869644 
0.001 0.0075 0.004040404040404039 -1621150.7502231218 
0.001 0.01 0.004040404040404039 -1621150.1639937875 
0.001 0.0 0.005656565656565651 -1621174.7497048895 
0.001 0.0025 0.005656565656565651 -1621170.3352150552 
0.001 0.005 0.005656565656565651 -1621163.9432082786 
0.001 0.0075 0.005656565656565651 -1621160.1620791072 
0.001 0.01 0.005656565656565651 -1621157.8997159554 
0.001 0.0 0.007272727272727278 -1621192.1950521898 
0.001 0.0025 0.007272727272727278 -1621186.639507322 
0.001 0.005 0.007272727272727278 -1621177.484549023 
0.001 0.0075 0.007272727272727278 -1621171.8683500618 
0.001 0.01 0.007272727272727278 -1621167.5562309537 
0.001 0.0 0.00888888888888889 -1621211.4924714896 
0.001 0.0025 0.00888888888888889 -1621205.4292889277 
0.001 0.005 0.00888888888888889 -1621193.4772847835 
0.001 0.0075 0.00888888888888889 -1621185.5398798045 
0.001 0.01 0.00888888888888889 -1621178.8825550098 
0.001 0.0 0.010505050505050503 -1621232.2624077818 
0.001 0.0025 0.010505050505050503 -1621226.0536851292 
0.001 0.005 0.010505050505050503 -1621211.6646713603 
0.001 0.0075 0.010505050505050503 -1621200.9051029014 
0.001 0.01 0.010505050505050503 -1621191.6805068972 
0.001 0.0 0.012121212121212116 -1621254.1965956015 
0.001 0.0025 0.012121212121212116 -1621247.9557341342 
0.001 0.005 0.012121212121212116 -1621231.7048986547 
0.001 0.0075 0.012121212121212116 -1621217.7404061265 
0.001 0.01 0.012121212121212116 -1621205.7913286944 
0.001 0.0 0.013737373737373729 -1621277.0347828676 
0.001 0.0025 0.013737373737373729 -1621270.787486544 
0.001 0.005 0.013737373737373729 -1621253.2356137142 
0.001 0.0075 0.013737373737373729 -1621235.8662244116 
0.001 0.01 0.013737373737373729 -1621221.0892589379 
0.001 0.0 0.015353535353535355 -1621300.5524294772 
0.001 0.0025 0.015353535353535355 -1621294.303998805 
0.001 0.005 0.015353535353535355 -1621275.9845556372 
0.001 0.0075 0.015353535353535355 -1621255.1479411602 
0.001 0.01 0.015353535353535355 -1621237.478924446 
0.001 0.0 0.016969696969696968 -1621324.5527877077 
0.001 0.0025 0.016969696969696968 -1621318.3043037981 
0.001 0.005 0.016969696969696968 -1621299.6693744806 
0.001 0.0075 0.016969696969696968 -1621275.502507058 
0.001 0.01 0.016969696969696968 -1621254.8896292553 
0.001 0.0 0.01858585858585858 -1621348.8613036321 
0.001 0.0025 0.01858585858585858 -1621342.612995662 
0.001 0.005 0.01858585858585858 -1621323.8925822654 
0.001 0.0075 0.01858585858585858 -1621296.90097479 
0.001 0.01 0.01858585858585858 -1621273.251386511 
0.001 0.0 0.020202020202020207 -1621373.321484682 
0.001 0.0025 0.020202020202020207 -1621367.0734100677 
0.001 0.005 0.020202020202020207 -1621348.334890701 
0.001 0.0075 0.020202020202020207 -1621319.3071212457 
0.001 0.01 0.020202020202020207 -1621292.44561942 
0.001 0.0 0.02181818181818182 -1621397.791772277 
0.001 0.0025 0.02181818181818182 -1621391.5439534856 
0.001 0.005 0.02181818181818182 -1621372.8023363743 
0.001 0.0075 0.02181818181818182 -1621342.5250885724 
0.001 0.01 0.02181818181818182 -1621312.2862592973 
0.001 0.0 0.023434343434343433 -1621422.143130008 
0.001 0.0025 0.023434343434343433 -1621415.8955821302 
0.001 0.005 0.023434343434343433 -1621397.153987184 
0.001 0.0075 0.023434343434343433 -1621366.2360899446 
0.001 0.01 0.023434343434343433 -1621332.5856777504 
0.001 0.0 0.025050505050505045 -1621446.2571527164 
0.001 0.0025 0.025050505050505045 -1621440.009889044 
0.001 0.005 0.025050505050505045 -1621421.268979404 
0.001 0.0075 0.025050505050505045 -1621390.114760959 
0.001 0.01 0.025050505050505045 -1621353.2252049425 
0.001 0.0 0.026666666666666658 -1621470.0245614408 
0.001 0.0025 0.026666666666666658 -1621463.7775946225 
0.001 0.005 0.026666666666666658 -1621445.0375346374 
0.001 0.0075 0.026666666666666658 -1621413.8234556708 
0.001 0.01 0.026666666666666658 -1621374.172169268 
0.001 0.0 0.028282828282828285 -1621493.343988692 
0.001 0.0025 0.028282828282828285 -1621487.097330984 
0.001 0.005 0.028282828282828285 -1621468.3581833912 
0.001 0.0075 0.028282828282828285 -1621437.1324075232 
0.001 0.01 0.028282828282828285 -1621395.4533115118 
0.001 0.0 0.029898989898989897 -1621516.1209855145 
0.001 0.0025 0.029898989898989897 -1621509.8746488546 
0.001 0.005 0.029898989898989897 -1621491.1364550798 
0.001 0.0075 0.029898989898989897 -1621459.909539113 
0.001 0.01 0.029898989898989897 -1621417.0163523355 
0.001 0.0 0.03151515151515151 -1621538.2672003657 
0.001 0.0025 0.03151515151515151 -1621532.0211964012 
0.001 0.005 0.03151515151515151 -1621513.283992847 
0.001 0.0075 0.03151515151515151 -1621482.058153651 
0.001 0.01 0.03151515151515151 -1621438.5981249155 
0.001 0.0 0.033131313131313136 -1621559.6996929161 
0.001 0.0025 0.033131313131313136 -1621553.4540330223 
0.001 0.005 0.033131313131313136 -1621534.7178544085 
0.001 0.0075 0.033131313131313136 -1621503.4935883991 
0.001 0.01 0.033131313131313136 -1621459.8445721918 
0.001 0.0 0.03474747474747475 -1621580.340355096 
0.001 0.0025 0.03474747474747475 -1621574.0950503969 
0.001 0.005 0.03474747474747475 -1621555.3599304818 
0.001 0.0075 0.03474747474747475 -1621524.137383598 
0.001 0.01 0.03474747474747475 -1621480.4438684876 
0.001 0.0 0.03636363636363636 -1621600.115418433 
0.001 0.0025 0.03636363636363636 -1621593.8704798126 
0.001 0.005 0.03636363636363636 -1621575.1364515705 
0.001 0.0075 0.03636363636363636 -1621543.9156977348 
0.001 0.01 0.03636363636363636 -1621500.2147032334 
0.001 0.0 0.037979797979797975 -1621618.9550314886 
0.001 0.0025 0.037979797979797975 -1621612.710469605 
0.001 0.005 0.037979797979797975 -1621593.9775653037 
0.001 0.0075 0.037979797979797975 -1621562.7586628718 
0.001 0.01 0.037979797979797975 -1621519.0581849471 
0.001 0.0 0.03959595959595959 -1621636.7928948542 
0.001 0.0025 0.03959595959595959 -1621630.548720154 
0.001 0.005 0.03959595959595959 -1621611.8169713933 
0.001 0.0075 0.03959595959595959 -1621580.5999746416 
0.001 0.01 0.03959595959595959 -1621536.9017109447 
0.001 0.0 0.041212121212121214 -1621653.5659437974 
0.001 0.0025 0.041212121212121214 -1621647.322166525 
0.001 0.005 0.041212121212121214 -1621628.5916042791 
0.001 0.0075 0.041212121212121214 -1621597.3765657826 
0.001 0.01 0.041212121212121214 -1621553.6809199934 
0.001 0.0 0.042828282828282827 -1621669.214070713 
0.001 0.0025 0.042828282828282827 -1621662.9707009203 
0.001 0.005 0.042828282828282827 -1621644.2413555651 
0.001 0.0075 0.042828282828282827 -1621613.0283267235 
0.001 0.01 0.042828282828282827 -1621569.3354387959 
0.001 0.0 0.04444444444444444 -1621683.6798810295 
0.001 0.0025 0.04444444444444444 -1621677.4369285835 
0.001 0.005 0.04444444444444444 -1621658.7088299287 
0.001 0.0075 0.04444444444444444 -1621627.4978611197 
0.001 0.01 0.04444444444444444 -1621583.8078164556 
0.001 0.0 0.046060606060606066 -1621696.908477465 
0.001 0.0025 0.046060606060606066 -1621690.665952059 
0.001 0.005 0.046060606060606066 -1621671.9391293742 
0.001 0.0075 0.046060606060606066 -1621640.7302700211 
0.001 0.01 0.046060606060606066 -1621597.0431418682 
0.001 0.0 0.047676767676767665 -1621708.8472684678 
0.001 0.0025 0.047676767676767665 -1621702.6051796267 
0.001 0.005 0.047676767676767665 -1621683.8796616674 
0.001 0.0075 0.047676767676767665 -1621652.6729602886 
0.001 0.01 0.047676767676767665 -1621608.9888183705 
0.001 0.0 0.04929292929292929 -1621719.4457973666 
0.001 0.0025 0.04929292929292929 -1621713.2041544558 
0.001 0.005 0.04929292929292929 -1621694.4799694836 
0.001 0.0075 0.04929292929292929 -1621663.275473735 
0.001 0.01 0.04929292929292929 -1621619.5943860481 
0.001 0.0 0.05090909090909092 -1621728.6555894 
0.001 0.0025 0.05090909090909092 -1621722.4144016309 
0.001 0.005 0.05090909090909092 -1621703.6915774331 
0.001 0.0075 0.05090909090909092 -1621672.4893341523 
0.001 0.01 0.05090909090909092 -1621628.811367379 
0.001 0.0 0.05252525252525252 -1621736.4300142322 
0.001 0.0025 0.05252525252525252 -1621730.1892906667 
0.001 0.005 0.05252525252525252 -1621711.4678545818 
0.001 0.0075 0.05252525252525252 -1621680.2679098144 
0.001 0.01 0.05252525252525252 -1621636.5931294481 
0.001 0.0 0.05414141414141414 -1621742.7241619579 
0.001 0.0025 0.05414141414141414 -1621736.483911518 
0.001 0.005 0.05414141414141414 -1621717.7638904452 
0.001 0.0075 0.05414141414141414 -1621686.566289487 
0.001 0.01 0.05414141414141414 -1621642.8947599 
0.001 0.0 0.05575757575757574 -1621747.494730906 
0.001 0.0025 0.05575757575757574 -1621741.254962377 
0.001 0.005 0.05575757575757574 -1621722.536382802 
0.001 0.0075 0.05575757575757574 -1621691.3411702204 
0.001 0.01 0.05575757575757574 -1621647.672954714 
0.001 0.0 0.05737373737373737 -1621750.699925811 
0.001 0.0025 0.05737373737373737 -1621744.4606478452 
0.001 0.005 0.05737373737373737 -1621725.743535847 
0.001 0.0075 0.05737373737373737 -1621694.5507555152 
0.001 0.01 0.05737373737373737 -1621650.8859163648 
0.001 0.0 0.058989898989898995 -1621752.299365115 
0.001 0.0025 0.058989898989898995 -1621746.0605862392 
0.001 0.005 0.058989898989898995 -1621727.3449675099 
0.001 0.0075 0.058989898989898995 -1621696.1546626326 
0.001 0.01 0.058989898989898995 -1621652.49326113 
0.001 0.0 0.060606060606060594 -1621752.2539963697 
0.001 0.0025 0.060606060606060594 -1621746.0157249859 
0.001 0.005 0.060606060606060594 -1621727.3016248436 
0.001 0.0075 0.060606060606060594 -1621696.113837981 
0.001 0.01 0.060606060606060594 -1621652.4559344696 
0.001 0.0 0.06222222222222222 -1621750.5260188202 
0.001 0.0025 0.06222222222222222 -1621744.2882632131 
0.001 0.005 0.06222222222222222 -1621725.575706615 
0.001 0.0075 0.06222222222222222 -1621694.3904797025 
0.001 0.01 0.06222222222222222 -1621650.7361336183 
0.001 0.0 0.06383838383838385 -1621747.0788123936 
0.001 0.0025 0.06383838383838385 -1621740.8415807327 
0.001 0.005 0.06383838383838385 -1621722.1305922824 
0.001 0.0075 0.06383838383838385 -1621690.9479666587 
0.001 0.01 0.06383838383838385 -1621647.2972365583 
0.001 0.0 0.06545454545454545 -1621741.8768724075 
0.001 0.0025 0.06545454545454545 -1621735.6401727514 
0.001 0.005 0.06545454545454545 -1621716.9307767206 
0.001 0.0075 0.06545454545454545 -1621685.7507931401 
0.001 0.01 0.06545454545454545 -1621642.1037367322 
0.001 0.0 0.06707070707070707 -1621734.8857494246 
0.001 0.0025 0.06707070707070707 -1621728.6495897223 
0.001 0.005 0.06707070707070707 -1621709.9418100491 
0.001 0.0075 0.06707070707070707 -1621678.764508709 
0.001 0.01 0.06707070707070707 -1621635.1211828857 
0.001 0.0 0.0686868686868687 -1621726.0719936949 
0.001 0.0025 0.0686868686868687 -1621719.8363817947 
0.001 0.005 0.0686868686868687 -1621701.1302421028 
0.001 0.0075 0.0686868686868687 -1621669.9556626547 
0.001 0.01 0.0686868686868687 -1621626.3161235196 
0.001 0.0 0.0703030303030303 -1621715.403103797 
0.001 0.0025 0.0703030303030303 -1621709.168047442 
0.001 0.005 0.0703030303030303 -1621690.4635710455 
0.001 0.0075 0.0703030303030303 -1621659.2917526145 
0.001 0.01 0.0703030303030303 -1621615.6560555059 
0.001 0.0 0.07191919191919192 -1621702.8474789953 
0.001 0.0025 0.07191919191919192 -1621696.6129858347 
0.001 0.005 0.07191919191919192 -1621677.9101957493 
0.001 0.0075 0.07191919191919192 -1621646.7411769505 
0.001 0.01 0.07191919191919192 -1621603.109376466 
0.001 0.0 0.07353535353535352 -1621688.374375046 
0.001 0.0025 0.07353535353535352 -1621682.1404526266 
0.001 0.005 0.07353535353535352 -1621663.4393715786 
0.001 0.0075 0.07353535353535352 -1621632.2731905333 
0.001 0.01 0.07353535353535352 -1621588.6453405519 
0.001 0.0 0.07515151515151515 -1621671.9538630524 
0.001 0.0025 0.07515151515151515 -1621665.7205188342 
0.001 0.005 0.07515151515151515 -1621647.0211692664 
0.001 0.0075 0.07515151515151515 -1621615.8578636115 
0.001 0.01 0.07515151515151515 -1621572.2340173186 
0.001 0.0 0.07676767676767678 -1621653.5567911724 
0.001 0.0025 0.07676767676767678 -1621647.324032523 
0.001 0.005 0.07676767676767678 -1621628.626436603 
0.001 0.0075 0.07676767676767678 -1621597.4660435112 
0.001 0.01 0.07676767676767678 -1621553.8462534188 
0.001 0.0 0.07838383838383838 -1621633.1547488717 
0.001 0.0025 0.07838383838383838 -1621626.922583068 
0.001 0.005 0.07838383838383838 -1621608.2267626997 
0.001 0.0075 0.07838383838383838 -1621577.0693188864 
0.001 0.01 0.07838383838383838 -1621533.453636847 
0.001 0.0 0.08 -1621610.7200335213 
0.001 0.0025 0.08 -1621604.4884677604 
0.001 0.005 0.08 -1621585.79444458 
0.001 0.0075 0.08 -1621554.6399863234 
0.001 0.01 0.08 -1621511.028463555 
