0.001 2.5300644322247448 
0.00301010101010101 2.365808124498279 
0.00502020202020202 2.471719653373779 
0.00703030303030303 2.6286175819509574 
0.00904040404040404 2.79514448395958 
0.01105050505050505 2.9615133199611647 
0.01306060606060606 3.1254195165372454 
0.015070707070707071 3.2866517297140625 
0.017080808080808082 3.445601169872425 
0.019090909090909092 3.6028053272217386 
0.021101010101010103 3.7588019937677166 
0.023111111111111114 3.9140837816947625 
0.02512121212121212 4.069085956592097 
0.02713131313131313 4.224184837409693 
0.02914141414141414 4.379699358873247 
0.031151515151515152 4.5358938033506835 
0.03316161616161616 4.692981509336471 
0.03517171717171717 4.851129684477744 
0.037181818181818184 5.010465277758237 
0.039191919191919194 5.171081721145694 
0.041202020202020205 5.333046094597182 
0.043212121212121216 5.496406365541839 
0.045222222222222226 5.661198275586952 
0.04723232323232324 5.827451665987308 
0.04924242424242424 5.9951959764395015 
0.05125252525252525 6.1644649400861855 
0.05326262626262626 6.335300397413542 
0.05527272727272727 6.507755332466303 
0.05728282828282828 6.681896199198282 
0.05929292929292929 6.857804667116374 
0.061303030303030304 7.03557889740195 
0.06331313131313131 7.215334428370738 
0.06532323232323232 7.397204825849598 
0.06733333333333333 7.581342135999748 
0.06934343434343435 7.767917277095833 
0.07135353535353535 7.95712038325275 
0.07336363636363637 8.149161147377361 
0.07537373737373737 8.344269307058434 
0.07738383838383839 8.54269515208666 
0.07939393939393939 8.744710263003208 
0.08140404040404041 8.950608348326456 
0.08341414141414141 9.160706354383965 
0.08542424242424243 9.375345712739644 
0.08743434343434343 9.5948939288207 
0.08944444444444445 9.819746401463567 
0.09145454545454546 10.050328561112828 
0.09346464646464647 10.28709835689999 
0.09547474747474748 10.530549149063443 
0.09748484848484848 10.78121300229182 
0.0994949494949495 11.03966450735582 
0.1015050505050505 11.30652513768811 
0.10351515151515152 11.582468238005935 
0.10552525252525252 11.868224748498935 
0.10753535353535354 12.16458980242271 
0.10954545454545454 12.47243021613294 
0.11155555555555556 12.792693209925286 
0.11356565656565656 13.126416347851228 
0.11557575757575758 13.474739151972189 
0.11758585858585859 13.838916427496782 
0.1195959595959596 14.220333877648875 
0.1216060606060606 14.620526234089121 
0.12361616161616162 15.041198558345048 
0.1256262626262626 15.48425122129902 
0.12763636363636363 15.951809500540273 
0.12964646464646465 16.446258595744567 
0.13165656565656567 16.970285492328344 
0.13366666666666666 17.526929011046402 
0.13567676767676767 18.11964036394259 
0.1376868686868687 18.75235635604868 
0.1396969696969697 19.42958894987089 
0.1417070707070707 20.156535181421567 
0.14371717171717172 20.93921343785268 
0.14572727272727273 21.784633362222884 
0.14773737373737375 22.701009899257897 
0.14974747474747474 23.698035095567704 
0.15175757575757576 24.7872269991345 
0.15376767676767678 25.98238214126934 
0.1557777777777778 27.300169629411435 
0.15778787878787878 28.760921387266066 
0.1597979797979798 30.38969795045889 
0.16180808080808082 32.21774995513821 
0.1638181818181818 34.2845568070679 
0.16582828282828282 36.64072775952358 
0.16783838383838384 39.35222379307925 
0.16984848484848486 42.506658366537145 
0.17185858585858585 46.22297912169141 
0.17386868686868687 50.66685419049531 
0.17587878787878788 56.07611241840093 
0.1778888888888889 62.80483774952322 
0.1798989898989899 71.4042980012643 
0.1819090909090909 82.78241345778339 
0.18391919191919193 98.54784548418911 
0.18592929292929294 121.84769057625311 
0.18793939393939393 159.784453588065 
0.18994949494949495 232.4774299460817 
0.19195959595959597 428.09897708291766 
0.19396969696969696 2766.129602230701 
0.19597979797979798 -609.3509912248738 
0.197989898989899 -0.0 
0.2 -0.0 
