##delta---free_energy
0.0 -1.7235920353959954e-05
0.0003448275862068966 -1.7049173945088113e-05
0.0006896551724137932 -1.6488935631605272e-05
0.0010344827586206897 -1.5555209267222382e-05
0.0013793103448275863 -1.4248006410889502e-05
0.001724137931034483 -1.2567360919092606e-05
0.0020689655172413794 -1.0513372273453569e-05
0.002413793103448276 -8.08633407123125e-06
0.0027586206896551726 -5.287117644002137e-06
0.0031034482758620693 -2.118341685672931e-06
0.003448275862068966 1.411822947920882e-06
0.0037931034482758625 5.274199801533541e-06
0.004137931034482759 -1.8826540326699614e-13
0.004482758620689656 -8.840288501232862e-14
0.004827586206896552 -1.127773430198431e-14
0.005172413793103449 -1.1459633242338896e-14
0.005517241379310345 -8.840288501232862e-14
0.0058620689655172415 -1.8844730220735073e-13
0.0062068965517241385 -2.406522980891168e-13
0.006551724137931035 -2.0809238776564598e-13
0.006896551724137932 -1.1423253454267978e-13
0.007241379310344828 -2.4920154828578234e-14
0.007586206896551725 -3.092281986027956e-15
0.007931034482758621 -6.439222488552332e-14
0.008275862068965517 -1.6534613678231834e-13
0.008620689655172414 -2.3483153199777006e-13
0.008965517241379312 -2.2391759557649493e-13
0.009310344827586208 -1.4006218407303095e-13
0.009655172413793104 -4.256435204297304e-14
0.01 -3.637978807091713e-16
