##q-\DeltaF
0.0 1.5759613924837031e-07 
0.00101010101010101 4.727880070908269e-07 
0.00202020202020202 7.879786427542137e-07 
0.0030303030303030303 1.103167224965899e-06 
0.00404040404040404 1.4183529322192157e-06 
0.00505050505050505 1.7335349431334206e-06 
0.006060606060606061 2.0487124363638843e-06 
0.007070707070707071 2.3638845904759408e-06 
0.00808080808080808 2.679050584106878e-06 
0.00909090909090909 2.994209595912065e-06 
0.0101010101010101 3.309360804528841e-06 
0.011111111111111112 3.624503388594537e-06 
0.012121212121212121 3.939636526800492e-06 
0.013131313131313131 4.2547593978741154e-06 
0.014141414141414142 4.5698711804527215e-06 
0.015151515151515152 4.8849710532996995e-06 
0.01616161616161616 5.200058195178468e-06 
0.01717171717171717 5.515131784870396e-06 
0.01818181818181818 5.830191001102862e-06 
0.01919191919191919 6.1452350227653445e-06 
0.0202020202020202 6.460263028675196e-06 
0.021212121212121213 6.775274197667937e-06 
0.022222222222222223 7.0902677086689475e-06 
0.023232323232323233 7.405242740675751e-06 
0.024242424242424242 7.720198472541782e-06 
0.025252525252525252 8.035134083318557e-06 
0.026262626262626262 8.35004875202158e-06 
0.02727272727272727 8.664941657738356e-06 
0.028282828282828285 8.979811979520494e-06 
0.029292929292929294 9.2946588965815e-06 
0.030303030303030304 9.60948158797292e-06 
0.031313131313131314 9.924279231665793e-06 
0.03232323232323232 1.0239050976062028e-05 
0.03333333333333333 1.0553795267485847e-05 
0.03434343434343434 1.086849385875994e-05 
0.03535353535353535 1.1182731946179958e-05 
0.03636363636363636 1.1486776202454358e-05 
0.03737373737373737 1.159343506138647e-05 
0.03838383838383838 1.0621253690308199e-05 
0.03939393939393939 9.302713002425127e-06 
0.0404040404040404 8.4912257665231e-06 
0.04141414141414142 7.92119115204625e-06 
0.04242424242424243 7.471045385128315e-06 
0.043434343434343436 7.095851868104724e-06 
0.044444444444444446 6.773283855726367e-06 
0.045454545454545456 6.490170391140969e-06 
0.046464646464646465 6.23794036710534e-06 
0.047474747474747475 6.010644257107924e-06 
0.048484848484848485 5.8039558667416515e-06 
0.049494949494949494 5.61461626408509e-06 
0.050505050505050504 5.440101064777271e-06 
0.051515151515151514 5.278410138054651e-06 
0.052525252525252523 5.127928755222477e-06 
0.05353535353535353 4.987332575582857e-06 
0.05454545454545454 4.855520660438936e-06 
0.05555555555555555 4.731567035027158e-06 
0.05656565656565657 4.6146848937558145e-06 
0.05757575757575758 4.504199638202245e-06 
0.05858585858585859 4.399528232927326e-06 
0.0595959595959596 4.300163159001586e-06 
0.06060606060606061 4.205659777686568e-06 
0.06161616161616162 4.115626264596175e-06 
0.06262626262626263 4.029715500372186e-06 
0.06363636363636363 3.947618477110865e-06 
0.06464646464646465 3.869058888869397e-06 
0.06565656565656566 3.7937886591280536e-06 
0.06666666666666667 3.7215842131352325e-06 
0.06767676767676768 3.6522433506392535e-06 
0.06868686868686869 3.5855826065100488e-06 
0.0696969696969697 3.521435008726455e-06 
0.0707070707070707 3.4596481640895853e-06 
0.07171717171717172 3.4000826157502137e-06 
0.07272727272727272 3.342610426267297e-06 
0.07373737373737374 3.287113950741541e-06 
0.07474747474747474 3.23348476935516e-06 
0.07575757575757576 3.1816227553504982e-06 
0.07676767676767676 3.131435258295109e-06 
0.07777777777777778 3.082836385094563e-06 
0.07878787878787878 3.035746366201226e-06 
0.0797979797979798 2.990090993332565e-06 
0.0808080808080808 2.945801121369708e-06 
0.08181818181818182 2.9028122240827986e-06 
0.08282828282828283 2.8610639982067896e-06 
0.08383838383838384 2.8205000098001093e-06 
0.08484848484848485 2.7810673754142388e-06 
0.08585858585858586 2.742716474018377e-06 
0.08686868686868687 2.7054006873613616e-06 
0.08787878787878788 2.669076167523759e-06 
0.08888888888888889 2.6337016299163645e-06 
0.0898989898989899 2.599238163223335e-06 
0.09090909090909091 2.5656490499712177e-06 
0.09191919191919191 2.53289960269154e-06 
0.09292929292929293 2.500957024233341e-06 
0.09393939393939393 2.4697902863526996e-06 
0.09494949494949495 2.4393700052420213e-06 
0.09595959595959595 2.4096683150595455e-06 
0.09696969696969697 2.3806587693898073e-06 
0.09797979797979799 2.352316268617177e-06 
0.09898989898989899 2.324616971074445e-06 
