0    0.5263234020624431    0.21052936082497725    0.039491101038145904
1    0.5752525899646376    0.23010103598585502    0.019919425877268138
2    0.5993679824647034    0.23974719298588135    0.010273268877241809
3    0.6118858064310132    0.2447543225724053    0.0052661392907178695
4    0.6182134871410578    0.24728539485642312    0.002735067006700037
5    0.6215083548879424    0.24860334195517697    0.001417119907946185
6    0.623200824555014    0.24928032982200563    0.0007401320411175305
7    0.624085054702358    0.2496340218809432    0.00038643998217996467
8    0.6245444361117115    0.24981777444468461    0.00020268741843854077
9    0.624785120848635    0.24991404833945402    0.00010641352366913548
10    0.6249111758425009    0.24996447033700037    5.599152612278946e-05
11    0.6249773643621639    0.24999094574486558    2.9516118257577606e-05
12    0.6250122339275057    0.2500048935710023    1.556829212084887e-05
13    0.6250305737557031    0.25001222950228125    8.232360841908815e-06
14    0.6250402783935556    0.25001611135742224    4.350505700911889e-06
15    0.625045389318285    0.250018155727314    2.306135809149179e-06
16    0.6250481031052192    0.2500192412420877    1.2206210354692715e-06
17    0.6250495338474924    0.25001981353899694    6.483241262178474e-07
18    0.6250502956333077    0.2500201182533231    3.436098000575427e-07
19    0.6250506976204807    0.2500202790481923    1.8281493086025336e-07
20    0.625050912141361    0.2500203648565444    9.700657876976493e-08
21    0.6250510254327901    0.25002041017311605    5.169000710791849e-08
22    0.6250510860080389    0.2500204344032156    2.7459907570026587e-08
23    0.6250511180229072    0.2500204472091629    1.4653960267452248e-08
24    0.6250511351704431    0.25002045406817724    7.794945910966078e-09
25    0.6250511442403899    0.25002045769615594    4.166967215724071e-09
26    0.6250511491065158    0.25002045964260633    2.220516825968133e-09
27    0.6250511516829349    0.25002046067317396    1.1899491947353624e-09
28    0.6250511530677925    0.25002046122711696    6.360061921562021e-10
29    0.6250511538021155    0.2500204615208462    3.4227692902177864e-10
30    0.625051154197817    0.2500204616791268    1.839963736927075e-10
31    0.6250511544081999    0.25002046176327997    9.98431892718088e-11
32    0.6250511545220374    0.250020461808815    5.430816907292524e-11
33    0.6250511545828843    0.25002046183315374    2.996941583788271e-11
34    0.6250511546160659    0.25002046184642635    1.6696810600791423e-11
35    0.6250511546339987    0.2500204618535995    9.523659638688287e-12
36    0.6250511546439314    0.25002046185757254    5.550615522764701e-12
37    0.625051154649422    0.2500204618597688    3.3543723354512167e-12
38    0.6250511546525573    0.25002046186102295    2.1002088956834086e-12
39    0.625051154654366    0.2500204618617464    1.3767320616864254e-12
40    0.6250511546554565    0.2500204618621826    9.405809464624326e-13
41    0.6250511546561301    0.2500204618624521    6.710743072346759e-13
42    0.6250511546565698    0.25002046186262794    4.952149801340511e-13
43    0.6250511546568656    0.25002046186274623    3.7692071686024065e-13
44    0.625051154657075    0.25002046186283    2.931543896522726e-13
45    0.6250511546572288    0.2500204618628915    2.316480340880389e-13
46    0.6250511546573444    0.25002046186293775    1.8540724511240114e-13
47    0.6250511546574335    0.25002046186297344    1.4971357487070236e-13
48    0.6250511546575043    0.2500204618630017    1.2145839889399213e-13
49    0.6250511546575603    0.2500204618630241    9.903189379656396e-14
50    0.6250511546576053    0.2500204618630421    8.104628079763643e-14
51    0.625051154657642    0.2500204618630568    6.63358257213531e-14
52    0.625051154657672    0.2500204618630688    5.434541705540141e-14
53    0.625051154657696    0.2500204618630784    4.474198789239381e-14
54    0.6250511546577155    0.25002046186308624    3.6914915568786455e-14
55    0.6250511546577319    0.25002046186309274    3.042011087472929e-14
56    0.6250511546577449    0.25002046186309795    2.5202062658991053e-14
57    0.6250511546577562    0.25002046186310245    2.070565940925917e-14
58    0.6250511546577654    0.25002046186310617    1.6986412276764895e-14
59    0.6250511546577731    0.2500204618631092    1.3933298959045715e-14
60    0.6250511546577788    0.25002046186311155    1.1601830607332886e-14
61    0.6250511546577843    0.2500204618631137    9.43689570931383e-15
62    0.625051154657788    0.2500204618631152    7.93809462606987e-15
63    0.6250511546577918    0.2500204618631167    6.439293542825908e-15
64    0.6250511546577944    0.25002046186311777    5.384581669432009e-15
65    0.6250511546577966    0.25002046186311866    4.496403249731884e-15
66    0.6250511546577988    0.25002046186311955    3.608224830031759e-15
67    0.6250511546578003    0.2500204618631201    3.0531133177191805e-15
68    0.6250511546578017    0.25002046186312066    2.4980018054066022e-15
69    0.6250511546578025    0.250020461863121    2.1649348980190553e-15
70    0.625051154657804    0.2500204618631216    1.5543122344752192e-15
71    0.625051154657805    0.250020461863122    1.1657341758564144e-15
72    0.6250511546578061    0.25002046186312243    7.216449660063518e-16
73    0.6250511546578061    0.25002046186312243    7.216449660063518e-16
74    0.6250511546578059    0.2500204618631224    7.771561172376096e-16
75    0.6250511546578065    0.2500204618631226    5.551115123125783e-16
76    0.6250511546578066    0.25002046186312266    4.996003610813204e-16
77    0.6250511546578073    0.2500204618631229    2.7755575615628914e-16
78    0.6250511546578076    0.25002046186312304    1.1102230246251565e-16
79    0.625051154657808    0.2500204618631232    5.551115123125783e-17
80    0.6250511546578079    0.25002046186312316    0.0
81    0.625051154657808    0.2500204618631232    5.551115123125783e-17
82    0.6250511546578073    0.2500204618631229    2.7755575615628914e-16
83    0.6250511546578073    0.2500204618631229    2.7755575615628914e-16
84    0.625051154657808    0.2500204618631232    5.551115123125783e-17
85    0.6250511546578077    0.2500204618631231    5.551115123125783e-17
86    0.6250511546578081    0.25002046186312327    1.1102230246251565e-16
87    0.6250511546578079    0.25002046186312316    0.0
88    0.6250511546578084    0.2500204618631233    1.6653345369377348e-16
89    0.6250511546578084    0.2500204618631233    1.6653345369377348e-16
90    0.6250511546578075    0.250020461863123    1.6653345369377348e-16
91    0.6250511546578079    0.25002046186312316    0.0
92    0.6250511546578077    0.2500204618631231    5.551115123125783e-17
93    0.6250511546578077    0.2500204618631231    5.551115123125783e-17
94    0.6250511546578075    0.250020461863123    1.6653345369377348e-16
95    0.6250511546578081    0.25002046186312327    1.1102230246251565e-16
96    0.6250511546578077    0.2500204618631231    5.551115123125783e-17
97    0.6250511546578085    0.2500204618631234    2.220446049250313e-16
98    0.6250511546578079    0.25002046186312316    0.0
99    0.6250511546578084    0.2500204618631233    1.6653345369377348e-16
100    0.6250511546578084    0.2500204618631233    1.6653345369377348e-16
101    0.6250511546578081    0.25002046186312327    1.1102230246251565e-16
102    0.6250511546578086    0.25002046186312343    2.7755575615628914e-16
103    0.6250511546578084    0.2500204618631233    1.6653345369377348e-16
104    0.6250511546578081    0.25002046186312327    1.1102230246251565e-16
105    0.6250511546578075    0.250020461863123    1.6653345369377348e-16
106    0.6250511546578085    0.2500204618631234    2.220446049250313e-16
107    0.6250511546578077    0.2500204618631231    5.551115123125783e-17
108    0.625051154657808    0.2500204618631232    5.551115123125783e-17
109    0.6250511546578077    0.2500204618631231    5.551115123125783e-17
110    0.6250511546578084    0.2500204618631233    1.6653345369377348e-16
111    0.6250511546578081    0.25002046186312327    1.1102230246251565e-16
112    0.6250511546578081    0.25002046186312327    1.1102230246251565e-16
113    0.625051154657808    0.2500204618631232    5.551115123125783e-17
114    0.6250511546578084    0.2500204618631233    1.6653345369377348e-16
115    0.625051154657808    0.2500204618631232    5.551115123125783e-17
116    0.6250511546578077    0.2500204618631231    5.551115123125783e-17
117    0.6250511546578084    0.2500204618631233    1.6653345369377348e-16
118    0.625051154657808    0.2500204618631232    5.551115123125783e-17
119    0.6250511546578086    0.25002046186312343    2.7755575615628914e-16
120    0.625051154657808    0.2500204618631232    5.551115123125783e-17
121    0.6250511546578086    0.25002046186312343    2.7755575615628914e-16
122    0.6250511546578084    0.2500204618631233    1.6653345369377348e-16
123    0.6250511546578086    0.25002046186312343    2.7755575615628914e-16
124    0.625051154657808    0.2500204618631232    5.551115123125783e-17
125    0.6250511546578079    0.25002046186312316    0.0
126    0.625051154657808    0.2500204618631232    5.551115123125783e-17
127    0.625051154657808    0.2500204618631232    5.551115123125783e-17
128    0.6250511546578084    0.2500204618631233    1.6653345369377348e-16
129    0.6250511546578084    0.2500204618631233    1.6653345369377348e-16
130    0.6250511546578088    0.25002046186312354    3.885780586188048e-16
131    0.625051154657808    0.2500204618631232    5.551115123125783e-17
132    0.6250511546578077    0.2500204618631231    5.551115123125783e-17
133    0.6250511546578079    0.25002046186312316    0.0
134    0.6250511546578086    0.25002046186312343    2.7755575615628914e-16
135    0.6250511546578087    0.2500204618631235    3.3306690738754696e-16
136    0.6250511546578079    0.25002046186312316    0.0
137    0.6250511546578086    0.25002046186312343    2.7755575615628914e-16
138    0.6250511546578086    0.25002046186312343    2.7755575615628914e-16
139    0.6250511546578084    0.2500204618631233    1.6653345369377348e-16
140    0.625051154657808    0.2500204618631232    5.551115123125783e-17
141    0.6250511546578084    0.2500204618631233    1.6653345369377348e-16
142    0.6250511546578075    0.250020461863123    1.6653345369377348e-16
143    0.6250511546578079    0.25002046186312316    0.0
144    0.6250511546578077    0.2500204618631231    5.551115123125783e-17
145    0.6250511546578079    0.25002046186312316    0.0
146    0.6250511546578088    0.25002046186312354    3.885780586188048e-16
147    0.6250511546578084    0.2500204618631233    1.6653345369377348e-16
148    0.6250511546578079    0.25002046186312316    0.0
149    0.625051154657808    0.2500204618631232    5.551115123125783e-17
150    0.6250511546578075    0.250020461863123    1.6653345369377348e-16
151    0.625051154657808    0.2500204618631232    5.551115123125783e-17
152    0.6250511546578077    0.2500204618631231    5.551115123125783e-17
153    0.6250511546578084    0.2500204618631233    1.6653345369377348e-16
154    0.6250511546578077    0.2500204618631231    5.551115123125783e-17
155    0.6250511546578084    0.2500204618631233    1.6653345369377348e-16
156    0.6250511546578079    0.25002046186312316    0.0
157    0.6250511546578079    0.25002046186312316    0.0
158    0.6250511546578086    0.25002046186312343    2.7755575615628914e-16
159    0.6250511546578085    0.2500204618631234    2.220446049250313e-16
160    0.6250511546578084    0.2500204618631233    1.6653345369377348e-16
161    0.6250511546578075    0.250020461863123    1.6653345369377348e-16
162    0.6250511546578084    0.2500204618631233    1.6653345369377348e-16
163    0.6250511546578077    0.2500204618631231    5.551115123125783e-17
164    0.6250511546578095    0.25002046186312377    6.106226635438361e-16
165    0.6250511546578084    0.2500204618631233    1.6653345369377348e-16
166    0.6250511546578077    0.2500204618631231    5.551115123125783e-17
167    0.6250511546578079    0.25002046186312316    0.0
168    0.6250511546578081    0.25002046186312327    1.1102230246251565e-16
169    0.6250511546578075    0.250020461863123    1.6653345369377348e-16
170    0.6250511546578075    0.250020461863123    1.6653345369377348e-16
171    0.6250511546578074    0.25002046186312293    2.220446049250313e-16
172    0.6250511546578068    0.2500204618631227    4.440892098500626e-16
173    0.6250511546578065    0.2500204618631226    5.551115123125783e-16
174    0.6250511546578064    0.25002046186312255    6.106226635438361e-16
175    0.6250511546578055    0.2500204618631222    9.43689570931383e-16
176    0.6250511546578058    0.2500204618631223    8.326672684688674e-16
177    0.6250511546578044    0.25002046186312177    1.3877787807814457e-15
178    0.625051154657805    0.250020461863122    1.1657341758564144e-15
179    0.6250511546578033    0.2500204618631213    1.8318679906315083e-15
180    0.6250511546578025    0.250020461863121    2.1649348980190553e-15
181    0.6250511546578003    0.2500204618631201    3.0531133177191805e-15
182    0.6250511546577987    0.2500204618631195    3.6637359812630166e-15
183    0.6250511546577973    0.2500204618631189    4.274358644806853e-15
184    0.625051154657795    0.250020461863118    5.162537064506978e-15
185    0.6250511546577918    0.2500204618631167    6.439293542825908e-15
186    0.6250511546577887    0.2500204618631155    7.66053886991358e-15
187    0.6250511546577847    0.2500204618631139    9.270362255620057e-15
188    0.6250511546577792    0.25002046186311166    1.149080830487037e-14
189    0.6250511546577731    0.2500204618631092    1.3933298959045715e-14
190    0.6250511546577658    0.25002046186310634    1.6819878823071122e-14
191    0.625051154657757    0.2500204618631028    2.0372592501871623e-14
192    0.625051154657746    0.2500204618630984    2.475797344914099e-14
193    0.6250511546577331    0.25002046186309324    2.992051051364797e-14
194    0.6250511546577154    0.2500204618630862    3.697042672001771e-14
195    0.6250511546576967    0.2500204618630787    4.446443213623752e-14
196    0.6250511546576722    0.2500204618630689    5.42343947529389e-14
197    0.6250511546576425    0.250020461863057    6.616929226765933e-14
198    0.625051154657606    0.2500204618630424    8.076872504148014e-14
199    0.6250511546575608    0.2500204618630243    9.886536034287019e-14
200    0.6250511546575042    0.25002046186300164    1.2151391004522338e-13
201    0.6250511546574342    0.25002046186297366    1.4949153026577733e-13
202    0.6250511546573445    0.2500204618629378    1.8535173396116988e-13
203    0.625051154657229    0.2500204618628916    2.315370117855764e-13
204    0.6250511546570756    0.2500204618628302    2.9293234504734755e-13
205    0.625051154656866    0.2500204618627464    3.7675418340654687e-13
206    0.6250511546565701    0.25002046186262805    4.951039578315886e-13
207    0.6250511546561306    0.25002046186245225    6.709077737809821e-13
208    0.6250511546554566    0.25002046186218263    9.405254353112014e-13
209    0.6250511546543663    0.25002046186174653    1.3766210393839629e-12
210    0.6250511546525581    0.2500204618610232    2.0999313399272523e-12
211    0.625051154649422    0.2500204618597688    3.3543723354512167e-12
212    0.6250511546439319    0.25002046185757276    5.550393478159776e-12
213    0.6250511546339993    0.2500204618535997    9.523437594083362e-12
214    0.6250511546160664    0.25002046184642657    1.6696588556186498e-11
215    0.6250511545828846    0.25002046183315385    2.9969304815580244e-11
216    0.6250511545220374    0.250020461808815    5.430816907292524e-11
217    0.6250511544082007    0.2500204617632803    9.984285620490141e-11
218    0.6250511541978174    0.25002046167912695    1.839962071592538e-10
219    0.6250511538021163    0.2500204615208465    3.422766514660225e-10
220    0.6250511530677917    0.2500204612271167    6.360064697119583e-10
221    0.6250511516829359    0.25002046067317435    1.1899488061573038e-09
222    0.6250511491065159    0.2500204596426064    2.2205167704569817e-09
223    0.6250511442403904    0.25002045769615616    4.166966993679466e-09
224    0.6250511351704434    0.25002045406817736    7.794945799943775e-09
225    0.6250511180229072    0.2500204472091629    1.4653960267452248e-08
226    0.6250510860080396    0.25002043440321586    2.745990729247083e-08
227    0.6250510254327901    0.25002041017311605    5.169000710791849e-08
228    0.6250509121413597    0.2500203648565439    9.700657926936529e-08
229    0.6250506976204799    0.25002027904819196    1.8281493119332026e-07
230    0.625050295633308    0.2500201182533232    3.436097999465204e-07
231    0.6250495338474922    0.2500198135389969    6.483241262733586e-07
232    0.6250481031052186    0.25001924124208746    1.220621035691316e-06
233    0.6250453893182851    0.25001815572731406    2.306135809093668e-06
234    0.6250402783935554    0.25001611135742213    4.350505701022911e-06
235    0.6250305737557033    0.2500122295022813    8.232360841853303e-06
236    0.6250122339275056    0.25000489357100225    1.556829212090438e-05
237    0.6249773643621643    0.24999094574486572    2.9516118257438828e-05
238    0.6249111758425006    0.2499644703370002    5.599152612295599e-05
239    0.6247851208486345    0.2499140483394538    0.00010641352366935752
240    0.6245444361117103    0.24981777444468412    0.00020268741843904037
241    0.624085054702358    0.2496340218809432    0.00038643998217996467
242    0.623200824555014    0.24928032982200563    0.0007401320411175305
243    0.6215083548879416    0.24860334195517664    0.001417119907946518
244    0.6182134871410568    0.24728539485642273    0.0027350670067004257
245    0.6118858064310141    0.24475432257240562    0.005266139290717536
246    0.599367982464704    0.2397471929858816    0.01027326887724156
247    0.5752525899646374    0.23010103598585493    0.01991942587726822
248    0.5263234020624425    0.210529360824977    0.039491101038146154
249    0.4298456704689982    0.17193826818759927    0.07808219367552388
250    0.0    0.0710753318959814    0.17894512996714174
251    0.0    0.046812566299369515    0.20320789556375363
252    0.0    0.035897192999260585    0.21412326886386257
253    0.0    0.028645808183748588    0.22137465367937456
254    0.0    0.024525544283242207    0.22549491757988094
255    0.0    0.020780949247479086    0.22923951261564407
256    0.0    0.018735428546762984    0.23128503331636016
257    0.0    0.016329533791457632    0.23369092807166553
258    0.0    0.015201779141700233    0.23481868272142292
259    0.0    0.013454089273882145    0.23656637258924101
260    0.0    0.012815204001147568    0.23720525786197558
261    0.0    0.011440944184624664    0.2385795176784985
262    0.0    0.011093958203311525    0.23892650365981163
263    0.0    0.009952312848591998    0.24006814901453116
264    0.0    0.00979376508395014    0.24022669677917302
265    0.0    0.008806946233064062    0.2412135156300591
266    0.0    0.008777186631933094    0.24124327523119007
267    0.0    0.007898664942560354    0.2421217969205628
268    0.0    0.007960852095026453    0.2420596097680967
269    0.0    0.007161069158619022    0.24285939270450413
270    0.0    0.0072912074609628175    0.24272925440216034
271    0.0    0.00655047721836149    0.24346998464476166
272    0.0    0.006732261973820555    0.24328819988930261
273    0.0    0.006036963453154985    0.24398349840996816
274    0.0    0.006258926023317254    0.2437615358398059
275    0.0    0.005599333227359348    0.24442112863576382
276    0.0    0.005853170881203405    0.24416729098191975
277    0.0    0.005222152841696273    0.24479830902142688
278    0.0    0.005501706463107568    0.24451875540001558
279    0.0    0.004893915640711695    0.24512654622241145
280    0.0    0.005194519739738601    0.24482594212338454
281    0.0    0.00460586723698935    0.2454145946261338
282    0.0    0.0049239230542345745    0.24509653880888857
283    0.0    0.004351228915157393    0.24566923294796578
284    0.0    0.004683916082440782    0.24533654578068237
285    0.0    0.004124670091832048    0.24589579177129112
286    0.0    0.004469747056947374    0.24555071480617577
287    0.0    0.003921941328424302    0.24609852053469886
288    0.0    0.004277604210241183    0.24574285765288198
289    0.0    0.003739613617407186    0.24628084824571597
290    0.0    0.004104394456788362    0.2459160674063348
291    0.0    0.0035748896776244313    0.24644557218549873
292    0.0    0.003947581823050989    0.24607288004007216
293    0.0    0.003425465068791176    0.24659499679433197
294    0.0    0.0038050676121564285    0.24621539425096672
295    0.0    0.003289424423238727    0.24673103743988442
296    0.0    0.0036751002423139074    0.24634536162080925
297    0.0    0.0031651628523686713    0.24685529901075448
298    0.0    0.0035562065247383458    0.2464642553383848
299    0.0    0.0030513256782489805    0.24696913618487418
300    0.0    0.0034471386593555578    0.2465733232037676
301    0.0    0.0029467616915457794    0.24707370017157737
302    0.0    0.0033468329080683875    0.24667362895505476
303    0.0    0.0028504865217435123    0.24716997534137963
304    0.0    0.003254377050517133    0.24676608481260603
305    0.0    0.0027616536563945097    0.24725880820672866
306    0.0    0.003168984519689572    0.24685147734343357
307    0.0    0.0026795313089956778    0.24734093055412748
308    0.0    0.003089973671175266    0.24693048819194788
309    0.0    0.002603483803781231    0.24741697805934193
310    0.0    0.003016751035922192    0.24700371082720096
311    0.0    0.002532956481458714    0.24748750538166445
312    0.0    0.0029487976918059953    0.24707166417131715
313    0.0    0.002467463373318725    0.24755299848980444
314    0.0    0.0028856580974712717    0.2471348037656519
315    0.0    0.0024065770696278938    0.24761388479349528
316    0.0    0.0028269308853181496    0.247193530977805
317    0.0    0.0023499203404267737    0.24767054152269638
318    0.0    0.002772261224749737    0.2472482006383734
319    0.0    0.002297159165789503    0.24772330269733364
320    0.0    0.0027213344526535346    0.2472991274104696
321    0.0    0.0022479969072847395    0.2477724649558384
322    0.0    0.002673870733203666    0.2473465911299195
323    0.0    0.0022021694092657597    0.2478182924538574
324    0.0    0.0026296205588619563    0.2473908413042612
325    0.0    0.00215944086227649    0.24786102100084667
326    0.0    0.0025883609428236434    0.24743210092029952
327    0.0    0.002119600294647582    0.24790086156847557
328    0.0    0.002549892182950936    0.24747056968017223
329    0.0    0.002082458584677513    0.24793800327844565
330    0.0    0.0025140351005270194    0.24750642676259613
331    0.0    0.002047845906436163    0.247972615956687
332    0.0    0.002480628675498898    0.24753983318762426
333    0.0    0.0020156095385410605    0.24800485232458208
334    0.0    0.00244952801440118    0.24757093384872197
335    0.0    0.0019856119782010106    0.24803484988492214
336    0.0    0.0024206025987149266    0.24759985926440822
337    0.0    0.0019577293131799066    0.24806273254994324
338    0.0    0.0023937347707021737    0.24762672709242098
339    0.0    0.0019318498126480663    0.24808861205047508
340    0.0    0.00236881842121555    0.2476516434419076
341    0.0    0.001907872704608788    0.24811258915851436
342    0.0    0.002345757850045941    0.2476747040130772
343    0.0    0.0018857071130525171    0.24813475475007063
344    0.0    0.002324466774296437    0.24769599508882673
345    0.0    0.0018652711324414985    0.24815519073068165
346    0.0    0.0023048674643017506    0.2477155943988214
347    0.0    0.0018464910207860407    0.2481739708423371
348    0.0    0.002286889989940145    0.247733571873183
349    0.0    0.0018293004955904698    0.2481911613675327
350    0.0    0.002270471562911514    0.24774999030021164
351    0.0    0.0018136401194374773    0.2482068217436857
352    0.0    0.0022555559628478906    0.24776490590027528
353    0.0    0.001799456764066892    0.24822100509905626
354    0.0    0.0022420930370110523    0.2477783688261121
355    0.0    0.001786703143536665    0.2482337587195865
356    0.0    0.0022300382649338988    0.24779042359818926
357    0.0    0.0017753374085222626    0.2482451244546009
358    0.0    0.0022193523807055335    0.24780110948241763
359    0.0    0.0017653227950484695    0.2482551390680747
360    0.0    0.0022100010467387887    0.24781046081638436
361    0.0    0.0017566273220018089    0.24826383454112136
362    0.0    0.0022019545738413385    0.24781850728928181
363    0.0    0.0017492235326746336    0.24827123833044853
364    0.0    0.0021951876832438447    0.24782527417987932
365    0.0    0.0017430882763759463    0.2482773735867472
366    0.0    0.002189679306974605    0.24783078255614854
367    0.0    0.0017382025268262893    0.24828225933629686
368    0.0    0.002185412423603145    0.24783504943952
369    0.0    0.0017345512346510267    0.24828591062847213
370    0.0    0.002182373926948259    0.2478380879361749
371    0.0    0.0017321232118274418    0.2482883386512957
372    0.0    0.0021805545258496775    0.24783990733727349
373    0.0    0.001730911046424733    0.24828955081669843
374    0.0    0.0021799486735736254    0.24784051318954953
375    0.0    0.0017309110464247936    0.24828955081669837
376    0.0    0.002180554525849751    0.2478399073372734
377    0.0    0.0017321232118273629    0.2482883386512958
378    0.0    0.0021823739269483926    0.24783808793617476
379    0.0    0.0017345512346508222    0.24828591062847233
380    0.0    0.002185412423603273    0.2478350494395199
381    0.0    0.0017382025268262416    0.2482822593362969
382    0.0    0.002189679306974647    0.24783078255614852
383    0.0    0.0017430882763757522    0.2482773735867474
384    0.0    0.0021951876832437987    0.24782527417987935
385    0.0    0.0017492235326745022    0.24827123833044865
386    0.0    0.0022019545738413034    0.24781850728928184
387    0.0    0.0017566273220018871    0.24826383454112128
388    0.0    0.002210001046738908    0.24781046081638425
389    0.0    0.0017653227950485755    0.2482551390680746
390    0.0    0.0022193523807056267    0.24780110948241754
391    0.0    0.0017753374085221281    0.24824512445460103
392    0.0    0.002230038264933854    0.2477904235981893
393    0.0    0.0017867031435366363    0.24823375871958653
394    0.0    0.0022420930370110792    0.24777836882611207
395    0.0    0.0017994567640667615    0.2482210050990564
396    0.0    0.002255555962847834    0.24776490590027533
397    0.0    0.0018136401194372759    0.24820682174368588
398    0.0    0.0022704715629114857    0.24774999030021166
399    0.0    0.001829300495590446    0.24819116136753272
400    0.0    0.002286889989940066    0.2477335718731831
401    0.0    0.00184649102078631    0.24817397084233683
402    0.0    0.00230486746430177    0.24771559439882138
403    0.0    0.001865271132441707    0.24815519073068146
404    0.0    0.0023244667742965673    0.2476959950888266
405    0.0    0.0018857071130527674    0.24813475475007038
406    0.0    0.0023457578500461363    0.247674704013077
407    0.0    0.001907872704608974    0.24811258915851417
408    0.0    0.0023688184212156487    0.24765164344190752
409    0.0    0.0019318498126484162    0.24808861205047475
410    0.0    0.0023937347707024144    0.24762672709242073
411    0.0    0.0019577293131803016    0.24806273254994285
412    0.0    0.0024206025987151014    0.24759985926440806
413    0.0    0.0019856119782011065    0.24803484988492205
414    0.0    0.0024495280144012036    0.24757093384872195
415    0.0    0.002015609538541311    0.24800485232458183
416    0.0    0.002480628675498978    0.24753983318762418
417    0.0    0.0020478459064364896    0.24797261595668665
418    0.0    0.002514035100527055    0.2475064267625961
419    0.0    0.0020824585846778002    0.24793800327844537
420    0.0    0.002549892182951194    0.24747056968017195
421    0.0    0.0021196002946479455    0.2479008615684752
422    0.0    0.002588360942824021    0.24743210092029913
423    0.0    0.0021594408622767755    0.2478610210008464
424    0.0    0.0026296205588620465    0.24739084130426112
425    0.0    0.002202169409266126    0.24781829245385703
426    0.0    0.0026738707332038623    0.2473465911299193
427    0.0    0.0022479969072848396    0.24777246495583832
428    0.0    0.00272133445265354    0.2472991274104696
429    0.0    0.002297159165789643    0.2477233026973335
430    0.0    0.00277226122474991    0.24724820063837324
431    0.0    0.002349920340427042    0.2476705415226961
432    0.0    0.00282693088531828    0.2471935309778049
433    0.0    0.002406577069628008    0.24761388479349514
434    0.0    0.002885658097471354    0.2471348037656518
435    0.0    0.0024674633733189127    0.24755299848980425
436    0.0    0.002948797691805995    0.24707166417131715
437    0.0    0.0025329564814588574    0.2474875053816643
438    0.0    0.003016751035922173    0.247003710827201
439    0.0    0.002603483803781505    0.24741697805934165
440    0.0    0.0030899736711752553    0.2469304881919479
441    0.0    0.0026795313089958265    0.24734093055412734
442    0.0    0.003168984519689488    0.24685147734343366
443    0.0    0.002761653656394709    0.24725880820672844
444    0.0    0.0032543770505171076    0.24676608481260603
445    0.0    0.002850486521743577    0.24716997534137958
446    0.0    0.0033468329080683454    0.24667362895505482
447    0.0    0.0029467616915458557    0.2470737001715773
448    0.0    0.003447138659355673    0.24657332320376749
449    0.0    0.0030513256782491245    0.24696913618487404
450    0.0    0.0035562065247383753    0.24646425533838479
451    0.0    0.003165162852368747    0.2468552990107544
452    0.0    0.0036751002423139664    0.2463453616208092
453    0.0    0.0032894244232389448    0.2467310374398842
454    0.0    0.003805067612156708    0.24621539425096645
455    0.0    0.003425465068791186    0.24659499679433197
456    0.0    0.00394758182305137    0.24607288004007177
457    0.0    0.0035748896776244847    0.24644557218549867
458    0.0    0.004104394456788672    0.24591606740633448
459    0.0    0.003739613617407246    0.24628084824571592
460    0.0    0.004277604210241302    0.24574285765288184
461    0.0    0.003921941328424466    0.2460985205346987
462    0.0    0.004469747056947616    0.24555071480617555
463    0.0    0.004124670091832253    0.2458957917712909
464    0.0    0.004683916082441057    0.2453365457806821
465    0.0    0.004351228915157709    0.24566923294796544
466    0.0    0.004923923054234635    0.24509653880888851
467    0.0    0.004605867236989617    0.24541459462613355
468    0.0    0.005194519739738776    0.24482594212338438
469    0.0    0.004893915640711735    0.24512654622241142
470    0.0    0.005501706463107732    0.24451875540001541
471    0.0    0.00522215284169629    0.24479830902142685
472    0.0    0.005853170881203353    0.2441672909819198
473    0.0    0.005599333227359221    0.24442112863576393
474    0.0    0.006258926023317444    0.2437615358398057
475    0.0    0.006036963453154816    0.24398349840996833
476    0.0    0.0067322619738207365    0.24328819988930242
477    0.0    0.006550477218361581    0.24346998464476158
478    0.0    0.007291207460963031    0.24272925440216012
479    0.0    0.007161069158619031    0.24285939270450413
480    0.0    0.007960852095026616    0.24205960976809654
481    0.0    0.007898664942560382    0.24212179692056277
482    0.0    0.008777186631933179    0.24124327523119
483    0.0    0.00880694623306407    0.24121351563005908
484    0.0    0.009793765083950192    0.24022669677917297
485    0.0    0.009952312848591905    0.24006814901453125
486    0.0    0.01109395820331152    0.23892650365981163
487    0.0    0.011440944184624696    0.23857951767849847
488    0.0    0.012815204001147659    0.2372052578619755
489    0.0    0.013454089273881798    0.23656637258924135
490    0.0    0.015201779141700305    0.23481868272142284
491    0.0    0.016329533791457344    0.2336909280716658
492    0.0    0.018735428546763046    0.2312850333163601
493    0.0    0.020780949247479075    0.22923951261564407
494    0.0    0.024525544283242356    0.2254949175798808
495    0.0    0.02864580818374833    0.2213746536793748
496    0.0    0.03589719299926083    0.21412326886386232
497    0.0    0.04681256629936918    0.20320789556375396
498    0.0    0.07107533189598196    0.17894512996714118
499    0.4298456704689968    0.17193826818759872    0.07808219367552444
