0    0.8536142231895456    0.2845380743965152    0.02576726308416105
1    0.9031065308689072    0.30103551028963577    0.00926982719104047
2    0.9201501552770104    0.3067167184256701    0.003588619055006126
3    0.9268910377658932    0.3089636792552977    0.001341658225378517
4    0.9293450623492513    0.30978168744975043    0.0005236500309258041
5    0.9303160428581124    0.3101053476193708    0.0001999898613054274
6    0.9306805896318989    0.310226863210633    7.847427004326057e-05
7    0.9308249315276353    0.31027497717587843    3.036030479780516e-05
8    0.9308801404152158    0.3102933801384053    1.1957342270940696e-05
9    0.9309020152802947    0.31030067176009823    4.665720578000965e-06
10    0.9309104844168938    0.3103034948056313    1.8426750449385132e-06
11    0.9309138422792436    0.3103046140930812    7.2338759504742e-07
12    0.9309151534408768    0.31030505114695894    2.8633371729203105e-07
13    0.93091567364026    0.3103052245467533    1.1293392293554305e-07
14    0.9309158780592568    0.31030529268641893    4.4794257303415463e-08
15    0.9309159592216869    0.3103053197405623    1.7740113933406576e-08
16    0.9309159912782308    0.31030533042607694    7.054599293621067e-09
17    0.9309160040190974    0.31030533467303245    2.8076437841306756e-09
18    0.9309160090751033    0.31030533635836777    1.1223084683820161e-09
19    0.9309160110888943    0.3103053370296314    4.5104481261049045e-10
20    0.9309160118929418    0.31030533729764725    1.8302898086020036e-10
21    0.9309160122151382    0.31030533740504607    7.563016879430506e-11
22    0.9309160123454636    0.3103053374484879    3.2188363086049776e-11
23    0.9309160123987292    0.31030533746624306    1.4433176875883191e-11
24    0.9309160124210887    0.3103053374736962    6.9800276669695904e-12
25    0.9309160124308133    0.3103053374769378    3.73845399082029e-12
26    0.930916012435338    0.31030533747844596    2.2302715230182457e-12
27    0.9309160124376269    0.31030533747920896    1.4672707493446069e-12
28    0.9309160124389206    0.31030533747964023    1.0360046154289648e-12
29    0.9309160124397302    0.31030533747991007    7.661649092938205e-13
30    0.9309160124402818    0.3103053374800939    5.823119764158946e-13
31    0.9309160124406788    0.31030533748022626    4.4997339188057595e-13
32    0.9309160124409768    0.31030533748032557    3.506639423278557e-13
33    0.9309160124412039    0.3103053374804013    2.7494673204842e-13
34    0.9309160124413799    0.31030533748045996    2.162714451969805e-13
35    0.930916012441517    0.31030533748050565    1.705857677336553e-13
36    0.9309160124416257    0.3103053374805419    1.3433698597964394e-13
37    0.9309160124417097    0.31030533748056993    1.0630385460785874e-13
38    0.9309160124417766    0.3103053374805922    8.404388296412435e-14
39    0.9309160124418282    0.3103053374806094    6.683542608243442e-14
40    0.9309160124418708    0.3103053374806236    5.262457136723242e-14
41    0.9309160124419031    0.3103053374806344    4.18554080283684e-14
42    0.9309160124419291    0.31030533748064304    3.319566843629218e-14
43    0.9309160124419498    0.3103053374806499    2.631228568361621e-14
44    0.9309160124419661    0.31030533748065536    2.0872192862952943e-14
45    0.9309160124419784    0.31030533748065947    1.6764367671839864e-14
46    0.9309160124419891    0.310305337480663    1.3211653993039363e-14
47    0.9309160124419977    0.3103053374806659    1.0325074129013956e-14
48    0.9309160124420041    0.310305337480668    8.215650382226158e-15
49    0.9309160124420086    0.3103053374806695    6.716849298982197e-15
50    0.9309160124420117    0.3103053374806706    5.662137425588298e-15
51    0.930916012442015    0.3103053374806717    4.551914400963142e-15
52    0.9309160124420184    0.3103053374806728    3.4416913763379853e-15
53    0.9309160124420204    0.31030533748067346    2.7755575615628914e-15
54    0.9309160124420217    0.3103053374806739    2.3314683517128287e-15
55    0.930916012442024    0.3103053374806747    1.5543122344752192e-15
56    0.930916012442024    0.3103053374806747    1.5543122344752192e-15
57    0.9309160124420259    0.3103053374806753    9.43689570931383e-16
58    0.9309160124420264    0.31030533748067546    7.771561172376096e-16
59    0.9309160124420268    0.3103053374806756    6.106226635438361e-16
60    0.9309160124420268    0.3103053374806756    6.106226635438361e-16
61    0.9309160124420264    0.31030533748067546    7.771561172376096e-16
62    0.9309160124420274    0.3103053374806758    4.440892098500626e-16
63    0.9309160124420277    0.3103053374806759    3.3306690738754696e-16
64    0.9309160124420274    0.3103053374806758    4.440892098500626e-16
65    0.9309160124420282    0.31030533748067607    1.6653345369377348e-16
66    0.9309160124420277    0.3103053374806759    3.3306690738754696e-16
67    0.9309160124420284    0.3103053374806761    1.1102230246251565e-16
68    0.9309160124420287    0.31030533748067624    0.0
69    0.9309160124420286    0.3103053374806762    5.551115123125783e-17
70    0.9309160124420282    0.31030533748067607    1.6653345369377348e-16
71    0.9309160124420287    0.31030533748067624    0.0
72    0.9309160124420282    0.31030533748067607    1.6653345369377348e-16
73    0.930916012442029    0.31030533748067635    1.1102230246251565e-16
74    0.9309160124420287    0.31030533748067624    0.0
75    0.9309160124420288    0.3103053374806763    5.551115123125783e-17
76    0.930916012442029    0.31030533748067635    1.1102230246251565e-16
77    0.930916012442028    0.310305337480676    2.220446049250313e-16
78    0.930916012442029    0.31030533748067635    1.1102230246251565e-16
79    0.9309160124420286    0.3103053374806762    5.551115123125783e-17
80    0.9309160124420294    0.31030533748067646    2.220446049250313e-16
81    0.930916012442029    0.31030533748067635    1.1102230246251565e-16
82    0.930916012442028    0.310305337480676    2.220446049250313e-16
83    0.9309160124420279    0.31030533748067596    2.7755575615628914e-16
84    0.9309160124420277    0.3103053374806759    3.3306690738754696e-16
85    0.930916012442029    0.31030533748067635    1.1102230246251565e-16
86    0.9309160124420294    0.31030533748067646    2.220446049250313e-16
87    0.9309160124420286    0.3103053374806762    5.551115123125783e-17
88    0.9309160124420293    0.3103053374806764    1.6653345369377348e-16
89    0.9309160124420294    0.31030533748067646    2.220446049250313e-16
90    0.930916012442029    0.31030533748067635    1.1102230246251565e-16
91    0.9309160124420284    0.3103053374806761    1.1102230246251565e-16
92    0.930916012442029    0.31030533748067635    1.1102230246251565e-16
93    0.9309160124420287    0.31030533748067624    0.0
94    0.9309160124420297    0.31030533748067657    3.3306690738754696e-16
95    0.9309160124420284    0.3103053374806761    1.1102230246251565e-16
96    0.9309160124420297    0.31030533748067657    3.3306690738754696e-16
97    0.9309160124420287    0.31030533748067624    0.0
98    0.9309160124420297    0.31030533748067657    3.3306690738754696e-16
99    0.9309160124420288    0.3103053374806763    5.551115123125783e-17
100    0.9309160124420287    0.31030533748067624    0.0
101    0.930916012442028    0.310305337480676    2.220446049250313e-16
102    0.930916012442028    0.310305337480676    2.220446049250313e-16
103    0.9309160124420284    0.3103053374806761    1.1102230246251565e-16
104    0.9309160124420287    0.31030533748067624    0.0
105    0.930916012442029    0.31030533748067635    1.1102230246251565e-16
106    0.9309160124420287    0.31030533748067624    0.0
107    0.9309160124420284    0.3103053374806761    1.1102230246251565e-16
108    0.930916012442029    0.31030533748067635    1.1102230246251565e-16
109    0.9309160124420293    0.3103053374806764    1.6653345369377348e-16
110    0.930916012442029    0.31030533748067635    1.1102230246251565e-16
111    0.9309160124420293    0.3103053374806764    1.6653345369377348e-16
112    0.9309160124420287    0.31030533748067624    0.0
113    0.9309160124420294    0.31030533748067646    2.220446049250313e-16
114    0.9309160124420287    0.31030533748067624    0.0
115    0.930916012442029    0.31030533748067635    1.1102230246251565e-16
116    0.930916012442029    0.31030533748067635    1.1102230246251565e-16
117    0.9309160124420293    0.3103053374806764    1.6653345369377348e-16
118    0.9309160124420287    0.31030533748067624    0.0
119    0.930916012442029    0.31030533748067635    1.1102230246251565e-16
120    0.9309160124420282    0.31030533748067607    1.6653345369377348e-16
121    0.9309160124420287    0.31030533748067624    0.0
122    0.930916012442029    0.31030533748067635    1.1102230246251565e-16
123    0.9309160124420294    0.31030533748067646    2.220446049250313e-16
124    0.930916012442029    0.31030533748067635    1.1102230246251565e-16
125    0.9309160124420287    0.31030533748067624    0.0
126    0.930916012442028    0.310305337480676    2.220446049250313e-16
127    0.9309160124420294    0.31030533748067646    2.220446049250313e-16
128    0.9309160124420284    0.3103053374806761    1.1102230246251565e-16
129    0.9309160124420293    0.3103053374806764    1.6653345369377348e-16
130    0.930916012442029    0.31030533748067635    1.1102230246251565e-16
131    0.9309160124420304    0.3103053374806768    5.551115123125783e-16
132    0.9309160124420294    0.31030533748067646    2.220446049250313e-16
133    0.9309160124420287    0.31030533748067624    0.0
134    0.9309160124420287    0.31030533748067624    0.0
135    0.9309160124420287    0.31030533748067624    0.0
136    0.9309160124420284    0.3103053374806761    1.1102230246251565e-16
137    0.930916012442029    0.31030533748067635    1.1102230246251565e-16
138    0.9309160124420293    0.3103053374806764    1.6653345369377348e-16
139    0.930916012442029    0.31030533748067635    1.1102230246251565e-16
140    0.930916012442029    0.31030533748067635    1.1102230246251565e-16
141    0.9309160124420284    0.3103053374806761    1.1102230246251565e-16
142    0.9309160124420297    0.31030533748067657    3.3306690738754696e-16
143    0.9309160124420293    0.3103053374806764    1.6653345369377348e-16
144    0.9309160124420294    0.31030533748067646    2.220446049250313e-16
145    0.9309160124420286    0.3103053374806762    5.551115123125783e-17
146    0.9309160124420288    0.3103053374806763    5.551115123125783e-17
147    0.9309160124420284    0.3103053374806761    1.1102230246251565e-16
148    0.9309160124420294    0.31030533748067646    2.220446049250313e-16
149    0.9309160124420287    0.31030533748067624    0.0
150    0.9309160124420295    0.3103053374806765    2.7755575615628914e-16
151    0.9309160124420286    0.3103053374806762    5.551115123125783e-17
152    0.9309160124420299    0.3103053374806766    3.885780586188048e-16
153    0.9309160124420287    0.31030533748067624    0.0
154    0.930916012442029    0.31030533748067635    1.1102230246251565e-16
155    0.9309160124420294    0.31030533748067646    2.220446049250313e-16
156    0.930916012442029    0.31030533748067635    1.1102230246251565e-16
157    0.9309160124420288    0.3103053374806763    5.551115123125783e-17
158    0.9309160124420294    0.31030533748067646    2.220446049250313e-16
159    0.9309160124420284    0.3103053374806761    1.1102230246251565e-16
160    0.9309160124420286    0.3103053374806762    5.551115123125783e-17
161    0.9309160124420287    0.31030533748067624    0.0
162    0.9309160124420294    0.31030533748067646    2.220446049250313e-16
163    0.930916012442029    0.31030533748067635    1.1102230246251565e-16
164    0.930916012442029    0.31030533748067635    1.1102230246251565e-16
165    0.9309160124420284    0.3103053374806761    1.1102230246251565e-16
166    0.930916012442029    0.31030533748067635    1.1102230246251565e-16
167    0.930916012442029    0.31030533748067635    1.1102230246251565e-16
168    0.930916012442029    0.31030533748067635    1.1102230246251565e-16
169    0.9309160124420286    0.3103053374806762    5.551115123125783e-17
170    0.930916012442028    0.310305337480676    2.220446049250313e-16
171    0.9309160124420284    0.3103053374806761    1.1102230246251565e-16
172    0.9309160124420287    0.31030533748067624    0.0
173    0.930916012442028    0.310305337480676    2.220446049250313e-16
174    0.930916012442028    0.310305337480676    2.220446049250313e-16
175    0.9309160124420287    0.31030533748067624    0.0
176    0.9309160124420284    0.3103053374806761    1.1102230246251565e-16
177    0.9309160124420284    0.3103053374806761    1.1102230246251565e-16
178    0.9309160124420284    0.3103053374806761    1.1102230246251565e-16
179    0.9309160124420286    0.3103053374806762    5.551115123125783e-17
180    0.930916012442029    0.31030533748067635    1.1102230246251565e-16
181    0.930916012442029    0.31030533748067635    1.1102230246251565e-16
182    0.9309160124420284    0.3103053374806761    1.1102230246251565e-16
183    0.9309160124420284    0.3103053374806761    1.1102230246251565e-16
184    0.9309160124420273    0.31030533748067574    4.996003610813204e-16
185    0.9309160124420282    0.31030533748067607    1.6653345369377348e-16
186    0.9309160124420279    0.31030533748067596    2.7755575615628914e-16
187    0.9309160124420277    0.3103053374806759    3.3306690738754696e-16
188    0.930916012442027    0.3103053374806757    5.551115123125783e-16
189    0.930916012442027    0.3103053374806757    5.551115123125783e-16
190    0.930916012442026    0.31030533748067535    8.881784197001252e-16
191    0.9309160124420253    0.31030533748067507    1.1657341758564144e-15
192    0.9309160124420242    0.31030533748067474    1.4988010832439613e-15
193    0.9309160124420226    0.3103053374806742    2.0539125955565396e-15
194    0.9309160124420222    0.31030533748067407    2.1649348980190553e-15
195    0.9309160124420207    0.31030533748067357    2.6645352591003757e-15
196    0.9309160124420177    0.31030533748067257    3.6637359812630166e-15
197    0.9309160124420157    0.3103053374806719    4.3298697960381105e-15
198    0.9309160124420117    0.3103053374806706    5.662137425588298e-15
199    0.930916012442008    0.3103053374806693    6.938893903907228e-15
200    0.9309160124420037    0.3103053374806679    8.326672684688674e-15
201    0.9309160124419968    0.31030533748066563    1.0602629885170245e-14
202    0.9309160124419887    0.3103053374806629    1.3322676295501878e-14
203    0.9309160124419794    0.3103053374806598    1.6431300764452317e-14
204    0.930916012441966    0.3103053374806553    2.09277040141842e-14
205    0.9309160124419491    0.3103053374806497    2.653433028854124e-14
206    0.9309160124419288    0.31030533748064293    3.3306690738754696e-14
207    0.9309160124419025    0.31030533748063416    4.207745263329343e-14
208    0.9309160124418703    0.31030533748062344    5.2791104820926193e-14
209    0.9309160124418285    0.3103053374806095    6.672440377997191e-14
210    0.9309160124417759    0.31030533748059197    8.426592756904938e-14
211    0.9309160124417103    0.3103053374805701    1.0613732115416497e-13
212    0.9309160124416254    0.3103053374805418    1.3444800828210646e-13
213    0.9309160124415166    0.31030533748050554    1.7069679003611782e-13
214    0.9309160124413802    0.3103053374804601    2.1616042289451798e-13
215    0.930916012441204    0.31030533748040134    2.7489122089718876e-13
216    0.9309160124409765    0.3103053374803255    3.5071945347908695e-13
217    0.9309160124406785    0.31030533748022615    4.5008441418303846e-13
218    0.9309160124402814    0.3103053374800938    5.824229987183571e-13
219    0.9309160124397291    0.3103053374799097    7.665534873524393e-13
220    0.9309160124389212    0.3103053374796404    1.035838081975271e-12
221    0.9309160124376282    0.3103053374792094    1.4668266601347568e-12
222    0.9309160124353366    0.3103053374784455    2.2307156122280958e-12
223    0.9309160124308133    0.3103053374769378    3.73845399082029e-12
224    0.930916012421088    0.310305337473696    6.9802497115745155e-12
225    0.9309160123987297    0.3103053374662432    1.4433010342429498e-11
226    0.930916012345464    0.310305337448488    3.2188252063747314e-11
227    0.9309160122151394    0.31030533740504646    7.562978021624644e-11
228    0.930916011892942    0.31030533729764737    1.830288698378979e-10
229    0.9309160110888937    0.3103053370296312    4.510450346550954e-10
230    0.9309160090751033    0.31030533635836777    1.1223084683820161e-09
231    0.9309160040190974    0.31030533467303245    2.8076437841306756e-09
232    0.9309159912782314    0.31030533042607716    7.054599071576462e-09
233    0.9309159592216872    0.3103053197405624    1.7740113822384274e-08
234    0.9309158780592575    0.31030529268641915    4.479425708137086e-08
235    0.93091567364026    0.3103052245467533    1.1293392293554305e-07
236    0.9309151534408777    0.3103050511469592    2.863337170144753e-07
237    0.9309138422792427    0.3103046140930809    7.233875953249758e-07
238    0.9309104844168957    0.3103034948056319    1.8426750443278905e-06
239    0.9309020152802958    0.3103006717600986    4.665720577612387e-06
240    0.9308801404152174    0.3102933801384058    1.1957342270441096e-05
241    0.9308249315276353    0.31027497717587843    3.036030479780516e-05
242    0.9306805896318997    0.31022686321063325    7.847427004298302e-05
243    0.9303160428581114    0.3101053476193705    0.00019998986130576046
244    0.9293450623492514    0.3097816874497505    0.0005236500309257486
245    0.9268910377658933    0.3089636792552978    0.0013416582253784615
246    0.9201501552770113    0.30671671842567044    0.003588619055005793
247    0.9031065308689072    0.30103551028963577    0.00926982719104047
248    0.853614223189546    0.28453807439651535    0.025767263084160885
249    0.7272847161442972    0.24242823871476576    0.06787709876591047
250    0.0    0.08729559499729397    0.22300974248338226
251    0.0    0.053876653806581215    0.256428683674095
252    0.0    0.040102474305630034    0.2702028631750462
253    0.0    0.03101542930288497    0.27928990817779126
254    0.0    0.026384810665986767    0.2839205268146895
255    0.0    0.02181281800013597    0.2884925194805403
256    0.0    0.019764781486230485    0.2905405559944457
257    0.0    0.01681513369009006    0.29349020379058616
258    0.0    0.015855345404876257    0.29444999207579997
259    0.0    0.013672181591876033    0.2966331558888002
260    0.0    0.013273070874684068    0.2970322666059922
261    0.0    0.011512647222657662    0.2987926902580186
262    0.0    0.011440283863036783    0.29886505361763943
263    0.0    0.009937703530876627    0.3003676339497996
264    0.0    0.010072422220934874    0.3002329152597414
265    0.0    0.008738691805212874    0.3015666456754634
266    0.0    0.009012910165592768    0.3012924273150835
267    0.0    0.007795769698062395    0.30250956778261384
268    0.0    0.00816843183607487    0.3021369056446014
269    0.0    0.0070351742287102425    0.303270163251966
270    0.0    0.0074798989103676055    0.30282543857030864
271    0.0    0.006409007759621962    0.3038963297210543
272    0.0    0.006908070006385528    0.3033972674742907
273    0.0    0.0058848109175030925    0.30442052656317314
274    0.0    0.006425861076878738    0.3038794764037975
275    0.0    0.005439805002319832    0.3048655324783564
276    0.0    0.006013974942009424    0.3042913625386668
277    0.0    0.005057532966288416    0.3052478045143878
278    0.0    0.005658290222183721    0.3046470472584925
279    0.0    0.004725808589186231    0.30557952889149
280    0.0    0.005348235114095945    0.3049571023665803
281    0.0    0.004435415551701992    0.3058699219289742
282    0.0    0.005075738182460623    0.30522959929821564
283    0.0    0.004179254818600203    0.306126082662076
284    0.0    0.004834530605086461    0.30547080687558975
285    0.0    0.003951769854014127    0.3063535676266621
286    0.0    0.004619669766913212    0.30568566771376304
287    0.0    0.0037485494732083366    0.3065567880074679
288    0.0    0.004427206385486767    0.30587813109518946
289    0.0    0.003566047413298375    0.3067392900673779
290    0.0    0.004253947124864663    0.3060513903558116
291    0.0    0.003401380468237632    0.3069039570124386
292    0.0    0.004097282196593324    0.3062080552840829
293    0.0    0.0032521806532376423    0.3070531568274386
294    0.0    0.003955058096313544    0.3063502793843627
295    0.0    0.0031164852472079494    0.3071888522334683
296    0.0    0.0038254822656612142    0.30647985521501503
297    0.0    0.0029926538543058    0.30731268362637043
298    0.0    0.003707050710932318    0.30659828676974393
299    0.0    0.002879305043781618    0.3074260324368946
300    0.0    0.003598492378513174    0.30670684510216306
301    0.0    0.002775267380726162    0.3075300700999501
302    0.0    0.003498725929812455    0.3068066115508638
303    0.0    0.0026795411739589494    0.30762579630671727
304    0.0    0.0034068258070577306    0.3068985116736185
305    0.0    0.002591268301524454    0.3077140691791518
306    0.0    0.003321995341306051    0.3069833421393702
307    0.0    0.0025097081920578005    0.3077956292886184
308    0.0    0.0032435452553029494    0.3070617922253733
309    0.0    0.0024342185456999853    0.30787111893497626
310    0.0    0.003170876340068656    0.3071344611406076
311    0.0    0.002364239738872881    0.30794109774180334
312    0.0    0.003103465390149185    0.3072018720905271
313    0.0    0.002299282117746605    0.30800605536292963
314    0.0    0.0030408537048586303    0.3072644837758176
315    0.0    0.0022389155755791167    0.30806642190509714
316    0.0    0.002982637626211029    0.3073226998544652
317    0.0    0.002182760949704282    0.30812257653097197
318    0.0    0.0029284607055222868    0.30737687677515396
319    0.0    0.002130482878802289    0.30817485460187394
320    0.0    0.0028780071815402205    0.307427330299136
321    0.0    0.0020817838400425527    0.3082235536406337
322    0.0    0.0028309965217057954    0.3074743409589704
323    0.0    0.002036399145655802    0.30826893833502045
324    0.0    0.0027871788305659957    0.30751815865011023
325    0.0    0.001994092724409731    0.3083112447562665
326    0.0    0.002746330969665603    0.30755900651101065
327    0.0    0.0019546535489084315    0.3083506839317678
328    0.0    0.0027082532644619917    0.30759708421621423
329    0.0    0.0019178925971815345    0.3083874448834947
330    0.0    0.0026727666981694567    0.3076325707825068
331    0.0    0.0018836402586010778    0.30842169722207513
332    0.0    0.002639710511561987    0.30766562696911426
333    0.0    0.0018517441111587725    0.30845359336951744
334    0.0    0.002608940142890858    0.30769639733778537
335    0.0    0.0018220670106068792    0.30848327047006935
336    0.0    0.0025803254541004023    0.3077250120265758
337    0.0    0.0017944854427267385    0.3085108520379495
338    0.0    0.00255374919914181    0.3077515882815344
339    0.0    0.001768888098598643    0.3085364493820776
340    0.0    0.002529105697931466    0.30777623178274477
341    0.0    0.0017451746397148435    0.3085601628409614
342    0.0    0.0025062996857509925    0.30779903779492523
343    0.0    0.0017232546254075762    0.30858208285526867
344    0.0    0.0024852453129863847    0.30782009216768985
345    0.0    0.0017030465796707397    0.3086022909010055
346    0.0    0.0024658652742528655    0.3078394722064234
347    0.0    0.001684477178212897    0.30862086030246333
348    0.0    0.002448090049368912    0.3078572474313073
349    0.0    0.001667480539683261    0.308637856940993
350    0.0    0.0024318572414666344    0.3078734802392096
351    0.0    0.0016519976075748232    0.3086533398731014
352    0.0    0.0024171109998551905    0.30788822648082104
353    0.0    0.0016379756114470643    0.30866736186922916
354    0.0    0.0024038015172089355    0.3079015359634673
355    0.0    0.0016253675978819284    0.3086799698827943
356    0.0    0.0023918845922770845    0.30791345288839916
357    0.0    0.0016141320230977025    0.30869120545757855
358    0.0    0.0023813212506986993    0.30792401622997756
359    0.0    0.0016042324003998757    0.3087011050802764
360    0.0    0.0023720774176586414    0.3079332600630176
361    0.0    0.001595636996730997    0.30870970048394525
362    0.0    0.002364123637127344    0.3079412138435489
363    0.0    0.0015883185735002423    0.308717018907176
364    0.0    0.002357434833276282    0.30794790264739996
365    0.0    0.0015822541676712577    0.30872308331300496
366    0.0    0.0023519901104075607    0.3079533473702687
367    0.0    0.001577424909778351    0.3087279125708979
368    0.0    0.002347772588378448    0.3079575648922978
369    0.0    0.0015738158761529745    0.3087315216045233
370    0.0    0.0023447692710867525    0.3079605682095895
371    0.0    0.00157141597318766    0.3087339215074886
372    0.0    0.002342970946093243    0.307962366534583
373    0.0    0.0015702178519546917    0.3087351196287215
374    0.0    0.0023423721139317483    0.3079629653667445
375    0.0    0.0015702178519548726    0.30873511962872136
376    0.0    0.00234297094609319    0.30796236653458303
377    0.0    0.001571415973187527    0.3087339215074887
378    0.0    0.002344769271086325    0.3079605682095899
379    0.0    0.001573815876152939    0.3087315216045233
380    0.0    0.002347772588378246    0.307957564892298
381    0.0    0.0015774249097783891    0.3087279125708978
382    0.0    0.0023519901104072593    0.30795334737026897
383    0.0    0.0015822541676710155    0.30872308331300524
384    0.0    0.002357434833276046    0.3079479026474002
385    0.0    0.0015883185735001812    0.30871701890717607
386    0.0    0.0023641236371269797    0.3079412138435493
387    0.0    0.0015956369967309067    0.3087097004839453
388    0.0    0.0023720774176585035    0.30793326006301774
389    0.0    0.0016042324003999215    0.3087011050802763
390    0.0    0.00238132125069853    0.3079240162299777
391    0.0    0.0016141320230976515    0.3086912054575786
392    0.0    0.0023918845922768143    0.30791345288839944
393    0.0    0.0016253675978819446    0.3086799698827943
394    0.0    0.002403801517208663    0.3079015359634676
395    0.0    0.0016379756114471042    0.3086673618692291
396    0.0    0.0024171109998552443    0.307888226480821
397    0.0    0.001651997607574842    0.3086533398731014
398    0.0    0.002431857241466462    0.3078734802392098
399    0.0    0.001667480539683182    0.30863785694099305
400    0.0    0.002448090049369065    0.30785724743130716
401    0.0    0.0016844771782128988    0.30862086030246333
402    0.0    0.002465865274253098    0.30783947220642316
403    0.0    0.0017030465796705173    0.3086022909010057
404    0.0    0.002485245312986675    0.3078200921676896
405    0.0    0.0017232546254071052    0.3085820828552691
406    0.0    0.0025062996857509834    0.30779903779492523
407    0.0    0.0017451746397143396    0.3085601628409619
408    0.0    0.002529105697931494    0.3077762317827447
409    0.0    0.0017688880985982642    0.30853644938207797
410    0.0    0.00255374919914206    0.30775158828153415
411    0.0    0.0017944854427265442    0.3085108520379497
412    0.0    0.002580325454100331    0.30772501202657593
413    0.0    0.0018220670106068857    0.30848327047006935
414    0.0    0.0026089401428907692    0.3076963973377855
415    0.0    0.0018517441111586797    0.30845359336951755
416    0.0    0.002639710511561776    0.3076656269691145
417    0.0    0.0018836402586012357    0.308421697222075
418    0.0    0.00267276669816938    0.30763257078250683
419    0.0    0.0019178925971814885    0.30838744488349473
420    0.0    0.0027082532644618594    0.3075970842162144
421    0.0    0.0019546535489085837    0.3083506839317677
422    0.0    0.0027463309696655826    0.30755900651101065
423    0.0    0.0019940927244097803    0.3083112447562665
424    0.0    0.0027871788305661263    0.3075181586501101
425    0.0    0.0020363991456558    0.30826893833502045
426    0.0    0.0028309965217058366    0.3074743409589704
427    0.0    0.002081783840042668    0.3082235536406336
428    0.0    0.00287800718154034    0.3074273302991359
429    0.0    0.0021304828788021894    0.30817485460187405
430    0.0    0.0029284607055223783    0.30737687677515385
431    0.0    0.002182760949704343    0.3081225765309719
432    0.0    0.0029826376262109223    0.3073226998544653
433    0.0    0.002238915575578994    0.30806642190509725
434    0.0    0.0030408537048584303    0.30726448377581783
435    0.0    0.0022992821177461684    0.3080060553629301
436    0.0    0.0031034653901491965    0.307201872090527
437    0.0    0.002364239738872495    0.3079410977418037
438    0.0    0.0031708763400684487    0.3071344611406078
439    0.0    0.0024342185456995447    0.3078711189349767
440    0.0    0.0032435452553029216    0.30706179222537333
441    0.0    0.0025097081920576634    0.3077956292886186
442    0.0    0.0033219953413058823    0.30698334213937034
443    0.0    0.002591268301524229    0.307714069179152
444    0.0    0.0034068258070576833    0.30689851167361853
445    0.0    0.0026795411739587824    0.30762579630671744
446    0.0    0.003498725929812397    0.30680661155086386
447    0.0    0.0027752673807259374    0.3075300700999503
448    0.0    0.0035984923785127862    0.30670684510216345
449    0.0    0.002879305043781552    0.3074260324368947
450    0.0    0.0037070507109322032    0.30659828676974404
451    0.0    0.0029926538543056966    0.30731268362637054
452    0.0    0.003825482265661102    0.30647985521501514
453    0.0    0.003116485247207927    0.3071888522334683
454    0.0    0.003955058096313385    0.3063502793843629
455    0.0    0.0032521806532376457    0.3070531568274386
456    0.0    0.004097282196593144    0.30620805528408307
457    0.0    0.003401380468237557    0.30690395701243867
458    0.0    0.004253947124864477    0.30605139035581175
459    0.0    0.003566047413298457    0.30673929006737777
460    0.0    0.004427206385487062    0.3058781310951892
461    0.0    0.0037485494732081718    0.30655678800746805
462    0.0    0.004619669766913317    0.30568566771376293
463    0.0    0.003951769854013983    0.30635356762666227
464    0.0    0.004834530605086455    0.3054708068755898
465    0.0    0.0041792548186001125    0.30612608266207614
466    0.0    0.005075738182460526    0.3052295992982157
467    0.0    0.0044354155517016295    0.3058699219289746
468    0.0    0.005348235114095942    0.3049571023665803
469    0.0    0.004725808589186076    0.30557952889149015
470    0.0    0.005658290222183741    0.3046470472584925
471    0.0    0.005057532966288334    0.3052478045143879
472    0.0    0.0060139749420094896    0.30429136253866673
473    0.0    0.005439805002319766    0.30486553247835646
474    0.0    0.006425861076878894    0.30387947640379737
475    0.0    0.005884810917503169    0.3044205265631731
476    0.0    0.006908070006385353    0.30339726747429085
477    0.0    0.006409007759621742    0.3038963297210545
478    0.0    0.007479898910367007    0.30282543857030925
479    0.0    0.00703517422871022    0.30327016325196604
480    0.0    0.00816843183607468    0.30213690564460155
481    0.0    0.007795769698062118    0.3025095677826141
482    0.0    0.009012910165592681    0.30129242731508354
483    0.0    0.008738691805212799    0.30156664567546343
484    0.0    0.010072422220934695    0.30023291525974155
485    0.0    0.009937703530876505    0.3003676339497997
486    0.0    0.01144028386303639    0.2988650536176398
487    0.0    0.011512647222657652    0.2987926902580186
488    0.0    0.013273070874683858    0.29703226660599236
489    0.0    0.013672181591876146    0.29663315588880007
490    0.0    0.015855345404875865    0.29444999207580036
491    0.0    0.016815133690089832    0.2934902037905864
492    0.0    0.019764781486230197    0.29054055599444606
493    0.0    0.021812818000135806    0.28849251948054044
494    0.0    0.026384810665986653    0.2839205268146896
495    0.0    0.03101542930288475    0.2792899081777915
496    0.0    0.04010247430563016    0.27020286317504605
497    0.0    0.05387665380658112    0.2564286836740951
498    0.0    0.08729559499729425    0.22300974248338198
499    0.7272847161442964    0.24242823871476543    0.0678770987659108
