0    1.181015093555179    0.3374328838729083    0.016113359625270662
1    1.222615809686439    0.349318802767554    0.004227440730624976
2    1.2329983181976913    0.352285233770769    0.0012610097274100007
3    1.2361815731621733    0.35319473518919237    0.00035150830898661445
4    1.2370436020180513    0.3534410291480147    0.00010521435016430658
5    1.2373060944288858    0.35351602697968165    3.0216518497327982e-05
6    1.2373801089411898    0.35353717398319706    9.069514981918658e-06
7    1.2374025786088432    0.3535435938882409    2.6496099380657334e-06
8    1.2374090618824478    0.35354544625212797    7.972460510097257e-07
9    1.2374110278698394    0.35354600796281127    2.3553536770970496e-07
10    1.2374116035468652    0.35354617244196146    7.105621752101499e-08
11    1.2374117781080993    0.3535462223165998    2.1181579157314445e-08
12    1.2374118297708552    0.3535462370773872    6.420791787142832e-09
13    1.237411845458341    0.35354624155952596    1.9386530158982396e-09
14    1.237411850149362    0.35354624289981773    5.983612494375734e-10
15    1.2374118515837182    0.3535462433096338    1.8854517946920168e-10
16    1.2374118520217978    0.3535462434347994    6.337957936253247e-11
17    1.237411852160561    0.353546243474446    2.3732960041655815e-11
18    1.2374118522065656    0.3535462434875902    1.0588807608513662e-11
19    1.2374118522235893    0.35354624349245406    5.724920537630851e-12
20    1.2374118522309843    0.3535462434945669    3.6120550994667155e-12
21    1.2374118522348803    0.3535462434956801    2.4988899838263023e-12
22    1.2374118522372877    0.35354624349636793    1.8110513089197866e-12
23    1.2374118522389304    0.3535462434968372    1.341760036410733e-12
24    1.2374118522401112    0.3535462434971746    1.0043632592271479e-12
25    1.237411852240979    0.35354624349742253    7.564504578283504e-13
26    1.2374118522416275    0.3535462434976079    5.710987238671805e-13
27    1.2374118522421107    0.35354624349774594    4.330424907550423e-13
28    1.2374118522424788    0.3535462434978511    3.2790437032304e-13
29    1.2374118522427526    0.3535462434979293    2.496891582381977e-13
30    1.2374118522429622    0.35354624349798924    1.8973711490843925e-13
31    1.2374118522431206    0.35354624349803443    1.4455103780619538e-13
32    1.2374118522432418    0.35354624349806907    1.099120794378905e-13
33    1.2374118522433333    0.3535462434980952    8.376632720796806e-14
34    1.2374118522434023    0.353546243498115    6.400435736964027e-14
35    1.2374118522434543    0.3535462434981298    4.9182879990894435e-14
36    1.2374118522434956    0.3535462434981416    3.735900477863652e-14
37    1.2374118522435253    0.3535462434981501    2.886579864025407e-14
38    1.23741185224355    0.35354624349815716    2.1815882433884326e-14
39    1.237411852243567    0.353546243498162    1.6986412276764895e-14
40    1.2374118522435804    0.3535462434981658    1.3156142841808105e-14
41    1.2374118522435906    0.35354624349816877    1.021405182655144e-14
42    1.2374118522435995    0.35354624349817126    7.716050021144838e-15
43    1.2374118522436057    0.3535462434981731    5.88418203051333e-15
44    1.2374118522436104    0.3535462434981744    4.6074255521944e-15
45    1.2374118522436148    0.35354624349817565    3.3306690738754696e-15
46    1.2374118522436166    0.35354624349817615    2.831068712794149e-15
47    1.237411852243619    0.35354624349817687    2.1094237467877974e-15
48    1.23741185224362    0.35354624349817715    1.8318679906315083e-15
49    1.2374118522436222    0.35354624349817776    1.2212453270876722e-15
50    1.2374118522436226    0.35354624349817787    1.1102230246251565e-15
51    1.2374118522436233    0.3535462434981781    8.881784197001252e-16
52    1.237411852243623    0.35354624349817804    9.43689570931383e-16
53    1.2374118522436242    0.3535462434981783    6.661338147750939e-16
54    1.2374118522436244    0.3535462434981784    5.551115123125783e-16
55    1.2374118522436253    0.35354624349817865    3.3306690738754696e-16
56    1.2374118522436244    0.3535462434981784    5.551115123125783e-16
57    1.2374118522436262    0.3535462434981789    5.551115123125783e-17
58    1.2374118522436257    0.35354624349817876    2.220446049250313e-16
59    1.237411852243625    0.3535462434981786    3.885780586188048e-16
60    1.2374118522436253    0.35354624349817865    3.3306690738754696e-16
61    1.2374118522436262    0.35354624349817887    1.1102230246251565e-16
62    1.2374118522436268    0.3535462434981791    1.1102230246251565e-16
63    1.2374118522436268    0.3535462434981791    1.1102230246251565e-16
64    1.2374118522436264    0.353546243498179    0.0
65    1.2374118522436257    0.35354624349817876    2.220446049250313e-16
66    1.2374118522436268    0.3535462434981791    1.1102230246251565e-16
67    1.2374118522436257    0.35354624349817876    2.220446049250313e-16
68    1.237411852243626    0.3535462434981788    1.6653345369377348e-16
69    1.237411852243625    0.3535462434981786    3.885780586188048e-16
70    1.2374118522436264    0.353546243498179    0.0
71    1.2374118522436253    0.35354624349817865    3.3306690738754696e-16
72    1.2374118522436262    0.35354624349817887    1.1102230246251565e-16
73    1.237411852243626    0.3535462434981788    1.6653345369377348e-16
74    1.237411852243626    0.3535462434981788    1.6653345369377348e-16
75    1.2374118522436268    0.3535462434981791    1.1102230246251565e-16
76    1.2374118522436273    0.3535462434981792    2.220446049250313e-16
77    1.2374118522436253    0.35354624349817865    3.3306690738754696e-16
78    1.2374118522436266    0.35354624349817904    5.551115123125783e-17
79    1.2374118522436262    0.35354624349817887    1.1102230246251565e-16
80    1.2374118522436262    0.35354624349817887    1.1102230246251565e-16
81    1.2374118522436268    0.3535462434981791    1.1102230246251565e-16
82    1.2374118522436264    0.353546243498179    0.0
83    1.2374118522436268    0.3535462434981791    1.1102230246251565e-16
84    1.2374118522436264    0.353546243498179    0.0
85    1.2374118522436262    0.35354624349817887    1.1102230246251565e-16
86    1.2374118522436264    0.353546243498179    0.0
87    1.2374118522436262    0.35354624349817887    1.1102230246251565e-16
88    1.2374118522436257    0.35354624349817876    2.220446049250313e-16
89    1.2374118522436262    0.3535462434981789    5.551115123125783e-17
90    1.2374118522436253    0.35354624349817865    3.3306690738754696e-16
91    1.2374118522436262    0.35354624349817887    1.1102230246251565e-16
92    1.2374118522436257    0.35354624349817876    2.220446049250313e-16
93    1.2374118522436262    0.35354624349817887    1.1102230246251565e-16
94    1.237411852243625    0.3535462434981786    3.885780586188048e-16
95    1.2374118522436264    0.353546243498179    0.0
96    1.2374118522436255    0.3535462434981787    2.7755575615628914e-16
97    1.2374118522436268    0.3535462434981791    1.1102230246251565e-16
98    1.2374118522436257    0.35354624349817876    2.220446049250313e-16
99    1.2374118522436262    0.3535462434981789    5.551115123125783e-17
100    1.2374118522436255    0.3535462434981787    2.7755575615628914e-16
101    1.2374118522436264    0.353546243498179    0.0
102    1.2374118522436262    0.35354624349817887    1.1102230246251565e-16
103    1.2374118522436268    0.3535462434981791    1.1102230246251565e-16
104    1.2374118522436268    0.3535462434981791    1.1102230246251565e-16
105    1.2374118522436253    0.35354624349817865    3.3306690738754696e-16
106    1.2374118522436253    0.35354624349817865    3.3306690738754696e-16
107    1.2374118522436262    0.3535462434981789    5.551115123125783e-17
108    1.2374118522436262    0.35354624349817887    1.1102230246251565e-16
109    1.2374118522436262    0.35354624349817887    1.1102230246251565e-16
110    1.237411852243626    0.3535462434981788    1.6653345369377348e-16
111    1.2374118522436262    0.3535462434981789    5.551115123125783e-17
112    1.2374118522436253    0.35354624349817865    3.3306690738754696e-16
113    1.2374118522436257    0.35354624349817876    2.220446049250313e-16
114    1.237411852243625    0.3535462434981786    3.885780586188048e-16
115    1.2374118522436264    0.353546243498179    0.0
116    1.2374118522436262    0.35354624349817887    1.1102230246251565e-16
117    1.237411852243626    0.3535462434981788    1.6653345369377348e-16
118    1.2374118522436248    0.35354624349817854    4.440892098500626e-16
119    1.2374118522436266    0.35354624349817904    5.551115123125783e-17
120    1.2374118522436253    0.35354624349817865    3.3306690738754696e-16
121    1.2374118522436257    0.35354624349817876    2.220446049250313e-16
122    1.2374118522436264    0.353546243498179    0.0
123    1.237411852243626    0.3535462434981788    1.6653345369377348e-16
124    1.2374118522436255    0.3535462434981787    2.7755575615628914e-16
125    1.2374118522436264    0.353546243498179    0.0
126    1.2374118522436257    0.35354624349817876    2.220446049250313e-16
127    1.2374118522436253    0.35354624349817865    3.3306690738754696e-16
128    1.2374118522436262    0.35354624349817887    1.1102230246251565e-16
129    1.2374118522436264    0.353546243498179    0.0
130    1.2374118522436262    0.35354624349817887    1.1102230246251565e-16
131    1.2374118522436257    0.35354624349817876    2.220446049250313e-16
132    1.2374118522436253    0.35354624349817865    3.3306690738754696e-16
133    1.2374118522436262    0.35354624349817887    1.1102230246251565e-16
134    1.2374118522436262    0.35354624349817887    1.1102230246251565e-16
135    1.2374118522436262    0.35354624349817887    1.1102230246251565e-16
136    1.2374118522436262    0.35354624349817887    1.1102230246251565e-16
137    1.2374118522436257    0.35354624349817876    2.220446049250313e-16
138    1.237411852243625    0.3535462434981786    3.885780586188048e-16
139    1.2374118522436257    0.35354624349817876    2.220446049250313e-16
140    1.2374118522436248    0.35354624349817854    4.440892098500626e-16
141    1.2374118522436253    0.35354624349817865    3.3306690738754696e-16
142    1.2374118522436248    0.35354624349817854    4.440892098500626e-16
143    1.2374118522436248    0.35354624349817854    4.440892098500626e-16
144    1.2374118522436262    0.35354624349817887    1.1102230246251565e-16
145    1.2374118522436264    0.353546243498179    0.0
146    1.2374118522436257    0.35354624349817876    2.220446049250313e-16
147    1.2374118522436248    0.35354624349817854    4.440892098500626e-16
148    1.2374118522436264    0.353546243498179    0.0
149    1.2374118522436248    0.35354624349817854    4.440892098500626e-16
150    1.2374118522436255    0.3535462434981787    2.7755575615628914e-16
151    1.2374118522436257    0.35354624349817876    2.220446049250313e-16
152    1.2374118522436248    0.35354624349817854    4.440892098500626e-16
153    1.2374118522436257    0.35354624349817876    2.220446049250313e-16
154    1.2374118522436264    0.353546243498179    0.0
155    1.2374118522436246    0.3535462434981785    4.996003610813204e-16
156    1.2374118522436255    0.3535462434981787    2.7755575615628914e-16
157    1.2374118522436268    0.3535462434981791    1.1102230246251565e-16
158    1.237411852243626    0.3535462434981788    1.6653345369377348e-16
159    1.2374118522436257    0.35354624349817876    2.220446049250313e-16
160    1.237411852243625    0.3535462434981786    3.885780586188048e-16
161    1.2374118522436257    0.35354624349817876    2.220446049250313e-16
162    1.2374118522436253    0.35354624349817865    3.3306690738754696e-16
163    1.2374118522436268    0.3535462434981791    1.1102230246251565e-16
164    1.2374118522436257    0.35354624349817876    2.220446049250313e-16
165    1.2374118522436262    0.3535462434981789    5.551115123125783e-17
166    1.2374118522436264    0.353546243498179    0.0
167    1.237411852243626    0.3535462434981788    1.6653345369377348e-16
168    1.2374118522436253    0.35354624349817865    3.3306690738754696e-16
169    1.2374118522436273    0.3535462434981792    2.220446049250313e-16
170    1.2374118522436264    0.353546243498179    0.0
171    1.2374118522436257    0.35354624349817876    2.220446049250313e-16
172    1.2374118522436248    0.35354624349817854    4.440892098500626e-16
173    1.2374118522436262    0.35354624349817887    1.1102230246251565e-16
174    1.2374118522436253    0.35354624349817865    3.3306690738754696e-16
175    1.2374118522436255    0.3535462434981787    2.7755575615628914e-16
176    1.2374118522436262    0.3535462434981789    5.551115123125783e-17
177    1.2374118522436262    0.35354624349817887    1.1102230246251565e-16
178    1.2374118522436262    0.3535462434981789    5.551115123125783e-17
179    1.237411852243626    0.3535462434981788    1.6653345369377348e-16
180    1.2374118522436262    0.35354624349817887    1.1102230246251565e-16
181    1.2374118522436262    0.3535462434981789    5.551115123125783e-17
182    1.2374118522436264    0.353546243498179    0.0
183    1.2374118522436257    0.35354624349817876    2.220446049250313e-16
184    1.2374118522436264    0.353546243498179    0.0
185    1.2374118522436268    0.3535462434981791    1.1102230246251565e-16
186    1.2374118522436266    0.35354624349817904    5.551115123125783e-17
187    1.2374118522436262    0.35354624349817887    1.1102230246251565e-16
188    1.2374118522436266    0.35354624349817904    5.551115123125783e-17
189    1.2374118522436275    0.35354624349817926    2.7755575615628914e-16
190    1.2374118522436262    0.35354624349817887    1.1102230246251565e-16
191    1.2374118522436264    0.353546243498179    0.0
192    1.2374118522436264    0.353546243498179    0.0
193    1.2374118522436255    0.3535462434981787    2.7755575615628914e-16
194    1.2374118522436253    0.35354624349817865    3.3306690738754696e-16
195    1.237411852243625    0.3535462434981786    3.885780586188048e-16
196    1.2374118522436244    0.3535462434981784    5.551115123125783e-16
197    1.2374118522436242    0.3535462434981783    6.661338147750939e-16
198    1.2374118522436242    0.3535462434981783    6.661338147750939e-16
199    1.2374118522436217    0.35354624349817765    1.3322676295501878e-15
200    1.2374118522436226    0.35354624349817787    1.1102230246251565e-15
201    1.2374118522436186    0.35354624349817676    2.220446049250313e-15
202    1.237411852243617    0.3535462434981763    2.6645352591003757e-15
203    1.2374118522436148    0.35354624349817565    3.3306690738754696e-15
204    1.2374118522436102    0.3535462434981743    4.6629367034256575e-15
205    1.2374118522436055    0.353546243498173    5.995204332975845e-15
206    1.2374118522436    0.35354624349817143    7.549516567451064e-15
207    1.2374118522435913    0.35354624349816893    1.0047518372857667e-14
208    1.2374118522435809    0.353546243498166    1.2989609388114332e-14
209    1.2374118522435669    0.35354624349816194    1.7041923427996153e-14
210    1.2374118522435504    0.3535462434981573    2.170486013142181e-14
211    1.2374118522435262    0.35354624349815034    2.864375403532904e-14
212    1.237411852243495    0.3535462434981414    3.758104938356155e-14
213    1.2374118522434558    0.35354624349813024    4.873879078104437e-14
214    1.2374118522434012    0.35354624349811464    6.433742427702782e-14
215    1.237411852243332    0.3535462434980948    8.415490526658687e-14
216    1.2374118522432407    0.35354624349806874    1.1024514634527804e-13
217    1.2374118522431208    0.35354624349803454    1.4444001550373287e-13
218    1.2374118522429627    0.35354624349798935    1.8962609260597674e-13
219    1.2374118522427535    0.35354624349792957    2.494116024820414e-13
220    1.2374118522424786    0.353546243497851    3.2795988147427124e-13
221    1.2374118522421118    0.3535462434977462    4.32764934998886e-13
222    1.2374118522416262    0.3535462434976075    5.714873019257993e-13
223    1.2374118522409787    0.3535462434974225    7.565059689795817e-13
224    1.2374118522401103    0.35354624349717434    1.0046408149833042e-12
225    1.2374118522389304    0.3535462434968373    1.3417045252595017e-12
226    1.2374118522372877    0.35354624349636793    1.8110513089197866e-12
227    1.2374118522348803    0.3535462434956801    2.4988899838263023e-12
228    1.2374118522309832    0.3535462434945666    3.612388166374103e-12
229    1.237411852223591    0.3535462434924546    5.724365426118538e-12
230    1.237411852206565    0.35354624348758995    1.0589029653118587e-11
231    1.2374118521605613    0.3535462434744461    2.3732904530504584e-11
232    1.2374118520217978    0.3535462434347994    6.337957936253247e-11
233    1.2374118515837194    0.3535462433096341    1.8854490191344553e-10
234    1.237411850149362    0.35354624289981773    5.983612494375734e-10
235    1.2374118454583414    0.3535462415595261    1.938652904875937e-09
236    1.2374118297708545    0.35354623707738697    6.420792009187437e-09
237    1.2374117781081004    0.35354622231660016    2.1181578824247538e-08
238    1.2374116035468639    0.3535461724419611    7.10562178540819e-08
239    1.2374110278698394    0.35354600796281127    2.3553536770970496e-07
240    1.2374090618824465    0.3535454462521276    7.972460513983037e-07
241    1.2374025786088443    0.3535435938882412    2.6496099377881777e-06
242    1.2373801089411887    0.3535371739831968    9.069514982196214e-06
243    1.237306094428885    0.35351602697968143    3.0216518497550027e-05
244    1.2370436020180526    0.35344102914801506    0.000105214350163918
245    1.2361815731621746    0.35319473518919275    0.00035150830898622587
246    1.23299831819769    0.3522852337707686    0.0012610097274103893
247    1.2226158096864388    0.34931880276755395    0.004227440730625032
248    1.18101509355518    0.3374328838729086    0.016113359625270385
249    1.04627352920492    0.2989352940585485    0.05461094943963046
250    0.0    0.09596215751297985    0.2575840859851991
251    0.0    0.05637565430859435    0.2971705891895846
252    0.0    0.0412175052272698    0.3123287382709092
253    0.0    0.031153632845059346    0.32239261065311964
254    0.0    0.02653385627913853    0.32701238721904047
255    0.0    0.021501575615428644    0.33204466788275033
256    0.0    0.01969176052071344    0.33385448297746556
257    0.0    0.016393247604671854    0.3371529958935071
258    0.0    0.015730273801318417    0.33781596969686056
259    0.0    0.013230519791873119    0.34031572370630586
260    0.0    0.013146501500573395    0.3403997419976056
261    0.0    0.011079947450269294    0.3424662960479097
262    0.0    0.011328605266525911    0.3422176382316531
263    0.0    0.009523124857319406    0.34402311864085955
264    0.0    0.00998045756197042    0.34356578593620857
265    0.0    0.008344415608489707    0.3452018278896893
266    0.0    0.008941219469662684    0.3446050240285163
267    0.0    0.007421363346998945    0.34612488015118004
268    0.0    0.008115984021465027    0.34543025947671396
269    0.0    0.006679258562239638    0.3468669849359393
270    0.0    0.00744512705209804    0.34610111644608094
271    0.0    0.006069931049206933    0.34747631244897204
272    0.0    0.006889303491311572    0.3466569400068674
273    0.0    0.0055609253980099084    0.3479853181001691
274    0.0    0.006421500800694756    0.3471247426974842
275    0.0    0.005129575512776857    0.3484166679854021
276    0.0    0.006022557994202709    0.3475236855039763
277    0.0    0.00475957254592128    0.3487866709522577
278    0.0    0.005678506271975904    0.34786773722620307
279    0.0    0.0044388822706453515    0.3491073612275336
280    0.0    0.005378922070151322    0.34816732142802764
281    0.0    0.004158430903359802    0.34938781259481916
282    0.0    0.005115869660302662    0.34843037383787634
283    0.0    0.003911247717874861    0.3496349957803041
284    0.0    0.004883200934628926    0.3486630425635501
285    0.0    0.003691889346635254    0.3498543541515437
286    0.0    0.004676079106948659    0.3488701643912303
287    0.0    0.003496043398867865    0.3500502000993111
288    0.0    0.004490647014870877    0.3490555964833081
289    0.0    0.0033202494471122946    0.3502259940510667
290    0.0    0.004323791271633051    0.3492224522265459
291    0.0    0.003161698743081808    0.35038454475509717
292    0.0    0.004172971438145153    0.3493732720600338
293    0.0    0.003018087909067209    0.35052815558911177
294    0.0    0.004036094221103599    0.34951014927707535
295    0.0    0.0028875103639677373    0.35065873313421125
296    0.0    0.003911419434293025    0.34963482406388596
297    0.0    0.002768374597992125    0.35077786890018686
298    0.0    0.003797488744912861    0.3497487547532661
299    0.0    0.002659341857269001    0.35088690164090997
300    0.0    0.003693071014621942    0.349853172483557
301    0.0    0.0025592780654697935    0.3509869654327092
302    0.0    0.0035971198953448215    0.34994912360283414
303    0.0    0.0024672163274073663    0.3510790271707716
304    0.0    0.0035087405904008235    0.35003750290777813
305    0.0    0.002382327394119341    0.3511639161040596
306    0.0    0.0034271635507638946    0.3501190799474151
307    0.0    0.0023038961852967174    0.3512423473128823
308    0.0    0.003351723475683287    0.3501945200224957
309    0.0    0.0022313029682640116    0.35131494052991497
310    0.0    0.0032818424109664975    0.35026440108721246
311    0.0    0.0021640081511518985    0.35138223534702706
312    0.0    0.0032170160421412654    0.35032922745603773
313    0.0    0.0021015399063630223    0.35144470359181595
314    0.0    0.003156802500147429    0.35038944099803154
315    0.0    0.002043484028969154    0.35150275946920984
316    0.0    0.003100813158896204    0.35044543033928277
317    0.0    0.001989475573686891    0.3515567679244921
318    0.0    0.0030487050238548674    0.35049753847432413
319    0.0    0.001939191917619968    0.351607051580559
320    0.0    0.003000174400496897    0.3505460690976821
321    0.0    0.0018923469738049198    0.35165389652437407
322    0.0    0.002954951599177606    0.3505912918990014
323    0.0    0.0018486863396402823    0.3516975571585387
324    0.0    0.0029127964845858207    0.35063344701359317
325    0.0    0.0018079832094390449    0.35173826028873995
326    0.0    0.002873494717533501    0.35067274878064547
327    0.0    0.0017700349151655288    0.35177620858301345
328    0.0    0.0028368545675005103    0.3507093889306785
329    0.0    0.0017346599864379647    0.351811583511741
330    0.0    0.002802704198225133    0.35074353929995383
331    0.0    0.001701695642033314    0.35184454785614566
332    0.0    0.0027708893473899657    0.35077535415078903
333    0.0    0.0016709956417585371    0.35187524785642044
334    0.0    0.002741271336238054    0.35080497216194095
335    0.0    0.001642428440747597    0.3519038150574314
336    0.0    0.0027137253567218475    0.3508325181414571
337    0.0    0.0016158755987430735    0.3519303678994359
338    0.0    0.0026881389931861497    0.35085810450499283
339    0.0    0.00159123040534171    0.3519550130928373
340    0.0    0.002664410943140517    0.35088183255503846
341    0.0    0.0015683966889759899    0.35197784680920297
342    0.0    0.00264244990778292    0.3509037935903961
343    0.0    0.0015472877828988062    0.35199895571528017
344    0.0    0.002622173627893464    0.3509240698702855
345    0.0    0.0015278256259170903    0.3520184178722619
346    0.0    0.0026035080447733444    0.35094273545340565
347    0.0    0.0015099399792911606    0.3520363035188878
348    0.0    0.0025863865692182866    0.3509598569289607
349    0.0    0.0014935677442262795    0.3520526757539527
350    0.0    0.0025707494442670648    0.35097549405391193
351    0.0    0.0014786523668828817    0.3520675911312961
352    0.0    0.0025565431897267114    0.3509897003084523
353    0.0    0.0014651433198996622    0.3520811001782793
354    0.0    0.002543720118379181    0.3510025233797998
355    0.0    0.0014529956511547726    0.3520932478470242
356    0.0    0.0025322379153474303    0.3510140055828315
357    0.0    0.0014421695919469852    0.352104073906232
358    0.0    0.0025220592734440887    0.3510241842247349
359    0.0    0.001432630218001132    0.3521136132801779
360    0.0    0.00251315157844775    0.35103309191973125
361    0.0    0.0014243471577465787    0.3521218963404324
362    0.0    0.0025054866392238066    0.3510407568589552
363    0.0    0.001417294343215121    0.35212894915496384
364    0.0    0.0024990404584270703    0.3510472030397519
365    0.0    0.0014114497996675825    0.3521347936985114
366    0.0    0.0024937930402508753    0.3510524504579281
367    0.0    0.0014067954707356015    0.3521394480274434
368    0.0    0.002489728232305506    0.35105651526587345
369    0.0    0.0014033170764524894    0.3521429264217265
370    0.0    0.0024868335992771543    0.35105940989890183
371    0.0    0.0014010040020726834    0.3521452394961063
372    0.0    0.0024851003265049113    0.3510611431716741
373    0.0    0.0013998492160608822    0.3521463942821181
374    0.0    0.002484523152082716    0.3510617203460963
375    0.0    0.001399849216060739    0.35214639428211825
376    0.0    0.0024851003265048206    0.35106114317167414
377    0.0    0.0014010040020727493    0.3521452394961062
378    0.0    0.0024868335992771183    0.3510594098989019
379    0.0    0.001403317076452487    0.3521429264217265
380    0.0    0.0024897282323056375    0.35105651526587334
381    0.0    0.0014067954707358572    0.3521394480274431
382    0.0    0.0024937930402508445    0.35105245045792816
383    0.0    0.001411449799667549    0.3521347936985114
384    0.0    0.002499040458427186    0.3510472030397518
385    0.0    0.0014172943432149826    0.352128949154964
386    0.0    0.0025054866392237216    0.35104075685895525
387    0.0    0.001424347157746439    0.35212189634043256
388    0.0    0.0025131515784478143    0.35103309191973114
389    0.0    0.0014326302180010385    0.35211361328017793
390    0.0    0.0025220592734440826    0.3510241842247349
391    0.0    0.0014421695919469056    0.35210407390623205
392    0.0    0.002532237915347565    0.3510140055828314
393    0.0    0.0014529956511545874    0.3520932478470244
394    0.0    0.002543720118379115    0.35100252337979987
395    0.0    0.001465143319899433    0.35208110017827954
396    0.0    0.0025565431897265427    0.35098970030845245
397    0.0    0.0014786523668828316    0.35206759113129615
398    0.0    0.0025707494442669277    0.35097549405391204
399    0.0    0.0014935677442262474    0.3520526757539527
400    0.0    0.0025863865692182077    0.35095985692896076
401    0.0    0.00150993997929102    0.352036303518888
402    0.0    0.002603508044773133    0.3509427354534059
403    0.0    0.00152782562591701    0.35201841787226196
404    0.0    0.002622173627893222    0.35092406987028574
405    0.0    0.0015472877828985657    0.3519989557152804
406    0.0    0.0026424499077825486    0.3509037935903964
407    0.0    0.0015683966889757182    0.35197784680920324
408    0.0    0.0026644109431402086    0.3508818325550388
409    0.0    0.0015912304053417277    0.3519550130928373
410    0.0    0.0026881389931858687    0.3508581045049931
411    0.0    0.0016158755987431518    0.3519303678994358
412    0.0    0.0027137253567218224    0.35083251814145716
413    0.0    0.0016424284407477716    0.35190381505743124
414    0.0    0.0027412713362381046    0.3508049721619409
415    0.0    0.0016709956417584942    0.3518752478564205
416    0.0    0.0027708893473899765    0.350775354150789
417    0.0    0.0017016956420332825    0.3518445478561457
418    0.0    0.002802704198225089    0.3507435392999539
419    0.0    0.0017346599864378235    0.35181158351174113
420    0.0    0.002836854567500545    0.35070938893067843
421    0.0    0.0017700349151651591    0.35177620858301384
422    0.0    0.002873494717533487    0.35067274878064547
423    0.0    0.001807983209439026    0.35173826028873995
424    0.0    0.0029127964845857644    0.3506334470135932
425    0.0    0.001848686339640124    0.35169755715853884
426    0.0    0.002954951599177646    0.35059129189900134
427    0.0    0.0018923469738049794    0.351653896524374
428    0.0    0.0030001744004967013    0.35054606909768227
429    0.0    0.0019391919176196836    0.35160705158055927
430    0.0    0.003048705023854566    0.3504975384743244
431    0.0    0.001989475573686783    0.3515567679244922
432    0.0    0.00310081315889604    0.35044543033928294
433    0.0    0.002043484028968872    0.3515027594692101
434    0.0    0.003156802500147226    0.35038944099803176
435    0.0    0.0021015399063625735    0.3514447035918164
436    0.0    0.0032170160421410797    0.3503292274560379
437    0.0    0.002164008151151417    0.35138223534702756
438    0.0    0.0032818424109662893    0.3502644010872127
439    0.0    0.0022313029682638355    0.35131494052991513
440    0.0    0.0033517234756830707    0.3501945200224959
441    0.0    0.0023038961852965703    0.3512423473128824
442    0.0    0.003427163550763684    0.3501190799474153
443    0.0    0.0023823273941190395    0.35116391610405995
444    0.0    0.0035087405904004423    0.3500375029077785
445    0.0    0.0024672163274070597    0.35107902717077194
446    0.0    0.003597119895344619    0.34994912360283437
447    0.0    0.002559278065469404    0.3509869654327096
448    0.0    0.0036930710146218615    0.34985317248355713
449    0.0    0.0026593418572686553    0.3508869016409103
450    0.0    0.003797488744912795    0.34974875475326617
451    0.0    0.002768374597991792    0.3507778689001872
452    0.0    0.003911419434293101    0.3496348240638859
453    0.0    0.0028875103639676553    0.3506587331342113
454    0.0    0.0040360942211037434    0.34951014927707524
455    0.0    0.0030180879090671207    0.3505281555891119
456    0.0    0.004172971438145408    0.34937327206003355
457    0.0    0.0031616987430813873    0.3503845447550976
458    0.0    0.004323791271633041    0.34922245222654597
459    0.0    0.0033202494471122855    0.3502259940510667
460    0.0    0.004490647014871042    0.3490555964833079
461    0.0    0.0034960433988677837    0.3500502000993112
462    0.0    0.004676079106948502    0.3488701643912305
463    0.0    0.0036918893466351514    0.3498543541515438
464    0.0    0.004883200934628727    0.34866304256355024
465    0.0    0.003911247717874524    0.34963499578030444
466    0.0    0.005115869660302653    0.34843037383787634
467    0.0    0.004158430903359325    0.34938781259481966
468    0.0    0.005378922070151344    0.34816732142802764
469    0.0    0.004438882270644812    0.34910736122753416
470    0.0    0.005678506271976106    0.3478677372262029
471    0.0    0.004759572545920968    0.348786670952258
472    0.0    0.006022557994203081    0.3475236855039759
473    0.0    0.0051295755127765885    0.3484166679854024
474    0.0    0.006421500800694708    0.3471247426974843
475    0.0    0.005560925398009517    0.34798531810016947
476    0.0    0.006889303491311679    0.3466569400068673
477    0.0    0.006069931049206754    0.3474763124489722
478    0.0    0.007445127052098107    0.3461011164460809
479    0.0    0.006679258562239344    0.34686698493593965
480    0.0    0.008115984021465126    0.34543025947671385
481    0.0    0.0074213633469985526    0.3461248801511804
482    0.0    0.008941219469662889    0.3446050240285161
483    0.0    0.008344415608489336    0.34520182788968967
484    0.0    0.009980457561970621    0.34356578593620835
485    0.0    0.009523124857319    0.34402311864086
486    0.0    0.01132860526652619    0.3422176382316528
487    0.0    0.011079947450269075    0.3424662960479099
488    0.0    0.01314650150057335    0.34039974199760564
489    0.0    0.013230519791872742    0.34031572370630625
490    0.0    0.015730273801318313    0.3378159696968607
491    0.0    0.016393247604671327    0.33715299589350767
492    0.0    0.019691760520713197    0.3338544829774658
493    0.0    0.021501575615428176    0.3320446678827508
494    0.0    0.026533856279138044    0.3270123872190409
495    0.0    0.031153632845059082    0.3223926106531199
496    0.0    0.04121750522726992    0.31232873827090907
497    0.0    0.05637565430859436    0.2971705891895846
498    0.0    0.09596215751297996    0.257584085985199
499    1.0462735292049201    0.29893529405854863    0.05461094943963035
