##q-\DeltaF
0.0 0.31616256992994635 
0.00101010101010101 0.31616133395611246 
0.00202020202020202 0.3161592741803586 
0.0030303030303030303 0.316156390367929 
0.00404040404040404 0.3161526826451349 
0.00505050505050505 0.31614815104820115 
0.006060606060606061 0.31614279548681445 
0.007070707070707071 0.3161366160331505 
0.00808080808080808 0.3161296127053456 
0.00909090909090909 0.3161217854853146 
0.0101010101010101 0.31611313437304767 
0.011111111111111112 0.316103659422723 
0.012121212121212121 0.31609336067051835 
0.013131313131313131 0.31608223802606195 
0.014141414141414142 0.31607029161581923 
0.015151515151515152 0.3160575214398164 
0.01616161616161616 0.31604392751606153 
0.01717171717171717 0.3160295097903983 
0.01818181818181818 0.3160142684254213 
0.01919191919191919 0.3159982033487881 
0.0202020202020202 0.3159813145787187 
0.021212121212121213 0.31596360220535374 
0.022222222222222223 0.3159450663010554 
0.023232323232323233 0.3159257067212885 
0.024242424242424242 0.31590552366475216 
0.025252525252525252 0.31588451709531673 
0.026262626262626262 0.3158626870852088 
0.02727272727272727 0.31584003359841895 
0.028282828282828285 0.31581655679734383 
0.029292929292929294 0.3157922565195267 
0.030303030303030304 0.3157671316811308 
0.031313131313131314 0.31574115262195945 
0.03232323232323232 0.3157136151021301 
0.03333333333333333 0.3156677742088282 
0.03434343434343434 0.31520585213271735 
0.03535353535353535 0.3049806268612262 
0.03636363636363636 0.10698733814613329 
0.03737373737373737 -0.9751754156035446 
0.03838383838383838 -1.3226014214512634 
0.03939393939393939 -0.8139863877971995 
0.0404040404040404 -0.5717901603733893 
0.04141414141414142 -0.45153208896555785 
0.04242424242424243 -0.37634900727364234 
0.043434343434343436 -0.3235614309113821 
0.044444444444444446 -0.2839853742350667 
0.045454545454545456 -0.2530068213957109 
0.046464646464646465 -0.22799611793214739 
0.047474747474747475 -0.20732493233470006 
0.048484848484848485 -0.18992271525017493 
0.049494949494949494 -0.17505265691872157 
0.050505050505050504 -0.16218888918964813 
0.051515151515151514 -0.15094482306444684 
0.052525252525252523 -0.1410291762331036 
0.05353535353535353 -0.1322178586793987 
0.05454545454545454 -0.12433536763045536 
0.05555555555555555 -0.11724210531260772 
0.05656565656565657 -0.11082551899036754 
0.05757575757575758 -0.1049937636920201 
0.05858585858585859 -0.09967109033835689 
0.0595959595959596 -0.0947944250851044 
0.06060606060606061 -0.0903107909265855 
0.06161616161616162 -0.08617534515604519 
0.06262626262626263 -0.08234985894646081 
0.06363636363636363 -0.0788015296240937 
0.06464646464646465 -0.07550204082719307 
0.06565656565656566 -0.07242681532909648 
0.06666666666666667 -0.0695544128024441 
0.06767676767676768 -0.06686604042673577 
0.06868686868686869 -0.06434515429893817 
0.0696969696969697 -0.06197713069811618 
0.0707070707070707 -0.059748993434294635 
0.07171717171717172 -0.05764918762276605 
0.07272727272727272 -0.05566738902365135 
0.07373737373737374 -0.05379434414479419 
0.07474747474747474 -0.052021734385775224 
0.07575757575757576 -0.050342060396414506 
0.07676767676767676 -0.04874854402799561 
0.07777777777777778 -0.047235042874927594 
0.07878787878787878 -0.0457959785449819 
0.0797979797979798 -0.04442627228137809 
0.0808080808080808 -0.043121290970226475 
0.08181818181818182 -0.041876798641176737 
0.08282828282828283 -0.04068891405432718 
0.08383838383838384 -0.03955407578210814 
0.08484848484848485 -0.03846901135947513 
0.08585858585858586 -0.037430708759073957 
0.08686868686868687 -0.03643638911733642 
0.08787878787878788 -0.03548348120969794 
0.08888888888888889 -0.03456960445378469 
0.0898989898989899 -0.0336925582507904 
0.09090909090909091 -0.032850306343892306 
0.09191919191919191 -0.03204095259393204 
0.09292929292929293 -0.03126272264613721 
0.09393939393939393 -0.03051396699977901 
0.09494949494949495 -0.0297931630141179 
0.09595959595959595 -0.02909888689142457 
0.09696969696969697 -0.028429787684101135 
0.09797979797979799 -0.02778460356960024 
