0.01 1.5657153307891774 
0.1109090909090909 0.4620599088709598 
0.21181818181818182 0.3283966395088807 
0.31272727272727274 0.2652803835773921 
0.41363636363636364 0.22624191537230004 
0.5145454545454545 0.19880460473723788 
0.6154545454545455 0.17800379924337262 
0.7163636363636363 0.1614174052901309 
0.8172727272727273 0.14770249540979496 
0.9181818181818182 0.1360453505265297 
1.019090909090909 0.12591939543822145 
1.1199999999999999 0.11696599260327696 
1.220909090909091 0.10893055528975217 
1.3218181818181818 0.10162595005899785 
1.4227272727272726 0.09491035823958244 
1.5236363636363637 0.08867324563505927 
1.6245454545454545 0.08282608763416656 
1.7254545454545454 0.07729597604717302 
1.8263636363636364 0.07202099988108297 
1.9272727272727272 0.06694669954252869 
2.028181818181818 0.06202310410297775 
2.129090909090909 0.057201940361686736 
2.2299999999999995 0.05243356802179363 
2.3309090909090906 0.04766298868747671 
2.4318181818181817 0.04282372588811348 
2.5327272727272723 0.03782691256254926 
2.6336363636363633 0.03253860984271377 
2.7345454545454544 0.026722839604372547 
2.835454545454545 0.019849188710989906 
2.936363636363636 0.009791448995731748 
3.037272727272727 nan 
3.1381818181818177 nan 
3.239090909090909 nan 
3.34 nan 
3.4409090909090905 nan 
3.5418181818181815 nan 
3.6427272727272726 nan 
3.743636363636363 nan 
3.8445454545454543 nan 
3.9454545454545453 nan 
4.046363636363636 nan 
4.1472727272727266 nan 
4.248181818181818 nan 
4.349090909090909 nan 
4.449999999999999 nan 
4.550909090909091 nan 
4.651818181818181 nan 
4.752727272727272 nan 
4.8536363636363635 nan 
4.954545454545454 nan 
5.055454545454545 nan 
5.156363636363636 nan 
5.257272727272727 nan 
5.3581818181818175 nan 
5.459090909090909 nan 
5.56 nan 
5.66090909090909 nan 
5.761818181818182 nan 
5.862727272727272 nan 
5.963636363636363 nan 
6.0645454545454545 nan 
6.165454545454545 nan 
6.266363636363636 nan 
6.367272727272727 nan 
6.468181818181818 nan 
6.569090909090908 nan 
6.67 nan 
6.7709090909090905 nan 
6.871818181818181 nan 
6.972727272727273 nan 
7.073636363636363 nan 
7.174545454545454 nan 
7.275454545454545 nan 
7.376363636363636 nan 
7.477272727272727 nan 
7.578181818181818 nan 
7.679090909090909 nan 
7.779999999999999 nan 
7.880909090909091 nan 
7.9818181818181815 nan 
8.082727272727272 nan 
8.183636363636364 nan 
8.284545454545453 nan 
8.385454545454545 nan 
8.486363636363636 nan 
8.587272727272726 nan 
8.688181818181818 nan 
8.789090909090909 nan 
8.889999999999999 nan 
8.99090909090909 nan 
9.091818181818182 nan 
9.192727272727272 nan 
9.293636363636363 nan 
9.394545454545455 nan 
9.495454545454544 nan 
9.596363636363636 nan 
9.697272727272727 nan 
9.798181818181817 nan 
9.899090909090908 nan 
10.0 nan 
