0.001 0.47160864865281404 
0.00806060606060606 0.5003197072506184 
0.015121212121212119 0.5003366356294104 
0.02218181818181818 0.500363889772757 
0.02924242424242424 0.5004014891420372 
0.0363030303030303 0.5004494607392306 
0.04336363636363636 0.5005078405364876 
0.05042424242424242 0.5005766931698715 
0.05748484848484848 0.5006562326062935 
0.06454545454545454 0.5007472045403513 
0.0716060606060606 0.5008516146190947 
0.07866666666666666 0.500973643396318 
0.08572727272727272 0.5011204155426927 
0.09278787878787878 0.5013023388112422 
0.09984848484848484 0.5015329199031838 
0.1069090909090909 0.5018281494923172 
0.11396969696969696 0.5022056447300247 
0.12103030303030302 0.5026837432787459 
0.1280909090909091 0.5032806949812739 
0.13515151515151513 0.5040140334675126 
0.1422121212121212 0.504900154194063 
0.14927272727272725 0.5059540871161713 
0.15633333333333332 0.5071894315608438 
0.16339393939393937 0.5086184137761561 
0.17045454545454544 0.5102520291851362 
0.1775151515151515 0.5121002371952672 
0.18457575757575756 0.5141721838862153 
0.1916363636363636 0.5164764350522384 
0.19869696969696968 0.5190212081985953 
0.20575757575757572 0.5218145970977174 
0.2128181818181818 0.524864785869207 
0.21987878787878784 0.5281802524884922 
0.2269393939393939 0.5317699629835119 
0.23399999999999999 0.5356435592141607 
0.24106060606060603 0.5398115434288863 
0.2481212121212121 0.5442854639078408 
0.2551818181818182 0.5490781058286505 
0.2622424242424242 0.5542036925488928 
0.26930303030303027 0.5596781024781252 
0.2763636363636363 0.5655191077341163 
0.2834242424242424 0.5717466411394091 
0.29048484848484846 0.5783830998552089 
0.2975454545454545 0.5854536946195286 
0.30460606060606055 0.5929868562928066 
0.31166666666666665 0.6010147130346415 
0.3187272727272727 0.609573655533698 
0.32578787878787874 0.6187050113891931 
0.3328484848484848 0.6284558563795939 
0.3399090909090909 0.6388799967177982 
0.34696969696969693 0.6500391683986395 
0.354030303030303 0.6620045124905496 
0.3610909090909091 0.6748584053824072 
0.3681515151515151 0.6886967493322438 
0.37521212121212116 0.7036318676221348 
0.3822727272727272 0.7197962008018862 
0.3893333333333333 0.7373470814222339 
0.39639393939393935 0.7564729780956889 
0.4034545454545454 0.7774017759067399 
0.41051515151515144 0.8004119260566677 
0.41757575757575754 0.82584771841266 
0.4246363636363636 0.854140608554477 
0.43169696969696963 0.8858396560502673 
0.4387575757575757 0.9216560597287643 
0.4458181818181818 0.9625302195187395 
0.4528787878787878 1.0097361553616777 
0.45993939393939387 1.0650506594483196 
0.46699999999999997 1.1310406624639515 
0.474060606060606 1.2115807450002831 
0.48112121212121206 1.312856020869546 
0.4881818181818181 1.445500015843192 
0.4952424242424242 1.629783727572049 
0.5023030303030303 1.9108374829779693 
0.5093636363636364 2.419630363061081 
0.5164242424242423 3.8548886274914156 
0.5234848484848484 880.1753848640458 
0.5305454545454544 63692950.519134246 
0.5376060606060605 108000502.325208 
0.5446666666666666 154708574.53428182 
0.5517272727272726 643075924.0096992 
0.5587878787878787 148172501.90933952 
0.5658484848484848 232909530.22383446 
0.5729090909090908 nan 
0.5799696969696969 241117772.85319272 
0.587030303030303 nan 
0.594090909090909 676548420.557046 
0.6011515151515151 367936829.391988 
0.6082121212121211 329220943.8371119 
0.6152727272727272 nan 
0.6223333333333333 nan 
0.6293939393939393 149899154.6945606 
0.6364545454545454 nan 
0.6435151515151515 577924534.3702062 
0.6505757575757575 nan 
0.6576363636363636 nan 
0.6646969696969696 647633083.6281163 
0.6717575757575757 nan 
0.6788181818181818 nan 
0.6858787878787878 295387371.5312723 
0.6929393939393939 635408134.8705869 
0.7 nan 
