##delta---free_energy
0.0 -0.0013014569358665538
0.00202020202020202 -0.003472888313277508
0.00404040404040404 -0.005087046334770093
0.006060606060606061 -0.006387673424856075
0.00808080808080808 -0.007491667402855458
0.0101010101010101 -0.008449451732362827
0.012121212121212121 -0.009289079634329934
0.014141414141414142 -0.010029119469350015
0.01616161616161616 -0.010682996147073945
0.01818181818181818 -0.011260918953937112
0.0202020202020202 -0.011770924047070348
0.022222222222222223 -0.012219504205053454
0.024242424242424242 -0.012612015375872048
0.026262626262626262 -0.012952951610201111
0.028282828282828285 -0.013246137818714476
0.030303030303030304 -0.0134948689754174
0.03232323232323232 -0.013702013173440723
0.03434343434343434 -0.013870089567155451
0.03636363636363636 -0.014001328412718991
0.03838383838383838 -0.014097718072634045
0.0404040404040404 -0.014161042345962379
0.04242424242424243 -0.014192910482250227
0.044444444444444446 -0.014194781603971049
0.046464646464646465 -0.014167984766711914
0.048484848484848485 -0.014113735601802568
0.050505050505050504 -0.014033150232623463
0.052525252525252523 -0.013927257004294027
0.05454545454545454 -0.013797006438041503
0.05656565656565657 -0.013643279737548244
0.05858585858585859 -0.013466896096055263
0.06060606060606061 -0.013268619013927518
0.06262626262626263 -0.013049161784159002
0.06464646464646465 -0.012809192282139519
0.06666666666666667 -0.01254933716349841
0.06868686868686869 -0.012270185561415937
0.0707070707070707 -0.011972292354173967
0.07272727272727272 -0.011656181063002848
0.07474747474747474 -0.011322346435147632
0.07676767676767676 -0.010971256746191142
0.07878787878787878 -0.010603355868271123
0.0808080808080808 -0.01021906512499475
0.08282828282828283 -0.009818784963840671
0.08484848484848485 -0.00940289646802016
0.08686868686868687 -0.008971762724994682
0.08888888888888889 -0.008525730070018755
0.09090909090909091 -0.008065129216140061
0.09292929292929293 -0.007590276286689951
0.09494949494949495 -0.007101473758269944
0.09696969696969697 -0.006599011322076021
0.09898989898989899 -0.006083166679400185
0.10101010101010101 -0.005554206265553163
0.10303030303030303 -0.005012385923902921
0.10505050505050505 -0.004457951521658268
0.10707070707070707 -0.0038911395214426903
0.10909090909090909 -0.003312177509918965
0.1111111111111111 -0.0027212846876063126
0.11313131313131314 -0.002118672322142666
0.11515151515151516 -0.0015045441710208292
0.11717171717171718 -0.0008790968740740756
0.1191919191919192 -0.00024252031912778093

0.12121212121212122 0.00040500201692877756
0.12323232323232323 0.0010632927487714068
0.12525252525252525 0.0017321802861379341
0.12727272727272726 0.002411498553715265
0.1292929292929293 0.0031010867306531928
0.13131313131313133 0.0038007890059251854
0.13333333333333333 0.004510454347016974
0.13535353535353536 0.005229936284729898
0.13737373737373737 0.005959092710500861
0.1393939393939394 0.006697785682818073
0.1414141414141414 0.007445881249119312
0.14343434343434344 0.008203249273818049
0.14545454545454545 0.00896976327866104
0.14747474747474748 0.009745300290561395
0.1494949494949495 0.010529740697984303
0.15151515151515152 0.011322968115618148
0.15353535353535352 0.01212486925534535
0.15555555555555556 0.012935333803970125
0.15757575757575756 0.013754254309045682
0.1595959595959596 0.014581526067137134
0.1616161616161616 0.015417047021893197
0.16363636363636364 0.016260717662844267
0.16565656565656567 0.01711244093319978
0.16767676767676767 0.017972122139537434
0.1696969696969697 0.018839668865727757
0.1717171717171717 0.019714990893064936
0.17373737373737375 0.02059800012211616
0.17575757575757575 0.02148861049942461
0.17777777777777778 0.02238673794557256
0.1797979797979798 0.023292300290346984
0.18181818181818182 0.02420521720629603
0.18383838383838383 0.025125410148486328
0.18585858585858586 0.02605280229553245
0.18787878787878787 0.026987318493046416
0.1898989898989899 0.027928885200519494
0.1919191919191919 0.028877430439363527
0.19393939393939394 0.029832883743484476
0.19595959595959597 0.03079517611236792
0.19797979797979798 0.03176423996587871
