0.0 nan 9.015180257855826 12.84915186367451 
0.0017676767676767676 nan 9.095873187924434 12.905895458469331 
0.003535353535353535 nan 9.177278825838636 12.96339751690593 
0.0053030303030303025 nan 9.259416480212815 13.021675087644192 
0.00707070707070707 nan 9.342305985270226 13.080745760718406 
0.008838383838383838 nan 9.425967724797415 13.140627689842644 
0.010606060606060605 nan 9.510422657214923 13.201339615849735 
0.012373737373737374 nan 9.595692341836243 13.262900891332611 
0.01414141414141414 nan 9.681798966391806 13.325331506561557 
0.015909090909090907 nan 9.76876537590005 13.388652116756202 
0.017676767676767676 nan 9.856615102973256 13.45288407079676 
0.019444444444444445 nan 9.945372399651951 13.518049441465122 
0.02121212121212121 nan 10.035062270868412 13.584171057313117 
0.02297979797979798 nan 10.125710509646991 13.651272536262406 
0.024747474747474747 nan 10.21734373415684 13.719378321048325 
0.026515151515151512 nan 10.309989426741208 13.788513716628495 
0.02828282828282828 nan 10.403675975056721 13.858704929686219 
0.03005050505050505 nan 10.498432715466212 13.929979110368684 
0.031818181818181815 nan 10.594289978839651 14.00236439641102 
0.03358585858585859 nan 10.691279138929756 14.07588995980898 
0.03535353535353535 nan 10.78943266350197 14.150586056216184 
0.03712121212121212 nan 10.888784168412734 14.226484077255787 
0.03888888888888889 nan 10.989368474845675 14.303616605952099 
0.040656565656565655 nan 11.091221669932363 14.382017475504398 
0.04242424242424242 nan 11.194381171002979 14.461721831643793 
0.04419191919191919 nan 11.298885793732747 14.542766198834125 
0.04595959595959596 nan 11.404775824472397 14.625188550600184 
0.04772727272727272 nan 11.512093097075615 14.70902838429081 
0.049494949494949494 nan 11.62088107456344 14.79432680061122 
0.05126262626262626 nan 11.731184935995422 14.881126588288355 
0.053030303030303025 0.1873433412096438 11.843051668950075 14.969472314265383 
0.0547979797979798 0.3623116745512927 11.956530168053332 15.059410419857283 
0.05656565656565656 0.4856926060596651 12.071671340033522 15.150989323338704 
0.05833333333333333 0.5906224971416442 12.188528215825455 15.244259529478954 
0.0601010101010101 0.6854952949362528 12.307156070294912 15.339273746587013 
0.061868686868686865 0.7738875890637703 12.427612550208702 15.436087011682769 
0.06363636363636363 0.8576793486427303 12.549957811135236 15.534756824469799 
0.0654040404040404 0.937986198335185 12.674254664026973 15.635343290850576 
0.06717171717171717 1.0155267347955037 12.800568732309705 15.737909276797904 
0.06893939393939394 1.090793403681571 12.928968620385833 15.842520573477511 
0.0707070707070707 1.1641409828960763 13.059526094550135 15.949246074607181 
0.07247474747474747 1.2358362382004002 13.192316277418684 16.05815796713878 
0.07424242424242423 1.3060877451579394 13.327417857085466 16.169331936462225 
0.076010101010101 1.3750643313287638 13.464913312349099 16.282847387456922 
0.07777777777777778 1.4429069787295141 13.604889155494964 16.39878768285757 
0.07954545454545454 1.5097370507043206 13.747436194278755 16.517240400560325 
0.08131313131313131 1.5756615492709338 13.89264981493814 16.63829761167402 
0.08308080808080807 1.6407772038877335 14.040630288262538 16.762056181322507 
0.08484848484848484 1.7051729902830015 14.191483100980635 16.888618094431397 
0.0866161616161616 1.7689323853477108 14.345319314984689 17.0180908089894 
0.08838383838383838 1.8321346492198487 14.502255957204234 17.150587639565078 
0.09015151515151515 1.8948560643381498 14.662416443275122 17.286228174190036 
0.09191919191919191 1.9571709090343 14.825931038528305 17.425138728094353 
0.09368686868686868 2.0191519858838998 14.992937360253945 17.567452838207227 
0.09545454545454544 2.080871330569023 15.16358092568838 17.71331180282324 
0.09722222222222221 2.1424006460001888 15.338015750733792 17.86286527139178 
0.09898989898989899 2.2038118641278706 15.516405005065065 18.016271890026108 
0.10075757575757575 2.265177356212053 15.698921730018284 18.17370000906191 
0.10252525252525252 2.3265704356478847 15.885749626507295 18.335328459839854 
0.10429292929292928 2.3880656915737584 16.077083921197616 18.501347408861 
0.10606060606060605 2.449739355015534 16.27313232030392 18.671959298591478 
0.10782828282828281 2.5116696739978432 16.47411606169538 18.847379885499905 
0.1095959595959596 2.5739373061351265 16.680271077525987 19.02783938743142 
0.11136363636363636 2.6366257719989203 16.891849281393544 19.21358375419464 
0.11313131313131312 2.69982176171158 17.109119996119965 19.40487607731028 
0.11489898989898989 2.7636158337264973 17.332371540694872 19.60199815730086 
0.11666666666666665 2.828102852041349 17.561912997805013 19.80525224975964 
0.11843434343434343 2.8933824664626324 17.798076186771123 20.014963014810846 
0.1202020202020202 2.9595600286012576 18.041217870736947 20.231479698567153 
0.12196969696969696 3.0267470777057435 18.29172223173445 20.455178579935815 
0.12373737373737373 3.0950622862222223 18.550003652946117 20.68646572178174 
0.1255050505050505 3.1646325079939643 18.816509854301994 20.92578007222624 
0.12727272727272726 3.2355936322023777 19.09172543573709 21.17359696999325 
0.12904040404040404 3.3080919527656416 19.376175892310247 21.430432117525804 
0.1308080808080808 3.3822855327167747 19.67043217734645 21.696846097479774 
0.13257575757575757 3.4583458604049984 19.975115904316525 21.97344952266293 
0.13434343434343435 3.5364595546563504 20.290905295953948 22.260908927164422 
0.1361111111111111 3.6168308177526973 20.618542010954226 22.559953528135225 
0.13787878787878788 3.6996836902887975 20.95883900557166 22.87138301449234 
0.13964646464646463 3.7852651894621636 21.312689620903164 23.196076552104454 
0.1414141414141414 3.8738487804713895 21.681078128434873 23.535003236571555 
0.14318181818181816 3.965738544823071 22.06509201889976 23.889234276900773 
0.14494949494949494 4.061274202199203 22.46593638580496 24.25995725934347 
0.14671717171717172 4.160836952414101 22.884950839343823 24.648492924585067 
0.14848484848484847 4.264856829259466 23.323629494484305 25.056314999020007 
0.15025252525252525 4.373821494530289 23.78364471653022 25.48507375967887 
0.152020202020202 4.488286886412494 24.26687548896631 25.93662419304275 
0.15378787878787878 4.608890684445064 24.775441506582183 26.41305984508822 
0.15555555555555556 4.736368938005749 25.311744412254956 26.916753773912944 
0.1573232323232323 4.871576853327416 25.878518017440133 27.450408436180147 
0.1590909090909091 5.015515600738976 26.478889916064666 28.017116905941766 
0.16085858585858584 5.1693663961474 27.116457679688516 28.620438599512674 
0.16262626262626262 5.334535046715117 27.795383897674423 29.26449375186995 
0.16439393939393937 5.512710953265046 28.52051583299822 29.954082391461082 
0.16616161616161615 5.70594543332472 29.297537604829007 30.694835693329694 
0.16792929292929293 5.916759344483623 30.13316589643369 31.493410667568718 
0.16969696969696968 6.148291374002842 31.03540471533686 32.35774365401411 
0.17146464646464646 6.404508666601124 32.01388149750455 33.29738483830826 
0.1732323232323232 6.6905121893043775 33.080297159616 34.32394628685104 
0.175 7.012992053899199 34.249038779730895 35.45171203016362 
