##delta---free_energy---extended_GL
-0.2 -0.1768026132126579 -0.17069064198080666
-0.19595959595959597 -0.19948902428313886 -0.19485019211101257
-0.19191919191919193 -0.21942573445085145 -0.21601325910019276
-0.1878787878787879 -0.2367407001452193 -0.23433469435644316
-0.18383838383838386 -0.25156048068902237 -0.24996612321685796
-0.17979797979797982 -0.26401017639591373 -0.2630559449475288
-0.17575757575757578 -0.2742133663809909 -0.27374933274354624
-0.1717171717171717 -0.28229204613080583 -0.2821882337289979
-0.1676767676767677 -0.2883665649201248 -0.28851136895696966
-0.16363636363636364 -0.2925555631136376 -0.2928542334095459
-0.15959595959595962 -0.2949759094426554 -0.2953490959978085
-0.15555555555555556 -0.29574263831227654 -0.29612499956183735
-0.15151515151515152 -0.29496888721541836 -0.29530776087071037
-0.14747474747474748 -0.2927658343191979 -0.29301997062250396
-0.14343434343434344 -0.2892426363105187 -0.28938099344429186
-0.1393939393939394 -0.2845063665672569 -0.28450696789214613
-0.13535353535353536 -0.2786619537241677 -0.27851080645113674
-0.13131313131313133 -0.2718121207326476 -0.2715021955353318
-0.1272727272727273 -0.26405732446710317 -0.2635875954877971
-0.12323232323232325 -0.25549569597978916 -0.2548702405805968
-0.11919191919191921 -0.2462229814696002 -0.24545013901479304
-0.11515151515151516 -0.23633248404985352 -0.23542407292044554
-0.11111111111111112 -0.2259150063969173 -0.2248855983566125
-0.10707070707070708 -0.21505879435835595 -0.2139250453113499
-0.10303030303030304 -0.2038494816047205 -0.20262951770171164
-0.098989898989899 -0.19237003539819852 -0.19108289337374987
-0.09494949494949496 -0.18070070356407086 -0.1793658241025145
-0.09090909090909093 -0.16891896274728424 -0.16755573559205364
-0.08686868686868687 -0.1570994680196236 -0.15572682747541308
-0.08282828282828283 -0.14531400392752403 -0.14395007331463705
-0.0787878787878788 -0.1336314370519176 -0.13229322060076748
-0.07474747474747476 -0.12211767015651276 -0.12082079075384435
-0.07070707070707072 -0.11083559798271381 -0.10959407912290568
-0.06666666666666668 -0.09984506479167976 -0.09867115498598743
-0.06262626262626264 -0.08920282369172128 -0.08810686155012368
-0.0585858585858586 -0.07896249783425446 -0.07795281595134643
-0.054545454545454564 -0.06917454354152142 -0.0682574092546856
-0.050505050505050525 -0.05988621541746397 -0.059065806454169256
-0.046464646464646486 -0.05114153351223649 -0.05041994647282339
-0.04242424242424245 -0.0429812525867419 -0.04235854216267201
-0.03838383838383841 -0.035442833537217666 -0.03491708030473711
-0.03434343434343434 -0.028560417013522965 -0.02812782160903865
-0.030303030303030304 -0.022364799303431937 -0.02201980071459472
-0.026262626262626265 -0.016883410490663664 -0.016618826189421277
-0.022222222222222227 -0.012140294952132535 -0.011947480530532323
-0.018181818181818188 -0.008156094217156351 -0.00802512016393986
-0.01414141414141415 -0.0049480322145427635 -0.004867875444653887
-0.01010101010101011 -0.0025299029439338483 -0.002488650656682406
-0.006060606060606072 -0.0009120605814132432 -0.0008971240130314181
-0.002020202020202033 -0.00010141204847968766 -9.974765570492237e-05
0.0020202020202020055 -0.00010141204847968766 -9.974765570491963e-05
0.006060606060606044 -0.0009120605814132432 -0.0008971240130314097
0.010101010101010083 -0.0025299029439338483 -0.002488650656682393
0.014141414141414121 -0.0049480322145427635 -0.004867875444653868
0.01818181818181816 -0.008156094217156351 -0.008025120163939836
0.0222222222222222 -0.012140294952132535 -0.011947480530532293
0.026262626262626265 -0.016883410490663664 -0.016618826189421277
0.030303030303030304 -0.022364799303431937 -0.02201980071459472
0.03434343434343434 -0.028560417013522965 -0.02812782160903865
0.03838383838383838 -0.035442833537217666 -0.03491708030473705
0.04242424242424242 -0.0429812525867419 -0.04235854216267195
0.04646464646464646 -0.05114153351223649 -0.050419946472823336
0.0505050505050505 -0.05988621541746397 -0.05906580645416919
0.05454545454545451 -0.06917454354152142 -0.06825740925468546
0.058585858585858575 -0.07896249783470921 -0.07795281595134634
0.06262626262626264 -0.08920282369172128 -0.08810686155012368
0.06666666666666665 -0.09984506479167976 -0.09867115498598737
0.07070707070707072 -0.11083559798271381 -0.10959407912290568
0.07474747474747473 -0.12211767015651276 -0.12082079075384425
0.0787878787878788 -0.1336314370519176 -0.13229322060076748
0.0828282828282828 -0.14531400392752403 -0.143950073314637
0.08686868686868687 -0.1570994680196236 -0.15572682747541308
0.09090909090909088 -0.16891896274728424 -0.16755573559205347
0.09494949494949495 -0.18070070356407086 -0.17936582410251445
0.09898989898989896 -0.19237003539819852 -0.1910828933737498
0.10303030303030303 -0.2038494816047205 -0.20262951770171161
0.10707070707070704 -0.21505879435835595 -0.21392504531134976
0.1111111111111111 -0.2259150063969173 -0.22488559835661248
0.11515151515151512 -0.23633248404985352 -0.23542407292044545
0.11919191919191918 -0.2462229814696002 -0.24545013901479296
0.1232323232323232 -0.25549569597978916 -0.25487024058059676
0.12727272727272726 -0.26405732446710317 -0.263587595487797
0.13131313131313133 -0.2718121207326476 -0.2715021955353318
0.13535353535353534 -0.2786619537241677 -0.2785108064511367
0.1393939393939394 -0.2845063665672569 -0.28450696789214613
0.14343434343434341 -0.2892426363105187 -0.28938099344429175
0.14747474747474748 -0.2927658343191979 -0.29301997062250396
0.1515151515151515 -0.29496888721541836 -0.29530776087071037
0.15555555555555556 -0.29574263831227654 -0.29612499956183735
0.15959595959595957 -0.2949759094426554 -0.2953490959978085
0.16363636363636364 -0.2925555631136376 -0.2928542334095459
0.16767676767676765 -0.2883665649201248 -0.28851136895696977
0.1717171717171717 -0.28229204613080583 -0.2821882337289979
0.17575757575757572 -0.2742133663809909 -0.2737493327435464
0.1797979797979798 -0.26401017639591373 -0.26305594494752904
0.1838383838383838 -0.25156048068902237 -0.24996612321685807
0.18787878787878787 -0.2367407001452193 -0.23433469435644327
0.19191919191919193 -0.21942573445085145 -0.21601325910019276
0.19595959595959594 -0.19948902428313886 -0.19485019211101268
0.2 -0.1768026132126579 -0.17069064198080666
