-6.0 68031777.3512354 
-5.878787878787879 428735656.1283194 
-5.757575757575758 531063742.276739 
-5.636363636363637 1083839291.6406865 
-5.515151515151516 1096165488.5312002 
-5.393939393939394 nan 
-5.2727272727272725 1730319441.0378506 
-5.151515151515151 nan 
-5.03030303030303 1056724198.6078786 
-4.909090909090909 1124456271.3233283 
-4.787878787878788 nan 
-4.666666666666666 nan 
-4.545454545454545 nan 
-4.424242424242424 2200636345.238795 
-4.303030303030303 nan 
-4.181818181818182 1529593890.7545233 
-4.0606060606060606 nan 
-3.9393939393939394 673073771.8264388 
-3.8181818181818183 nan 
-3.696969696969697 nan 
-3.5757575757575757 1444.8127130413736 
-3.4545454545454546 111.77182196728442 
-3.333333333333333 84.19830177800094 
-3.212121212121212 73.55890620815431 
-3.090909090909091 51.54059397380151 
-2.9696969696969697 42.88624591899569 
-2.8484848484848486 35.577663445194176 
-2.727272727272727 26.569424066916696 
-2.606060606060606 24.35424126034642 
-2.484848484848485 17.16401994489535 
-2.3636363636363633 14.825060229919863 
-2.242424242424242 11.176925439685645 
-2.121212121212121 9.250728711826971 
-2.0 7.396780654774792 
-1.878787878787879 6.725925877244135 
-1.7575757575757578 6.249704155918064 
-1.6363636363636367 6.072028588803691 
-1.5151515151515147 5.8809366025867496 
-1.3939393939393936 5.806257772186331 
-1.2727272727272725 5.689430317245726 
-1.1515151515151514 5.660070800100269 
-1.0303030303030303 5.587354703027582 
-0.9090909090909092 5.566814652796045 
-0.7878787878787881 5.526733399797208 
-0.6666666666666661 5.51131601322771 
-0.545454545454545 5.4883083498442575 
-0.42424242424242387 5.478904502488164 
-0.30303030303030276 5.466964759300836 
-0.18181818181818166 5.462250572390347 
-0.06060606060606055 5.458676105448417 
0.06060606060606055 5.45867610545524 
0.18181818181818166 5.46225056661709 
0.30303030303030276 5.466964749760291 
0.42424242424242475 5.478904502089571 
0.5454545454545459 5.488308355094482 
0.666666666666667 5.511316028700479 
0.7878787878787881 5.526733417324404 
0.9090909090909092 5.566814662696352 
1.0303030303030303 5.587354713582703 
1.1515151515151514 5.660070803193153 
1.2727272727272734 5.689430314724348 
1.3939393939393945 5.806257777805916 
1.5151515151515156 5.880936602092304 
1.6363636363636367 6.072028586957014 
1.7575757575757578 6.249704134253044 
1.878787878787879 6.725925873035029 
2.0 7.396780637683666 
2.121212121212121 9.250728734664882 
2.242424242424242 11.176925436199303 
2.3636363636363633 14.825060196786474 
2.4848484848484844 17.164019998791137 
2.6060606060606055 24.354241527364387 
2.7272727272727266 26.56942409915703 
2.8484848484848495 35.57766325158456 
2.9696969696969706 42.886246051202555 
3.0909090909090917 51.54059426468286 
3.212121212121213 73.55890724157116 
3.333333333333334 84.19830125319015 
3.454545454545455 111.77182172344502 
3.575757575757576 1444.812799962111 
3.6969696969696972 nan 
3.8181818181818183 nan 
3.9393939393939394 673073773.3498772 
4.0606060606060606 nan 
4.181818181818182 1529593892.7976847 
4.303030303030303 nan 
4.424242424242424 2200636321.711094 
4.545454545454545 nan 
4.666666666666668 nan 
4.787878787878789 nan 
4.90909090909091 1124456247.2435086 
5.030303030303031 1056724219.4732084 
5.151515151515152 nan 
5.272727272727273 1730319403.0134215 
5.3939393939393945 nan 
5.515151515151516 1096165486.089642 
5.636363636363637 1083839298.5992734 
5.757575757575758 531063730.4368893 
5.878787878787879 428735573.66727704 
6.0 68030342.19364299 
