0.001 1.6583608422819227 
0.0030707070707070706 0.8586571286824981 
0.005141414141414141 0.7277074886744104 
0.007212121212121212 0.7082689246023385 
0.009282828282828282 0.7103032409492435 
0.011353535353535352 0.7172436437227855 
0.013424242424242425 0.7244924125691488 
0.015494949494949495 0.7303772813897219 
0.017565656565656566 0.7343578658912814 
0.019636363636363636 0.7364727376678529 
0.021707070707070706 0.7370538640759381 
0.023777777777777776 0.7365453491415805 
0.02584848484848485 0.7353933104852244 
0.02791919191919192 0.7339889680887 
0.02998989898989899 0.7326477169231851 
0.03206060606060606 0.7316092229255796 
0.03413131313131313 0.7310476467028171 
0.0362020202020202 0.7310852093263505 
0.03827272727272727 0.7318054815291802 
0.04034343434343434 0.7332648267449103 
0.04241414141414141 0.7355015836869508 
0.04448484848484848 0.738543133244291 
0.04655555555555555 0.7424112137364686 
0.04862626262626262 0.7471258886486022 
0.0506969696969697 0.7527085361960111 
0.05276767676767677 0.7591841687527883 
0.05483838383838384 0.7665833320499525 
0.05690909090909091 0.7749437809503981 
0.05897979797979798 0.7843120975022836 
0.06105050505050505 0.7947453917753423 
0.06312121212121212 0.8063132204272908 
0.06519191919191919 0.8190998621748011 
0.06726262626262626 0.8332071126437562 
0.06933333333333333 0.8487577965264866 
0.0714040404040404 0.865900259736433 
0.07347474747474747 0.8848141975284227 
0.07554545454545454 0.905718321886209 
0.07761616161616161 0.9288805924977528 
0.07968686868686868 0.9546320789002828 
0.08175757575757575 0.9833860681665232 
0.08382828282828282 1.0156649224520216 
0.08589898989898989 1.052138671839208 
0.08796969696969696 1.0936819134113454 
0.09004040404040403 1.141460208009628 
0.0921111111111111 1.1970659185465051 
0.09418181818181817 1.2627407988903765 
0.09625252525252524 1.3417593792738214 
0.09832323232323231 1.4391313102393715 
0.1003939393939394 1.5629924706123006 
0.10246464646464647 1.727657903728502 
0.10453535353535354 1.9613420719901693 
0.10660606060606061 2.3302882829316904 
0.10867676767676768 3.0474163077319134 
0.11074747474747475 5.718414028163722 
0.11281818181818182 2715.4427609208033 
0.11488888888888889 14679284.433761574 
0.11695959595959596 23506743.00932779 
0.11903030303030303 29242498.88947806 
0.1211010101010101 43803650.9073846 
0.12317171717171717 60421995.23680205 
0.12524242424242424 45347093.32561359 
0.1273131313131313 492102446.0859992 
0.12938383838383838 nan 
0.13145454545454544 106597097.72190149 
0.13352525252525252 55838555.4371195 
0.1355959595959596 137610484.5490295 
0.13766666666666666 86831620.71880756 
0.13973737373737374 nan 
0.1418080808080808 69723027.92860647 
0.14387878787878788 229309582.75834426 
0.14594949494949494 100531587.66191195 
0.14802020202020202 121545840.0653458 
0.15009090909090908 201752638.47482732 
0.15216161616161616 525225448.7195614 
0.15423232323232322 126652748.70937221 
0.1563030303030303 nan 
0.15837373737373736 nan 
0.16044444444444445 nan 
0.1625151515151515 189340596.29488012 
0.16458585858585859 nan 
0.16665656565656564 nan 
0.16872727272727273 nan 
0.17079797979797978 138456305.0965968 
0.17286868686868687 58217715.10988343 
0.17493939393939392 nan 
0.177010101010101 nan 
0.17908080808080806 373581652.47966933 
0.18115151515151515 195973702.09110808 
0.1832222222222222 122078743.73918544 
0.1852929292929293 78382909.19834013 
0.18736363636363634 74867206.20188011 
0.18943434343434343 121136222.61832225 
0.19150505050505048 75623192.04459713 
0.19357575757575757 nan 
0.19564646464646462 176937314.61544222 
0.1977171717171717 nan 
0.1997878787878788 nan 
0.20185858585858585 nan 
0.20392929292929293 97650350.74275456 
0.206 124178942.74521793 
