0    2.0950604386213825    0.4190120877242765    0.00465592911863455
1    2.1154467337024845    0.4230893467404969    0.0005786701024141361
2    2.11789013166577    0.42357802633315395    8.999050975710965e-05
3    2.118278354892919    0.42365567097858386    1.2345864327190093e-05
4    2.118330602459068    0.42366612049181357    1.896351097485649e-06
5    2.1183387259241044    0.4236677451848209    2.716580901340748e-07
6    2.118339875922829    0.42366797518456584    4.1658345217854276e-08
7    2.11834005351968    0.42366801070393606    6.138974995018032e-09
8    2.1183400794119573    0.42366801588239145    9.605196082951295e-10
9    2.1183400834374915    0.42366801668749826    1.5541279374531314e-10
10    2.118340084055882    0.4236680168111764    3.1734670447036706e-11
11    2.1183400841651236    0.4236680168330247    9.886369500833325e-12
12    2.118340084190378    0.42366801683807565    4.8354098503011755e-12
13    2.1183400841999283    0.4236680168399857    2.9253821587360562e-12
14    2.1183400842050695    0.42366801684101385    1.8972046156306988e-12
15    2.118340084208271    0.42366801684165417    1.2568834861781397e-12
16    2.1183400842103595    0.4236680168420719    8.391620731629246e-13
17    2.11834008421174    0.423668016842348    5.630496069386481e-13
18    2.1183400842126607    0.4236680168425322    3.7886360715333467e-13
19    2.1183400842132754    0.42366801684265504    2.560174294785611e-13
20    2.118340084213689    0.42366801684273775    1.7330581414398694e-13
21    2.118340084213969    0.42366801684279376    1.172950625516478e-13
22    2.1183400842141555    0.4236680168428311    7.993605777301127e-14
23    2.118340084214281    0.42366801684285627    5.4789506265251475e-14
24    2.1183400842143705    0.4236680168428741    3.697042672001771e-14
25    2.118340084214429    0.42366801684288585    2.5202062658991053e-14
26    2.11834008421447    0.42366801684289396    1.709743457922741e-14
27    2.118340084214498    0.4236680168428996    1.1435297153639112e-14
28    2.1183400842145153    0.42366801684290306    7.993605777301127e-15
29    2.118340084214529    0.42366801684290584    5.218048215738236e-15
30    2.118340084214536    0.4236680168429072    3.83026943495679e-15
31    2.118340084214544    0.42366801684290883    2.220446049250313e-15
32    2.1183400842145454    0.42366801684290906    1.9984014443252818e-15
33    2.1183400842145512    0.4236680168429102    8.326672684688674e-16
34    2.1183400842145512    0.4236680168429102    8.326672684688674e-16
35    2.1183400842145548    0.42366801684291094    1.1102230246251565e-16
36    2.1183400842145534    0.42366801684291067    3.885780586188048e-16
37    2.1183400842145543    0.4236680168429109    1.6653345369377348e-16
38    2.118340084214557    0.4236680168429114    3.3306690738754696e-16
39    2.118340084214556    0.4236680168429112    1.6653345369377348e-16
40    2.1183400842145566    0.4236680168429113    2.220446049250313e-16
41    2.1183400842145574    0.4236680168429115    4.440892098500626e-16
42    2.118340084214561    0.4236680168429122    1.1657341758564144e-15
43    2.118340084214555    0.423668016842911    5.551115123125783e-17
44    2.1183400842145614    0.4236680168429123    1.2212453270876722e-15
45    2.1183400842145566    0.42366801684291133    2.7755575615628914e-16
46    2.118340084214558    0.42366801684291155    4.996003610813204e-16
47    2.118340084214557    0.42366801684291144    3.885780586188048e-16
48    2.1183400842145588    0.4236680168429117    6.661338147750939e-16
49    2.1183400842145557    0.42366801684291117    1.1102230246251565e-16
50    2.1183400842145574    0.4236680168429115    4.440892098500626e-16
51    2.1183400842145557    0.4236680168429111    5.551115123125783e-17
52    2.118340084214558    0.4236680168429116    5.551115123125783e-16
53    2.118340084214558    0.42366801684291155    4.996003610813204e-16
54    2.118340084214557    0.42366801684291144    3.885780586188048e-16
55    2.118340084214558    0.42366801684291155    4.996003610813204e-16
56    2.118340084214558    0.4236680168429116    5.551115123125783e-16
57    2.1183400842145557    0.4236680168429111    5.551115123125783e-17
58    2.1183400842145583    0.42366801684291167    6.106226635438361e-16
59    2.1183400842145557    0.42366801684291117    1.1102230246251565e-16
60    2.118340084214557    0.42366801684291144    3.885780586188048e-16
61    2.1183400842145566    0.4236680168429113    2.220446049250313e-16
62    2.1183400842145588    0.4236680168429118    7.216449660063518e-16
63    2.1183400842145557    0.42366801684291117    1.1102230246251565e-16
64    2.118340084214558    0.4236680168429116    5.551115123125783e-16
65    2.118340084214557    0.4236680168429114    3.3306690738754696e-16
66    2.118340084214558    0.4236680168429116    5.551115123125783e-16
67    2.118340084214558    0.42366801684291155    4.996003610813204e-16
68    2.1183400842145566    0.42366801684291133    2.7755575615628914e-16
69    2.118340084214557    0.42366801684291144    3.885780586188048e-16
70    2.1183400842145566    0.42366801684291133    2.7755575615628914e-16
71    2.1183400842145588    0.4236680168429118    7.216449660063518e-16
72    2.1183400842145588    0.4236680168429118    7.216449660063518e-16
73    2.1183400842145543    0.4236680168429109    1.6653345369377348e-16
74    2.118340084214558    0.42366801684291155    4.996003610813204e-16
75    2.1183400842145588    0.4236680168429117    6.661338147750939e-16
76    2.118340084214557    0.4236680168429114    3.3306690738754696e-16
77    2.1183400842145543    0.4236680168429109    1.6653345369377348e-16
78    2.1183400842145574    0.4236680168429115    4.440892098500626e-16
79    2.1183400842145543    0.42366801684291083    2.220446049250313e-16
80    2.118340084214558    0.42366801684291155    4.996003610813204e-16
81    2.118340084214555    0.42366801684291105    0.0
82    2.118340084214558    0.42366801684291155    4.996003610813204e-16
83    2.1183400842145557    0.4236680168429111    5.551115123125783e-17
84    2.1183400842145566    0.42366801684291133    2.7755575615628914e-16
85    2.1183400842145583    0.42366801684291167    6.106226635438361e-16
86    2.1183400842145605    0.4236680168429121    1.0547118733938987e-15
87    2.1183400842145566    0.4236680168429113    2.220446049250313e-16
88    2.1183400842145583    0.42366801684291167    6.106226635438361e-16
89    2.118340084214557    0.42366801684291144    3.885780586188048e-16
90    2.1183400842145574    0.4236680168429115    4.440892098500626e-16
91    2.1183400842145557    0.4236680168429111    5.551115123125783e-17
92    2.118340084214558    0.4236680168429116    5.551115123125783e-16
93    2.118340084214557    0.4236680168429114    3.3306690738754696e-16
94    2.1183400842145574    0.4236680168429115    4.440892098500626e-16
95    2.1183400842145557    0.4236680168429111    5.551115123125783e-17
96    2.1183400842145543    0.42366801684291083    2.220446049250313e-16
97    2.1183400842145574    0.4236680168429115    4.440892098500626e-16
98    2.118340084214558    0.42366801684291155    4.996003610813204e-16
99    2.1183400842145557    0.42366801684291117    1.1102230246251565e-16
100    2.118340084214556    0.4236680168429112    1.6653345369377348e-16
101    2.1183400842145583    0.42366801684291167    6.106226635438361e-16
102    2.1183400842145588    0.4236680168429118    7.216449660063518e-16
103    2.1183400842145574    0.4236680168429115    4.440892098500626e-16
104    2.1183400842145588    0.4236680168429117    6.661338147750939e-16
105    2.118340084214557    0.4236680168429114    3.3306690738754696e-16
106    2.118340084214557    0.42366801684291144    3.885780586188048e-16
107    2.1183400842145548    0.42366801684291094    1.1102230246251565e-16
108    2.118340084214557    0.42366801684291144    3.885780586188048e-16
109    2.1183400842145557    0.4236680168429111    5.551115123125783e-17
110    2.1183400842145574    0.4236680168429115    4.440892098500626e-16
111    2.118340084214557    0.42366801684291144    3.885780586188048e-16
112    2.118340084214558    0.42366801684291155    4.996003610813204e-16
113    2.1183400842145543    0.4236680168429109    1.6653345369377348e-16
114    2.118340084214558    0.42366801684291155    4.996003610813204e-16
115    2.118340084214557    0.42366801684291144    3.885780586188048e-16
116    2.1183400842145557    0.4236680168429111    5.551115123125783e-17
117    2.118340084214555    0.423668016842911    5.551115123125783e-17
118    2.118340084214557    0.4236680168429114    3.3306690738754696e-16
119    2.118340084214556    0.4236680168429112    1.6653345369377348e-16
120    2.1183400842145574    0.4236680168429115    4.440892098500626e-16
121    2.118340084214557    0.42366801684291144    3.885780586188048e-16
122    2.1183400842145557    0.4236680168429111    5.551115123125783e-17
123    2.118340084214557    0.4236680168429114    3.3306690738754696e-16
124    2.1183400842145566    0.42366801684291133    2.7755575615628914e-16
125    2.118340084214555    0.42366801684291105    0.0
126    2.1183400842145557    0.4236680168429111    5.551115123125783e-17
127    2.1183400842145566    0.4236680168429113    2.220446049250313e-16
128    2.118340084214556    0.4236680168429112    1.6653345369377348e-16
129    2.118340084214557    0.42366801684291144    3.885780586188048e-16
130    2.118340084214555    0.42366801684291105    0.0
131    2.1183400842145557    0.42366801684291117    1.1102230246251565e-16
132    2.1183400842145557    0.4236680168429111    5.551115123125783e-17
133    2.1183400842145566    0.42366801684291133    2.7755575615628914e-16
134    2.118340084214557    0.42366801684291144    3.885780586188048e-16
135    2.1183400842145588    0.4236680168429117    6.661338147750939e-16
136    2.1183400842145588    0.4236680168429118    7.216449660063518e-16
137    2.118340084214558    0.42366801684291155    4.996003610813204e-16
138    2.118340084214557    0.4236680168429114    3.3306690738754696e-16
139    2.1183400842145557    0.42366801684291117    1.1102230246251565e-16
140    2.1183400842145557    0.42366801684291117    1.1102230246251565e-16
141    2.118340084214554    0.4236680168429108    2.7755575615628914e-16
142    2.1183400842145543    0.4236680168429109    1.6653345369377348e-16
143    2.1183400842145574    0.4236680168429115    4.440892098500626e-16
144    2.118340084214555    0.42366801684291105    0.0
145    2.118340084214559    0.42366801684291183    7.771561172376096e-16
146    2.1183400842145583    0.42366801684291167    6.106226635438361e-16
147    2.118340084214558    0.4236680168429116    5.551115123125783e-16
148    2.1183400842145566    0.4236680168429113    2.220446049250313e-16
149    2.118340084214558    0.42366801684291155    4.996003610813204e-16
150    2.118340084214557    0.4236680168429114    3.3306690738754696e-16
151    2.118340084214557    0.4236680168429114    3.3306690738754696e-16
152    2.118340084214558    0.4236680168429116    5.551115123125783e-16
153    2.1183400842145566    0.4236680168429113    2.220446049250313e-16
154    2.1183400842145557    0.42366801684291117    1.1102230246251565e-16
155    2.1183400842145597    0.42366801684291194    8.881784197001252e-16
156    2.118340084214557    0.42366801684291144    3.885780586188048e-16
157    2.1183400842145566    0.42366801684291133    2.7755575615628914e-16
158    2.1183400842145566    0.4236680168429113    2.220446049250313e-16
159    2.118340084214558    0.4236680168429116    5.551115123125783e-16
160    2.1183400842145566    0.4236680168429113    2.220446049250313e-16
161    2.118340084214557    0.4236680168429114    3.3306690738754696e-16
162    2.1183400842145557    0.42366801684291117    1.1102230246251565e-16
163    2.1183400842145566    0.4236680168429113    2.220446049250313e-16
164    2.118340084214558    0.4236680168429116    5.551115123125783e-16
165    2.118340084214558    0.42366801684291155    4.996003610813204e-16
166    2.1183400842145566    0.42366801684291133    2.7755575615628914e-16
167    2.1183400842145588    0.4236680168429117    6.661338147750939e-16
168    2.1183400842145534    0.42366801684291067    3.885780586188048e-16
169    2.1183400842145557    0.4236680168429111    5.551115123125783e-17
170    2.118340084214556    0.4236680168429112    1.6653345369377348e-16
171    2.1183400842145566    0.4236680168429113    2.220446049250313e-16
172    2.118340084214557    0.42366801684291144    3.885780586188048e-16
173    2.1183400842145566    0.42366801684291133    2.7755575615628914e-16
174    2.118340084214557    0.4236680168429114    3.3306690738754696e-16
175    2.1183400842145588    0.4236680168429118    7.216449660063518e-16
176    2.118340084214556    0.4236680168429112    1.6653345369377348e-16
177    2.11834008421456    0.42366801684291205    9.992007221626409e-16
178    2.1183400842145583    0.42366801684291167    6.106226635438361e-16
179    2.118340084214558    0.42366801684291155    4.996003610813204e-16
180    2.1183400842145588    0.4236680168429117    6.661338147750939e-16
181    2.1183400842145574    0.4236680168429115    4.440892098500626e-16
182    2.1183400842145588    0.4236680168429117    6.661338147750939e-16
183    2.118340084214558    0.4236680168429116    5.551115123125783e-16
184    2.118340084214558    0.4236680168429116    5.551115123125783e-16
185    2.1183400842145583    0.42366801684291167    6.106226635438361e-16
186    2.118340084214558    0.42366801684291155    4.996003610813204e-16
187    2.1183400842145583    0.42366801684291167    6.106226635438361e-16
188    2.118340084214557    0.4236680168429114    3.3306690738754696e-16
189    2.118340084214556    0.4236680168429112    1.6653345369377348e-16
190    2.1183400842145583    0.42366801684291167    6.106226635438361e-16
191    2.1183400842145566    0.42366801684291133    2.7755575615628914e-16
192    2.118340084214558    0.42366801684291155    4.996003610813204e-16
193    2.118340084214558    0.42366801684291155    4.996003610813204e-16
194    2.1183400842145588    0.4236680168429117    6.661338147750939e-16
195    2.1183400842145597    0.4236680168429119    8.326672684688674e-16
196    2.1183400842145588    0.4236680168429117    6.661338147750939e-16
197    2.118340084214557    0.42366801684291144    3.885780586188048e-16
198    2.1183400842145597    0.4236680168429119    8.326672684688674e-16
199    2.1183400842145566    0.42366801684291133    2.7755575615628914e-16
200    2.1183400842145574    0.4236680168429115    4.440892098500626e-16
201    2.1183400842145574    0.4236680168429115    4.440892098500626e-16
202    2.118340084214558    0.4236680168429116    5.551115123125783e-16
203    2.118340084214558    0.4236680168429116    5.551115123125783e-16
204    2.1183400842145597    0.42366801684291194    8.881784197001252e-16
205    2.118340084214557    0.4236680168429114    3.3306690738754696e-16
206    2.11834008421456    0.42366801684291205    9.992007221626409e-16
207    2.1183400842145588    0.4236680168429118    7.216449660063518e-16
208    2.118340084214557    0.42366801684291144    3.885780586188048e-16
209    2.118340084214557    0.4236680168429114    3.3306690738754696e-16
210    2.118340084214557    0.4236680168429114    3.3306690738754696e-16
211    2.118340084214557    0.42366801684291144    3.885780586188048e-16
212    2.1183400842145557    0.4236680168429111    5.551115123125783e-17
213    2.118340084214555    0.42366801684291105    0.0
214    2.1183400842145548    0.42366801684291094    1.1102230246251565e-16
215    2.1183400842145512    0.4236680168429103    7.771561172376096e-16
216    2.11834008421455    0.42366801684291    1.0547118733938987e-15
217    2.1183400842145463    0.4236680168429092    1.8318679906315083e-15
218    2.118340084214538    0.42366801684290756    3.497202527569243e-15
219    2.118340084214529    0.42366801684290584    5.218048215738236e-15
220    2.1183400842145175    0.4236680168429035    7.549516567451064e-15
221    2.1183400842145    0.42366801684290006    1.099120794378905e-14
222    2.1183400842144726    0.4236680168428945    1.6542323066914832e-14
223    2.118340084214433    0.42366801684288663    2.4424906541753444e-14
224    2.1183400842143723    0.4236680168428744    3.6637359812630166e-14
225    2.118340084214286    0.4236680168428572    5.384581669432009e-14
226    2.1183400842141573    0.4236680168428315    7.954747971439247e-14
227    2.118340084213971    0.42366801684279415    1.1690648449302898e-13
228    2.1183400842136897    0.4236680168427379    1.7313928069029316e-13
229    2.1183400842132745    0.4236680168426549    2.561284517810236e-13
230    2.1183400842126603    0.4236680168425321    3.789746294557972e-13
231    2.11834008421174    0.42366801684234806    5.629940957874169e-13
232    2.1183400842103586    0.4236680168420717    8.393286066166183e-13
233    2.1183400842082727    0.42366801684165456    1.256494908119521e-12
234    2.11834008420507    0.42366801684101396    1.8970935933282362e-12
235    2.118340084199929    0.42366801683998584    2.9252156252823625e-12
236    2.1183400841903737    0.42366801683807476    4.836298028720876e-12
237    2.1183400841651254    0.4236680168330251    9.885980922774706e-12
238    2.118340084055884    0.42366801681117683    3.1734226357826856e-11
239    2.1183400834374906    0.42366801668749815    1.554129047676156e-10
240    2.1183400794119605    0.42366801588239206    9.60518997672466e-10
241    2.1183400535196824    0.42366801070393645    6.138974606439973e-09
242    2.118339875922833    0.4236679751845666    4.165834444069816e-08
243    2.1183387259241058    0.42366774518482114    2.716580899120302e-07
244    2.1183306024590713    0.4236661204918143    1.896351096764004e-06
245    2.118278354892923    0.4236556709785846    1.2345864326468448e-05
246    2.117890131665768    0.42357802633315367    8.99905097573872e-05
247    2.115446733702486    0.42308934674049714    0.000578670102413914
248    2.0950604386213896    0.41901208772427795    0.0046559291186331064
249    1.9740233507273652    0.39480467014547305    0.028863346697438008
250    0.0    0.09732074736540751    0.32634726947750353
251    0.0    0.05198802864503161    0.37167998819787945
252    0.0    0.03717259047471359    0.38649542636819745
253    0.0    0.026946254375193025    0.396721762467718
254    0.0    0.023339753482949963    0.4003282633599611
255    0.0    0.018138555853266652    0.4055294609896444
256    0.0    0.017227894748634346    0.4064401220942767
257    0.0    0.013644395489267528    0.4100236213536435
258    0.0    0.013782172861331163    0.4098858439815799
259    0.0    0.0109175808636903    0.41275043597922073
260    0.0    0.011570050053858505    0.41209796678905253
261    0.0    0.009086748717755283    0.4145812681251558
262    0.0    0.010029627326820757    0.4136383895160903
263    0.0    0.007772659448386912    0.41589535739452416
264    0.0    0.0088953841365348    0.41477263270637627
265    0.0    0.006783709127937667    0.41688430771497337
266    0.0    0.008025504958287709    0.41564251188462337
267    0.0    0.006012640125142302    0.41765537671776876
268    0.0    0.007337341794149924    0.41633067504876115
269    0.0    0.005394722934770019    0.41827329390814105
270    0.0    0.0067794674105166475    0.4168885494323944
271    0.0    0.004888576164880294    0.41877944067803075
272    0.0    0.0063182034068748226    0.4173498134360362
273    0.0    0.004466509020332843    0.4192015078225782
274    0.0    0.005930570718116873    0.4177374461247942
275    0.0    0.0041092916330143225    0.41955872520989673
276    0.0    0.005600353125166322    0.41806766371774473
277    0.0    0.0038031527126058014    0.41986486413030527
278    0.0    0.005315779791599615    0.4183522370513114
279    0.0    0.0035379710615780335    0.420130045781333
280    0.0    0.005068099738426777    0.4185999171044843
281    0.0    0.003306141484145121    0.42036187535876596
282    0.0    0.004850671870006519    0.4188173449729045
283    0.0    0.003101838838078509    0.42056617800483254
284    0.0    0.004658365375418734    0.4190096514674923
285    0.0    0.0029205261625492914    0.42074749068036177
286    0.0    0.004487153634310621    0.41918086320860043
287    0.0    0.0027586173849137997    0.42090939945799727
288    0.0    0.004333832485821344    0.4193341843570897
289    0.0    0.0026132407491518198    0.42105477609375924
290    0.0    0.004195820583754376    0.41947219625915666
291    0.0    0.0024820695381806797    0.42118594730473036
292    0.0    0.004071015226247716    0.41959700161666336
293    0.0    0.0023631987679334082    0.42130481807497766
294    0.0    0.003957686472055405    0.41971033037085564
295    0.0    0.002255053918165172    0.4214129629247459
296    0.0    0.003854398184025001    0.41981361865888606
297    0.0    0.0021563223922538917    0.42151169445065717
298    0.0    0.003759948335682519    0.41990806850722856
299    0.0    0.00206590136577911    0.42160211547713194
300    0.0    0.0036733233125453763    0.41999469353036567
301    0.0    0.0019828576275687237    0.42168515921534233
302    0.0    0.003593662524691331    0.4200743543182197
303    0.0    0.001906396315031642    0.4217616205278794
304    0.0    0.003520230715038908    0.4201477861278721
305    0.0    0.0018358363278464151    0.42183218051506466
306    0.0    0.003452396079581072    0.42021562076332997
307    0.0    0.0017705908134021016    0.42189742602950897
308    0.0    0.003389612825049768    0.42027840401786126
309    0.0    0.0017101515444810692    0.42195786529843
310    0.0    0.0033314071489101644    0.4203366096940009
311    0.0    0.0016540763131408596    0.4220139405297702
312    0.0    0.0032773658836292015    0.42039065095928185
313    0.0    0.0016019786831346378    0.4220660381597764
314    0.0    0.003227127233221673    0.4204408896096894
315    0.0    0.0015535196021882662    0.4221144972407228
316    0.0    0.003180373166304524    0.4204876436766065
317    0.0    0.0015084004924741485    0.4221596163504369
318    0.0    0.003136823130666513    0.42053119371224457
319    0.0    0.0014663575246407193    0.42220165931827036
320    0.0    0.0030962288296653255    0.42057178801324574
321    0.0    0.0014271568460614335    0.4222408599968496
322    0.0    0.003058369857547826    0.42060964698536324
323    0.0    0.0013905905834528597    0.4222774262594582
324    0.0    0.0030230500339813557    0.4206449668089297
325    0.0    0.0013564734777872234    0.42231154336512383
326    0.0    0.0029900943112029965    0.42067792253170805
327    0.0    0.0013246400385198494    0.4223433768043912
328    0.0    0.0029593461527965275    0.42070867069011453
329    0.0    0.0012949421267097123    0.42237307471620134
330    0.0    0.0029306653030178806    0.42073735153989317
331    0.0    0.0012672468942417545    0.4224007699486693
332    0.0    0.002903925881219593    0.4207640909616915
333    0.0    0.0012414350202044353    0.4224265818227066
334    0.0    0.002879014748227744    0.4207890020946833
335    0.0    0.0012173991964563415    0.4224506176464547
336    0.0    0.0028558301013128728    0.4208121867415982
337    0.0    0.0011950428231382135    0.42247297401977285
338    0.0    0.0028342802622013897    0.42083373658070966
339    0.0    0.001174278881879197    0.42249373796103185
340    0.0    0.002814282628837997    0.42085373421407307
341    0.0    0.0011550289600761765    0.42251298788283487
342    0.0    0.0027957627666811606    0.4208722540762299
343    0.0    0.001137222404188133    0.42253079443872293
344    0.0    0.0027786536194163497    0.4208893632234947
345    0.0    0.0011207955836871695    0.4225472212592239
346    0.0    0.002762894822323999    0.42090512202058705
347    0.0    0.0011056912503482773    0.4225623255925628
348    0.0    0.0027484321042922635    0.4209195847386188
349    0.0    0.0010918579800534263    0.42257615886285765
350    0.0    0.0027352167667253425    0.4209328000761857
351    0.0    0.0010792496863420086    0.42258876715656907
352    0.0    0.002723205229478412    0.42094481161343267
353    0.0    0.0010678251966561641    0.4226001916462549
354    0.0    0.002712358635506371    0.42095565820740466
355    0.0    0.0010575478836470419    0.422610468959264
356    0.0    0.002702642507228968    0.4209653743356821
357    0.0    0.001048385345123117    0.4226196314977879
358    0.0    0.002694026448704983    0.4209739903942061
359    0.0    0.0010403091272131867    0.42262770771569785
360    0.0    0.0026864838886481585    0.4209815329542629
361    0.0    0.0010332944861896171    0.42263472235672145
362    0.0    0.002679991860104899    0.42098802498280613
363    0.0    0.0010273201851299875    0.4226406966577811
364    0.0    0.002674530813300451    0.4209934860296106
365    0.0    0.0010223683222206413    0.4226456485206904
366    0.0    0.002670084458744595    0.42099793238416644
367    0.0    0.0010184241880698119    0.42264959265484126
368    0.0    0.002666639638212824    0.4210013772046982
369    0.0    0.0010154761498739019    0.42265254069303715
370    0.0    0.002664186221666064    0.42100383062124497
371    0.0    0.0010135155607120278    0.422654501282199
372    0.0    0.0026627170285918717    0.42100529981431917
373    0.0    0.0010125366926455911    0.42265548015026544
374    0.0    0.0026622277726175815    0.42100578907029346
375    0.0    0.0010125366926457507    0.42265548015026533
376    0.0    0.0026627170285919394    0.4210052998143191
377    0.0    0.0010135155607118786    0.42265450128219917
378    0.0    0.0026641862216660486    0.421003830621245
379    0.0    0.0010154761498735697    0.4226525406930375
380    0.0    0.0026666396382131457    0.42100137720469794
381    0.0    0.0010184241880699949    0.42264959265484103
382    0.0    0.00267008445874502    0.42099793238416605
383    0.0    0.001022368322220541    0.42264564852069053
384    0.0    0.0026745308133007697    0.4209934860296103
385    0.0    0.0010273201851299988    0.42264069665778103
386    0.0    0.002679991860105054    0.420988024982806
387    0.0    0.0010332944861897047    0.42263472235672134
388    0.0    0.002686483888648327    0.4209815329542627
389    0.0    0.001040309127213341    0.4226277077156977
390    0.0    0.0026940264487051954    0.42097399039420585
391    0.0    0.001048385345123282    0.42261963149778775
392    0.0    0.0027026425072292953    0.42096537433568176
393    0.0    0.001057547883647041    0.422610468959264
394    0.0    0.0027123586355066393    0.42095565820740444
395    0.0    0.001067825196655999    0.42260019164625506
396    0.0    0.002723205229478524    0.42094481161343256
397    0.0    0.0010792496863421875    0.42258876715656885
398    0.0    0.0027352167667254526    0.4209328000761856
399    0.0    0.0010918579800533346    0.4225761588628577
400    0.0    0.0027484321042922674    0.4209195847386188
401    0.0    0.0011056912503483673    0.4225623255925627
402    0.0    0.002762894822324065    0.420905122020587
403    0.0    0.001120795583687214    0.42254722125922384
404    0.0    0.0027786536194164906    0.4208893632234946
405    0.0    0.0011372224041882116    0.4225307944387228
406    0.0    0.002795762766681191    0.42087225407622986
407    0.0    0.001155028960076109    0.4225129878828349
408    0.0    0.0028142826288379886    0.42085373421407307
409    0.0    0.0011742788818789934    0.42249373796103207
410    0.0    0.002834280262201544    0.4208337365807095
411    0.0    0.0011950428231383282    0.42247297401977274
412    0.0    0.002855830101313114    0.4208121867415979
413    0.0    0.0012173991964564718    0.4224506176464546
414    0.0    0.002879014748227433    0.4207890020946836
415    0.0    0.0012414350202046116    0.4224265818227064
416    0.0    0.002903925881219531    0.42076409096169154
417    0.0    0.001267246894242077    0.422400769948669
418    0.0    0.0029306653030178576    0.4207373515398932
419    0.0    0.0012949421267102216    0.42237307471620084
420    0.0    0.00295934615279637    0.4207086706901147
421    0.0    0.0013246400385198988    0.42234337680439116
422    0.0    0.002990094311203052    0.420677922531708
423    0.0    0.0013564734777873793    0.42231154336512366
424    0.0    0.0030230500339809927    0.42064496680893004
425    0.0    0.0013905905834528    0.42227742625945824
426    0.0    0.0030583698575475434    0.4206096469853635
427    0.0    0.0014271568460613164    0.42224085999684974
428    0.0    0.0030962288296649994    0.4205717880132461
429    0.0    0.0014663575246406993    0.42220165931827036
430    0.0    0.0031368231306663076    0.42053119371224473
431    0.0    0.0015084004924741756    0.42215961635043686
432    0.0    0.0031803731663044435    0.4204876436766066
433    0.0    0.0015535196021880804    0.422114497240723
434    0.0    0.0032271272332216826    0.4204408896096894
435    0.0    0.001601978683134767    0.4220660381597763
436    0.0    0.003277365883629224    0.42039065095928185
437    0.0    0.0016540763131407902    0.42201394052977026
438    0.0    0.0033314071489101973    0.4203366096940009
439    0.0    0.0017101515444812635    0.42195786529842977
440    0.0    0.0033896128250497128    0.4202784040178613
441    0.0    0.0017705908134024052    0.42189742602950864
442    0.0    0.0034523960795811133    0.42021562076332997
443    0.0    0.0018358363278465017    0.42183218051506455
444    0.0    0.003520230715038812    0.42014778612787224
445    0.0    0.0019063963150320667    0.42176162052787897
446    0.0    0.003593662524691336    0.4200743543182197
447    0.0    0.001982857627568837    0.4216851592153422
448    0.0    0.003673323312545352    0.4199946935303657
449    0.0    0.0020659013657791346    0.42160211547713194
450    0.0    0.0037599483356824865    0.41990806850722856
451    0.0    0.0021563223922540214    0.42151169445065706
452    0.0    0.0038543981840249157    0.4198136186588861
453    0.0    0.0022550539181653874    0.42141296292474567
454    0.0    0.003957686472055219    0.4197103303708558
455    0.0    0.0023631987679334347    0.4213048180749776
456    0.0    0.004071015226247646    0.4195970016166634
457    0.0    0.002482069538180808    0.42118594730473025
458    0.0    0.004195820583754184    0.4194721962591569
459    0.0    0.0026132407491518774    0.4210547760937592
460    0.0    0.004333832485821171    0.4193341843570899
461    0.0    0.002758617384913801    0.42090939945799727
462    0.0    0.004487153634310559    0.4191808632086005
463    0.0    0.002920526162548998    0.42074749068036205
464    0.0    0.004658365375418693    0.41900965146749236
465    0.0    0.0031018388380786954    0.42056617800483237
466    0.0    0.004850671870006618    0.41881734497290446
467    0.0    0.0033061414841454445    0.4203618753587656
468    0.0    0.005068099738426973    0.4185999171044841
469    0.0    0.003537971061578146    0.4201300457813329
470    0.0    0.00531577979159975    0.4183522370513113
471    0.0    0.0038031527126057697    0.41986486413030527
472    0.0    0.005600353125166302    0.41806766371774473
473    0.0    0.004109291633014267    0.4195587252098968
474    0.0    0.005930570718117004    0.4177374461247941
475    0.0    0.004466509020332756    0.4192015078225783
476    0.0    0.006318203406874794    0.4173498134360363
477    0.0    0.0048885761648803745    0.4187794406780307
478    0.0    0.006779467410516701    0.41688854943239434
479    0.0    0.0053947229347698815    0.41827329390814116
480    0.0    0.0073373417941498785    0.4163306750487612
481    0.0    0.006012640125142172    0.41765537671776887
482    0.0    0.008025504958287664    0.41564251188462337
483    0.0    0.0067837091279373315    0.4168843077149737
484    0.0    0.008895384136534748    0.4147726327063763
485    0.0    0.007772659448386643    0.41589535739452443
486    0.0    0.010029627326820667    0.4136383895160904
487    0.0    0.009086748717755064    0.414581268125156
488    0.0    0.011570050053858364    0.4120979667890527
489    0.0    0.010917580863690034    0.412750435979221
490    0.0    0.013782172861331014    0.40988584398158007
491    0.0    0.013644395489267321    0.41002362135364373
492    0.0    0.017227894748634218    0.4064401220942768
493    0.0    0.018138555853266465    0.4055294609896446
494    0.0    0.02333975348295    0.4003282633599611
495    0.0    0.026946254375192862    0.3967217624677182
496    0.0    0.03717259047471373    0.38649542636819734
497    0.0    0.05198802864503128    0.3716799881978798
498    0.0    0.09732074736540752    0.32634726947750353
499    1.9740233507273628    0.39480467014547255    0.028863346697438508
