0.0 nan 9.015150125565453 12.849109581145697 
0.002035001564706512 nan 9.108107473902537 12.914499874093716 
0.004070003129413024 nan 9.202013236324925 12.980898768702668 
0.006105004694119535 nan 9.296897053243995 13.04833246282544 
0.008140006258826047 nan 9.392789500927115 13.116828116985218 
0.01017500782353256 nan 9.489722140782849 13.18641390033968 
0.01221000938823907 nan 9.587727571320348 13.257119039356315 
0.014245010952945582 nan 9.686839482982576 13.328973869389852 
0.016280012517652095 nan 9.787092716068747 13.40200988936858 
0.018315014082358607 nan 9.888523321978456 13.476259819813476 
0.02035001564706512 nan 9.991168628028777 13.551757664432824 
0.02238501721177163 nan 10.095067306116345 13.628538775555743 
0.02442001877647814 nan 10.200259445519128 13.706639923690616 
0.026455020341184653 nan 10.30678663015765 13.786099371519262 
0.028490021905891165 nan 10.414692020662928 13.866956952665115 
0.030525023470597677 nan 10.524020441628776 13.94925415560372 
0.03256002503530419 nan 10.63481847445961 14.033034213117089 
0.0345950266000107 nan 10.747134556261805 14.118342197730014 
0.036630028164717214 nan 10.861019085267612 14.20522512360697 
0.038665029729423726 nan 10.976524533325733 14.293732055432866 
0.04070003129413024 nan 11.093705566042841 14.383914224850525 
0.04273503285883675 nan 11.212619171215742 14.475825155082598 
0.04477003442354326 nan 11.333324796255637 14.569520794426637 
0.046805035988249775 nan 11.455884495374422 14.665059659379752 
0.04884003755295628 nan 11.580363087379242 14.762502988224693 
0.05087503911766279 nan 11.70682832500654 14.861914905993196 
0.052910040682369305 0.5337430723560787 11.835351076821812 14.963362601816296 
0.05494504224707582 1.1740209862610358 11.966005522817195 15.066916519776 
0.05698004381178233 1.6069273127980503 12.09886936495785 15.172650564490137 
0.05901504537648884 1.973392994028307 12.234024054061113 15.280642322793673 
0.061050046941195354 2.3047143678730087 12.371555034541775 15.390973303027435 
0.06308504850590187 2.61368583330999 12.511552008724852 15.503729193611264 
0.06512005007060838 2.906872472057702 12.654109222616382 15.619000142765614 
0.06715505163531489 3.188110064747476 12.799325775236282 15.73688106145672 
0.0691900532000214 3.4598486011480327 12.947305953858478 15.857471951878917 
0.07122505476472792 3.7237638141085583 13.098159597776668 15.980878264057841 
0.07326005632943443 3.981069056718057 13.25200249352387 16.10721128346463 
0.07529505789414094 4.232688586506593 13.408956804825952 16.236588552879436 
0.07733005945884745 4.479358256104804 13.569151540970097 16.369134332139208 
0.07936506102355396 4.721688608995145 13.732723067726642 16.504980099857097 
0.08140006258826048 4.960204027158202 13.899815665485502 16.644265101718474 
0.08343506415296699 5.195369729928631 14.07058213986745 16.787136950551282 
0.0854700657176735 5.427608942507789 14.245184490758598 16.933752284049646 
0.08750506728238001 5.657315590428068 14.423794646508046 17.084277486813466 
0.08954006884708653 5.884863438196158 14.606595270942332 17.238889484271375 
0.09157507041179304 6.110612059600226 14.793780651906552 17.39777661710059 
0.09361007197649955 6.3349121857858774 14.985557681267112 17.561139605970652 
0.09564507354120606 6.558109527444502 15.182146937734986 17.729192617848767 
0.09768007510591256 6.78054800032082 15.383783885528235 17.902164446749044 
0.09971507667061907 7.002572502567072 15.590720203833017 18.0802998237312 
0.10175007823532559 7.224531420329704 15.80322526429734 18.26386087320896 
0.1037850798000321 7.446778990792759 16.021587776467133 18.453128735280867 
0.10582008136473861 7.669677623201494 16.24611762423059 18.648405376925478 
0.10785508292944512 7.893600259085149 16.477147920072436 18.850015618607717 
0.10989008449415164 8.11893295434604 16.71503730837688 19.05830940724382 
0.11192508605885815 8.34607708385105 16.96017255430632 19.273664371718542 
0.11396008762356466 8.575452969875794 17.212971461110378 19.496488703425744 
0.11599508918827117 8.807502209681083 17.47388616631824 19.727224411844038 
0.11803009075297768 9.04269208061176 17.74340687643161 19.966351014254155 
0.1200650923176842 9.281518783120319 18.02206611083232 20.214389729720214 
0.12210009388239071 9.524512430813283 18.31044353911824 20.471908260859422 
0.12413509544709722 9.77224214197887 18.60917151257754 20.739526263305407 
0.12617009701180373 10.025322035651683 18.91894141077027 21.017921622890437 
0.12820509857651025 10.28441818041323 19.240510949192345 21.30783768541045 
0.13024010014121676 10.550256823444846 19.57471262502975 21.610091614667123 
0.13227510170592327 10.823633401138324 19.922463516740617 21.925584092964733 
0.13431010327062978 11.10542460846316 20.284776701828964 22.255310626564402 
0.1363451048353363 11.396600846177707 20.662774618609795 22.600374779663998 
0.1383801064000428 11.698242752504726 21.057704775905272 22.962003738153843 
0.14041510796474932 12.011559696392629 21.470958314699185 23.341566703915944 
0.14245010952945583 12.337913831896303 21.90409205494081 23.740596748884144 
0.14448511109416234 12.678847483601999 22.358854828704345 24.16081692519694 
0.14652011265886886 13.036118420444186 22.83721912132159 24.604171647041152 
0.14855511422357537 13.411743008165 23.341419333874256 25.072864650086682 
0.15059011578828188 13.808049894989043 23.87399837040753 25.569405222492538 
0.1526251173529884 14.227748095725257 24.437864779883892 26.09666492565088 
0.1546601189176949 14.674015175718287 25.03636340209381 26.657947738779697 
0.15669512048240142 15.150608444803082 25.673363460705698 27.257077551111486 
0.15873012204710793 15.662013635257571 26.353369438246474 27.89850831120744 
0.16076512361181444 16.213639949628163 27.08166204368241 28.587464110865728 
0.16280012517652095 16.812084944470108 27.864479431901508 29.330119318759504 
0.16483512674122747 17.465495912473216 28.709253010376084 30.133833039551998 
0.16687012830593398 18.184077863332075 29.62491840315395 31.007458387222528 
0.1689051298706405 18.98081860231073 30.622331640826072 31.961756528115675 
0.170940131435347 19.87255380237924 31.714835442500846 33.00996019971419 
0.17297513300005352 20.88157645695049 32.91904408915846 34.16855497362693 
0.17501013456476003 22.038153128774194 34.25595420188036 35.45838523569752 
0.17704513612946654 23.384621811988517 35.752554527496166 36.906257470561734 
0.17908013769417305 24.982397104426553 37.444223426488676 38.547328743437085 
0.18111513925887956 26.92468881867888 39.378414434030546 40.428779459440435 
0.18315014082358608 29.361426747848807 41.62053702283746 42.6156753708209 
0.1851851423882926 32.55298393128438 44.26376707289253 45.20074955932802 
0.1872201439529991 37.003540070823156 47.446323490126446 48.32163385039388 
0.18925514551770561 43.863795124775656 51.38401498253107 52.19332985130173 
0.19129014708241213 56.636033946365444 56.43709535330763 57.17492822173147 
0.19332514864711864 96.73486324577668 63.26443579301384 63.923513056231336 
0.19536015021182512 233.24861950618654 73.24247863563693 73.81251494112323 
0.19739515177653164 244.32538377136308 89.9366685932857 90.4014991186557 
0.19943015334123815 92.88746773899766 127.51876489583262 127.8470261124616 
0.2014651549059447 nan inf inf 
