##delta---free_energy---extended_GL
0.0 -0.00010929764630418504 0.0
0.00202020202020202 -0.002634950422361726 -0.001261460050762601
0.00404040404040404 -0.00853983566230454 -0.004906141198075042
0.006060606060606061 -0.015509059615396836 -0.010514946427011231
0.00808080808080808 -0.022276615785358445 -0.017389380712694354
0.0101010101010101 -0.028059457125436893 -0.02455155102029687
0.012121212121212121 -0.03226986318668423 -0.030744166305040507
0.014141414141414142 -0.03443098243587883 -0.034430537512196276
0.01616161616161616 -0.03414052571224602 -0.03379457757708444
0.01818181818181818 -0.031050372002482618 -0.026740801425074574
0.0202020202020202 -0.02485363883943137 -0.010894325971585505
0.022222222222222223 -0.01527591146668783 0.016399129877914753
0.024242424242424242 -0.0020690083447334473 0.05807324522790868
0.026262626262626262 0.014993611899626558 0.11734109719282967
0.028282828282828285 0.03612033286390215 0.19769516089706196
0.030303030303030304 0.06150408395933482 0.3029073094749401
0.03232323232323232 0.09132448157242834 0.4370288140707499
0.03434343434343434 0.12574955383024644 0.6043903438387273
0.03636363636363636 0.164937150460446 0.8096019659430594
0.03838383838383838 0.2090361100536029 1.0575531455578842
0.0404040404040404 0.25818723740849236 1.3534127458672893
0.04242424242424243 0.31252413006041024 1.702629028065316
0.044444444444444446 0.3721738835188262 2.1109296513559523
0.046464646464646465 0.437257697854875 2.5843216729531373
0.048484848484848485 0.5078914032137618 3.1290915480807664
0.050505050505050504 0.5841859180991378 3.7518051299726776
0.052525252525252523 0.6662476514261471 4.459307669872667
0.05454545454545454 0.7541788571788857 5.258723817034475
0.05656565656565657 0.848077948851369 6.157457618721802
0.05858585858585859 0.9480397795182398 7.163192520208285
0.06060606060606061 1.0541558923841876 8.283891364777523
0.06262626262626263 1.1665147457997591 9.527796393723063
0.06464646464646465 1.2852019161277894 10.9034292463484
0.06666666666666667 1.41030028123987 12.419590959966985
0.06868686868686869 1.541890187072113 14.085361969902216
0.0707070707070707 1.680049599215181 15.91010210948744
0.07272727272727272 1.8248542413361974 17.903450610065963
0.07474747474747474 1.9763777218586256 20.075326100991024
0.07676767676767676 2.134691650230252 22.435926609625835
0.07878787878787878 2.2998657438747614 24.99572956134355
0.0808080808080808 2.471967926792786 27.765491779527256
0.08282828282828283 2.6510644206682628 30.756249485570045
0.08484848484848485 2.8372198292145185 33.97931829887489
0.08686868686868687 3.0304972164158244 37.44629323685472
0.08888888888888889 3.2309581792342215 41.1690487149325
0.09090909090909091 3.4386629152986643 45.159738546541035
0.09292929292929293 3.653670286023953 49.430795943123165
0.09494949494949495 3.876037875557813 53.99493351413163
0.09696969696969697 4.105822045920831 58.86514326702917
0.09898989898989899 4.34307798866439 64.05469660728839
0.10101010101010101 4.587859773313539 69.57714433839196
0.10303030303030303 4.840220392886295 75.44631666183238
0.10505050505050505 5.100211806691732 81.67632317711224
0.10707070707070707 5.367884980636063 88.28155288174392
0.10909090909090909 5.643289925219051 95.27667417124987
0.1111111111111111 5.926475731399933 102.67663483916246
0.11313131313131314 6.217490604478371 110.49666207702407
0.11515151515151516 6.516381896146868 118.75226247438682
0.11717171717171718 6.823196134836962 127.45922201881301
0.1191919191919192 7.137979054474272 136.63360609587477
0.12121212121212122 7.460775621761968 146.29175948915426
0.12323232323232323 7.791630062080003 156.45030638024355
0.12525252525252525 8.130585884104221 167.12615034874466
0.12727272727272726 8.477685903211295 178.33647437226944
0.1292929292929293 8.832972263771808 190.09874082644004
0.13131313131313133 9.196486460370124 202.43069148488823
0.13333333333333333 9.56826935805293 215.35034751925562
0.13535353535353536 9.948361211635529 228.87600949919437
0.13737373737373737 10.336801684139118 243.02625739236578
0.1393939393939394 10.733629864405884 257.81995056444197
0.1414141414141414 11.13888428394057 273.2762277791041
0.14343434343434344 11.552602933024446 289.41450719804425
0.14545454545454545 11.974823276138522 306.25448638096344
0.14747474747474748 12.40558226674193 323.8161422855736
0.1494949494949495 12.844916361430933 342.1197312675957
0.15151515151515152 13.292861533523592 361.18578908076165
0.15353535353535352 13.749453286095559 381.03513087681216
0.15555555555555556 14.214726664490172 401.68885120549913
0.15757575757575756 14.688716268342887 423.16832401458333
0.1595959595959596 15.171456263135042 445.4952026498363
0.1616161616161616 15.662980391307883 468.69141985503865
0.16363636363636364 16.163321982950492 492.77918777198215
0.16565656565656567 16.67251396609072 517.7809979404676
0.16767676767676767 17.190588876609127 543.7196212983054
0.1696969696969697 17.717578867782322 570.6181081813174
0.1717171717171717 18.253515719492498 598.4997883233335
0.17373737373737375 18.798430847100462 627.3882708561956
0.17575757575757575 19.35235531000899 657.3074443097536
0.17777777777777778 19.91531981993012 688.281476611869
0.1797979797979798 20.487354748863254 720.3348150884115
0.18181818181818182 21.068490136803575 753.4921864632629
0.18383838383838383 21.658755699193534 787.7785968583127
0.18585858585858586 22.25818083412105 823.2193317934624
0.18787878787878787 22.86679462928487 859.8399561866216
0.1898989898989899 23.484625868728926 897.6663143537116
0.1919191919191919 24.111703039365693 936.7245300086622
0.19393939393939394 24.74805433728261 977.0410062634143
0.19595959595959597 25.39370767385708 1018.6424256279175
0.19797979797979798 26.048690681676817 1061.5557500101322
0.2 26.713030720277402 1105.8082207160292
