0.01 nan 
0.1109090909090909 nan 
0.21181818181818182 nan 
0.31272727272727274 nan 
0.41363636363636364 nan 
0.5145454545454545 nan 
0.6154545454545455 nan 
0.7163636363636363 0.014697089595779679 
0.8172727272727273 0.006869693191848582 
0.9181818181818182 0.00721452171277195 
1.019090909090909 0.00821480144904415 
1.1199999999999999 0.00951939845844474 
1.220909090909091 0.01124476153100794 
1.3218181818181818 0.013614945512710558 
1.4227272727272726 0.01691039118913062 
1.5236363636363637 0.021416288941258393 
1.6245454545454545 0.027362300411033418 
1.7254545454545454 0.03485557092611294 
1.8263636363636364 0.04384256957152353 
1.9272727272727272 0.05414959091596699 
2.028181818181818 0.06557105959957851 
2.129090909090909 0.07793523750816167 
2.2299999999999995 0.09112330096517404 
2.3309090909090906 0.10505963338292094 
2.4318181818181817 0.11969489226987204 
2.5327272727272723 0.13499249939905036 
2.6336363636363633 0.15092074018775445 
2.7345454545454544 0.16744920978928252 
2.835454545454545 0.18454778975963143 
2.936363636363636 0.2021867783478648 
3.037272727272727 0.22033737694555253 
3.1381818181818177 0.23897215671741892 
3.239090909090909 0.2580653778712778 
3.34 0.27759314755206294 
3.4409090909090905 0.29753346295585814 
3.5418181818181815 0.31786616304817844 
3.6427272727272726 0.33857283905437235 
3.743636363636363 0.3596367222128104 
3.8445454545454543 0.3810425588889829 
3.9454545454545453 0.40277648601056315 
4.046363636363636 0.4248259134189087 
4.1472727272727266 0.447179414829756 
4.248181818181818 0.4698266165476068 
4.349090909090909 0.492758106920061 
4.449999999999999 0.5159653393697374 
4.550909090909091 0.5394405576384789 
4.651818181818181 0.5631767155902427 
4.752727272727272 0.5871674099207848 
4.8536363636363635 0.6114068128923005 
4.954545454545454 0.6358896194096362 
5.055454545454545 0.6606109973536206 
5.156363636363636 0.6855665310678178 
5.257272727272727 0.7107521804965401 
5.3581818181818175 0.7361642521618624 
5.459090909090909 0.7617993576127188 
5.56 0.7876543664601752 
5.66090909090909 0.8137264097956886 
5.761818181818182 0.8400128257426535 
5.862727272727272 0.8665111514229312 
5.963636363636363 0.8932190991385514 
6.0645454545454545 0.9201345297805287 
6.165454545454545 0.9472554595069157 
6.266363636363636 0.974580015741971 
6.367272727272727 1.002106440361926 
6.468181818181818 1.0298330777405347 
6.569090909090908 1.0577583574640832 
6.67 1.0858807886593698 
6.7709090909090905 1.1141989638662173 
6.871818181818181 1.1427115272862298 
6.972727272727273 1.1714171861908214 
7.073636363636363 1.200314692200054 
7.174545454545454 1.2294028576559635 
7.275454545454545 1.258680518294161 
7.376363636363636 1.2881465718596181 
7.477272727272727 1.3177999365934592 
7.578181818181818 1.3476395459632127 
7.679090909090909 1.3776643941527476 
7.779999999999999 1.4078734763610723 
7.880909090909091 1.4382658305124523 
7.9818181818181815 1.4688404999222493 
8.082727272727272 1.499596541498446 
8.183636363636364 1.530533058152882 
8.284545454545453 1.5616491619598798 
8.385454545454545 1.592943950061423 
8.486363636363636 1.624416548550033 
8.587272727272726 1.6560661597514366 
8.688181818181818 1.6878918801464664 
8.789090909090909 1.7198929074260982 
8.889999999999999 1.7520684463930465 
8.99090909090909 1.7844176605917736 
9.091818181818182 1.816939777061482 
9.192727272727272 1.8496339901416359 
9.293636363636363 1.8824995455022966 
9.394545454545455 1.9155356627574258 
9.495454545454544 1.9487415763116536 
9.596363636363636 1.9821165501510978 
9.697272727272727 2.0156598425411882 
9.798181818181817 2.0493707191487633 
9.899090909090908 2.0832484385452354 
10.0 2.1172922786808615 
