0.001 0.524484227357173 
0.012303030303030305 0.5244842272435728 
0.023606060606060613 0.5244842272435728 
0.03490909090909092 0.5244842272435728 
0.046212121212121225 0.5244842272923633 
0.05751515151515153 0.5244842267068768 
0.06881818181818183 0.5244842263165634 
0.08012121212121215 0.5244842274214327 
0.09142424242424245 0.5244842271958845 
0.10272727272727275 0.5244842248349727 
0.11403030303030307 0.5244842159475798 
0.12533333333333335 0.5244841733844867 
0.13663636363636367 0.524484032244273 
0.14793939393939398 0.5244836527611071 
0.1592424242424243 0.5244827980044308 
0.17054545454545458 0.5244811278519121 
0.1818484848484849 0.5244782345415938 
0.1931515151515152 0.5244736907128001 
0.2044545454545455 0.5244671619557237 
0.21575757575757581 0.5244585102389404 
0.22706060606060613 0.5244479020425048 
0.23836363636363642 0.5244359130169791 
0.24966666666666673 0.5244236033312528 
0.260969696969697 0.5244125601592169 
0.27227272727272733 0.5244049234937505 
0.28357575757575765 0.5244033730237929 
0.29487878787878796 0.5244110979313159 
0.3061818181818183 0.5244317536085072 
0.3174848484848486 0.5244693984813293 
0.32878787878787885 0.5245284328624484 
0.34009090909090917 0.5246135386563899 
0.3513939393939395 0.5247296187623014 
0.3626969696969698 0.5248817390837438 
0.3740000000000001 0.525075082824255 
0.3853030303030304 0.525314912701894 
0.39660606060606074 0.525606540230886 
0.407909090909091 0.5259552990712315 
0.4192121212121213 0.526366534721557 
0.43051515151515163 0.5268455930781387 
0.44181818181818194 0.527397820713498 
0.45312121212121226 0.5280285724142605 
0.4644242424242426 0.5287432149113039 
0.47572727272727283 0.5295471494292995 
0.48703030303030315 0.5304458228372743 
0.49833333333333346 0.531444751111208 
0.5096363636363638 0.5325495522854427 
0.520939393939394 0.5337659661305808 
0.5322424242424244 0.5350998905734426 
0.5435454545454547 0.5365574176459454 
0.554848484848485 0.5381448718234595 
0.5661515151515153 0.539868846646695 
0.5774545454545457 0.5417362574902341 
0.5887575757575759 0.5437543905145784 
0.6000606060606062 0.5459309521888283 
0.6113636363636366 0.5482741315981722 
0.6226666666666668 0.5507926708938706 
0.6339696969696972 0.5534959313417764 
0.6452727272727274 0.5563939836014444 
0.6565757575757577 0.5594976895853059 
0.6678787878787881 0.5628188134192605 
0.6791818181818183 0.5663701378466776 
0.6904848484848487 0.5701655878143342 
0.701787878787879 0.5742203935372131 
0.7130909090909093 0.5785512548518184 
0.7243939393939396 0.5831765430707057 
0.7356969696969698 0.5881165425471689 
0.7470000000000002 0.5933937050960078 
0.7583030303030305 0.5990329760869587 
0.7696060606060608 0.605062166201441 
0.7809090909090911 0.6115123857736329 
0.7922121212121215 0.6184185772121621 
0.8035151515151517 0.6258201430151304 
0.814818181818182 0.633761690217597 
0.8261212121212124 0.6422939650639787 
0.8374242424242426 0.6514749630761844 
0.848727272727273 0.6613713311668438 
0.8600303030303033 0.672060054577509 
0.8713333333333335 0.6836306535846978 
0.8826363636363639 0.6961878621330616 
0.8939393939393941 0.7098551601436307 
0.9052424242424245 0.7247792641567421 
0.9165454545454548 0.7411360535015813 
0.9278484848484851 0.7591384242519043 
0.9391515151515154 0.779046949017393 
0.9504545454545457 0.8011844409658745 
0.961757575757576 0.8259564316385961 
0.9730606060606063 0.8538805085480882 
0.9843636363636367 0.8856294126255202 
0.9956666666666669 0.9220963336519629 
1.006969696969697 0.9644971529086581 
1.0182727272727274 1.0145373769608288 
1.0295757575757578 1.0746983428487094 
1.040878787878788 1.1487582059863335 
1.0521818181818183 1.2428161104875326 
1.0634848484848487 1.3675167297365824 
1.074787878787879 1.5435925283413527 
1.0860909090909092 1.8187892997332993 
1.0973939393939396 2.340810063965047 
1.10869696969697 4.075589091400433 
1.12 5.52833960075969 
