##q-\DeltaF
0.001 3.026672675884756 
0.00301010101010101 3.026672675884756 
0.00502020202020202 3.026672675884756 
0.00703030303030303 3.026672675884756 
0.00904040404040404 3.026672675884756 
0.01105050505050505 3.0266726781047644 
0.01306060606060606 3.026672821551344 
0.015070707070707071 3.0266729660570384 
0.017080808080808082 3.026672676479837 
0.019090909090909092 3.0266723976850596 
0.021101010101010103 3.0266730250896714 
0.023111111111111114 3.026673369924953 
0.02512121212121212 3.0266751568885395 
0.02713131313131313 3.0266802625324796 
0.02914141414141414 3.0266916243281057 
0.031151515151515152 3.02671512675354 
0.03316161616161616 3.026756569499063 
0.03517171717171717 3.02682785280884 
0.037181818181818184 3.0269421252634325 
0.039191919191919194 3.0271147757005785 
0.041202020202020205 3.027365105220026 
0.043212121212121216 3.0277148468894644 
0.045222222222222226 3.0281870008706075 
0.04723232323232324 3.0288058794874635 
0.04924242424242424 3.0295990373299704 
0.05125252525252525 3.0305927992788484 
0.05326262626262626 3.031816396027753 
0.05527272727272727 3.0332975414684213 
0.05728282828282828 3.035065274896952 
0.05929292929292929 3.037145743248515 
0.061303030303030304 3.039570481967956 
0.06331313131313131 3.042365029453626 
0.06532323232323232 3.0455577654569357 
0.06733333333333333 3.049176982270762 
0.06934343434343435 3.0532493528830815 
0.07135353535353535 3.0578005218692432 
0.07336363636363637 3.062859994560975 
0.07537373737373737 3.0684520938590785 
0.07738383838383839 3.074606074992257 
0.07939393939393939 3.081348252047162 
0.08140404040404041 3.0887067869151728 
0.08341414141414141 3.0967095318486964 
0.08542424242424243 3.105385785452804 
0.08743434343434343 3.1147652480423687 
0.08944444444444445 3.124879954819144 
0.09145454545454546 3.135761226967641 
0.09346464646464647 3.147442882853551 
0.09547474747474748 3.159961646110332 
0.09748484848484848 3.173353467376221 
0.0994949494949495 3.1876589014761953 
0.1015050505050505 3.202920766339298 
0.10351515151515152 3.2191828872808914 
0.10552525252525252 3.236495427738991 
0.10753535353535354 3.254908973317973 
0.10954545454545454 3.274478776189225 
0.11155555555555556 3.2952667875241666 
0.11356565656565656 3.3173378008674725 
0.11557575757575758 3.3407625746767198 
0.11758585858585859 3.365617930661237 
0.1195959595959596 3.3919876272556624 
0.1216060606060606 3.4199641541267343 
0.12361616161616162 3.449648951720955 
0.1256262626262626 3.4811526840006284 
0.12763636363636363 3.514597700942533 
0.12964646464646465 3.550119099624483 
0.13165656565656567 3.5878677709786273 
0.13366666666666666 3.628009410870877 
0.13567676767676767 3.6707322524598607 
0.1376868686868687 3.7162429991803525 
0.1396969696969697 3.7647782857208787 
0.1417070707070707 3.8166026152965697 
0.14371717171717172 3.8720156721187244 
0.14572727272727273 3.931360568239605 
0.14773737373737375 3.9950286431787827 
0.14974747474747474 4.063470919194165 
0.15175757575757576 4.137207759008621 
0.15376767676767678 4.216845524807215 
0.1557777777777778 4.303097735328608 
0.15778787878787878 4.3968058677545585 
0.1597979797979798 4.498968238891125 
0.16180808080808082 4.610787622409885 
0.1638181818181818 4.733729412390113 
0.16582828282828282 4.869580574023512 
0.16783838383838384 5.020577885956891 
0.16984848484848486 5.189530280559438 
0.17185858585858585 5.380056524109635 
0.17386868686868687 5.596872246672759 
0.17587878787878788 5.846292161300248 
0.1778888888888889 6.136992607663817 
0.1798989898989899 6.481270794672868 
0.1819090909090909 6.897236241406824 
0.18391919191919193 7.412973134874089 
0.18592929292929294 8.074807731701604 
0.18793939393939393 8.966197981388357 
0.18994949494949495 10.25721572039332 
0.19195959595959597 12.370601751898963 
0.19396969696969696 16.737596290185362 
0.19597979797979798 18.561086421609982 
0.197989898989899 0.0 
0.2 nan 
