##q-\DeltaF
0.01 0.2471113065064212 
0.01191919191919192 0.24711131505888692 
0.013838383838383839 0.24711132374292993 
0.01575757575757576 0.24711128065166493 
0.017676767676767676 0.24711133236118563 
0.019595959595959597 0.2471113581501699 
0.021515151515151515 0.24711147893745886 
0.023434343434343433 0.2471119099837378 
0.025353535353535354 0.24711299662247088 
0.027272727272727275 0.24711548863651953 
0.029191919191919193 0.24712051625005807 
0.03111111111111111 0.24712964095334436 
0.03303030303030303 0.24714497760087814 
0.03494949494949495 0.2471691267222031 
0.03686868686868687 0.2472050054510427 
0.03878787878787879 0.24725596338111458 
0.040707070707070706 0.2473255643658542 
0.04262626262626263 0.24741740416255661 
0.04454545454545455 0.2475352058177097 
0.046464646464646465 0.24768260593002703 
0.04838383838383838 0.2478631302836269 
0.05030303030303031 0.24808011045684697 
0.052222222222222225 0.2483366945078905 
0.05414141414141414 0.24863584931471552 
0.05606060606060606 0.2489802825045389 
0.05797979797979798 0.24937248581473243 
0.0598989898989899 0.24981474161894276 
0.06181818181818182 0.25030923603463867 
0.06373737373737373 0.25085784006612716 
0.06565656565656565 0.25146243475322777 
0.06757575757575758 0.2521246895326672 
0.0694949494949495 0.25284617968973616 
0.07141414141414142 0.25362847950819006 
0.07333333333333333 0.2544731283886771 
0.07525252525252525 0.2553815449580164 
0.07717171717171717 0.25635527269736696 
0.07909090909090909 0.25739581131090583 
0.081010101010101 0.25850468304605795 
0.08292929292929292 0.2596836129696719 
0.08484848484848484 0.26093421578587994 
0.08676767676767676 0.2622583263091162 
0.08868686868686868 0.26365792810964905 
0.0906060606060606 0.2651350035173417 
0.09252525252525252 0.2666919404013024 
0.09444444444444444 0.26833100089376966 
0.09636363636363636 0.2700548109999358 
0.09828282828282828 0.27186620596767286 
0.1002020202020202 0.2737683037470919 
0.10212121212121211 0.27576438428499583 
0.10404040404040403 0.27785802167929 
0.10595959595959595 0.280053271706977 
0.10787878787878788 0.28235432086533735 
0.1097979797979798 0.28476586022302464 
0.11171717171717171 0.287293041878896 
0.11363636363636363 0.2899414014322868 
0.11555555555555555 0.2927170789241534 
0.11747474747474747 0.2956266952552064 
0.11939393939393939 0.29867768895275293 
0.1213131313131313 0.3018779459152625 
0.12323232323232322 0.30523643938133743 
0.12515151515151515 0.30876290530166217 
0.12707070707070708 0.3124680522279718 
0.128989898989899 0.3163638831310524 
0.13090909090909092 0.3204636143504905 
0.13282828282828282 0.3247818369514717 
0.13474747474747475 0.3293349911635886 
0.1366666666666667 0.33414139576538415 
0.1385858585858586 0.3392216412677265 
0.14050505050505052 0.34459897689957936 
0.14242424242424243 0.35029938467606786 
0.14434343434343436 0.3563526662902147 
0.14626262626262626 0.36279257758927924 
0.1481818181818182 0.3696578564142634 
0.1501010101010101 0.37699340543444726 
0.15202020202020203 0.3848506584649665 
0.15393939393939396 0.39328986537717975 
0.15585858585858586 0.4023816759088024 
0.1577777777777778 0.4122096388728703 
0.1596969696969697 0.4228730772824994 
0.16161616161616163 0.43449189962256 
0.16353535353535353 0.4472113855836411 
0.16545454545454547 0.4612102428609176 
0.16737373737373737 0.4767109028929912 
0.1692929292929293 0.4939942276075733 
0.17121212121212123 0.513421306055703 
0.17313131313131314 0.535465197667447 
0.17505050505050507 0.5607588625433673 
0.17696969696969697 0.5901734001226903 
0.1788888888888889 0.6249486223643047 
0.1808080808080808 0.6669167213963437 
0.18272727272727274 0.7189287817880204 
0.18464646464646464 0.7857177043820418 
0.18656565656565657 0.8758770516180853 
0.1884848484848485 1.0071479549278426 
0.1904040404040404 1.2245559834995094 
0.19232323232323234 1.6987479686856135 
0.19424242424242424 4.608415661435599 
0.19616161616161618 2.5981887612342662 
0.19808080808080808 1.8055427294627213 
0.2 1.4682007974106275 
