0    0.2416206605001571    0.12081033025007855    0.049404897757644964
1    0.27234538953384313    0.13617269476692156    0.03404253324080195
2    0.2931311115995101    0.14656555579975505    0.02364967220796846
3    0.3075809223042714    0.1537904611521357    0.016424766855587802
4    0.31754844618972716    0.15877422309486358    0.011441004912859931
5    0.32450432667705165    0.16225216333852582    0.00796306466919769
6    0.32932108417943307    0.16466054208971653    0.00555468591800698
7    0.3326832625860217    0.16634163129301086    0.003873596714712657
8    0.33501779823227174    0.16750889911613587    0.002706328891587645
9    0.3366484857460289    0.16832424287301445    0.0018909851347090612
10    0.3377838282723654    0.1688919141361827    0.0013233138715408044
11    0.33857776557644004    0.16928888278822002    0.0009263452195034938
12    0.3391319585983731    0.16956597929918654    0.0006492487085369703
13    0.3395199853320881    0.16975999266604405    0.0004552353416794608
14    0.33979146632671864    0.16989573316335932    0.0003194948443641932
15    0.3399817745272084    0.1699908872636042    0.00022434074411931126
16    0.34011518970468474    0.17005759485234237    0.00015763315538114275
17    0.3402088136490751    0.17010440682453756    0.00011082118318594958
18    0.34027456100715076    0.17013728050357538    7.794750414813478e-05
19    0.34032074204781637    0.17016037102390819    5.4856983815326776e-05
20    0.34035321998512563    0.17017660999256282    3.8618015160696295e-05
21    0.34037605082301103    0.17018802541150552    2.720259621799559e-05
22    0.3403921271712482    0.1701960635856241    1.916442209939917e-05
23    0.340403436079641    0.1702017180398205    1.3509967903002629e-05
24    0.34041140777755924    0.17020570388877962    9.524118943893267e-06
25    0.34041701882269787    0.17020850941134893    6.718596374577501e-06
26    0.34042097773662516    0.17021048886831258    4.739139410930848e-06
27    0.34042376575416144    0.17021188287708072    3.345130642790073e-06
28    0.3404257344507335    0.17021286722536674    2.3607823567695085e-06
29    0.3404271215181191    0.17021356075905955    1.667248663961285e-06
30    0.3404281016618149    0.17021405083090746    1.177176816052894e-06
31    0.3404287925146783    0.17021439625733914    8.317503843724428e-07
32    0.3404292810004003    0.17021464050020016    5.875075233530147e-07
33    0.3404296254347006    0.1702148127173503    4.152903732013158e-07
34    0.3404298691136054    0.1702149345568027    2.9345092081300983e-07
35    0.3404300409899424    0.1702150204949712    2.0751275231489785e-07
36    0.34043016265021125    0.17021508132510563    1.4668261788530756e-07
37    0.3404302484879378    0.1702151242439689    1.0376375461640386e-07
38    0.3404303092751122    0.1702151546375561    7.337016741382207e-08
39    0.34043035217564016    0.17021517608782008    5.1919903432118275e-08
40    0.34043038256914643    0.17021519128457321    3.672315029845663e-08
41    0.34043040402495    0.170215202012475    2.599524850932511e-08
42    0.3404304192316059    0.17021520961580294    1.8391920569849063e-08
43    0.3404304299691523    0.17021521498457615    1.3023147366064691e-08
44    0.3404304375821193    0.17021521879105966    9.216663848787832e-09
45    0.3404304429589783    0.17021522147948914    6.528234369751473e-09
46    0.34043044677252854    0.17021522338626427    4.621459243070447e-09
47    0.34043044946657863    0.17021522473328932    3.2744341960100343e-09
48    0.34043045137798583    0.17021522568899292    2.3187305964178506e-09
49    0.34043045272860084    0.17021522636430042    1.6434230920570059e-09
50    0.34043045368717134    0.17021522684358567    1.164137841680457e-09
51    0.3404304543646698    0.1702152271823349    8.253886185638493e-10
52    0.3404304548456734    0.1702152274228367    5.848868056546053e-10
53    0.34043045518572596    0.17021522759286298    4.148605348142098e-10
54    0.3404304554272386    0.1702152277136193    2.94104213205415e-10
55    0.34043045559802965    0.17021522779901482    2.0870868921996077e-10
56    0.3404304557193759    0.17021522785968796    1.4803555603570828e-10
57    0.3404304558052175    0.17021522790260876    1.0511475023733396e-10
58    0.340430455866234    0.170215227933117    7.460651541002505e-11
59    0.3404304559094157    0.17021522795470784    5.301567518323225e-11
60    0.34043045594012544    0.17021522797006272    3.766079115230525e-11
61    0.34043045596187005    0.17021522798093502    2.6788488094453555e-11
62    0.34043045597734384    0.17021522798867192    1.905159363602138e-11
63    0.3404304559883071    0.17021522799415356    1.3569950718661516e-11
64    0.34043045599611554    0.17021522799805777    9.665740430264691e-12
65    0.3404304560016531    0.17021522800082656    6.896955229152013e-12
66    0.34043045600560057    0.17021522800280028    4.9232284915490254e-12
67    0.3404304560084039    0.17021522800420194    3.5215719229597653e-12
68    0.3404304560104056    0.1702152280052028    2.5207058662601867e-12
69    0.3404304560118282    0.1702152280059141    1.8094137299584645e-12
70    0.34043045601284627    0.17021522800642314    1.3003764731678302e-12
71    0.34043045601357147    0.17021522800678573    9.37777633325254e-13
72    0.34043045601409183    0.17021522800704592    6.775968675043487e-13
73    0.3404304560144631    0.17021522800723154    4.919675777870225e-13
74    0.3404304560147316    0.1702152280073658    3.5771385853422544e-13
75    0.3404304560149234    0.1702152280074617    2.6181834478222754e-13
76    0.34043045601506233    0.17021522800753117    1.9234613901630837e-13
77    0.3404304560151623    0.17021522800758115    1.423583473325607e-13
78    0.3404304560152359    0.17021522800761796    1.0555445406623676e-13
79    0.34043045601528826    0.17021522800764413    7.938094626069869e-14
80    0.3404304560153274    0.1702152280076637    5.981326545168031e-14
81    0.3404304560153559    0.17021522800767794    4.5574655160862676e-14
82    0.3404304560153776    0.1702152280076888    3.472222509515177e-14
83    0.34043045601539346    0.17021522800769673    2.67841304690819e-14
84    0.34043045601540517    0.17021522800770258    2.09277040141842e-14
85    0.3404304560154142    0.1702152280077071    1.6403545188836688e-14
86    0.34043045601542077    0.17021522800771038    1.3128387266192476e-14
87    0.3404304560154258    0.1702152280077129    1.0602629885170245e-14
88    0.3404304560154303    0.17021522800771516    8.354428260304303e-15
89    0.34043045601543287    0.17021522800771643    7.077671781985373e-15
90    0.34043045601543603    0.17021522800771802    5.495603971894525e-15
91    0.34043045601543764    0.17021522800771882    4.690692279041286e-15
92    0.34043045601543925    0.17021522800771963    3.885780586188048e-15
93    0.34043045601544025    0.17021522800772013    3.3861802251067274e-15
94    0.34043045601544153    0.17021522800772076    2.7478019859472624e-15
95    0.3404304560154425    0.17021522800772124    2.275957200481571e-15
96    0.3404304560154432    0.1702152280077216    1.915134717478395e-15
97    0.3404304560154432    0.1702152280077216    1.915134717478395e-15
98    0.340430456015444    0.170215228007722    1.4988010832439613e-15
99    0.34043045601544447    0.17021522800772224    1.27675647831893e-15
100    0.3404304560154446    0.1702152280077223    1.2212453270876722e-15
101    0.3404304560154452    0.1702152280077226    9.159339953157541e-16
102    0.3404304560154453    0.17021522800772265    8.604228440844963e-16
103    0.34043045601544486    0.17021522800772243    1.0824674490095276e-15
104    0.34043045601544586    0.17021522800772293    5.828670879282072e-16
105    0.34043045601544614    0.17021522800772307    4.440892098500626e-16
106    0.3404304560154457    0.17021522800772285    6.661338147750939e-16
107    0.34043045601544575    0.17021522800772287    6.38378239159465e-16
108    0.34043045601544636    0.17021522800772318    3.3306690738754696e-16
109    0.3404304560154461    0.17021522800772304    4.718447854656915e-16
110    0.34043045601544614    0.17021522800772307    4.440892098500626e-16
111    0.34043045601544636    0.17021522800772318    3.3306690738754696e-16
112    0.34043045601544647    0.17021522800772323    2.7755575615628914e-16
113    0.34043045601544664    0.17021522800772332    1.942890293094024e-16
114    0.34043045601544636    0.17021522800772318    3.3306690738754696e-16
115    0.34043045601544647    0.17021522800772323    2.7755575615628914e-16
116    0.3404304560154466    0.1702152280077233    2.220446049250313e-16
117    0.34043045601544675    0.17021522800772337    1.3877787807814457e-16
118    0.34043045601544675    0.17021522800772337    1.3877787807814457e-16
119    0.34043045601544675    0.17021522800772337    1.3877787807814457e-16
120    0.34043045601544686    0.17021522800772343    8.326672684688674e-17
121    0.3404304560154464    0.1702152280077232    3.0531133177191805e-16
122    0.3404304560154468    0.1702152280077234    1.1102230246251565e-16
123    0.3404304560154465    0.17021522800772326    2.498001805406602e-16
124    0.3404304560154469    0.17021522800772346    5.551115123125783e-17
125    0.3404304560154461    0.17021522800772304    4.718447854656915e-16
126    0.34043045601544664    0.17021522800772332    1.942890293094024e-16
127    0.3404304560154464    0.1702152280077232    3.0531133177191805e-16
128    0.34043045601544686    0.17021522800772343    8.326672684688674e-17
129    0.34043045601544686    0.17021522800772343    8.326672684688674e-17
130    0.34043045601544664    0.17021522800772332    1.942890293094024e-16
131    0.3404304560154466    0.1702152280077233    2.220446049250313e-16
132    0.34043045601544647    0.17021522800772323    2.7755575615628914e-16
133    0.3404304560154468    0.1702152280077234    1.1102230246251565e-16
134    0.34043045601544647    0.17021522800772323    2.7755575615628914e-16
135    0.34043045601544664    0.17021522800772332    1.942890293094024e-16
136    0.3404304560154467    0.17021522800772335    1.6653345369377348e-16
137    0.34043045601544647    0.17021522800772323    2.7755575615628914e-16
138    0.34043045601544636    0.17021522800772318    3.3306690738754696e-16
139    0.3404304560154466    0.1702152280077233    2.220446049250313e-16
140    0.3404304560154467    0.17021522800772335    1.6653345369377348e-16
141    0.3404304560154472    0.1702152280077236    8.326672684688674e-17
142    0.34043045601544686    0.17021522800772343    8.326672684688674e-17
143    0.34043045601544675    0.17021522800772337    1.3877787807814457e-16
144    0.3404304560154473    0.17021522800772365    1.3877787807814457e-16
145    0.3404304560154465    0.17021522800772326    2.498001805406602e-16
146    0.34043045601544714    0.17021522800772357    5.551115123125783e-17
147    0.34043045601544714    0.17021522800772357    5.551115123125783e-17
148    0.34043045601544664    0.17021522800772332    1.942890293094024e-16
149    0.34043045601544675    0.17021522800772337    1.3877787807814457e-16
150    0.340430456015447    0.1702152280077235    0.0
151    0.3404304560154468    0.1702152280077234    1.1102230246251565e-16
152    0.3404304560154466    0.1702152280077233    2.220446049250313e-16
153    0.34043045601544736    0.17021522800772368    1.6653345369377348e-16
154    0.3404304560154466    0.1702152280077233    2.220446049250313e-16
155    0.3404304560154463    0.17021522800772315    3.608224830031759e-16
156    0.3404304560154469    0.17021522800772346    5.551115123125783e-17
157    0.34043045601544636    0.17021522800772318    3.3306690738754696e-16
158    0.3404304560154466    0.1702152280077233    2.220446049250313e-16
159    0.34043045601544675    0.17021522800772337    1.3877787807814457e-16
160    0.340430456015447    0.1702152280077235    0.0
161    0.3404304560154465    0.17021522800772326    2.498001805406602e-16
162    0.3404304560154469    0.17021522800772346    5.551115123125783e-17
163    0.340430456015446    0.170215228007723    4.996003610813204e-16
164    0.34043045601544664    0.17021522800772332    1.942890293094024e-16
165    0.3404304560154463    0.17021522800772315    3.608224830031759e-16
166    0.34043045601544664    0.17021522800772332    1.942890293094024e-16
167    0.34043045601544697    0.17021522800772348    2.7755575615628914e-17
168    0.3404304560154467    0.17021522800772335    1.6653345369377348e-16
169    0.34043045601544664    0.17021522800772332    1.942890293094024e-16
170    0.3404304560154469    0.17021522800772346    5.551115123125783e-17
171    0.3404304560154468    0.1702152280077234    1.1102230246251565e-16
172    0.34043045601544664    0.17021522800772332    1.942890293094024e-16
173    0.3404304560154469    0.17021522800772346    5.551115123125783e-17
174    0.3404304560154472    0.1702152280077236    8.326672684688674e-17
175    0.34043045601544686    0.17021522800772343    8.326672684688674e-17
176    0.34043045601544697    0.17021522800772348    2.7755575615628914e-17
177    0.3404304560154468    0.1702152280077234    1.1102230246251565e-16
178    0.3404304560154469    0.17021522800772346    5.551115123125783e-17
179    0.34043045601544647    0.17021522800772323    2.7755575615628914e-16
180    0.34043045601544697    0.17021522800772348    2.7755575615628914e-17
181    0.34043045601544675    0.17021522800772337    1.3877787807814457e-16
182    0.340430456015447    0.1702152280077235    0.0
183    0.3404304560154467    0.17021522800772335    1.6653345369377348e-16
184    0.34043045601544664    0.17021522800772332    1.942890293094024e-16
185    0.3404304560154459    0.17021522800772296    5.551115123125783e-16
186    0.3404304560154467    0.17021522800772335    1.6653345369377348e-16
187    0.34043045601544725    0.17021522800772362    1.1102230246251565e-16
188    0.3404304560154464    0.1702152280077232    3.0531133177191805e-16
189    0.34043045601544686    0.17021522800772343    8.326672684688674e-17
190    0.3404304560154466    0.1702152280077233    2.220446049250313e-16
191    0.34043045601544647    0.17021522800772323    2.7755575615628914e-16
192    0.3404304560154464    0.1702152280077232    3.0531133177191805e-16
193    0.34043045601544664    0.17021522800772332    1.942890293094024e-16
194    0.3404304560154465    0.17021522800772326    2.498001805406602e-16
195    0.3404304560154467    0.17021522800772335    1.6653345369377348e-16
196    0.34043045601544647    0.17021522800772323    2.7755575615628914e-16
197    0.34043045601544664    0.17021522800772332    1.942890293094024e-16
198    0.3404304560154465    0.17021522800772326    2.498001805406602e-16
199    0.3404304560154463    0.17021522800772315    3.608224830031759e-16
200    0.34043045601544625    0.17021522800772312    3.885780586188048e-16
201    0.3404304560154464    0.1702152280077232    3.0531133177191805e-16
202    0.3404304560154464    0.1702152280077232    3.0531133177191805e-16
203    0.3404304560154468    0.1702152280077234    1.1102230246251565e-16
204    0.34043045601544664    0.17021522800772332    1.942890293094024e-16
205    0.3404304560154464    0.1702152280077232    3.0531133177191805e-16
206    0.3404304560154469    0.17021522800772346    5.551115123125783e-17
207    0.34043045601544675    0.17021522800772337    1.3877787807814457e-16
208    0.34043045601544636    0.17021522800772318    3.3306690738754696e-16
209    0.3404304560154464    0.1702152280077232    3.0531133177191805e-16
210    0.3404304560154465    0.17021522800772326    2.498001805406602e-16
211    0.3404304560154465    0.17021522800772326    2.498001805406602e-16
212    0.34043045601544636    0.17021522800772318    3.3306690738754696e-16
213    0.3404304560154462    0.1702152280077231    4.163336342344337e-16
214    0.3404304560154462    0.1702152280077231    4.163336342344337e-16
215    0.3404304560154471    0.17021522800772354    2.7755575615628914e-17
216    0.34043045601544675    0.17021522800772337    1.3877787807814457e-16
217    0.34043045601544686    0.17021522800772343    8.326672684688674e-17
218    0.3404304560154467    0.17021522800772335    1.6653345369377348e-16
219    0.34043045601544675    0.17021522800772337    1.3877787807814457e-16
220    0.3404304560154465    0.17021522800772326    2.498001805406602e-16
221    0.34043045601544647    0.17021522800772323    2.7755575615628914e-16
222    0.34043045601544664    0.17021522800772332    1.942890293094024e-16
223    0.34043045601544647    0.17021522800772323    2.7755575615628914e-16
224    0.34043045601544675    0.17021522800772337    1.3877787807814457e-16
225    0.3404304560154462    0.1702152280077231    4.163336342344337e-16
226    0.34043045601544714    0.17021522800772357    5.551115123125783e-17
227    0.3404304560154462    0.1702152280077231    4.163336342344337e-16
228    0.34043045601544675    0.17021522800772337    1.3877787807814457e-16
229    0.3404304560154467    0.17021522800772335    1.6653345369377348e-16
230    0.34043045601544664    0.17021522800772332    1.942890293094024e-16
231    0.34043045601544686    0.17021522800772343    8.326672684688674e-17
232    0.3404304560154463    0.17021522800772315    3.608224830031759e-16
233    0.3404304560154464    0.1702152280077232    3.0531133177191805e-16
234    0.3404304560154463    0.17021522800772315    3.608224830031759e-16
235    0.34043045601544664    0.17021522800772332    1.942890293094024e-16
236    0.3404304560154464    0.1702152280077232    3.0531133177191805e-16
237    0.3404304560154466    0.1702152280077233    2.220446049250313e-16
238    0.3404304560154464    0.1702152280077232    3.0531133177191805e-16
239    0.3404304560154466    0.1702152280077233    2.220446049250313e-16
240    0.3404304560154466    0.1702152280077233    2.220446049250313e-16
241    0.34043045601544697    0.17021522800772348    2.7755575615628914e-17
242    0.3404304560154464    0.1702152280077232    3.0531133177191805e-16
243    0.34043045601544664    0.17021522800772332    1.942890293094024e-16
244    0.3404304560154462    0.1702152280077231    4.163336342344337e-16
245    0.34043045601544675    0.17021522800772337    1.3877787807814457e-16
246    0.34043045601544675    0.17021522800772337    1.3877787807814457e-16
247    0.3404304560154462    0.1702152280077231    4.163336342344337e-16
248    0.34043045601544675    0.17021522800772337    1.3877787807814457e-16
249    0.3404304560154463    0.17021522800772315    3.608224830031759e-16
250    0.340430456015447    0.1702152280077235    0.0
251    0.34043045601544636    0.17021522800772318    3.3306690738754696e-16
252    0.3404304560154463    0.17021522800772315    3.608224830031759e-16
253    0.34043045601544597    0.17021522800772299    5.273559366969494e-16
254    0.3404304560154463    0.17021522800772315    3.608224830031759e-16
255    0.3404304560154469    0.17021522800772346    5.551115123125783e-17
256    0.3404304560154466    0.1702152280077233    2.220446049250313e-16
257    0.3404304560154467    0.17021522800772335    1.6653345369377348e-16
258    0.3404304560154467    0.17021522800772335    1.6653345369377348e-16
259    0.3404304560154466    0.1702152280077233    2.220446049250313e-16
260    0.34043045601544664    0.17021522800772332    1.942890293094024e-16
261    0.34043045601544686    0.17021522800772343    8.326672684688674e-17
262    0.34043045601544686    0.17021522800772343    8.326672684688674e-17
263    0.3404304560154464    0.1702152280077232    3.0531133177191805e-16
264    0.3404304560154463    0.17021522800772315    3.608224830031759e-16
265    0.3404304560154468    0.1702152280077234    1.1102230246251565e-16
266    0.34043045601544697    0.17021522800772348    2.7755575615628914e-17
267    0.3404304560154466    0.1702152280077233    2.220446049250313e-16
268    0.3404304560154462    0.1702152280077231    4.163336342344337e-16
269    0.34043045601544697    0.17021522800772348    2.7755575615628914e-17
270    0.3404304560154468    0.1702152280077234    1.1102230246251565e-16
271    0.34043045601544664    0.17021522800772332    1.942890293094024e-16
272    0.34043045601544675    0.17021522800772337    1.3877787807814457e-16
273    0.34043045601544686    0.17021522800772343    8.326672684688674e-17
274    0.3404304560154468    0.1702152280077234    1.1102230246251565e-16
275    0.34043045601544675    0.17021522800772337    1.3877787807814457e-16
276    0.34043045601544647    0.17021522800772323    2.7755575615628914e-16
277    0.34043045601544714    0.17021522800772357    5.551115123125783e-17
278    0.34043045601544647    0.17021522800772323    2.7755575615628914e-16
279    0.34043045601544647    0.17021522800772323    2.7755575615628914e-16
280    0.3404304560154466    0.1702152280077233    2.220446049250313e-16
281    0.3404304560154467    0.17021522800772335    1.6653345369377348e-16
282    0.34043045601544675    0.17021522800772337    1.3877787807814457e-16
283    0.34043045601544697    0.17021522800772348    2.7755575615628914e-17
284    0.3404304560154467    0.17021522800772335    1.6653345369377348e-16
285    0.34043045601544686    0.17021522800772343    8.326672684688674e-17
286    0.3404304560154466    0.1702152280077233    2.220446049250313e-16
287    0.34043045601544697    0.17021522800772348    2.7755575615628914e-17
288    0.340430456015447    0.1702152280077235    0.0
289    0.3404304560154467    0.17021522800772335    1.6653345369377348e-16
290    0.340430456015447    0.1702152280077235    0.0
291    0.340430456015447    0.1702152280077235    0.0
292    0.3404304560154468    0.1702152280077234    1.1102230246251565e-16
293    0.3404304560154471    0.17021522800772354    2.7755575615628914e-17
294    0.3404304560154465    0.17021522800772326    2.498001805406602e-16
295    0.3404304560154472    0.1702152280077236    8.326672684688674e-17
296    0.3404304560154468    0.1702152280077234    1.1102230246251565e-16
297    0.34043045601544636    0.17021522800772318    3.3306690738754696e-16
298    0.3404304560154469    0.17021522800772346    5.551115123125783e-17
299    0.34043045601544664    0.17021522800772332    1.942890293094024e-16
300    0.3404304560154469    0.17021522800772346    5.551115123125783e-17
301    0.34043045601544647    0.17021522800772323    2.7755575615628914e-16
302    0.34043045601544636    0.17021522800772318    3.3306690738754696e-16
303    0.34043045601544614    0.17021522800772307    4.440892098500626e-16
304    0.34043045601544675    0.17021522800772337    1.3877787807814457e-16
305    0.34043045601544625    0.17021522800772312    3.885780586188048e-16
306    0.3404304560154465    0.17021522800772326    2.498001805406602e-16
307    0.34043045601544675    0.17021522800772337    1.3877787807814457e-16
308    0.3404304560154464    0.1702152280077232    3.0531133177191805e-16
309    0.3404304560154464    0.1702152280077232    3.0531133177191805e-16
310    0.3404304560154464    0.1702152280077232    3.0531133177191805e-16
311    0.3404304560154466    0.1702152280077233    2.220446049250313e-16
312    0.3404304560154469    0.17021522800772346    5.551115123125783e-17
313    0.3404304560154464    0.1702152280077232    3.0531133177191805e-16
314    0.34043045601544697    0.17021522800772348    2.7755575615628914e-17
315    0.3404304560154468    0.1702152280077234    1.1102230246251565e-16
316    0.3404304560154464    0.1702152280077232    3.0531133177191805e-16
317    0.3404304560154464    0.1702152280077232    3.0531133177191805e-16
318    0.3404304560154467    0.17021522800772335    1.6653345369377348e-16
319    0.3404304560154463    0.17021522800772315    3.608224830031759e-16
320    0.34043045601544636    0.17021522800772318    3.3306690738754696e-16
321    0.3404304560154464    0.1702152280077232    3.0531133177191805e-16
322    0.3404304560154463    0.17021522800772315    3.608224830031759e-16
323    0.34043045601544664    0.17021522800772332    1.942890293094024e-16
324    0.34043045601544686    0.17021522800772343    8.326672684688674e-17
325    0.34043045601544686    0.17021522800772343    8.326672684688674e-17
326    0.3404304560154467    0.17021522800772335    1.6653345369377348e-16
327    0.3404304560154465    0.17021522800772326    2.498001805406602e-16
328    0.34043045601544697    0.17021522800772348    2.7755575615628914e-17
329    0.3404304560154467    0.17021522800772335    1.6653345369377348e-16
330    0.34043045601544647    0.17021522800772323    2.7755575615628914e-16
331    0.3404304560154466    0.1702152280077233    2.220446049250313e-16
332    0.3404304560154464    0.1702152280077232    3.0531133177191805e-16
333    0.3404304560154467    0.17021522800772335    1.6653345369377348e-16
334    0.34043045601544697    0.17021522800772348    2.7755575615628914e-17
335    0.34043045601544675    0.17021522800772337    1.3877787807814457e-16
336    0.3404304560154464    0.1702152280077232    3.0531133177191805e-16
337    0.3404304560154465    0.17021522800772326    2.498001805406602e-16
338    0.34043045601544664    0.17021522800772332    1.942890293094024e-16
339    0.34043045601544647    0.17021522800772323    2.7755575615628914e-16
340    0.34043045601544675    0.17021522800772337    1.3877787807814457e-16
341    0.34043045601544686    0.17021522800772343    8.326672684688674e-17
342    0.340430456015447    0.1702152280077235    0.0
343    0.3404304560154464    0.1702152280077232    3.0531133177191805e-16
344    0.34043045601544647    0.17021522800772323    2.7755575615628914e-16
345    0.3404304560154465    0.17021522800772326    2.498001805406602e-16
346    0.34043045601544664    0.17021522800772332    1.942890293094024e-16
347    0.3404304560154471    0.17021522800772354    2.7755575615628914e-17
348    0.34043045601544647    0.17021522800772323    2.7755575615628914e-16
349    0.3404304560154467    0.17021522800772335    1.6653345369377348e-16
350    0.34043045601544664    0.17021522800772332    1.942890293094024e-16
351    0.34043045601544675    0.17021522800772337    1.3877787807814457e-16
352    0.3404304560154464    0.1702152280077232    3.0531133177191805e-16
353    0.34043045601544675    0.17021522800772337    1.3877787807814457e-16
354    0.3404304560154464    0.1702152280077232    3.0531133177191805e-16
355    0.34043045601544636    0.17021522800772318    3.3306690738754696e-16
356    0.3404304560154462    0.1702152280077231    4.163336342344337e-16
357    0.3404304560154469    0.17021522800772346    5.551115123125783e-17
358    0.3404304560154468    0.1702152280077234    1.1102230246251565e-16
359    0.3404304560154464    0.1702152280077232    3.0531133177191805e-16
360    0.34043045601544675    0.17021522800772337    1.3877787807814457e-16
361    0.34043045601544614    0.17021522800772307    4.440892098500626e-16
362    0.34043045601544686    0.17021522800772343    8.326672684688674e-17
363    0.34043045601544697    0.17021522800772348    2.7755575615628914e-17
364    0.34043045601544686    0.17021522800772343    8.326672684688674e-17
365    0.3404304560154466    0.1702152280077233    2.220446049250313e-16
366    0.3404304560154463    0.17021522800772315    3.608224830031759e-16
367    0.3404304560154466    0.1702152280077233    2.220446049250313e-16
368    0.34043045601544647    0.17021522800772323    2.7755575615628914e-16
369    0.3404304560154467    0.17021522800772335    1.6653345369377348e-16
370    0.34043045601544725    0.17021522800772362    1.1102230246251565e-16
371    0.34043045601544675    0.17021522800772337    1.3877787807814457e-16
372    0.34043045601544647    0.17021522800772323    2.7755575615628914e-16
373    0.3404304560154468    0.1702152280077234    1.1102230246251565e-16
374    0.3404304560154467    0.17021522800772335    1.6653345369377348e-16
375    0.3404304560154463    0.17021522800772315    3.608224830031759e-16
376    0.34043045601544636    0.17021522800772318    3.3306690738754696e-16
377    0.3404304560154467    0.17021522800772335    1.6653345369377348e-16
378    0.34043045601544675    0.17021522800772337    1.3877787807814457e-16
379    0.34043045601544714    0.17021522800772357    5.551115123125783e-17
380    0.34043045601544614    0.17021522800772307    4.440892098500626e-16
381    0.3404304560154469    0.17021522800772346    5.551115123125783e-17
382    0.3404304560154465    0.17021522800772326    2.498001805406602e-16
383    0.3404304560154464    0.1702152280077232    3.0531133177191805e-16
384    0.3404304560154466    0.1702152280077233    2.220446049250313e-16
385    0.3404304560154464    0.1702152280077232    3.0531133177191805e-16
386    0.3404304560154464    0.1702152280077232    3.0531133177191805e-16
387    0.34043045601544614    0.17021522800772307    4.440892098500626e-16
388    0.3404304560154462    0.1702152280077231    4.163336342344337e-16
389    0.34043045601544625    0.17021522800772312    3.885780586188048e-16
390    0.3404304560154461    0.17021522800772304    4.718447854656915e-16
391    0.34043045601544614    0.17021522800772307    4.440892098500626e-16
392    0.34043045601544525    0.17021522800772262    8.881784197001252e-16
393    0.34043045601544614    0.17021522800772307    4.440892098500626e-16
394    0.34043045601544564    0.17021522800772282    6.938893903907228e-16
395    0.3404304560154452    0.1702152280077226    9.159339953157541e-16
396    0.34043045601544514    0.17021522800772257    9.43689570931383e-16
397    0.34043045601544514    0.17021522800772257    9.43689570931383e-16
398    0.34043045601544464    0.17021522800772232    1.1934897514720433e-15
399    0.34043045601544447    0.17021522800772224    1.27675647831893e-15
400    0.34043045601544375    0.17021522800772187    1.6375789613221059e-15
401    0.3404304560154435    0.17021522800772176    1.7486012637846216e-15
402    0.34043045601544264    0.17021522800772132    2.192690473634684e-15
403    0.3404304560154424    0.1702152280077212    2.3037127760972e-15
404    0.3404304560154414    0.1702152280077207    2.8033131371785203e-15
405    0.3404304560154403    0.17021522800772015    3.3584246494910985e-15
406    0.34043045601543903    0.17021522800771952    3.9968028886505635e-15
407    0.3404304560154382    0.1702152280077191    4.413136522884997e-15
408    0.3404304560154358    0.1702152280077179    5.6066262743570405e-15
409    0.3404304560154336    0.1702152280077168    6.716849298982197e-15
410    0.34043045601542987    0.17021522800771494    8.576472865229334e-15
411    0.3404304560154258    0.1702152280077129    1.0602629885170245e-14
412    0.3404304560154201    0.17021522800771005    1.3461454173580023e-14
413    0.3404304560154137    0.17021522800770686    1.6653345369377348e-14
414    0.3404304560154049    0.17021522800770245    2.1066481892262345e-14
415    0.34043045601539357    0.17021522800769678    2.6728619317850644e-14
416    0.34043045601537725    0.17021522800768862    3.4888758548845544e-14
417    0.3404304560153568    0.1702152280076784    4.5102810375396984e-14
418    0.3404304560153275    0.17021522800766375    5.975775430044905e-14
419    0.34043045601528893    0.17021522800764446    7.904787935331115e-14
420    0.3404304560152358    0.1702152280076179    1.0560996521746802e-13
421    0.34043045601516275    0.17021522800758138    1.4213630272763567e-13
422    0.34043045601506255    0.17021522800753128    1.9223511671384585e-13
423    0.3404304560149237    0.17021522800746186    2.6165181132853377e-13
424    0.34043045601473126    0.17021522800736563    3.578803919879192e-13
425    0.34043045601446437    0.17021522800723218    4.91329199547863e-13
426    0.3404304560140911    0.17021522800704555    6.779576899873518e-13
427    0.34043045601357175    0.17021522800678587    9.37638855447176e-13
428    0.3404304560128458    0.1702152280064229    1.3006262733483709e-12
429    0.3404304560118279    0.17021522800591396    1.8095525078365426e-12
430    0.34043045601040445    0.17021522800520222    2.521288733348115e-12
431    0.3404304560084037    0.17021522800420186    3.521655189686612e-12
432    0.34043045600560073    0.17021522800280037    4.9231452248221785e-12
433    0.34043045600165334    0.17021522800082667    6.8968442068495506e-12
434    0.3404304559961155    0.17021522799805774    9.665768185840307e-12
435    0.3404304559883075    0.17021522799415376    1.3569756429632207e-11
436    0.34043045597734306    0.17021522798867153    1.905198221408e-11
437    0.34043045596187    0.170215227980935    2.678851585002917e-11
438    0.340430455940125    0.1702152279700625    3.7661013196910176e-11
439    0.34043045590941573    0.17021522795470787    5.301564742765663e-11
440    0.34043045586623344    0.17021522793311672    7.460679296578121e-11
441    0.34043045580521686    0.17021522790260843    1.0511508330424135e-10
442    0.34043045571937536    0.17021522785968768    1.4803583359146444e-10
443    0.34043045559802954    0.17021522779901477    2.08708744731112e-10
444    0.34043045542723843    0.17021522771361922    2.9410429647214187e-10
445    0.340430455185726    0.170215227592863    4.148605070586342e-10
446    0.34043045484567336    0.17021522742283668    5.848868334101809e-10
447    0.3404304543646703    0.17021522718233514    8.253883687636687e-10
448    0.340430453687171    0.1702152268435855    1.1641380082139108e-09
449    0.34043045272860095    0.17021522636430048    1.6434230365458546e-09
450    0.34043045137798505    0.17021522568899253    2.3187309849959092e-09
451    0.3404304494665786    0.1702152247332893    3.27443422376561e-09
452    0.3404304467725283    0.17021522338626416    4.6214593540927495e-09
453    0.3404304429589783    0.17021522147948914    6.528234369751473e-09
454    0.34043043758211905    0.17021521879105952    9.21666398756571e-09
455    0.34043042996915257    0.17021521498457629    1.3023147227286813e-08
456    0.34043041923160583    0.17021520961580291    1.839192059760464e-08
457    0.34043040402495    0.170215202012475    2.599524850932511e-08
458    0.34043038256914576    0.17021519128457288    3.672315063152354e-08
459    0.34043035217564016    0.17021517608782008    5.1919903432118275e-08
460    0.3404303092751122    0.1702151546375561    7.337016741382207e-08
461    0.3404302484879379    0.17021512424396895    1.0376375456089271e-07
462    0.34043016265021103    0.17021508132510552    1.4668261799632987e-07
463    0.34043004098994256    0.17021502049497128    2.0751275223163113e-07
464    0.3404298691136043    0.17021493455680214    2.9345092136812134e-07
465    0.3404296254347011    0.17021481271735056    4.152903729515156e-07
466    0.34042928100039965    0.17021464050019983    5.875075236860816e-07
467    0.3404287925146786    0.1702143962573393    8.317503842059093e-07
468    0.340428101661814    0.170214050830907    1.1771768165247387e-06
469    0.3404271215181193    0.17021356075905966    1.6672486638502626e-06
470    0.340425734450733    0.1702128672253665    2.3607823570193087e-06
471    0.34042376575416067    0.17021188287708033    3.345130643178651e-06
472    0.3404209777366248    0.1702104888683124    4.739139411125137e-06
473    0.3404170188226978    0.1702085094113489    6.718596374605257e-06
474    0.3404114077775583    0.17020570388877915    9.524118944365112e-06
475    0.34040343607964146    0.17020171803982073    1.3509967902780584e-05
476    0.34039212717124745    0.17019606358562372    1.9164422099787748e-05
477    0.34037605082301076    0.17018802541150538    2.7202596218134367e-05
478    0.3403532199851256    0.1701766099925628    3.861801516072405e-05
479    0.34032074204781676    0.17016037102390838    5.485698381513249e-05
480    0.3402745610071506    0.1701372805035753    7.794750414821805e-05
481    0.34020881364907535    0.17010440682453767    0.00011082118318583856
482    0.34011518970468485    0.17005759485234243    0.00015763315538108724
483    0.3399817745272081    0.16999088726360406    0.00022434074411945004
484    0.33979146632671864    0.16989573316335932    0.0003194948443641932
485    0.33951998533208855    0.16975999266604427    0.00045523534167923874
486    0.3391319585983733    0.16956597929918665    0.0006492487085368592
487    0.33857776557644037    0.16928888278822019    0.0009263452195033273
488    0.3377838282723656    0.1688919141361828    0.0013233138715407211
489    0.33664848574602896    0.16832424287301448    0.0018909851347090334
490    0.33501779823227146    0.16750889911613573    0.0027063288915877837
491    0.3326832625860218    0.1663416312930109    0.0038735967147126016
492    0.3293210841794334    0.1646605420897167    0.005554685918006813
493    0.3245043266770523    0.16225216333852616    0.007963064669197356
494    0.3175484461897273    0.15877422309486364    0.011441004912859876
495    0.30758092230427225    0.15379046115213613    0.016424766855587386
496    0.29313111159951    0.146565555799755    0.023649672207968514
497    0.2723453895338434    0.1361726947669217    0.03404253324080181
498    0.24162066050015837    0.12081033025007919    0.049404897757644325
499    0.19460826196080003    0.09730413098040001    0.0729110970273235
500    0.0    0.0474783532336356    0.12273687477408791
501    0.0    0.0341865424012574    0.1360286856064661
502    0.0    0.027363932507182748    0.14285129550054076
503    0.0    0.022931812280999646    0.14728341572672388
504    0.0    0.019893011648176064    0.15032221635954746
505    0.0    0.017523112072717784    0.15269211593500573
506    0.0    0.01576126520309877    0.15445396280462476
507    0.0    0.014247805221461329    0.1559674227862622
508    0.0    0.01309297813682777    0.15712224987089574
509    0.0    0.012027649933194341    0.15818757807452918
510    0.0    0.011214229790785393    0.1590009982169381
511    0.0    0.010415617414558742    0.15979961059316478
512    0.0    0.009814895517307281    0.16040033249041624
513    0.0    0.009188848614428334    0.16102637939329517
514    0.0    0.008730195671527148    0.16148503233619638
515    0.0    0.008222595316883833    0.1619926326908397
516    0.0    0.007863786398450768    0.16235144160927276
517    0.0    0.007441168172165359    0.16277405983555815
518    0.0    0.007155316433044526    0.16305991157467897
519    0.0    0.006795815693074043    0.16341941231464946
520    0.0    0.006564948397017056    0.16365027961070647
521    0.0    0.006253648476674293    0.16396157953104923
522    0.0    0.006065277267021981    0.16414995074070154
523    0.0    0.00579164002391314    0.16442358798381038
524    0.0    0.005636808252496394    0.1645784197552271
525    0.0    0.0053931709026763695    0.16482205710504713
526    0.0    0.0052652829289775325    0.16494994507874597
527    0.0    0.005045936553525887    0.16516929145419762
528    0.0    0.004940025337973437    0.16527520266975007
529    0.0    0.004740627552475993    0.16547460045524753
530    0.0    0.004652879779482259    0.16556234822824126
531    0.0    0.004470067849763398    0.16574516015796012
532    0.0    0.004397506499630871    0.16581772150809265
533    0.0    0.004228635184282602    0.16598659282344091
534    0.0    0.004168901691114724    0.1660463263166088
535    0.0    0.004011861182149802    0.1662033668255737
536    0.0    0.003963062458613928    0.1662521655491096
537    0.0    0.0038161491923468533    0.16639907881537666
538    0.0    0.0037767480071849687    0.16643848000053854
539    0.0    0.003638571225778099    0.16657665678194541
540    0.0    0.0036073062209271496    0.16660792178679637
541    0.0    0.003476719231406422    0.1667385087763171
542    0.0    0.003452545616972968    0.16676268239075054
543    0.0    0.003328594441172864    0.16688663356655065
544    0.0    0.003310639379817237    0.16690458862790628
545    0.0    0.0031925238625812357    0.16702270414514228
546    0.0    0.0031800524609771497    0.16703517554674635
547    0.0    0.003067096442784969    0.16714813156493855
548    0.0    0.003059485516593117    0.16715574249113038
549    0.0    0.0029511136951383154    0.1672641143125852
550    0.0    0.0029478313082564266    0.16726739669946708
551    0.0    0.0028435511000949668    0.16737167690762855
552    0.0    0.0028441404463936367    0.16737108756132987
553    0.0    0.0027435276306776273    0.1674717003770459
554    0.0    0.0027475942187075433    0.16746763378901597
555    0.0    0.002650281473018309    0.16756494653470522
556    0.0    0.002657482849426988    0.16755774515829652
557    0.0    0.0025631505195002485    0.16765207748822325
558    0.0    0.002573187962702954    0.16764204004502056
559    0.0    0.002481556573789901    0.1677336714339336
560    0.0    0.002494168330519443    0.16772105967720408
561    0.0    0.0024049924684073454    0.16781023553931618
562    0.0    0.0024199482086062533    0.16779527979911726
563    0.0    0.0023330114864939    0.16788221652122962
564    0.0    0.002350107727805786    0.16786512027991773
565    0.0    0.0022652186205499134    0.1679500093871736
566    0.0    0.002284274930101398    0.16793095307762212
567    0.0    0.002201263306216896    0.16801396470150662
568    0.0    0.002222119129793442    0.16799310887793006
569    0.0    0.0021408333484910394    0.16807439465923246
570    0.0    0.002163345349381896    0.16805188265834162
571    0.0    0.0020836498180278416    0.16813157818969568
572    0.0    0.002107689632414679    0.16810753837530884
573    0.0    0.0020294627413708797    0.16818576526635262
574    0.0    0.0020549150760943357    0.16816031293162917
575    0.0    0.001978047444599723    0.16823718056312378
576    0.0    0.002004808457862509    0.168210419549861
577    0.0    0.001929201437615604    0.1682860265701079
578    0.0    0.0019571773546960022    0.1682580506530275
579    0.0    0.0018827417480115375    0.16833248625971198
580    0.0    0.0019118476731223703    0.16830338033460115
581    0.0    0.001838502630593801    0.16837672537712972
582    0.0    0.0018686615231994902    0.16834656648452404
583    0.0    0.0017963335921978036    0.1684188944155257
584    0.0    0.0018274753818257664    0.16838775262589775
585    0.0    0.0017560976822906418    0.16845913032543286
586    0.0    0.0017881585004535675    0.16842706950726993
587    0.0    0.001717670008534785    0.16849755799918872
588    0.0    0.0017505915200728597    0.16846463648765064
589    0.0    0.0016809364435084134    0.1685342915642151
590    0.0    0.0017146652626553833    0.16850056274506814
591    0.0    0.0016457924944638627    0.16856943551325965
592    0.0    0.001680279673366002    0.1685349483343575
593    0.0    0.001612142312630841    0.16860308569509266
594    0.0    0.0016473428920463177    0.1685678851156772
595    0.0    0.0015798978223720188    0.16863533018535148
596    0.0    0.0016157704359030813    0.16859945757182043
597    0.0    0.0015489779536040232    0.16866625005411948
598    0.0    0.0015854844781685946    0.16862974352955493
599    0.0    0.00151930796347883    0.1686959200442447
600    0.0    0.0015564132098355855    0.16865881479788794
601    0.0    0.0014908188354408433    0.16872440917228268
602    0.0    0.001528490273517868    0.16868673773420564
603    0.0    0.00146344674556005    0.16875178126216347
604    0.0    0.0015016542601024743    0.16871357374762103
605    0.0    0.0014371325875150332    0.16877809542020847
606    0.0    0.0014758482602201584    0.16873937974750336
607    0.0    0.0014118215488420455    0.16880340645888148
608    0.0    0.001451019463692323    0.16876420854403118
609    0.0    0.0013874627321121347    0.16882776527561139
610    0.0    0.0014271188010751335    0.16878810920664838
611    0.0    0.0013640088155783903    0.16885121919214513
612    0.0    0.0014041006222320293    0.16881112738549148
613    0.0    0.0013414157485774976    0.16887381225914602
614    0.0    0.0013819224075481942    0.16883330560017532
615    0.0    0.001319642477608381    0.16889558553011513
616    0.0    0.0013605445079861744    0.16885468349973734
617    0.0    0.0012986506995413135    0.1689165773081822
618    0.0    0.0013399299106826039    0.1688752980970409
619    0.0    0.0012784046388824638    0.16893682336884105
620    0.0    0.001320044027205975    0.16889518398051753
621    0.0    0.001258870846398685    0.16895635716132482
622    0.0    0.0013008545019626396    0.16891437350576088
623    0.0    0.0012400180167560797    0.16897520999096743
624    0.0    0.0012823310385560904    0.1689328969691674
625    0.0    0.0012218168231163174    0.1689934111846072
626    0.0    0.001264445242165247    0.16895078276555828
627    0.0    0.0012042397668755548    0.16901098824084795
628    0.0    0.0012471704762503518    0.16896805753147315
629    0.0    0.001187261040962816    0.1690279669667607
630    0.0    0.0012304817320912512    0.16898474627563226
631    0.0    0.0011708564052908528    0.16904437160243266
632    0.0    0.0012143555098426348    0.16900087249788087
633    0.0    0.001155003073123184    0.16906022493460032
634    0.0    0.001198769709937597    0.16901645829778592
635    0.0    0.0011396796072580709    0.16907554840046543
636    0.0    0.001183703533810967    0.16903152447391254
637    0.0    0.001124865825060229    0.1690903621826633
638    0.0    0.001169137393023439    0.16904609061470008
639    0.0    0.0011105427114756405    0.16910468529624786
640    0.0    0.0011550528259740291    0.16906017518174948
641    0.0    0.0010966923392602824    0.16911853566846324
642    0.0    0.001141432421474683    0.16907379558624883
643    0.0    0.001083297795738495    0.16913193021198503
644    0.0    0.0011282597485404344    0.16908696825918307
645    0.0    0.0010703431154813956    0.1691448848922421
646    0.0    0.0011155192918175137    0.169099708715906
647    0.0    0.0010578132183544876    0.16915741478936902
648    0.0    0.001103196392131115    0.1691120316155924
649    0.0    0.0010456938524501418    0.16916953415527336
650    0.0    0.0010912771916907176    0.1691239508160328
651    0.0    0.00103397154146197    0.16918125646626153
652    0.0    0.001079748583535198    0.1691354794241883
653    0.0    0.0010226335361084432    0.16919259447161508
654    0.0    0.0010685981648471418    0.16914662984287637
655    0.0    0.0010116677692514392    0.16920356023847208
656    0.0    0.00105781419379549    0.16915741381392801
657    0.0    0.0010010628143893227    0.16921416519333418
658    0.0    0.0010473855496073714    0.16916784245811614
659    0.0    0.0009908078472373578    0.16922442016048617
660    0.0    0.0010373016955917821    0.16917792631213174
661    0.0    0.0009808926101352907    0.16923433539758823
662    0.0    0.0010275526448722285    0.1691876753628513
663    0.0    0.000971307379046611    0.1692439206286769
664    0.0    0.00101812892859967    0.16919709907912384
665    0.0    0.0009620429329367788    0.16925318507478673
666    0.0    0.0010090215664481045    0.1692062064412754
667    0.0    0.0009530905253380483    0.16926213748238547
668    0.0    0.0010002220392049304    0.16921500596851857
669    0.0    0.0009444418579256892    0.16927078614979782
670    0.0    0.0009917222632919525    0.16922350574443157
671    0.0    0.0009360890559459217    0.1692791389517776
672    0.0    0.000983514567065859    0.16923171344065766
673    0.0    0.0009280246453516109    0.1692872033623719
674    0.0    0.000975591668756006    0.16923963633896752
675    0.0    0.0009202415315148691    0.16929498647620864
676    0.0    0.0009679466559211789    0.16924728135180234
677    0.0    0.0009127329793964532    0.16930249502832706
678    0.0    0.0009605729663045721    0.16925465504141893
679    0.0    0.0009054925950610673    0.16930973541266245
680    0.0    0.0009534643699848102    0.1692617636377387
681    0.0    0.0008985143084413015    0.16931671369928222
682    0.0    0.0009466149527288625    0.16926861305499466
683    0.0    0.0008917923572565368    0.16932343565046698
684    0.0    0.0009400191004591389    0.16927520890726439
685    0.0    0.000885321272007339    0.16932990673571618
686    0.0    0.0009336714847525688    0.16928155652297094
687    0.0    0.0008790958619642021    0.16933613214575932
688    0.0    0.0009275670493031636    0.16928766095842035
689    0.0    0.0008731112020845384    0.169342116805639
690    0.0    0.0009217009972772589    0.16929352701044625
691    0.0    0.0008673626207920904    0.16934786538693142
692    0.0    0.0009160687795033678    0.16929915922822014
693    0.0    0.0008618456885617614    0.16935338231916175
694    0.0    0.0009106660834372656    0.16930456192428625
695    0.0    0.0008565562072540799    0.16935867180046943
696    0.0    0.0009054888228539659    0.16930973918486955
697    0.0    0.000851490200151203    0.1693637378075723
698    0.0    0.0009005331282164713    0.16931469487950704
699    0.0    0.0008466439026491935    0.16936858410507433
700    0.0    0.0008957953376807032    0.16931943267004282
701    0.0    0.0008420137535637    0.16937321425415983
702    0.0    0.0008912719886932779    0.16932395601903025
703    0.0    0.000837596387012305    0.1693776316207112
704    0.0    0.0008869598101489099    0.1693282681975746
705    0.0    0.000833388624837356    0.16938183938288615
706    0.0    0.0008828557150711453    0.16933237229265236
707    0.0    0.00082938746953769    0.1693858405381858
708    0.0    0.0008789567937861147    0.1693362712139374
709    0.0    0.0008255900976770644    0.16938963791004644
710    0.0    0.0008752603075619809    0.16933996770016152
711    0.0    0.0008219938537472589    0.16939323415397625
712    0.0    0.0008717636826860082    0.1693434643250375
713    0.0    0.0008185962444545312    0.16939663176326897
714    0.0    0.0008684645049565627    0.16934676350276695
715    0.0    0.0008153949334111065    0.16939983307431242
716    0.0    0.0008653605145679745    0.16934986749315553
717    0.0    0.0008123877362076713    0.16940284027151584
718    0.0    0.0008624496013666451    0.16935277840635687
719    0.0    0.0008095726158488925    0.16940565539187463
720    0.0    0.0008597298004613476    0.16935549820726217
721    0.0    0.0008069476785345288    0.16940828032918898
722    0.0    0.0008571992881699711    0.16935802871955355
723    0.0    0.0008045111697685058    0.169410716837955
724    0.0    0.0008548563782882926    0.1693603716294352
725    0.0    0.0008022614707821434    0.16941296653694138
726    0.0    0.0008526995186643263    0.1693625284890592
727    0.0    0.0008001970952575754    0.16941503091246593
728    0.0    0.0008507272880680869    0.16936450071965542
729    0.0    0.0007983166863405652    0.16941691132138295
730    0.0    0.0008489383933430273    0.1693662896143805
731    0.0    0.0007966190139291628    0.16941860899379435
732    0.0    0.0008473316668306794    0.16936789634089283
733    0.0    0.0007951029722296863    0.16942012503549383
734    0.0    0.000845906064056785    0.16936932194366672
735    0.0    0.0007937675775721899    0.16942146043015133
736    0.0    0.0008446606616720634    0.16937056734605144
737    0.0    0.0007926119664756193    0.1694226160412479
738    0.0    0.0008435946556404004    0.1693716333520831
739    0.0    0.0007916353939561023    0.1694235926137674
740    0.0    0.0008427073596668365    0.16937252064805666
741    0.0    0.0007908372320728205    0.1694243907756507
742    0.0    0.0008419982038599541    0.16937322980386355
743    0.0    0.0007902169687074221    0.16942501103901608
744    0.0    0.0008414667336250966    0.16937376127409842
745    0.0    0.0007897742065690186    0.1694254538011545
746    0.0    0.0008411126087836434    0.16937411539893987
747    0.0    0.0007895086624256899    0.16942571934529782
748    0.0    0.0008409356029135445    0.16937429240480997
749    0.0    0.0007894201665569774    0.16942580784116654
750    0.0    0.0008409356029137345    0.16937429240480978
751    0.0    0.0007895086624257608    0.16942571934529777
752    0.0    0.0008411126087836266    0.16937411539893987
753    0.0    0.0007897742065690038    0.1694254538011545
754    0.0    0.000841466733625277    0.16937376127409823
755    0.0    0.0007902169687075152    0.169425011039016
756    0.0    0.0008419982038598828    0.16937322980386363
757    0.0    0.0007908372320729822    0.16942439077565052
758    0.0    0.0008427073596668035    0.16937252064805672
759    0.0    0.0007916353939561202    0.16942359261376738
760    0.0    0.0008435946556404275    0.16937163335208308
761    0.0    0.000792611966475777    0.16942261604124773
762    0.0    0.0008446606616719356    0.16937056734605158
763    0.0    0.0007937675775723167    0.1694214604301512
764    0.0    0.000845906064056732    0.16936932194366677
765    0.0    0.0007951029722296613    0.16942012503549386
766    0.0    0.000847331666830781    0.16936789634089272
767    0.0    0.0007966190139291901    0.16941860899379432
768    0.0    0.0008489383933430399    0.16936628961438047
769    0.0    0.0007983166863408644    0.16941691132138265
770    0.0    0.0008507272880679403    0.16936450071965556
771    0.0    0.0008001970952576406    0.16941503091246587
772    0.0    0.0008526995186642289    0.16936252848905928
773    0.0    0.0008022614707821332    0.16941296653694138
774    0.0    0.0008548563782881854    0.16936037162943532
775    0.0    0.00080451116976865    0.16941071683795486
776    0.0    0.0008571992881699955    0.16935802871955352
777    0.0    0.0008069476785344078    0.16940828032918911
778    0.0    0.0008597298004612113    0.1693554982072623
779    0.0    0.0008095726158485933    0.1694056553918749
780    0.0    0.0008624496013665539    0.16935277840635696
781    0.0    0.0008123877362073476    0.16940284027151617
782    0.0    0.0008653605145679856    0.16934986749315553
783    0.0    0.0008153949334108184    0.1693998330743127
784    0.0    0.000868464504956513    0.169346763502767
785    0.0    0.0008185962444543294    0.1693966317632692
786    0.0    0.0008717636826860044    0.1693434643250375
787    0.0    0.0008219938537470522    0.16939323415397645
788    0.0    0.0008752603075619786    0.16933996770016152
789    0.0    0.0008255900976768803    0.16938963791004663
790    0.0    0.0008789567937860889    0.16933627121393743
791    0.0    0.0008293874695377095    0.1693858405381858
792    0.0    0.0008828557150711248    0.16933237229265238
793    0.0    0.0008333886248375475    0.16938183938288595
794    0.0    0.0008869598101490692    0.16932826819757443
795    0.0    0.0008375963870124092    0.1693776316207111
796    0.0    0.0008912719886932896    0.16932395601903022
797    0.0    0.000842013753563745    0.16937321425415977
798    0.0    0.0008957953376808299    0.16931943267004268
799    0.0    0.0008466439026492993    0.16936858410507422
800    0.0    0.0009005331282168501    0.16931469487950665
801    0.0    0.000851490200151374    0.16936373780757213
802    0.0    0.0009054888228540713    0.16930973918486944
803    0.0    0.0008565562072542207    0.1693586718004693
804    0.0    0.0009106660834375355    0.16930456192428597
805    0.0    0.0008618456885618946    0.1693533823191616
806    0.0    0.0009160687795036032    0.16929915922821992
807    0.0    0.0008673626207921168    0.1693478653869314
808    0.0    0.0009217009972775269    0.16929352701044598
809    0.0    0.0008731112020846244    0.16934211680563888
810    0.0    0.0009275670493031871    0.16928766095842032
811    0.0    0.0008790958619643566    0.16933613214575916
812    0.0    0.0009336714847527079    0.1692815565229708
813    0.0    0.0008853212720074943    0.16932990673571602
814    0.0    0.0009400191004592915    0.16927520890726422
815    0.0    0.0008917923572566627    0.16932343565046684
816    0.0    0.0009466149527290083    0.1692686130549945
817    0.0    0.0008985143084412177    0.1693167136992823
818    0.0    0.0009534643699846925    0.16926176363773882
819    0.0    0.0009054925950611899    0.1693097354126623
820    0.0    0.0009605729663046043    0.1692546550414189
821    0.0    0.0009127329793965816    0.16930249502832692
822    0.0    0.0009679466559212897    0.16924728135180223
823    0.0    0.0009202415315148229    0.1692949864762087
824    0.0    0.0009755916687559272    0.16923963633896758
825    0.0    0.0009280246453515273    0.169287203362372
826    0.0    0.0009835145670657685    0.16923171344065774
827    0.0    0.0009360890559459695    0.16927913895177754
828    0.0    0.0009917222632920993    0.1692235057444314
829    0.0    0.0009444418579258284    0.16927078614979768
830    0.0    0.0010002220392048035    0.1692150059685187
831    0.0    0.0009530905253379987    0.16926213748238553
832    0.0    0.0010090215664480863    0.16920620644127543
833    0.0    0.0009620429329365006    0.169253185074787
834    0.0    0.0010181289285996888    0.16919709907912384
835    0.0    0.0009713073790464199    0.1692439206286771
836    0.0    0.0010275526448721634    0.16918767536285134
837    0.0    0.0009808926101352187    0.16923433539758828
838    0.0    0.0010373016955918673    0.16917792631213163
839    0.0    0.0009908078472372856    0.16922442016048622
840    0.0    0.00104738554960738    0.16916784245811614
841    0.0    0.0010010628143892347    0.16921416519333426
842    0.0    0.001057814193795613    0.1691574138139279
843    0.0    0.0010116677692513644    0.16920356023847216
844    0.0    0.0010685981648471765    0.16914662984287634
845    0.0    0.0010226335361083368    0.16919259447161517
846    0.0    0.001079748583535162    0.16913547942418836
847    0.0    0.0010339715414618954    0.16918125646626161
848    0.0    0.0010912771916906391    0.16912395081603288
849    0.0    0.0010456938524501644    0.16916953415527336
850    0.0    0.0011031963921311193    0.1691120316155924
851    0.0    0.0010578132183543354    0.1691574147893692
852    0.0    0.001115519291817521    0.169099708715906
853    0.0    0.0010703431154812071    0.1691448848922423
854    0.0    0.0011282597485403037    0.1690869682591832
855    0.0    0.0010832977957384504    0.16913193021198505
856    0.0    0.001141432421474456    0.16907379558624905
857    0.0    0.0010966923392599624    0.16911853566846355
858    0.0    0.0011550528259739873    0.16906017518174954
859    0.0    0.0011105427114755783    0.16910468529624795
860    0.0    0.0011691373930235243    0.1690460906147
861    0.0    0.001124865825060149    0.16909036218266335
862    0.0    0.0011837035338111    0.16903152447391243
863    0.0    0.001139679607258082    0.16907554840046543
864    0.0    0.001198769709937811    0.1690164582977857
865    0.0    0.0011550030731232812    0.16906022493460024
866    0.0    0.0012143555098426395    0.16900087249788087
867    0.0    0.001170856405290958    0.16904437160243255
868    0.0    0.001230481732091313    0.1689847462756322
869    0.0    0.001187261040962815    0.1690279669667607
870    0.0    0.0012471704762502605    0.16896805753147326
871    0.0    0.0012042397668756437    0.16901098824084787
872    0.0    0.0012644452421652983    0.16895078276555822
873    0.0    0.0012218168231165098    0.168993411184607
874    0.0    0.0012823310385560946    0.1689328969691674
875    0.0    0.001240018016756261    0.16897520999096724
876    0.0    0.0013008545019625255    0.168914373505761
877    0.0    0.0012588708463987085    0.16895635716132482
878    0.0    0.0013200440272058624    0.16889518398051764
879    0.0    0.001278404638882549    0.16893682336884097
880    0.0    0.0013399299106828231    0.1688752980970407
881    0.0    0.0012986506995411962    0.16891657730818233
882    0.0    0.0013605445079864003    0.16885468349973712
883    0.0    0.001319642477608201    0.1688955855301153
884    0.0    0.0013819224075484705    0.16883330560017504
885    0.0    0.0013414157485774425    0.16887381225914608
886    0.0    0.001404100622232289    0.16881112738549123
887    0.0    0.0013640088155783031    0.1688512191921452
888    0.0    0.0014271188010752617    0.16878810920664825
889    0.0    0.0013874627321120775    0.16882776527561144
890    0.0    0.0014510194636924273    0.1687642085440311
891    0.0    0.0014118215488419677    0.16880340645888153
892    0.0    0.0014758482602201914    0.16873937974750333
893    0.0    0.0014371325875152106    0.1687780954202083
894    0.0    0.0015016542601024743    0.16871357374762103
895    0.0    0.0014634467455600536    0.16875178126216345
896    0.0    0.0015284902735177733    0.16868673773420573
897    0.0    0.0014908188354407499    0.16872440917228276
898    0.0    0.001556413209835603    0.1686588147978879
899    0.0    0.0015193079634789222    0.16869592004424458
900    0.0    0.0015854844781685617    0.16862974352955495
901    0.0    0.001548977953604034    0.16866625005411948
902    0.0    0.0016157704359032648    0.16859945757182024
903    0.0    0.0015798978223719794    0.16863533018535154
904    0.0    0.001647342892046246    0.16856788511567727
905    0.0    0.0016121423126309348    0.16860308569509258
906    0.0    0.0016802796733661497    0.16853494833435737
907    0.0    0.0016457924944638857    0.16856943551325962
908    0.0    0.0017146652626555334    0.16850056274506797
909    0.0    0.001680936443508447    0.16853429156421507
910    0.0    0.001750591520073007    0.1684646364876505
911    0.0    0.0017176700085346757    0.16849755799918884
912    0.0    0.0017881585004535852    0.16842706950726993
913    0.0    0.0017560976822906446    0.16845913032543286
914    0.0    0.0018274753818258575    0.16838775262589767
915    0.0    0.0017963335921978292    0.16841889441552568
916    0.0    0.0018686615231995533    0.16834656648452395
917    0.0    0.0018385026305939652    0.16837672537712955
918    0.0    0.0019118476731224906    0.16830338033460102
919    0.0    0.0018827417480117856    0.16833248625971173
920    0.0    0.001957177354696049    0.16825805065302746
921    0.0    0.0019292014376154495    0.16828602657010805
922    0.0    0.0020048084578626092    0.1682104195498609
923    0.0    0.0019780474445997517    0.16823718056312376
924    0.0    0.002054915076094496    0.16816031293162903
925    0.0    0.0020294627413710636    0.16818576526635245
926    0.0    0.002107689632414859    0.16810753837530865
927    0.0    0.0020836498180278303    0.16813157818969568
928    0.0    0.0021633453493820455    0.16805188265834148
929    0.0    0.0021408333484911877    0.16807439465923232
930    0.0    0.0022221191297932454    0.16799310887793026
931    0.0    0.002201263306217093    0.16801396470150642
932    0.0    0.002284274930101525    0.16793095307762199
933    0.0    0.0022652186205499693    0.16795000938717355
934    0.0    0.002350107727805966    0.16786512027991754
935    0.0    0.002333011486493922    0.1678822165212296
936    0.0    0.002419948208606372    0.16779527979911715
937    0.0    0.0024049924684075115    0.167810235539316
938    0.0    0.0024941683305195117    0.167721059677204
939    0.0    0.002481556573790075    0.16773367143393345
940    0.0    0.0025731879627030555    0.16764204004502045
941    0.0    0.0025631505195003183    0.1676520774882232
942    0.0    0.002657482849427121    0.16755774515829638
943    0.0    0.0026502814730185015    0.16756494653470502
944    0.0    0.002747594218707761    0.16746763378901575
945    0.0    0.002743527630677729    0.16747170037704578
946    0.0    0.002844140446393754    0.16737108756132976
947    0.0    0.002843551100094965    0.16737167690762855
948    0.0    0.002947831308256544    0.16726739669946697
949    0.0    0.002951113695138298    0.16726411431258523
950    0.0    0.003059485516593333    0.1671557424911302
951    0.0    0.003067096442784827    0.16714813156493868
952    0.0    0.0031800524609772976    0.1670351755467462
953    0.0    0.003192523862580915    0.1670227041451426
954    0.0    0.0033106393798176953    0.1669045886279058
955    0.0    0.0033285944411727015    0.1668866335665508
956    0.0    0.0034525456169729844    0.16676268239075054
957    0.0    0.0034767192314063035    0.1667385087763172
958    0.0    0.003607306220927051    0.16660792178679645
959    0.0    0.003638571225778149    0.16657665678194536
960    0.0    0.003776748007184897    0.16643848000053862
961    0.0    0.00381614919234664    0.16639907881537688
962    0.0    0.003963062458614029    0.1662521655491095
963    0.0    0.004011861182149588    0.16620336682557393
964    0.0    0.0041689016911145935    0.16604632631660893
965    0.0    0.004228635184282284    0.16598659282344122
966    0.0    0.0043975064996309215    0.1658177215080926
967    0.0    0.004470067849763369    0.16574516015796015
968    0.0    0.004652879779482149    0.16556234822824137
969    0.0    0.004740627552475954    0.16547460045524756
970    0.0    0.004940025337973495    0.16527520266975002
971    0.0    0.0050459365535256775    0.16516929145419784
972    0.0    0.005265282928977461    0.16494994507874605
973    0.0    0.00539317090267633    0.1648220571050472
974    0.0    0.005636808252496337    0.16457841975522716
975    0.0    0.005791640023912877    0.16442358798381063
976    0.0    0.006065277267022006    0.16414995074070152
977    0.0    0.006253648476674097    0.16396157953104942
978    0.0    0.006564948397017251    0.16365027961070627
979    0.0    0.006795815693074013    0.1634194123146495
980    0.0    0.007155316433044419    0.16305991157467908
981    0.0    0.007441168172165188    0.16277405983555832
982    0.0    0.007863786398450829    0.16235144160927267
983    0.0    0.008222595316883618    0.16199263269083988
984    0.0    0.008730195671527158    0.16148503233619635
985    0.0    0.009188848614428381    0.16102637939329514
986    0.0    0.009814895517307328    0.1604003324904162
987    0.0    0.010415617414558601    0.15979961059316491
988    0.0    0.011214229790785372    0.15900099821693814
989    0.0    0.012027649933194318    0.15818757807452918
990    0.0    0.013092978136827792    0.1571222498708957
991    0.0    0.014247805221461312    0.1559674227862622
992    0.0    0.015761265203098705    0.1544539628046248
993    0.0    0.01752311207271765    0.15269211593500587
994    0.0    0.01989301164817626    0.15032221635954726
995    0.0    0.02293181228099959    0.14728341572672393
996    0.0    0.027363932507182696    0.14285129550054082
997    0.0    0.03418654240125749    0.13602868560646603
998    0.0    0.0474783532336357    0.12273687477408782
999    0.19460826196080067    0.09730413098040033    0.07291109702732318
