0    0.22479977036289503    0.11239988518144751    0.05721410602898895
1    0.2577231422727855    0.12886157113639274    0.04075242007404373
2    0.28093725047777923    0.14046862523888962    0.02914536597154685
3    0.29771483894105677    0.14885741947052838    0.02075657173990808
4    0.3096297270205789    0.15481486351028945    0.014799127700147019
5    0.3181979598781164    0.1590989799390582    0.010515011271378272
6    0.3242653915410913    0.16213269577054565    0.007481295439890817
7    0.3286067991874137    0.16430339959370685    0.005310591616729615
8    0.3316770935222248    0.1658385467611124    0.003775444449324067
9    0.3338681878272827    0.16693409391364136    0.002679897296795103
10    0.33541796045265104    0.16770898022632552    0.0019050109841109442
11    0.3365226445614909    0.16826132228074545    0.00135266892969102
12    0.33730458860504015    0.16865229430252007    0.0009616969079163928
13    0.3378616929430836    0.1689308464715418    0.0006831447388946643
14    0.33825639536944857    0.16912819768472429    0.0004857935257121804
15    0.33853754960134197    0.16926877480067098    0.00034521640976548085
16    0.33873691318721416    0.16936845659360708    0.0002455346168293848
17    0.3388789091708536    0.1694394545854268    0.00017453662500965805
18    0.33897966882308134    0.16948983441154067    0.000124156798895797
19    0.3390514286144047    0.16952571430720234    8.827690323412463e-05
20    0.33910237809320615    0.16955118904660307    6.280216383339199e-05
21    0.3391386605946139    0.16956933029730695    4.4660913129518365e-05
22    0.33916443271090063    0.16958221635545032    3.1774854986149625e-05
23    0.33918278405888996    0.16959139202944498    2.2599180991483836e-05
24    0.33919582388217273    0.16959791194108637    1.6079269350099956e-05
25    0.3392051081808611    0.16960255409043054    1.1437120005924895e-05
26    0.3392117070566778    0.1696058535283389    8.13768209756427e-06
27    0.3392164050026323    0.16960820250131614    5.788709120324587e-06
28    0.33921974480091016    0.16960987240045508    4.118809981384919e-06
29    0.3392221223075056    0.1696110611537528    2.930056683669857e-06
30    0.33922381277121844    0.16961190638560922    2.084824827247589e-06
31    0.3392250160730288    0.1696125080365144    1.4831739220677598e-06
32    0.33922587176198726    0.16961293588099363    1.05532944283393e-06
33    0.3392264808165105    0.16961324040825526    7.508021812041576e-07
34    0.33922691397191157    0.16961345698595579    5.34224480680523e-07
35    0.3392272222622867    0.16961361113114334    3.8007929312189326e-07
36    0.33922744153543666    0.16961372076771833    2.704427181365876e-07
37    0.33922759759201404    0.16961379879600702    1.9241442944517573e-07
38    0.3392277085961965    0.16961385429809825    1.3691233821666593e-07
39    0.3392277875950152    0.1696138937975076    9.74129288622283e-08
40    0.33922784379098053    0.16961392189549027    6.931494619943912e-08
41    0.33922788378316104    0.16961394189158052    4.931885594361418e-08
42    0.33922791223325766    0.16961395611662883    3.509380763766501e-08
43    0.33922793247958616    0.16961396623979308    2.497064338635724e-08
44    0.33922794688338487    0.16961397344169243    1.7768744031698702e-08
45    0.3392279571336702    0.1696139785668351    1.264360136032927e-08
46    0.33922796442636144    0.16961398221318072    8.997255745990529e-09
47    0.3392279696161172    0.1696139848080586    6.40237787785658e-09
48    0.3392279733086105    0.16961398665430524    4.5561312222996975e-09
49    0.3392279759363539    0.16961398796817695    3.242259516422763e-09
50    0.33922797780607805    0.16961398890303903    2.307397439782477e-09
51    0.3392279791366829    0.16961398956834145    1.6420950155193736e-09
52    0.3392279800835018    0.1696139900417509    1.1686855649895023e-09
53    0.3392279807573343    0.16961399037866715    8.317693200865506e-10
54    0.33922798123684117    0.16961399061842058    5.920158807626308e-10
55    0.3392279815781118    0.1696139907890559    4.213805693265016e-10
56    0.3392279818209815    0.16961399091049076    2.999457071606315e-10
57    0.3392279819938431    0.16961399099692154    2.1351492796028992e-10
58    0.3392279821168725    0.16961399105843625    1.5200021796779595e-10
59    0.3392279822044453    0.16961399110222264    1.0821382678827263e-10
60    0.3392279822667779    0.16961399113338896    7.704750726311715e-11
61    0.3392279823111509    0.16961399115557546    5.4861004628037335e-11
62    0.3392279823427387    0.16961399117136935    3.9067110657597937e-11
63    0.33922798236522744    0.16961399118261372    2.7822744108618735e-11
64    0.33922798238123925    0.16961399119061962    1.9816842611319885e-11
65    0.33922798239264024    0.16961399119632012    1.4116346980230787e-11
66    0.3392279824007585    0.16961399120037926    1.0057205068747521e-11
67    0.33922798240654056    0.16961399120327028    7.1661843126236136e-12
68    0.339227982410658    0.169613991205329    5.10747000248557e-12
69    0.33922798241359226    0.16961399120679613    3.6403380310190414e-12
70    0.33922798241568225    0.16961399120784112    2.595340609090613e-12
71    0.3392279824171713    0.16961399120858564    1.850825048776983e-12
72    0.3392279824182326    0.1696139912091163    1.3201661985817736e-12
73    0.33922798241898927    0.16961399120949464    9.41829947365136e-13
74    0.33922798241952845    0.16961399120976423    6.722400414105323e-13
75    0.3392279824199129    0.16961399120995646    4.800049246966864e-13
76    0.3392279824201871    0.16961399121009355    3.4292013673109523e-13
77    0.33922798242038293    0.16961399121019147    2.449984659591564e-13
78    0.3392279824205226    0.1696139912102613    1.7516543771023407e-13
79    0.33922798242062246    0.16961399121031123    1.2523315717771766e-13
80    0.33922798242069324    0.16961399121034662    8.984479826779079e-14
81    0.3392279824207444    0.1696139912103722    6.425415755018093e-14
82    0.3392279824207804    0.1696139912103902    4.62685445512534e-14
83    0.33922798242080715    0.16961399121040358    3.289035710452026e-14
84    0.33922798242082547    0.16961399121041273    2.373101715136272e-14
85    0.33922798242083857    0.16961399121041928    1.7180701306074297e-14
86    0.33922798242084845    0.16961399121042423    1.2240208846492351e-14
87    0.3392279824208551    0.16961399121042756    8.909539772616881e-15
88    0.3392279824208603    0.16961399121043014    6.328271240363392e-15
89    0.3392279824208637    0.16961399121043186    4.6074255521944e-15
90    0.3392279824208662    0.1696139912104331    3.3584246494910985e-15
91    0.33922798242086805    0.16961399121043402    2.4424906541753444e-15
92    0.33922798242086905    0.16961399121043452    1.942890293094024e-15
93    0.3392279824208705    0.16961399121043524    1.2212453270876722e-15
94    0.3392279824208707    0.16961399121043536    1.1102230246251565e-15
95    0.33922798242087115    0.16961399121043558    8.881784197001252e-16
96    0.339227982420872    0.169613991210436    4.718447854656915e-16
97    0.33922798242087193    0.16961399121043597    4.996003610813204e-16
98    0.3392279824208723    0.16961399121043616    3.0531133177191805e-16
99    0.33922798242087226    0.16961399121043613    3.3306690738754696e-16
100    0.3392279824208722    0.1696139912104361    3.608224830031759e-16
101    0.33922798242087304    0.16961399121043652    5.551115123125783e-17
102    0.33922798242087254    0.16961399121043627    1.942890293094024e-16
103    0.33922798242087265    0.16961399121043633    1.3877787807814457e-16
104    0.33922798242087265    0.16961399121043633    1.3877787807814457e-16
105    0.3392279824208729    0.16961399121043644    2.7755575615628914e-17
106    0.33922798242087276    0.16961399121043638    8.326672684688674e-17
107    0.33922798242087254    0.16961399121043627    1.942890293094024e-16
108    0.3392279824208727    0.16961399121043635    1.1102230246251565e-16
109    0.3392279824208724    0.1696139912104362    2.7755575615628914e-16
110    0.33922798242087276    0.16961399121043638    8.326672684688674e-17
111    0.3392279824208729    0.16961399121043644    2.7755575615628914e-17
112    0.33922798242087265    0.16961399121043633    1.3877787807814457e-16
113    0.3392279824208729    0.16961399121043644    2.7755575615628914e-17
114    0.33922798242087254    0.16961399121043627    1.942890293094024e-16
115    0.33922798242087265    0.16961399121043633    1.3877787807814457e-16
116    0.3392279824208729    0.16961399121043644    2.7755575615628914e-17
117    0.33922798242087326    0.16961399121043663    1.6653345369377348e-16
118    0.33922798242087304    0.16961399121043652    5.551115123125783e-17
119    0.339227982420873    0.1696139912104365    2.7755575615628914e-17
120    0.3392279824208732    0.1696139912104366    1.3877787807814457e-16
121    0.3392279824208729    0.16961399121043644    2.7755575615628914e-17
122    0.33922798242087276    0.16961399121043638    8.326672684688674e-17
123    0.33922798242087276    0.16961399121043638    8.326672684688674e-17
124    0.339227982420873    0.1696139912104365    2.7755575615628914e-17
125    0.33922798242087276    0.16961399121043638    8.326672684688674e-17
126    0.33922798242087304    0.16961399121043652    5.551115123125783e-17
127    0.33922798242087265    0.16961399121043633    1.3877787807814457e-16
128    0.3392279824208729    0.16961399121043644    2.7755575615628914e-17
129    0.3392279824208727    0.16961399121043635    1.1102230246251565e-16
130    0.33922798242087276    0.16961399121043638    8.326672684688674e-17
131    0.3392279824208731    0.16961399121043655    8.326672684688674e-17
132    0.3392279824208729    0.16961399121043644    2.7755575615628914e-17
133    0.33922798242087293    0.16961399121043647    0.0
134    0.3392279824208728    0.1696139912104364    5.551115123125783e-17
135    0.33922798242087276    0.16961399121043638    8.326672684688674e-17
136    0.3392279824208729    0.16961399121043644    2.7755575615628914e-17
137    0.3392279824208727    0.16961399121043635    1.1102230246251565e-16
138    0.33922798242087293    0.16961399121043647    0.0
139    0.33922798242087315    0.16961399121043658    1.1102230246251565e-16
140    0.3392279824208733    0.16961399121043666    1.942890293094024e-16
141    0.339227982420873    0.1696139912104365    2.7755575615628914e-17
142    0.33922798242087254    0.16961399121043627    1.942890293094024e-16
143    0.33922798242087315    0.16961399121043658    1.1102230246251565e-16
144    0.33922798242087265    0.16961399121043633    1.3877787807814457e-16
145    0.3392279824208727    0.16961399121043635    1.1102230246251565e-16
146    0.3392279824208732    0.1696139912104366    1.3877787807814457e-16
147    0.33922798242087254    0.16961399121043627    1.942890293094024e-16
148    0.33922798242087293    0.16961399121043647    0.0
149    0.3392279824208732    0.1696139912104366    1.3877787807814457e-16
150    0.33922798242087326    0.16961399121043663    1.6653345369377348e-16
151    0.3392279824208732    0.1696139912104366    1.3877787807814457e-16
152    0.339227982420873    0.1696139912104365    2.7755575615628914e-17
153    0.33922798242087276    0.16961399121043638    8.326672684688674e-17
154    0.3392279824208732    0.1696139912104366    1.3877787807814457e-16
155    0.3392279824208724    0.1696139912104362    2.7755575615628914e-16
156    0.3392279824208726    0.1696139912104363    1.6653345369377348e-16
157    0.33922798242087315    0.16961399121043658    1.1102230246251565e-16
158    0.33922798242087243    0.16961399121043622    2.498001805406602e-16
159    0.3392279824208726    0.1696139912104363    1.6653345369377348e-16
160    0.33922798242087265    0.16961399121043633    1.3877787807814457e-16
161    0.3392279824208729    0.16961399121043644    2.7755575615628914e-17
162    0.3392279824208729    0.16961399121043644    2.7755575615628914e-17
163    0.3392279824208733    0.16961399121043666    1.942890293094024e-16
164    0.3392279824208734    0.1696139912104367    2.220446049250313e-16
165    0.3392279824208732    0.1696139912104366    1.3877787807814457e-16
166    0.33922798242087326    0.16961399121043663    1.6653345369377348e-16
167    0.33922798242087265    0.16961399121043633    1.3877787807814457e-16
168    0.33922798242087315    0.16961399121043658    1.1102230246251565e-16
169    0.3392279824208736    0.1696139912104368    3.3306690738754696e-16
170    0.33922798242087293    0.16961399121043647    0.0
171    0.33922798242087265    0.16961399121043633    1.3877787807814457e-16
172    0.33922798242087326    0.16961399121043663    1.6653345369377348e-16
173    0.33922798242087343    0.16961399121043672    2.498001805406602e-16
174    0.33922798242087326    0.16961399121043663    1.6653345369377348e-16
175    0.339227982420873    0.1696139912104365    2.7755575615628914e-17
176    0.3392279824208733    0.16961399121043666    1.942890293094024e-16
177    0.33922798242087315    0.16961399121043658    1.1102230246251565e-16
178    0.3392279824208729    0.16961399121043644    2.7755575615628914e-17
179    0.3392279824208733    0.16961399121043666    1.942890293094024e-16
180    0.3392279824208727    0.16961399121043635    1.1102230246251565e-16
181    0.3392279824208735    0.16961399121043674    2.7755575615628914e-16
182    0.3392279824208727    0.16961399121043635    1.1102230246251565e-16
183    0.33922798242087304    0.16961399121043652    5.551115123125783e-17
184    0.3392279824208728    0.1696139912104364    5.551115123125783e-17
185    0.3392279824208731    0.16961399121043655    8.326672684688674e-17
186    0.33922798242087326    0.16961399121043663    1.6653345369377348e-16
187    0.3392279824208732    0.1696139912104366    1.3877787807814457e-16
188    0.339227982420873    0.1696139912104365    2.7755575615628914e-17
189    0.3392279824208734    0.1696139912104367    2.220446049250313e-16
190    0.33922798242087376    0.16961399121043688    4.163336342344337e-16
191    0.33922798242087276    0.16961399121043638    8.326672684688674e-17
192    0.33922798242087315    0.16961399121043658    1.1102230246251565e-16
193    0.33922798242087315    0.16961399121043658    1.1102230246251565e-16
194    0.33922798242087343    0.16961399121043672    2.498001805406602e-16
195    0.33922798242087276    0.16961399121043638    8.326672684688674e-17
196    0.339227982420873    0.1696139912104365    2.7755575615628914e-17
197    0.33922798242087265    0.16961399121043633    1.3877787807814457e-16
198    0.3392279824208732    0.1696139912104366    1.3877787807814457e-16
199    0.33922798242087276    0.16961399121043638    8.326672684688674e-17
200    0.33922798242087254    0.16961399121043627    1.942890293094024e-16
201    0.3392279824208729    0.16961399121043644    2.7755575615628914e-17
202    0.33922798242087265    0.16961399121043633    1.3877787807814457e-16
203    0.339227982420873    0.1696139912104365    2.7755575615628914e-17
204    0.3392279824208732    0.1696139912104366    1.3877787807814457e-16
205    0.3392279824208729    0.16961399121043644    2.7755575615628914e-17
206    0.33922798242087254    0.16961399121043627    1.942890293094024e-16
207    0.339227982420873    0.1696139912104365    2.7755575615628914e-17
208    0.3392279824208719    0.16961399121043594    5.273559366969494e-16
209    0.3392279824208729    0.16961399121043644    2.7755575615628914e-17
210    0.33922798242087304    0.16961399121043652    5.551115123125783e-17
211    0.3392279824208729    0.16961399121043644    2.7755575615628914e-17
212    0.3392279824208731    0.16961399121043655    8.326672684688674e-17
213    0.33922798242087293    0.16961399121043647    0.0
214    0.33922798242087343    0.16961399121043672    2.498001805406602e-16
215    0.33922798242087276    0.16961399121043638    8.326672684688674e-17
216    0.3392279824208724    0.1696139912104362    2.7755575615628914e-16
217    0.33922798242087265    0.16961399121043633    1.3877787807814457e-16
218    0.33922798242087243    0.16961399121043622    2.498001805406602e-16
219    0.3392279824208724    0.1696139912104362    2.7755575615628914e-16
220    0.3392279824208724    0.1696139912104362    2.7755575615628914e-16
221    0.339227982420873    0.1696139912104365    2.7755575615628914e-17
222    0.33922798242087276    0.16961399121043638    8.326672684688674e-17
223    0.3392279824208728    0.1696139912104364    5.551115123125783e-17
224    0.33922798242087304    0.16961399121043652    5.551115123125783e-17
225    0.3392279824208733    0.16961399121043666    1.942890293094024e-16
226    0.339227982420873    0.1696139912104365    2.7755575615628914e-17
227    0.3392279824208732    0.1696139912104366    1.3877787807814457e-16
228    0.33922798242087243    0.16961399121043622    2.498001805406602e-16
229    0.339227982420873    0.1696139912104365    2.7755575615628914e-17
230    0.3392279824208731    0.16961399121043655    8.326672684688674e-17
231    0.3392279824208725    0.16961399121043624    2.220446049250313e-16
232    0.3392279824208726    0.1696139912104363    1.6653345369377348e-16
233    0.3392279824208729    0.16961399121043644    2.7755575615628914e-17
234    0.33922798242087254    0.16961399121043627    1.942890293094024e-16
235    0.3392279824208728    0.1696139912104364    5.551115123125783e-17
236    0.3392279824208728    0.1696139912104364    5.551115123125783e-17
237    0.3392279824208728    0.1696139912104364    5.551115123125783e-17
238    0.33922798242087304    0.16961399121043652    5.551115123125783e-17
239    0.339227982420873    0.1696139912104365    2.7755575615628914e-17
240    0.339227982420873    0.1696139912104365    2.7755575615628914e-17
241    0.33922798242087254    0.16961399121043627    1.942890293094024e-16
242    0.3392279824208728    0.1696139912104364    5.551115123125783e-17
243    0.33922798242087304    0.16961399121043652    5.551115123125783e-17
244    0.3392279824208727    0.16961399121043635    1.1102230246251565e-16
245    0.33922798242087293    0.16961399121043647    0.0
246    0.3392279824208731    0.16961399121043655    8.326672684688674e-17
247    0.33922798242087293    0.16961399121043647    0.0
248    0.33922798242087315    0.16961399121043658    1.1102230246251565e-16
249    0.3392279824208729    0.16961399121043644    2.7755575615628914e-17
250    0.33922798242087293    0.16961399121043647    0.0
251    0.3392279824208731    0.16961399121043655    8.326672684688674e-17
252    0.3392279824208732    0.1696139912104366    1.3877787807814457e-16
253    0.3392279824208728    0.1696139912104364    5.551115123125783e-17
254    0.33922798242087243    0.16961399121043622    2.498001805406602e-16
255    0.33922798242087304    0.16961399121043652    5.551115123125783e-17
256    0.3392279824208731    0.16961399121043655    8.326672684688674e-17
257    0.3392279824208729    0.16961399121043644    2.7755575615628914e-17
258    0.3392279824208727    0.16961399121043635    1.1102230246251565e-16
259    0.33922798242087304    0.16961399121043652    5.551115123125783e-17
260    0.3392279824208726    0.1696139912104363    1.6653345369377348e-16
261    0.339227982420873    0.1696139912104365    2.7755575615628914e-17
262    0.339227982420873    0.1696139912104365    2.7755575615628914e-17
263    0.3392279824208732    0.1696139912104366    1.3877787807814457e-16
264    0.33922798242087304    0.16961399121043652    5.551115123125783e-17
265    0.3392279824208726    0.1696139912104363    1.6653345369377348e-16
266    0.33922798242087265    0.16961399121043633    1.3877787807814457e-16
267    0.3392279824208727    0.16961399121043635    1.1102230246251565e-16
268    0.3392279824208729    0.16961399121043644    2.7755575615628914e-17
269    0.339227982420873    0.1696139912104365    2.7755575615628914e-17
270    0.33922798242087304    0.16961399121043652    5.551115123125783e-17
271    0.3392279824208729    0.16961399121043644    2.7755575615628914e-17
272    0.3392279824208729    0.16961399121043644    2.7755575615628914e-17
273    0.339227982420873    0.1696139912104365    2.7755575615628914e-17
274    0.3392279824208726    0.1696139912104363    1.6653345369377348e-16
275    0.339227982420873    0.1696139912104365    2.7755575615628914e-17
276    0.33922798242087276    0.16961399121043638    8.326672684688674e-17
277    0.33922798242087293    0.16961399121043647    0.0
278    0.3392279824208729    0.16961399121043644    2.7755575615628914e-17
279    0.33922798242087293    0.16961399121043647    0.0
280    0.3392279824208731    0.16961399121043655    8.326672684688674e-17
281    0.33922798242087315    0.16961399121043658    1.1102230246251565e-16
282    0.3392279824208728    0.1696139912104364    5.551115123125783e-17
283    0.3392279824208733    0.16961399121043666    1.942890293094024e-16
284    0.33922798242087304    0.16961399121043652    5.551115123125783e-17
285    0.3392279824208732    0.1696139912104366    1.3877787807814457e-16
286    0.33922798242087326    0.16961399121043663    1.6653345369377348e-16
287    0.33922798242087265    0.16961399121043633    1.3877787807814457e-16
288    0.33922798242087293    0.16961399121043647    0.0
289    0.3392279824208729    0.16961399121043644    2.7755575615628914e-17
290    0.3392279824208732    0.1696139912104366    1.3877787807814457e-16
291    0.33922798242087293    0.16961399121043647    0.0
292    0.3392279824208733    0.16961399121043666    1.942890293094024e-16
293    0.3392279824208729    0.16961399121043644    2.7755575615628914e-17
294    0.339227982420873    0.1696139912104365    2.7755575615628914e-17
295    0.33922798242087276    0.16961399121043638    8.326672684688674e-17
296    0.33922798242087265    0.16961399121043633    1.3877787807814457e-16
297    0.3392279824208731    0.16961399121043655    8.326672684688674e-17
298    0.3392279824208729    0.16961399121043644    2.7755575615628914e-17
299    0.3392279824208731    0.16961399121043655    8.326672684688674e-17
300    0.339227982420873    0.1696139912104365    2.7755575615628914e-17
301    0.3392279824208728    0.1696139912104364    5.551115123125783e-17
302    0.3392279824208727    0.16961399121043635    1.1102230246251565e-16
303    0.33922798242087293    0.16961399121043647    0.0
304    0.33922798242087265    0.16961399121043633    1.3877787807814457e-16
305    0.3392279824208726    0.1696139912104363    1.6653345369377348e-16
306    0.3392279824208727    0.16961399121043635    1.1102230246251565e-16
307    0.3392279824208731    0.16961399121043655    8.326672684688674e-17
308    0.3392279824208728    0.1696139912104364    5.551115123125783e-17
309    0.33922798242087276    0.16961399121043638    8.326672684688674e-17
310    0.33922798242087265    0.16961399121043633    1.3877787807814457e-16
311    0.33922798242087276    0.16961399121043638    8.326672684688674e-17
312    0.3392279824208732    0.1696139912104366    1.3877787807814457e-16
313    0.3392279824208727    0.16961399121043635    1.1102230246251565e-16
314    0.33922798242087293    0.16961399121043647    0.0
315    0.33922798242087304    0.16961399121043652    5.551115123125783e-17
316    0.3392279824208732    0.1696139912104366    1.3877787807814457e-16
317    0.3392279824208729    0.16961399121043644    2.7755575615628914e-17
318    0.3392279824208731    0.16961399121043655    8.326672684688674e-17
319    0.33922798242087293    0.16961399121043647    0.0
320    0.33922798242087304    0.16961399121043652    5.551115123125783e-17
321    0.33922798242087304    0.16961399121043652    5.551115123125783e-17
322    0.3392279824208731    0.16961399121043655    8.326672684688674e-17
323    0.3392279824208727    0.16961399121043635    1.1102230246251565e-16
324    0.339227982420873    0.1696139912104365    2.7755575615628914e-17
325    0.3392279824208729    0.16961399121043644    2.7755575615628914e-17
326    0.3392279824208729    0.16961399121043644    2.7755575615628914e-17
327    0.33922798242087276    0.16961399121043638    8.326672684688674e-17
328    0.33922798242087304    0.16961399121043652    5.551115123125783e-17
329    0.33922798242087315    0.16961399121043658    1.1102230246251565e-16
330    0.33922798242087265    0.16961399121043633    1.3877787807814457e-16
331    0.33922798242087254    0.16961399121043627    1.942890293094024e-16
332    0.33922798242087243    0.16961399121043622    2.498001805406602e-16
333    0.3392279824208731    0.16961399121043655    8.326672684688674e-17
334    0.3392279824208734    0.1696139912104367    2.220446049250313e-16
335    0.339227982420873    0.1696139912104365    2.7755575615628914e-17
336    0.3392279824208727    0.16961399121043635    1.1102230246251565e-16
337    0.33922798242087326    0.16961399121043663    1.6653345369377348e-16
338    0.339227982420873    0.1696139912104365    2.7755575615628914e-17
339    0.33922798242087354    0.16961399121043677    3.0531133177191805e-16
340    0.33922798242087265    0.16961399121043633    1.3877787807814457e-16
341    0.3392279824208732    0.1696139912104366    1.3877787807814457e-16
342    0.3392279824208732    0.1696139912104366    1.3877787807814457e-16
343    0.33922798242087276    0.16961399121043638    8.326672684688674e-17
344    0.3392279824208732    0.1696139912104366    1.3877787807814457e-16
345    0.3392279824208729    0.16961399121043644    2.7755575615628914e-17
346    0.3392279824208726    0.1696139912104363    1.6653345369377348e-16
347    0.33922798242087326    0.16961399121043663    1.6653345369377348e-16
348    0.3392279824208731    0.16961399121043655    8.326672684688674e-17
349    0.33922798242087326    0.16961399121043663    1.6653345369377348e-16
350    0.339227982420873    0.1696139912104365    2.7755575615628914e-17
351    0.33922798242087315    0.16961399121043658    1.1102230246251565e-16
352    0.3392279824208729    0.16961399121043644    2.7755575615628914e-17
353    0.339227982420873    0.1696139912104365    2.7755575615628914e-17
354    0.3392279824208727    0.16961399121043635    1.1102230246251565e-16
355    0.33922798242087293    0.16961399121043647    0.0
356    0.3392279824208729    0.16961399121043644    2.7755575615628914e-17
357    0.339227982420873    0.1696139912104365    2.7755575615628914e-17
358    0.339227982420873    0.1696139912104365    2.7755575615628914e-17
359    0.33922798242087243    0.16961399121043622    2.498001805406602e-16
360    0.3392279824208727    0.16961399121043635    1.1102230246251565e-16
361    0.33922798242087243    0.16961399121043622    2.498001805406602e-16
362    0.339227982420873    0.1696139912104365    2.7755575615628914e-17
363    0.3392279824208734    0.1696139912104367    2.220446049250313e-16
364    0.33922798242087276    0.16961399121043638    8.326672684688674e-17
365    0.3392279824208725    0.16961399121043624    2.220446049250313e-16
366    0.33922798242087265    0.16961399121043633    1.3877787807814457e-16
367    0.3392279824208731    0.16961399121043655    8.326672684688674e-17
368    0.3392279824208723    0.16961399121043616    3.0531133177191805e-16
369    0.3392279824208726    0.1696139912104363    1.6653345369377348e-16
370    0.3392279824208723    0.16961399121043616    3.0531133177191805e-16
371    0.3392279824208729    0.16961399121043644    2.7755575615628914e-17
372    0.3392279824208728    0.1696139912104364    5.551115123125783e-17
373    0.3392279824208728    0.1696139912104364    5.551115123125783e-17
374    0.33922798242087215    0.16961399121043608    3.885780586188048e-16
375    0.3392279824208728    0.1696139912104364    5.551115123125783e-17
376    0.3392279824208726    0.1696139912104363    1.6653345369377348e-16
377    0.3392279824208732    0.1696139912104366    1.3877787807814457e-16
378    0.3392279824208725    0.16961399121043624    2.220446049250313e-16
379    0.33922798242087315    0.16961399121043658    1.1102230246251565e-16
380    0.339227982420873    0.1696139912104365    2.7755575615628914e-17
381    0.3392279824208731    0.16961399121043655    8.326672684688674e-17
382    0.3392279824208727    0.16961399121043635    1.1102230246251565e-16
383    0.3392279824208732    0.1696139912104366    1.3877787807814457e-16
384    0.3392279824208727    0.16961399121043635    1.1102230246251565e-16
385    0.339227982420873    0.1696139912104365    2.7755575615628914e-17
386    0.3392279824208725    0.16961399121043624    2.220446049250313e-16
387    0.339227982420873    0.1696139912104365    2.7755575615628914e-17
388    0.33922798242087243    0.16961399121043622    2.498001805406602e-16
389    0.33922798242087276    0.16961399121043638    8.326672684688674e-17
390    0.33922798242087293    0.16961399121043647    0.0
391    0.3392279824208729    0.16961399121043644    2.7755575615628914e-17
392    0.33922798242087276    0.16961399121043638    8.326672684688674e-17
393    0.33922798242087304    0.16961399121043652    5.551115123125783e-17
394    0.3392279824208727    0.16961399121043635    1.1102230246251565e-16
395    0.33922798242087276    0.16961399121043638    8.326672684688674e-17
396    0.3392279824208724    0.1696139912104362    2.7755575615628914e-16
397    0.3392279824208726    0.1696139912104363    1.6653345369377348e-16
398    0.3392279824208728    0.1696139912104364    5.551115123125783e-17
399    0.33922798242087276    0.16961399121043638    8.326672684688674e-17
400    0.33922798242087254    0.16961399121043627    1.942890293094024e-16
401    0.3392279824208726    0.1696139912104363    1.6653345369377348e-16
402    0.33922798242087165    0.16961399121043583    6.38378239159465e-16
403    0.3392279824208716    0.1696139912104358    6.661338147750939e-16
404    0.3392279824208711    0.16961399121043555    9.159339953157541e-16
405    0.33922798242086993    0.16961399121043497    1.4988010832439613e-15
406    0.33922798242086966    0.16961399121043483    1.6375789613221059e-15
407    0.3392279824208679    0.16961399121043394    2.525757381022231e-15
408    0.3392279824208662    0.1696139912104331    3.3584246494910985e-15
409    0.33922798242086377    0.16961399121043189    4.579669976578771e-15
410    0.33922798242085994    0.16961399121042997    6.494804694057166e-15
411    0.33922798242085495    0.16961399121042747    8.992806499463768e-15
412    0.33922798242084856    0.16961399121042428    1.2184697695261093e-14
413    0.339227982420839    0.1696139912104195    1.6958656701149266e-14
414    0.33922798242082536    0.16961399121041268    2.378652830259398e-14
415    0.3392279824208073    0.16961399121040366    3.2807090377673376e-14
416    0.33922798242078095    0.16961399121039047    4.599098879509711e-14
417    0.3392279824207448    0.1696139912103724    6.405986852087153e-14
418    0.3392279824206932    0.1696139912103466    8.987255384340642e-14
419    0.33922798242062213    0.16961399121031107    1.2539969063141143e-13
420    0.3392279824205225    0.16961399121026124    1.7522094886146533e-13
421    0.339227982420383    0.1696139912101915    2.449707103835408e-13
422    0.33922798242018737    0.16961399121009368    3.427813588530171e-13
423    0.33922798241991214    0.16961399120995607    4.803935027553052e-13
424    0.3392279824195279    0.16961399120976395    6.725175971666886e-13
425    0.339227982418989    0.1696139912094945    9.41968725243214e-13
426    0.3392279824182326    0.1696139912091163    1.3201661985817736e-12
427    0.3392279824171711    0.16961399120858556    1.8509083155038297e-12
428    0.3392279824156825    0.16961399120784126    2.5952018312125347e-12
429    0.3392279824135926    0.1696139912067963    3.640171497565348e-12
430    0.33922798241065844    0.16961399120532922    5.107247957880645e-12
431    0.33922798240654045    0.16961399120327023    7.166239823774845e-12
432    0.33922798240075874    0.16961399120037937    1.0057094046445059e-11
433    0.3392279823926402    0.1696139911963201    1.4116374735806403e-11
434    0.3392279823812394    0.1696139911906197    1.9816759344593038e-11
435    0.33922798236522744    0.16961399118261372    2.7822744108618735e-11
436    0.33922798234273904    0.16961399117136952    3.906694412414424e-11
437    0.3392279823111515    0.16961399115557574    5.486072707228118e-11
438    0.33922798226677864    0.16961399113338932    7.704714644063415e-11
439    0.33922798220444567    0.16961399110222283    1.0821363249924332e-10
440    0.3392279821168727    0.16961399105843636    1.5200010694549349e-10
441    0.3392279819938434    0.1696139909969217    2.1351476142683623e-10
442    0.3392279818209811    0.16961399091049054    2.9994592920523644e-10
443    0.33922798157811196    0.16961399078905598    4.2138048605977474e-10
444    0.33922798123684206    0.16961399061842103    5.920154366734209e-10
445    0.33922798075733335    0.16961399037866667    8.31769791931336e-10
446    0.3392279800835019    0.16961399004175096    1.168685509478351e-09
447    0.3392279791366828    0.1696139895683414    1.6420950710305249e-09
448    0.33922797780607755    0.16961398890303878    2.3073976895826576e-09
449    0.3392279759363541    0.16961398796817706    3.2422594054004605e-09
450    0.33922797330861    0.169613986654305    4.556131472099878e-09
451    0.3392279696161173    0.16961398480805864    6.402377822345429e-09
452    0.339227964426361    0.1696139822131805    8.997255968035134e-09
453    0.3392279571336704    0.1696139785668352    1.2643601277062544e-08
454    0.33922794688338487    0.16961397344169243    1.7768744031698702e-08
455    0.33922793247958616    0.16961396623979308    2.497064338635724e-08
456    0.3392279122332576    0.1696139561166288    3.5093807665420584e-08
457    0.3392278837831616    0.1696139418915808    4.9318855666058425e-08
458    0.3392278437909801    0.16961392189549004    6.931494642148373e-08
459    0.3392277875950148    0.1696138937975074    9.741292905651733e-08
460    0.33922770859619567    0.16961385429809783    1.3691233863299956e-07
461    0.3392275975920139    0.16961379879600694    1.9241442952844245e-07
462    0.339227441535436    0.169613720767718    2.704427184696545e-07
463    0.3392272222622859    0.16961361113114296    3.800792935104713e-07
464    0.33922691397191107    0.16961345698595554    5.342244809303232e-07
465    0.33922648081651047    0.16961324040825523    7.508021812319132e-07
466    0.3392258717619877    0.16961293588099385    1.0553294426118853e-06
467    0.3392250160730285    0.16961250803651426    1.4831739222065377e-06
468    0.33922381277121794    0.16961190638560897    2.084824827497389e-06
469    0.33922212230750487    0.16961106115375243    2.9300566840306796e-06
470    0.3392197448009109    0.16960987240045544    4.118809981024096e-06
471    0.33921640500263234    0.16960820250131617    5.788709120296831e-06
472    0.33921170705667775    0.16960585352833887    8.137682097592025e-06
473    0.3392051081808614    0.1696025540904307    1.1437120005758361e-05
474    0.3391958238821721    0.16959791194108606    1.6079269350405268e-05
475    0.3391827840588902    0.1695913920294451    2.2599180991372814e-05
476    0.33916443271090047    0.16958221635545023    3.177485498623289e-05
477    0.33913866059461456    0.16956933029730728    4.46609131291853e-05
478    0.33910237809320604    0.16955118904660302    6.28021638334475e-05
479    0.3390514286144053    0.16952571430720265    8.827690323381931e-05
480    0.33897966882308145    0.16948983441154072    0.0001241567988957415
481    0.3388789091708534    0.1694394545854267    0.00017453662500976908
482    0.3387369131872149    0.16936845659360744    0.000245534616829024
483    0.33853754960134197    0.16926877480067098    0.00034521640976548085
484    0.3382563953694484    0.1691281976847242    0.00048579352571226364
485    0.3378616929430844    0.1689308464715422    0.0006831447388942757
486    0.3373045886050403    0.16865229430252016    0.0009616969079163096
487    0.3365226445614908    0.1682613222807454    0.0013526689296910754
488    0.33541796045265093    0.16770898022632547    0.0019050109841109997
489    0.3338681878272824    0.1669340939136412    0.0026798972967952694
490    0.3316770935222249    0.16583854676111245    0.0037754444493240114
491    0.32860679918741365    0.16430339959370682    0.005310591616729643
492    0.3242653915410919    0.16213269577054595    0.007481295439890512
493    0.31819795987811694    0.15909897993905847    0.010515011271377994
494    0.3096297270205781    0.15481486351028906    0.014799127700147408
495    0.2977148389410568    0.1488574194705284    0.020756571739908053
496    0.2809372504777794    0.1404686252388897    0.029145365971546766
497    0.25772314227278553    0.12886157113639277    0.0407524200740437
498    0.2247997703628956    0.1123998851814478    0.05721410602898866
499    0.1771779159506609    0.08858895797533045    0.08102503323510601
500    0.0    0.04175046040234197    0.12786353080809448
501    0.0    0.02862751846726485    0.1409864727431716
502    0.0    0.02151119931438173    0.14810279189605474
503    0.0    0.016823295532430872    0.1527906956780056
504    0.0    0.013441709141685972    0.1561722820687505
505    0.0    0.010876645225667437    0.15873734598476902
506    0.0    0.008870983572425516    0.16074300763801094
507    0.0    0.007272276972625164    0.1623417142378113
508    0.0    0.005981866780780136    0.16363212442965633
509    0.0    0.004931582765355982    0.16468240844508047
510    0.0    0.004071935493163236    0.16554205571727323
511    0.0    0.0033656431670333487    0.1662483480434031
512    0.0    0.0027838426874655735    0.1668301485229709
513    0.0    0.002303740286093604    0.16731025092434287
514    0.0    0.0019070767917477023    0.16770691441868876
515    0.0    0.001579076683530409    0.16803491452690605
516    0.0    0.0013076978794431915    0.16830629333099328
517    0.0    0.0010830769264080706    0.1685309142840284
518    0.0    0.0008971066689018041    0.16871688454153466
519    0.0    0.0007431073715158162    0.16887088383892065
520    0.0    0.0006155661441057361    0.16899842506633073
521    0.0    0.0005099278156178401    0.16910406339481862
522    0.0    0.0004224255236548453    0.16919156568678162
523    0.0    0.0003499425559509465    0.16926404865448552
524    0.0    0.00028989914304049713    0.16932409206739596
525    0.0    0.0002401593861237933    0.16937383182431268
526    0.0    0.0001989545601917683    0.1694150366502447
527    0.0    0.00016481980852444365    0.169449171401912
528    0.0    0.00013654183138357614    0.1694774493790529
529    0.0    0.00011311562567547758    0.16950087558476098
530    0.0    9.370869016342388e-05    0.16952028252027304
531    0.0    7.763139675557923e-05    0.1695363598136809
532    0.0    6.43124593187861e-05    0.16954967875111768
533    0.0    5.327861935875431e-05    0.16956071259107772
534    0.0    4.413782160603676e-05    0.16956985338883043
535    0.0    3.656527876448601e-05    0.16957742593167197
536    0.0    3.0291928596444962e-05    0.16958369928184003
537    0.0    2.5094872251320245e-05    0.16958889633818514
538    0.0    2.078945354607722e-05    0.16959320175689038
539    0.0    1.7222697458150592e-05    0.1695967685129783
540    0.0    1.4267874506905791e-05    0.16959972333592957
541    0.0    1.1819997798855194e-05    0.1696021712126376
542    0.0    9.792092673754959e-06    0.1696041991177627
543    0.0    8.112106386523078e-06    0.16960587910404995
544    0.0    6.7203479933259855e-06    0.16960727086244315
545    0.0    5.5673674826527565e-06    0.16960842384295383
546    0.0    4.612198771497067e-06    0.16960937901166498
547    0.0    3.820904154613457e-06    0.16961017030628187
548    0.0    3.1653684710519162e-06    0.1696108258419654
549    0.0    2.6223001575796483e-06    0.1696113689102789
550    0.0    2.172403681222285e-06    0.16961181880675524
551    0.0    1.7996939608128874e-06    0.16961219151647566
552    0.0    1.4909284037991927e-06    0.16961250028203267
553    0.0    1.2351363922243758e-06    0.16961275607404425
554    0.0    1.0232294881263714e-06    0.16961296798094833
555    0.0    8.476785172879288e-07    0.16961314353191917
556    0.0    7.02246052234571e-07    0.16961328896438424
557    0.0    5.817647940060521e-07    0.16961340944564246
558    0.0    4.819539737546848e-07    0.1696135092564627
559    0.0    3.992672559377519e-07    0.16961359194318054
560    0.0    3.3076673375308577e-07    0.1696136604437027
561    0.0    2.7401854377651774e-07    0.1696137171918927
562    0.0    2.2700639073060594e-07    0.16961376420404572
563    0.0    1.8805990540477976e-07    0.16961380315053107
564    0.0    1.5579529671601658e-07    0.16961383541513975
565    0.0    1.290661846881265e-07    0.16961386214425178
566    0.0    1.0692286867832954e-07    0.1696138842875678
567    0.0    8.857858355311443e-08    0.16961390263185291
568    0.0    7.338154661630687e-08    0.16961391782888985
569    0.0    6.07917983465843e-08    0.16961393041863812
570    0.0    5.036201757924533e-08    0.16961394084841888
571    0.0    4.1721628276985764e-08    0.1696139494888082
572    0.0    3.4563632510340586e-08    0.16961395664680395
573    0.0    2.863370240913099e-08    0.16961396257673406
574    0.0    2.3721144394670685e-08    0.16961396748929208
575    0.0    1.9651412293871656e-08    0.16961397155902416
576    0.0    1.6279906050195928e-08    0.1696139749305304
577    0.0    1.3486834514854842e-08    0.16961397772360196
578    0.0    1.1172957724379234e-08    0.16961398003747874
579    0.0    9.256062729213338e-09    0.16961398195437374
580    0.0    7.668040791523542e-09    0.16961398354239568
581    0.0    6.352469027475112e-09    0.16961398485796744
582    0.0    5.262603737119995e-09    0.16961398594783272
583    0.0    4.359722027835744e-09    0.16961398685071444
584    0.0    3.6117438013873876e-09    0.16961398759869267
585    0.0    2.992092847683807e-09    0.16961398821834361
586    0.0    2.4787525810133354e-09    0.16961398873168387
587    0.0    2.053484011955639e-09    0.16961398915695244
588    0.0    1.7011769810762814e-09    0.1696139895092595
589    0.0    1.409313461937789e-09    0.169613989801123
590    0.0    1.1675237644075478e-09    0.1696139900429127
591    0.0    9.672168598809025e-10    0.1696139902432196
592    0.0    8.01275759827226e-10    0.1696139904091607
593    0.0    6.638043614131187e-10    0.1696139905466321
594    0.0    5.499184643894747e-10    0.169613990660518
595    0.0    4.555713388997018e-10    0.16961399075486513
596    0.0    3.774108749046018e-10    0.16961399083302559
597    0.0    3.126602118484409e-10    0.16961399089777626
598    0.0    2.5901837521612875e-10    0.1696139909514181
599    0.0    2.1457976779985788e-10    0.1696139909958567
600    0.0    1.777652550985151e-10    0.16961399103267122
601    0.0    1.472668532259691e-10    0.1696139910631696
602    0.0    1.2200099827955335e-10    0.16961399108843547
603    0.0    1.0106986048866867e-10    0.16961399110936662
604    0.0    8.37296689230535e-11    0.1696139911267068
605    0.0    6.936453798497833e-11    0.16961399114107192
606    0.0    5.746394267543142e-11    0.16961399115297252
607    0.0    4.760510995821532e-11    0.16961399116283135
608    0.0    3.9437719149409967e-11    0.16961399117099873
609    0.0    3.267162126778522e-11    0.16961399117776485
610    0.0    2.7066195964174644e-11    0.16961399118337028
611    0.0    2.2422569660382474e-11    0.1696139911880139
612    0.0    1.8575598416219197e-11    0.16961399119186088
613    0.0    1.5388708861883982e-11    0.16961399119504775
614    0.0    1.2748522506753068e-11    0.16961399119768794
615    0.0    1.0561254345023419e-11    0.16961399119987522
616    0.0    8.749406147506855e-12    0.16961399120168705
617    0.0    7.248287365278772e-12    0.16961399120318818
618    0.0    6.004627134056917e-12    0.16961399120443185
619    0.0    4.974560585506438e-12    0.16961399120546192
620    0.0    4.1208876588871846e-12    0.16961399120631557
621    0.0    3.414104394160178e-12    0.16961399120702236
622    0.0    2.8281833255525135e-12    0.16961399120760828
623    0.0    2.3431390291581145e-12    0.16961399120809334
624    0.0    1.940989361425005e-12    0.16961399120849546
625    0.0    1.6082013108362214e-12    0.16961399120882825
626    0.0    1.3321733039611816e-12    0.16961399120910428
627    0.0    1.103715860026333e-12    0.16961399120933274
628    0.0    9.141774793761104e-13    0.16961399120952228
629    0.0    7.576486096491641e-13    0.16961399120967882
630    0.0    6.275757908139057e-13    0.16961399120980888
631    0.0    5.200192490159572e-13    0.16961399120991644
632    0.0    4.3062569569235487e-13    0.16961399121000584
633    0.0    3.569409308054605e-13    0.16961399121007953
634    0.0    2.9544530884273446e-13    0.169613991210141
635    0.0    2.44953363148781e-13    0.16961399121019152
636    0.0    2.0276369559063534e-13    0.1696139912102337
637    0.0    1.6810836576952592e-13    0.16961399121026835
638    0.0    1.3919583801563773e-13    0.16961399121029727
639    0.0    1.1533070505553855e-13    0.16961399121032114
640    0.0    9.553208918378076e-14    0.16961399121034093
641    0.0    7.921831593482587e-14    0.16961399121035725
642    0.0    6.562122806946791e-14    0.16961399121037085
643    0.0    5.43802199451382e-14    0.1696139912103821
644    0.0    4.495058839038002e-14    0.1696139912103915
645    0.0    3.7338296517142044e-14    0.16961399121039913
646    0.0    3.081888043376946e-14    0.16961399121040566
647    0.0    2.5602675361724447e-14    0.16961399121041087
648    0.0    2.1216101792065345e-14    0.16961399121041526
649    0.0    1.756418361448242e-14    0.1696139912104189
650    0.0    1.4650390275927627e-14    0.1696139912104218
651    0.0    1.2107394080362877e-14    0.16961399121042436
652    0.0    9.991573540757415e-15    0.16961399121042647
653    0.0    8.249477490007706e-15    0.16961399121042822
654    0.0    6.899428944828756e-15    0.16961399121042955
655    0.0    5.716998055516065e-15    0.16961399121043075
656    0.0    4.687005991654836e-15    0.16961399121043177
657    0.0    4.029654214476874e-15    0.16961399121043244
658    0.0    3.296083024573182e-15    0.16961399121043316
659    0.0    2.8148056802068666e-15    0.16961399121043366
660    0.0    2.1506234293422466e-15    0.16961399121043433
661    0.0    2.0058824393154318e-15    0.16961399121043447
662    0.0    1.4940305936850251e-15    0.16961399121043497
663    0.0    1.4220395694319876e-15    0.16961399121043505
664    0.0    1.0842021724855044e-15    0.16961399121043538
665    0.0    1.0383404205893676e-15    0.16961399121043544
666    0.0    7.604594037813328e-16    0.16961399121043572
667    0.0    6.74807432154978e-16    0.1696139912104358
668    0.0    6.042258707261716e-16    0.16961399121043585
669    0.0    5.714829651171094e-16    0.16961399121043588
670    0.0    3.6591823321385775e-16    0.1696139912104361
671    0.0    4.058168731613243e-16    0.16961399121043605
672    0.0    2.211772431870429e-16    0.16961399121043624
673    0.0    3.264532741353854e-16    0.16961399121043613
674    0.0    6.201636426617085e-17    0.1696139912104364
675    0.0    1.8257964584655895e-16    0.16961399121043627
676    0.0    9.540979117872439e-17    0.16961399121043638
677    0.0    1.6512399086954233e-16    0.1696139912104363
678    0.0    1.3997050046787862e-16    0.16961399121043633
679    0.0    7.513521055324546e-17    0.16961399121043638
680    0.0    2.5153490401663703e-17    0.16961399121043644
681    0.0    6.277530578691071e-17    0.1696139912104364
682    -0.0    -1.0191500421363742e-16    0.16961399121043658
683    0.0    1.199127602768968e-16    0.16961399121043635
684    -0.0    -6.960577947356938e-17    0.16961399121043655
685    0.0    1.1470858984896637e-16    0.16961399121043635
686    0.0    7.003946034256359e-17    0.16961399121043638
687    -0.0    -8.890457814381136e-18    0.16961399121043647
688    -0.0    -3.924811864397526e-17    0.1696139912104365
689    -0.0    -3.5019730171281793e-17    0.1696139912104365
690    0.0    2.5153490401663703e-17    0.16961399121043644
691    -0.0    -2.179246366695864e-17    0.1696139912104365
692    0.0    7.155734338404329e-17    0.16961399121043638
693    0.0    8.380882793312949e-17    0.16961399121043638
694    -0.0    -2.3527187142935446e-17    0.1696139912104365
695    0.0    1.2067170179763664e-16    0.16961399121043635
696    0.0    4.2825985813177425e-17    0.1696139912104364
697    0.0    5.160802341031001e-17    0.1696139912104364
698    -0.0    -9.833713704443525e-17    0.16961399121043658
699    0.0    1.6729239521451333e-16    0.1696139912104363
700    -0.0    -6.25584653524136e-17    0.16961399121043652
701    0.0    1.9656585387162195e-16    0.16961399121043627
702    0.0    3.5453411040275995e-17    0.16961399121043644
703    0.0    9.367506770274758e-17    0.16961399121043638
704    -0.0    -8.998878031629687e-18    0.16961399121043647
705    0.0    1.235990476633475e-16    0.16961399121043635
706    -0.0    -6.10405823109339e-17    0.16961399121043652
707    0.0    9.75781955236954e-19    0.16961399121043647
708    -0.0    -2.5695591487906455e-17    0.1696139912104365
709    0.0    1.413257531834855e-16    0.16961399121043633
710    -0.0    -4.9981720151581754e-17    0.16961399121043652
711    0.0    1.1248597539537109e-16    0.16961399121043635
712    -0.0    -7.26415455565288e-17    0.16961399121043655
713    0.0    1.14437539305845e-16    0.16961399121043635
714    0.0    1.0842021724855044e-19    0.16961399121043647
715    0.0    4.152494320619482e-17    0.16961399121043644
716    -0.0    -8.760353553682876e-17    0.16961399121043655
717    0.0    6.73831650199741e-17    0.1696139912104364
718    -0.0    -7.914675859144182e-17    0.16961399121043655
719    0.0    4.504860026677271e-17    0.1696139912104364
720    0.0    1.474514954580286e-17    0.16961399121043644
721    0.0    7.529784087911828e-17    0.16961399121043638
722    0.0    7.068998164605489e-17    0.16961399121043638
723    0.0    9.134403303190375e-17    0.16961399121043638
724    -0.0    -9.454242944073599e-17    0.16961399121043655
725    0.0    3.69712940817557e-17    0.16961399121043644
726    0.0    1.1817803680091998e-17    0.16961399121043647
727    -0.0    -1.2739375526704677e-17    0.16961399121043647
728    0.0    3.252606517456513e-17    0.16961399121043644
729    0.0    3.08455518072126e-17    0.16961399121043644
730    0.0    6.808789643208968e-17    0.1696139912104364
731    0.0    3.144186300207963e-17    0.16961399121043644
732    0.0    2.8514517136368767e-17    0.16961399121043644
733    0.0    1.12865446155741e-16    0.16961399121043635
734    0.0    3.881443777498106e-17    0.16961399121043644
735    0.0    1.5916087892087205e-16    0.1696139912104363
736    0.0    7.134050294954619e-17    0.16961399121043638
737    0.0    2.699663409488906e-17    0.16961399121043644
738    0.0    9.475926987523309e-17    0.16961399121043638
739    0.0    2.883977778811442e-17    0.16961399121043644
740    0.0    1.5449880957918438e-16    0.1696139912104363
741    0.0    1.986258379993444e-16    0.16961399121043627
742    0.0    1.4409046872332354e-16    0.16961399121043633
743    0.0    1.1785277614917433e-16    0.16961399121043635
744    0.0    1.6696713456276768e-16    0.1696139912104363
745    0.0    9.481347998385736e-17    0.16961399121043638
746    0.0    9.172350379227368e-17    0.16961399121043638
747    0.0    8.326672684688674e-17    0.16961399121043638
748    -0.0    -9.64939933512099e-18    0.16961399121043647
749    0.0    9.345822726825048e-17    0.16961399121043638
750    0.0    5.2692225582795515e-17    0.1696139912104364
751    0.0    1.846396299742814e-16    0.16961399121043627
752    0.0    1.1351596745923231e-16    0.16961399121043635
753    0.0    1.8301332671555315e-16    0.16961399121043627
754    0.0    2.0036056147532122e-16    0.16961399121043627
755    0.0    1.3509159069169385e-16    0.16961399121043633
756    0.0    1.9949319973733282e-16    0.16961399121043627
757    -0.0    -4.87890977618477e-18    0.16961399121043647
758    0.0    6.765421556309548e-17    0.1696139912104364
759    0.0    8.749511531958021e-17    0.16961399121043638
760    0.0    9.204876444401933e-17    0.16961399121043638
761    0.0    2.502338614096544e-16    0.16961399121043622
762    -0.0    -7.643625316022806e-17    0.16961399121043655
763    0.0    7.827939685345342e-17    0.16961399121043638
764    -0.0    -3.9898639947466563e-17    0.1696139912104365
765    -0.0    -5.139118297581291e-17    0.16961399121043652
766    -0.0    -9.128982292327947e-17    0.16961399121043655
767    -0.0    -5.263801547417124e-17    0.16961399121043652
768    -0.0    -1.2522535092207576e-16    0.1696139912104366
769    0.0    3.832654679736258e-17    0.16961399121043644
770    0.0    3.5019730171281793e-17    0.16961399121043644
771    0.0    1.1985855016827252e-16    0.16961399121043635
772    -0.0    -1.7477339020466331e-16    0.16961399121043663
773    0.0    7.952622935181175e-17    0.16961399121043638
774    0.0    9.530137096147584e-17    0.16961399121043638
775    0.0    2.0274580625478933e-17    0.16961399121043644
776    0.0    1.1709383462843448e-16    0.16961399121043635
777    0.0    9.75781955236954e-19    0.16961399121043647
778    0.0    8.142358315366138e-17    0.16961399121043638
779    0.0    1.0701075442431929e-16    0.16961399121043635
780    0.0    2.3353714795337766e-16    0.16961399121043624
781    0.0    2.198762005800603e-16    0.16961399121043624
782    0.0    1.5048726154098802e-16    0.16961399121043633
783    0.0    1.0484235007934828e-16    0.16961399121043635
784    0.0    3.686287386450715e-17    0.16961399121043644
785    0.0    1.1655173354219173e-16    0.16961399121043635
786    0.0    2.0317948712378353e-16    0.16961399121043627
787    0.0    8.890457814381136e-17    0.16961399121043638
788    0.0    4.3042826247674526e-17    0.1696139912104364
789    0.0    4.423544863740858e-17    0.1696139912104364
790    0.0    6.732895491134983e-17    0.1696139912104364
791    0.0    8.256199543477116e-17    0.16961399121043638
792    0.0    1.6403978869705682e-16    0.1696139912104363
793    0.0    5.627009275199768e-17    0.1696139912104364
794    0.0    6.320898665590491e-17    0.1696139912104364
795    0.0    1.0950441942103595e-17    0.16961399121043647
796    0.0    5.5294310796760726e-17    0.1696139912104364
797    -0.0    -3.5887091909270197e-17    0.1696139912104365
798    0.0    1.117812439832555e-16    0.16961399121043635
799    0.0    5.399326818977812e-17    0.1696139912104364
800    0.0    5.822165666247159e-17    0.1696139912104364
801    0.0    8.46761896711179e-17    0.16961399121043638
802    -0.0    -2.168404344971009e-19    0.16961399121043647
803    0.0    3.729655473350135e-17    0.16961399121043644
804    0.0    2.7755575615628914e-17    0.16961399121043644
805    -0.0    -2.1575623232461538e-17    0.1696139912104365
806    0.0    7.155734338404329e-17    0.16961399121043638
807    0.0    1.9081958235744878e-17    0.16961399121043644
808    -0.0    -1.1188966420050406e-16    0.16961399121043658
809    -0.0    -1.0711917464156784e-16    0.16961399121043658
810    -0.0    -6.7220534694101275e-18    0.16961399121043647
811    -0.0    -9.703609443745265e-17    0.16961399121043655
812    0.0    1.2153906353562505e-16    0.16961399121043635
813    -0.0    -8.023096076392733e-18    0.16961399121043647
814    0.0    4.423544863740858e-17    0.1696139912104364
815    -0.0    -1.6349768761081407e-16    0.16961399121043663
816    0.0    2.5370330836160804e-17    0.16961399121043644
817    -0.0    -1.214306433183765e-17    0.16961399121043647
818    0.0    1.0733601507606494e-17    0.16961399121043647
819    0.0    9.69276742202041e-17    0.16961399121043638
820    -0.0    -5.681219383824043e-17    0.16961399121043652
821    -0.0    -4.0440741033709315e-17    0.1696139912104365
822    -0.0    -8.760353553682876e-17    0.16961399121043655
823    -0.0    -1.2555061157382141e-16    0.1696139912104366
824    0.0    8.782037597132586e-17    0.16961399121043638
825    0.0    9.172350379227368e-17    0.16961399121043638
826    0.0    1.6750923564901044e-16    0.1696139912104363
827    0.0    2.07407875596477e-16    0.16961399121043627
828    0.0    3.336090084737897e-16    0.16961399121043613
829    0.0    2.717010644248674e-16    0.1696139912104362
830    0.0    3.944327503502265e-16    0.16961399121043608
831    0.0    5.516420653606247e-16    0.1696139912104359
832    0.0    6.671095967303309e-16    0.1696139912104358
833    0.0    7.424616477180734e-16    0.16961399121043572
834    0.0    1.1129335300563703e-15    0.16961399121043536
835    0.0    1.1836235117024252e-15    0.16961399121043527
836    0.0    1.4546740548238013e-15    0.16961399121043502
837    0.0    1.7416623698807143e-15    0.16961399121043472
838    0.0    2.06583881945388e-15    0.1696139912104344
839    0.0    2.522938455373769e-15    0.16961399121043394
840    0.0    3.1850607221106664e-15    0.16961399121043327
841    0.0    3.819752673883681e-15    0.16961399121043264
842    0.0    4.597776152859279e-15    0.16961399121043186
843    0.0    5.557620336160696e-15    0.16961399121043091
844    0.0    6.636726758435518e-15    0.16961399121042983
845    0.0    8.108314367150093e-15    0.16961399121042836
846    0.0    9.95004859755122e-15    0.16961399121042653
847    0.0    1.1901720928242376e-14    0.16961399121042456
848    0.0    1.4484615763754594e-14    0.16961399121042198
849    0.0    1.7379869245159885e-14    0.1696139912104191
850    0.0    2.1059000897272195e-14    0.1696139912104154
851    0.0    2.5482220500361308e-14    0.16961399121041099
852    0.0    3.080890577378259e-14    0.16961399121040566
853    0.0    3.708502688964943e-14    0.16961399121039938
854    0.0    4.503873402700309e-14    0.16961399121039142
855    0.0    5.4164138452161836e-14    0.16961399121038231
856    0.0    6.549307537268012e-14    0.16961399121037096
857    0.0    7.901622064987457e-14    0.16961399121035745
858    0.0    9.558282984545308e-14    0.16961399121034088
859    0.0    1.1535119647659853e-13    0.1696139912103211
860    0.0    1.3919193488781678e-13    0.16961399121029727
861    0.0    1.6800547498335705e-13    0.16961399121026846
862    0.0    2.0279394483124769e-13    0.16961399121023368
863    0.0    2.447578814970819e-13    0.16961399121019172
864    0.0    2.9562149169576335e-13    0.16961399121014084
865    0.0    3.5662857215956745e-13    0.16961399121007983
866    0.0    4.306083484575951e-13    0.16961399121000587
867    0.0    5.198793869357066e-13    0.16961399120991658
868    0.0    6.274340855899618e-13    0.16961399120980902
869    0.0    7.574041220592687e-13    0.16961399120967907
870    0.0    9.142146675106266e-13    0.16961399120952225
871    0.0    1.1036814908174652e-12    0.1696139912093328
872    0.0    1.3321069507882255e-12    0.16961399120910436
873    0.0    1.6079800251728171e-12    0.16961399120882847
874    0.0    1.94106167770991e-12    0.1696139912084954
875    0.0    2.3430156469508856e-12    0.16961399120809345
876    0.0    2.828281229008689e-12    0.16961399120760817
877    0.0    3.4140855290423766e-12    0.1696139912070224
878    0.0    4.1209687572096865e-12    0.16961399120631548
879    0.0    4.974534456234081e-12    0.16961399120546194
880    0.0    6.004734686912427e-12    0.16961399120443174
881    0.0    7.2482777158794365e-12    0.16961399120318818
882    0.0    8.749388258171009e-12    0.16961399120168708
883    0.0    1.0561336527548093e-11    0.16961399119987514
884    0.0    1.2748508303704609e-11    0.16961399119768797
885    0.0    1.5388672215850552e-11    0.1696139911950478
886    0.0    1.8575630074922633e-11    0.16961399119186082
887    0.0    2.242263557987456e-11    0.16961399118801382
888    0.0    2.7066178942200536e-11    0.16961399118337028
889    0.0    3.267147359944933e-11    0.169613991177765
890    0.0    3.943762298067727e-11    0.16961399117099885
891    0.0    4.7605274431684885e-11    0.16961399116283118
892    0.0    5.746399374135375e-11    0.16961399115297246
893    0.0    6.936449786949794e-11    0.16961399114107198
894    0.0    8.372965168423896e-11    0.1696139911267068
895    0.0    1.0106965112922917e-10    0.1696139911093668
896    0.0    1.220009005929376e-10    0.16961399108843556
897    0.0    1.472669373600577e-10    0.16961399106316952
898    0.0    1.7776521660933797e-10    0.16961399103267125
899    0.0    2.1457978514709264e-10    0.16961399099585667
900    0.0    2.590184214031413e-10    0.16961399095141805
901    0.0    3.126601300995971e-10    0.16961399089777635
902    0.0    3.7741097584382405e-10    0.1696139908330255
903    0.0    4.555713949529541e-10    0.16961399075486508
904    0.0    5.499184132151322e-10    0.16961399066051805
905    0.0    6.638044288504938e-10    0.16961399054663204
906    0.0    8.012757162422987e-10    0.16961399040916075
907    0.0    9.672167267408757e-10    0.16961399024321974
908    0.0    1.167523773948527e-09    0.1696139900429127
909    0.0    1.40931332771356e-09    0.16961398980112313
910    0.0    1.7011767616337617e-09    0.1696139895092597
911    0.0    2.0534840705025564e-09    0.1696139891569524
912    0.0    2.478752703636601e-09    0.16961398873168376
913    0.0    2.992092860152132e-09    0.16961398821834361
914    0.0    3.611743885413056e-09    0.1696139875986926
915    0.0    4.359722111536152e-09    0.16961398685071435
916    0.0    5.262603803256327e-09    0.16961398594783267
917    0.0    6.352468870916318e-09    0.16961398485796758
918    0.0    7.66804081515915e-09    0.16961398354239565
919    0.0    9.25606274482585e-09    0.16961398195437372
920    0.0    1.1172957678625903e-08    0.1696139800374788
921    0.0    1.348683453870729e-08    0.16961397772360193
922    0.0    1.627990610657444e-08    0.16961397493053035
923    0.0    1.9651412394268777e-08    0.16961397155902408
924    0.0    2.3721144349784715e-08    0.1696139674892921
925    0.0    2.8633702742197897e-08    0.16961396257673372
926    0.0    3.456363254069825e-08    0.16961395664680393
927    0.0    4.172162837022715e-08    0.1696139494888081
928    0.0    5.03620176048325e-08    0.16961394084841885
929    0.0    6.079179836089577e-08    0.1696139304186381
930    0.0    7.338154663799092e-08    0.16961391782888982
931    0.0    8.857858369015759e-08    0.16961390263185278
932    0.0    1.0692286864081614e-07    0.16961388428756782
933    0.0    1.290661849557076e-07    0.1696138621442515
934    0.0    1.5579529688905525e-07    0.16961383541513958
935    0.0    1.8805990559516567e-07    0.16961380315053087
936    0.0    2.2700639083056938e-07    0.16961376420404564
937    0.0    2.7401854417398626e-07    0.1696137171918923
938    0.0    3.3076673378778024e-07    0.16961366044370269
939    0.0    3.992672561554597e-07    0.16961359194318032
940    0.0    4.81953974011207e-07    0.16961350925646246
941    0.0    5.817647942411071e-07    0.16961340944564224
942    0.0    7.02246052321524e-07    0.16961328896438416
943    0.0    8.476785175045524e-07    0.16961314353191895
944    0.0    1.0232294882545241e-06    0.16961296798094821
945    0.0    1.235136392321954e-06    0.16961275607404414
946    0.0    1.490928403913034e-06    0.16961250028203256
947    0.0    1.7996939608300178e-06    0.16961219151647564
948    0.0    2.172403681526946e-06    0.16961181880675494
949    0.0    2.622300157456483e-06    0.169611368910279
950    0.0    3.1653684712156308e-06    0.16961082584196524
951    0.0    3.820904154501785e-06    0.16961017030628198
952    0.0    4.612198771548025e-06    0.16960937901166492
953    0.0    5.567367482551275e-06    0.1696084238429539
954    0.0    6.7203479935664615e-06    0.1696072708624429
955    0.0    8.112106386366736e-06    0.1696058791040501
956    0.0    9.79209267401777e-06    0.16960419911776245
957    0.0    1.1819997798860182e-05    0.1696021712126376
958    0.0    1.4267874506991443e-05    0.1695997233359295
959    0.0    1.7222697458020055e-05    0.16959676851297845
960    0.0    2.0789453546276064e-05    0.1695932017568902
961    0.0    2.5094872251305933e-05    0.16958889633818516
962    0.0    3.0291928596559888e-05    0.16958369928183992
963    0.0    3.656527876449772e-05    0.16957742593167197
964    0.0    4.41378216061725e-05    0.1695698533888303
965    0.0    5.3278619358795506e-05    0.16956071259107766
966    0.0    6.43124593188325e-05    0.16954967875111762
967    0.0    7.763139675559397e-05    0.16953635981368087
968    0.0    9.370869016335102e-05    0.16952028252027312
969    0.0    0.00011311562567557819    0.16950087558476087
970    0.0    0.00013654183138362905    0.16947744937905285
971    0.0    0.0001648198085245343    0.16944917140191193
972    0.0    0.00019895456019184202    0.16941503665024463
973    0.0    0.00024015938612390302    0.16937383182431257
974    0.0    0.0002898991430403835    0.16932409206739607
975    0.0    0.00034994255595112564    0.16926404865448533
976    0.0    0.00042242552365485833    0.16919156568678162
977    0.0    0.0005099278156178834    0.1691040633948186
978    0.0    0.0006155661441058164    0.16899842506633064
979    0.0    0.0007431073715157186    0.16887088383892074
980    0.0    0.0008971066689017712    0.1687168845415347
981    0.0    0.0010830769264080762    0.1685309142840284
982    0.0    0.001307697879443204    0.16830629333099326
983    0.0    0.00157907668353015    0.1680349145269063
984    0.0    0.0019070767917474347    0.16770691441868904
985    0.0    0.002303740286093707    0.16731025092434276
986    0.0    0.002783842687465665    0.1668301485229708
987    0.0    0.003365643167033538    0.16624834804340294
988    0.0    0.004071935493163021    0.16554205571727346
989    0.0    0.00493158276535575    0.16468240844508072
990    0.0    0.005981866780779922    0.16363212442965655
991    0.0    0.007272276972625091    0.16234171423781138
992    0.0    0.008870983572425408    0.16074300763801105
993    0.0    0.010876645225667298    0.15873734598476916
994    0.0    0.0134417091416857    0.15617228206875078
995    0.0    0.016823295532430987    0.1527906956780055
996    0.0    0.02151119931438163    0.14810279189605483
997    0.0    0.028627518467264773    0.1409864727431717
998    0.0    0.04175046040234176    0.1278635308080947
999    0.17717791595066026    0.08858895797533013    0.08102503323510633
