0    0.2098228255368998    0.1049114127684499    0.06231607400118225
1    0.24363995641437455    0.12181997820718728    0.04540750856244487
2    0.26830261923419363    0.13415130961709681    0.03307617715253533
3    0.2865591034676383    0.14327955173381915    0.023947935035812995
4    0.29984326957196217    0.14992163478598108    0.01730585198365106
5    0.30955635941560833    0.15477817970780416    0.01244930706182798
6    0.3165597286871433    0.15827986434357166    0.00894762242606048
7    0.321630272446115    0.1608151362230575    0.006412350546574658
8    0.3252658280716199    0.16263291403580996    0.004594572733822189
9    0.32788264082405627    0.16394132041202814    0.003286166357604009
10    0.3297535538133871    0.16487677690669356    0.002350709862938588
11    0.33109575446040035    0.16554787723020017    0.0016796095394319699
12    0.332054121281986    0.166027060640993    0.0012004261286391316
13    0.3327403725360015    0.16637018626800076    0.0008573005016313806
14    0.33323011572774036    0.16661505786387018    0.0006124289057619636
15    0.3335804242925287    0.16679021214626435    0.00043727462336778933
16    0.3338303822247274    0.1669151911123637    0.0003122956572684521
17    0.33400905960239363    0.16700452980119682    0.0002229569684353283
18    0.3341365528312403    0.16706827641562014    0.00015921035401200712
19    0.3342276524544277    0.16711382622721385    0.00011366054241829238
20    0.33429265984184664    0.16714632992092332    8.115684870882434e-05
21    0.3343390986200416    0.1671695493100208    5.793745961135688e-05
22    0.33437223940181193    0.16718611970090597    4.1367068726178013e-05
23    0.3343959098603961    0.16719795493019804    2.9531839434104867e-05
24    0.3344128034992447    0.16720640174962234    2.108502000980339e-05
25    0.334424868195128    0.167212434097564    1.5052672068138762e-05
26    0.33443347938462287    0.16721673969231143    1.0747077320710785e-05
27    0.3344396286171823    0.16721981430859115    7.67246104099728e-06
28    0.33444401789409506    0.16722200894704753    5.477822584615266e-06
29    0.33444715208786835    0.16722357604393417    3.910725697969797e-06
30    0.3344493893594045    0.16722469467970225    2.7920899298983226e-06
31    0.3344509868345538    0.1672254934172769    1.9933523552340127e-06
32    0.33445212719999723    0.16722606359999861    1.4231696335298416e-06
33    0.33445294143078186    0.16722647071539093    1.016054241215203e-06
34    0.3344535226924618    0.1672267613462309    7.254234012377125e-07
35    0.3344539377109456    0.1672269688554728    5.179141593369962e-07
36    0.33445423399194985    0.16722711699597492    3.6977365722168365e-07
37    0.33445444553326675    0.16722722276663338    2.640029987677206e-07
38    0.3344545965560392    0.1672272982780196    1.8849161254053115e-07
39    0.33445470438422564    0.16722735219211282    1.3457751932288708e-07
40    0.33445478136631623    0.16722739068315812    9.608647402736814e-08
41    0.3344548363305939    0.16722741816529696    6.8604335184963e-08
42    0.3344548755723057    0.16722743778615284    4.898347930049063e-08
43    0.3344549035906217    0.16722745179531084    3.497432130017408e-08
44    0.33445492359475953    0.16722746179737977    2.4972252377075677e-08
45    0.3344549378777607    0.16722746893888035    1.7830751791736432e-08
46    0.3344549480756086    0.1672274740378043    1.2731827842005217e-08
47    0.334454955357028    0.167227477678514    9.091118136073106e-09
48    0.3344549605560024    0.1672274802780012    6.491630955007821e-09
49    0.3344549642682389    0.16722748213411945    4.635512695916333e-09
50    0.3344549669188839    0.16722748345944194    3.3101902052745658e-09
51    0.3344549688115889    0.16722748440579446    2.3638376811518924e-09
52    0.3344549701630869    0.16722748508154345    1.6880886966053055e-09
53    0.3344549711281672    0.1672274855640836    1.2055485498763119e-09
54    0.3344549718173194    0.1672274859086597    8.609724322372614e-10
55    0.3344549723094535    0.16722748615472674    6.149054043724789e-10
56    0.3344549726608999    0.16722748633044995    4.391821906146731e-10
57    0.3344549729118867    0.16722748645594335    3.136887971599833e-10
58    0.33445497309113503    0.16722748654556752    2.2406462796276116e-10
59    0.33445497321915435    0.16722748660957718    1.600549692781783e-10
60    0.3344549733105886    0.1672274866552943    1.143378447476806e-10
61    0.3344549733758968    0.1672274866879484    8.168374310280058e-11
62    0.3344549734225457    0.16722748671127285    5.835928962305559e-11
63    0.3344549734558687    0.16722748672793436    4.1697784114447245e-11
64    0.334454973479673    0.1672274867398365    2.9795638178953254e-11
65    0.33445497349667946    0.16722748674833973    2.1292412277773565e-11
66    0.3344549735088296    0.1672274867544148    1.5217355153751555e-11
67    0.3344549735175113    0.16722748675875565    1.0876494149769655e-11
68    0.3344549735237144    0.1672274867618572    7.774947352601203e-12
69    0.33445497352814774    0.16722748676407387    5.558276061634615e-12
70    0.33445497353131615    0.16722748676565807    3.9740710722213635e-12
71    0.33445497353358056    0.16722748676679028    2.841865631708629e-12
72    0.3344549735351995    0.16722748676759974    2.032402024454427e-12
73    0.33445497353635667    0.16722748676817834    1.4538092951710269e-12
74    0.3344549735371843    0.16722748676859214    1.0400014183176154e-12
75    0.3344549735377757    0.16722748676888785    7.442935157087049e-13
76    0.33445497353819903    0.16722748676909951    5.326294960639189e-13
77    0.33445497353850157    0.16722748676925078    3.8136160895874127e-13
78    0.3344549735387184    0.1672274867693592    2.7294833060409474e-13
79    0.33445497353887343    0.16722748676943672    1.9542700790964318e-13
80    0.33445497353898423    0.16722748676949212    1.4002687898084787e-13
81    0.33445497353906367    0.16722748676953184    1.0030865027488289e-13
82    0.33445497353912035    0.16722748676956017    7.197020757132577e-14
83    0.33445497353916126    0.16722748676958063    5.1514348342607263e-14
84    0.33445497353919024    0.16722748676959512    3.702593787124897e-14
85    0.3344549735392112    0.1672274867696056    2.653433028854124e-14
86    0.3344549735392258    0.1672274867696129    1.9234613901630837e-14
87    0.3344549735392373    0.16722748676961866    1.3489209749195652e-14
88    0.3344549735392451    0.16722748676962254    9.603429163007604e-15
89    0.33445497353925047    0.16722748676962523    6.9111383282915995e-15
90    0.33445497353925396    0.16722748676962698    5.162537064506978e-15
91    0.3344549735392575    0.16722748676962876    3.3861802251067274e-15
92    0.33445497353925874    0.16722748676962937    2.7755575615628914e-15
93    0.33445497353926074    0.16722748676963037    1.7763568394002505e-15
94    0.33445497353926174    0.16722748676963087    1.27675647831893e-15
95    0.33445497353926246    0.16722748676963123    9.159339953157541e-16
96    0.3344549735392625    0.16722748676963126    8.881784197001252e-16
97    0.33445497353926346    0.16722748676963173    4.163336342344337e-16
98    0.33445497353926346    0.16722748676963173    4.163336342344337e-16
99    0.3344549735392637    0.16722748676963184    3.0531133177191805e-16
100    0.33445497353926384    0.16722748676963192    2.220446049250313e-16
101    0.3344549735392644    0.1672274867696322    5.551115123125783e-17
102    0.3344549735392643    0.16722748676963214    0.0
103    0.3344549735392642    0.1672274867696321    5.551115123125783e-17
104    0.3344549735392641    0.16722748676963206    8.326672684688674e-17
105    0.3344549735392642    0.1672274867696321    5.551115123125783e-17
106    0.3344549735392647    0.16722748676963234    1.942890293094024e-16
107    0.3344549735392644    0.1672274867696322    5.551115123125783e-17
108    0.3344549735392649    0.16722748676963245    3.0531133177191805e-16
109    0.3344549735392645    0.16722748676963226    1.1102230246251565e-16
110    0.3344549735392647    0.16722748676963234    1.942890293094024e-16
111    0.33445497353926484    0.16722748676963242    2.7755575615628914e-16
112    0.3344549735392639    0.16722748676963195    1.942890293094024e-16
113    0.33445497353926484    0.16722748676963242    2.7755575615628914e-16
114    0.3344549735392647    0.16722748676963234    1.942890293094024e-16
115    0.33445497353926457    0.16722748676963228    1.3877787807814457e-16
116    0.33445497353926446    0.16722748676963223    8.326672684688674e-17
117    0.3344549735392647    0.16722748676963234    1.942890293094024e-16
118    0.33445497353926446    0.16722748676963223    8.326672684688674e-17
119    0.3344549735392648    0.1672274867696324    2.498001805406602e-16
120    0.3344549735392643    0.16722748676963214    0.0
121    0.3344549735392644    0.1672274867696322    5.551115123125783e-17
122    0.33445497353926423    0.16722748676963212    2.7755575615628914e-17
123    0.33445497353926457    0.16722748676963228    1.3877787807814457e-16
124    0.3344549735392645    0.16722748676963226    1.1102230246251565e-16
125    0.33445497353926446    0.16722748676963223    8.326672684688674e-17
126    0.33445497353926396    0.16722748676963198    1.6653345369377348e-16
127    0.334454973539264    0.167227486769632    1.3877787807814457e-16
128    0.3344549735392645    0.16722748676963226    1.1102230246251565e-16
129    0.3344549735392644    0.1672274867696322    5.551115123125783e-17
130    0.33445497353926434    0.16722748676963217    2.7755575615628914e-17
131    0.3344549735392647    0.16722748676963234    1.942890293094024e-16
132    0.3344549735392639    0.16722748676963195    1.942890293094024e-16
133    0.33445497353926423    0.16722748676963212    2.7755575615628914e-17
134    0.334454973539264    0.167227486769632    1.3877787807814457e-16
135    0.3344549735392642    0.1672274867696321    5.551115123125783e-17
136    0.33445497353926407    0.16722748676963203    1.1102230246251565e-16
137    0.33445497353926423    0.16722748676963212    2.7755575615628914e-17
138    0.3344549735392639    0.16722748676963195    1.942890293094024e-16
139    0.33445497353926407    0.16722748676963203    1.1102230246251565e-16
140    0.3344549735392641    0.16722748676963206    8.326672684688674e-17
141    0.3344549735392641    0.16722748676963206    8.326672684688674e-17
142    0.33445497353926423    0.16722748676963212    2.7755575615628914e-17
143    0.3344549735392643    0.16722748676963214    0.0
144    0.33445497353926446    0.16722748676963223    8.326672684688674e-17
145    0.3344549735392646    0.1672274867696323    1.6653345369377348e-16
146    0.33445497353926423    0.16722748676963212    2.7755575615628914e-17
147    0.334454973539265    0.1672274867696325    3.608224830031759e-16
148    0.3344549735392641    0.16722748676963206    8.326672684688674e-17
149    0.33445497353926473    0.16722748676963237    2.220446049250313e-16
150    0.3344549735392643    0.16722748676963214    0.0
151    0.33445497353926473    0.16722748676963237    2.220446049250313e-16
152    0.33445497353926423    0.16722748676963212    2.7755575615628914e-17
153    0.33445497353926434    0.16722748676963217    2.7755575615628914e-17
154    0.3344549735392642    0.1672274867696321    5.551115123125783e-17
155    0.3344549735392641    0.16722748676963206    8.326672684688674e-17
156    0.33445497353926423    0.16722748676963212    2.7755575615628914e-17
157    0.33445497353926434    0.16722748676963217    2.7755575615628914e-17
158    0.3344549735392644    0.1672274867696322    5.551115123125783e-17
159    0.3344549735392648    0.1672274867696324    2.498001805406602e-16
160    0.3344549735392646    0.1672274867696323    1.6653345369377348e-16
161    0.3344549735392643    0.16722748676963214    0.0
162    0.3344549735392644    0.1672274867696322    5.551115123125783e-17
163    0.33445497353926446    0.16722748676963223    8.326672684688674e-17
164    0.3344549735392645    0.16722748676963226    1.1102230246251565e-16
165    0.3344549735392646    0.1672274867696323    1.6653345369377348e-16
166    0.33445497353926457    0.16722748676963228    1.3877787807814457e-16
167    0.3344549735392646    0.1672274867696323    1.6653345369377348e-16
168    0.33445497353926446    0.16722748676963223    8.326672684688674e-17
169    0.33445497353926446    0.16722748676963223    8.326672684688674e-17
170    0.3344549735392645    0.16722748676963226    1.1102230246251565e-16
171    0.3344549735392646    0.1672274867696323    1.6653345369377348e-16
172    0.33445497353926446    0.16722748676963223    8.326672684688674e-17
173    0.3344549735392648    0.1672274867696324    2.498001805406602e-16
174    0.33445497353926457    0.16722748676963228    1.3877787807814457e-16
175    0.334454973539265    0.1672274867696325    3.608224830031759e-16
176    0.3344549735392645    0.16722748676963226    1.1102230246251565e-16
177    0.33445497353926446    0.16722748676963223    8.326672684688674e-17
178    0.33445497353926434    0.16722748676963217    2.7755575615628914e-17
179    0.3344549735392647    0.16722748676963234    1.942890293094024e-16
180    0.3344549735392646    0.1672274867696323    1.6653345369377348e-16
181    0.33445497353926457    0.16722748676963228    1.3877787807814457e-16
182    0.3344549735392644    0.1672274867696322    5.551115123125783e-17
183    0.33445497353926457    0.16722748676963228    1.3877787807814457e-16
184    0.3344549735392648    0.1672274867696324    2.498001805406602e-16
185    0.3344549735392646    0.1672274867696323    1.6653345369377348e-16
186    0.33445497353926407    0.16722748676963203    1.1102230246251565e-16
187    0.33445497353926473    0.16722748676963237    2.220446049250313e-16
188    0.3344549735392645    0.16722748676963226    1.1102230246251565e-16
189    0.33445497353926473    0.16722748676963237    2.220446049250313e-16
190    0.3344549735392645    0.16722748676963226    1.1102230246251565e-16
191    0.3344549735392644    0.1672274867696322    5.551115123125783e-17
192    0.33445497353926396    0.16722748676963198    1.6653345369377348e-16
193    0.33445497353926495    0.16722748676963248    3.3306690738754696e-16
194    0.33445497353926457    0.16722748676963228    1.3877787807814457e-16
195    0.3344549735392643    0.16722748676963214    0.0
196    0.33445497353926423    0.16722748676963212    2.7755575615628914e-17
197    0.3344549735392644    0.1672274867696322    5.551115123125783e-17
198    0.3344549735392647    0.16722748676963234    1.942890293094024e-16
199    0.3344549735392642    0.1672274867696321    5.551115123125783e-17
200    0.33445497353926484    0.16722748676963242    2.7755575615628914e-16
201    0.33445497353926473    0.16722748676963237    2.220446049250313e-16
202    0.3344549735392646    0.1672274867696323    1.6653345369377348e-16
203    0.33445497353926434    0.16722748676963217    2.7755575615628914e-17
204    0.33445497353926434    0.16722748676963217    2.7755575615628914e-17
205    0.3344549735392647    0.16722748676963234    1.942890293094024e-16
206    0.33445497353926473    0.16722748676963237    2.220446049250313e-16
207    0.334454973539264    0.167227486769632    1.3877787807814457e-16
208    0.33445497353926423    0.16722748676963212    2.7755575615628914e-17
209    0.33445497353926423    0.16722748676963212    2.7755575615628914e-17
210    0.33445497353926423    0.16722748676963212    2.7755575615628914e-17
211    0.33445497353926434    0.16722748676963217    2.7755575615628914e-17
212    0.3344549735392646    0.1672274867696323    1.6653345369377348e-16
213    0.33445497353926423    0.16722748676963212    2.7755575615628914e-17
214    0.3344549735392649    0.16722748676963245    3.0531133177191805e-16
215    0.33445497353926434    0.16722748676963217    2.7755575615628914e-17
216    0.3344549735392644    0.1672274867696322    5.551115123125783e-17
217    0.33445497353926484    0.16722748676963242    2.7755575615628914e-16
218    0.33445497353926434    0.16722748676963217    2.7755575615628914e-17
219    0.3344549735392642    0.1672274867696321    5.551115123125783e-17
220    0.3344549735392649    0.16722748676963245    3.0531133177191805e-16
221    0.33445497353926473    0.16722748676963237    2.220446049250313e-16
222    0.33445497353926457    0.16722748676963228    1.3877787807814457e-16
223    0.334454973539264    0.167227486769632    1.3877787807814457e-16
224    0.3344549735392647    0.16722748676963234    1.942890293094024e-16
225    0.33445497353926484    0.16722748676963242    2.7755575615628914e-16
226    0.3344549735392643    0.16722748676963214    0.0
227    0.33445497353926434    0.16722748676963217    2.7755575615628914e-17
228    0.334454973539264    0.167227486769632    1.3877787807814457e-16
229    0.33445497353926457    0.16722748676963228    1.3877787807814457e-16
230    0.33445497353926423    0.16722748676963212    2.7755575615628914e-17
231    0.334454973539264    0.167227486769632    1.3877787807814457e-16
232    0.33445497353926423    0.16722748676963212    2.7755575615628914e-17
233    0.3344549735392647    0.16722748676963234    1.942890293094024e-16
234    0.3344549735392642    0.1672274867696321    5.551115123125783e-17
235    0.3344549735392647    0.16722748676963234    1.942890293094024e-16
236    0.33445497353926457    0.16722748676963228    1.3877787807814457e-16
237    0.33445497353926446    0.16722748676963223    8.326672684688674e-17
238    0.3344549735392644    0.1672274867696322    5.551115123125783e-17
239    0.33445497353926457    0.16722748676963228    1.3877787807814457e-16
240    0.33445497353926423    0.16722748676963212    2.7755575615628914e-17
241    0.3344549735392645    0.16722748676963226    1.1102230246251565e-16
242    0.3344549735392642    0.1672274867696321    5.551115123125783e-17
243    0.33445497353926484    0.16722748676963242    2.7755575615628914e-16
244    0.3344549735392647    0.16722748676963234    1.942890293094024e-16
245    0.33445497353926423    0.16722748676963212    2.7755575615628914e-17
246    0.33445497353926407    0.16722748676963203    1.1102230246251565e-16
247    0.3344549735392646    0.1672274867696323    1.6653345369377348e-16
248    0.3344549735392647    0.16722748676963234    1.942890293094024e-16
249    0.3344549735392647    0.16722748676963234    1.942890293094024e-16
250    0.3344549735392643    0.16722748676963214    0.0
251    0.3344549735392638    0.1672274867696319    2.498001805406602e-16
252    0.3344549735392641    0.16722748676963206    8.326672684688674e-17
253    0.33445497353926446    0.16722748676963223    8.326672684688674e-17
254    0.33445497353926423    0.16722748676963212    2.7755575615628914e-17
255    0.3344549735392646    0.1672274867696323    1.6653345369377348e-16
256    0.33445497353926423    0.16722748676963212    2.7755575615628914e-17
257    0.33445497353926457    0.16722748676963228    1.3877787807814457e-16
258    0.33445497353926457    0.16722748676963228    1.3877787807814457e-16
259    0.33445497353926434    0.16722748676963217    2.7755575615628914e-17
260    0.3344549735392645    0.16722748676963226    1.1102230246251565e-16
261    0.33445497353926484    0.16722748676963242    2.7755575615628914e-16
262    0.33445497353926434    0.16722748676963217    2.7755575615628914e-17
263    0.3344549735392646    0.1672274867696323    1.6653345369377348e-16
264    0.33445497353926423    0.16722748676963212    2.7755575615628914e-17
265    0.3344549735392647    0.16722748676963234    1.942890293094024e-16
266    0.334454973539264    0.167227486769632    1.3877787807814457e-16
267    0.3344549735392646    0.1672274867696323    1.6653345369377348e-16
268    0.3344549735392646    0.1672274867696323    1.6653345369377348e-16
269    0.33445497353926457    0.16722748676963228    1.3877787807814457e-16
270    0.3344549735392642    0.1672274867696321    5.551115123125783e-17
271    0.3344549735392647    0.16722748676963234    1.942890293094024e-16
272    0.3344549735392645    0.16722748676963226    1.1102230246251565e-16
273    0.33445497353926457    0.16722748676963228    1.3877787807814457e-16
274    0.334454973539264    0.167227486769632    1.3877787807814457e-16
275    0.3344549735392649    0.16722748676963245    3.0531133177191805e-16
276    0.33445497353926473    0.16722748676963237    2.220446049250313e-16
277    0.3344549735392644    0.1672274867696322    5.551115123125783e-17
278    0.33445497353926446    0.16722748676963223    8.326672684688674e-17
279    0.33445497353926457    0.16722748676963228    1.3877787807814457e-16
280    0.3344549735392645    0.16722748676963226    1.1102230246251565e-16
281    0.33445497353926423    0.16722748676963212    2.7755575615628914e-17
282    0.3344549735392645    0.16722748676963226    1.1102230246251565e-16
283    0.33445497353926434    0.16722748676963217    2.7755575615628914e-17
284    0.33445497353926423    0.16722748676963212    2.7755575615628914e-17
285    0.3344549735392641    0.16722748676963206    8.326672684688674e-17
286    0.3344549735392644    0.1672274867696322    5.551115123125783e-17
287    0.33445497353926434    0.16722748676963217    2.7755575615628914e-17
288    0.33445497353926434    0.16722748676963217    2.7755575615628914e-17
289    0.3344549735392644    0.1672274867696322    5.551115123125783e-17
290    0.33445497353926407    0.16722748676963203    1.1102230246251565e-16
291    0.33445497353926457    0.16722748676963228    1.3877787807814457e-16
292    0.3344549735392645    0.16722748676963226    1.1102230246251565e-16
293    0.33445497353926423    0.16722748676963212    2.7755575615628914e-17
294    0.3344549735392641    0.16722748676963206    8.326672684688674e-17
295    0.33445497353926423    0.16722748676963212    2.7755575615628914e-17
296    0.33445497353926446    0.16722748676963223    8.326672684688674e-17
297    0.33445497353926446    0.16722748676963223    8.326672684688674e-17
298    0.3344549735392641    0.16722748676963206    8.326672684688674e-17
299    0.33445497353926434    0.16722748676963217    2.7755575615628914e-17
300    0.33445497353926457    0.16722748676963228    1.3877787807814457e-16
301    0.3344549735392644    0.1672274867696322    5.551115123125783e-17
302    0.3344549735392647    0.16722748676963234    1.942890293094024e-16
303    0.3344549735392645    0.16722748676963226    1.1102230246251565e-16
304    0.33445497353926473    0.16722748676963237    2.220446049250313e-16
305    0.33445497353926446    0.16722748676963223    8.326672684688674e-17
306    0.3344549735392646    0.1672274867696323    1.6653345369377348e-16
307    0.33445497353926446    0.16722748676963223    8.326672684688674e-17
308    0.3344549735392641    0.16722748676963206    8.326672684688674e-17
309    0.3344549735392647    0.16722748676963234    1.942890293094024e-16
310    0.33445497353926434    0.16722748676963217    2.7755575615628914e-17
311    0.33445497353926446    0.16722748676963223    8.326672684688674e-17
312    0.33445497353926423    0.16722748676963212    2.7755575615628914e-17
313    0.3344549735392649    0.16722748676963245    3.0531133177191805e-16
314    0.3344549735392649    0.16722748676963245    3.0531133177191805e-16
315    0.3344549735392645    0.16722748676963226    1.1102230246251565e-16
316    0.3344549735392644    0.1672274867696322    5.551115123125783e-17
317    0.33445497353926434    0.16722748676963217    2.7755575615628914e-17
318    0.33445497353926434    0.16722748676963217    2.7755575615628914e-17
319    0.3344549735392638    0.1672274867696319    2.498001805406602e-16
320    0.33445497353926423    0.16722748676963212    2.7755575615628914e-17
321    0.3344549735392645    0.16722748676963226    1.1102230246251565e-16
322    0.33445497353926396    0.16722748676963198    1.6653345369377348e-16
323    0.3344549735392643    0.16722748676963214    0.0
324    0.33445497353926446    0.16722748676963223    8.326672684688674e-17
325    0.3344549735392647    0.16722748676963234    1.942890293094024e-16
326    0.3344549735392645    0.16722748676963226    1.1102230246251565e-16
327    0.3344549735392644    0.1672274867696322    5.551115123125783e-17
328    0.3344549735392648    0.1672274867696324    2.498001805406602e-16
329    0.33445497353926434    0.16722748676963217    2.7755575615628914e-17
330    0.3344549735392647    0.16722748676963234    1.942890293094024e-16
331    0.334454973539264    0.167227486769632    1.3877787807814457e-16
332    0.33445497353926423    0.16722748676963212    2.7755575615628914e-17
333    0.3344549735392639    0.16722748676963195    1.942890293094024e-16
334    0.334454973539264    0.167227486769632    1.3877787807814457e-16
335    0.3344549735392644    0.1672274867696322    5.551115123125783e-17
336    0.33445497353926434    0.16722748676963217    2.7755575615628914e-17
337    0.33445497353926457    0.16722748676963228    1.3877787807814457e-16
338    0.3344549735392647    0.16722748676963234    1.942890293094024e-16
339    0.33445497353926434    0.16722748676963217    2.7755575615628914e-17
340    0.3344549735392645    0.16722748676963226    1.1102230246251565e-16
341    0.33445497353926434    0.16722748676963217    2.7755575615628914e-17
342    0.33445497353926407    0.16722748676963203    1.1102230246251565e-16
343    0.3344549735392648    0.1672274867696324    2.498001805406602e-16
344    0.3344549735392645    0.16722748676963226    1.1102230246251565e-16
345    0.33445497353926423    0.16722748676963212    2.7755575615628914e-17
346    0.33445497353926457    0.16722748676963228    1.3877787807814457e-16
347    0.3344549735392643    0.16722748676963214    0.0
348    0.33445497353926446    0.16722748676963223    8.326672684688674e-17
349    0.33445497353926446    0.16722748676963223    8.326672684688674e-17
350    0.33445497353926457    0.16722748676963228    1.3877787807814457e-16
351    0.33445497353926423    0.16722748676963212    2.7755575615628914e-17
352    0.33445497353926446    0.16722748676963223    8.326672684688674e-17
353    0.3344549735392645    0.16722748676963226    1.1102230246251565e-16
354    0.33445497353926434    0.16722748676963217    2.7755575615628914e-17
355    0.33445497353926423    0.16722748676963212    2.7755575615628914e-17
356    0.33445497353926457    0.16722748676963228    1.3877787807814457e-16
357    0.3344549735392643    0.16722748676963214    0.0
358    0.33445497353926446    0.16722748676963223    8.326672684688674e-17
359    0.33445497353926473    0.16722748676963237    2.220446049250313e-16
360    0.33445497353926457    0.16722748676963228    1.3877787807814457e-16
361    0.3344549735392644    0.1672274867696322    5.551115123125783e-17
362    0.33445497353926457    0.16722748676963228    1.3877787807814457e-16
363    0.33445497353926457    0.16722748676963228    1.3877787807814457e-16
364    0.3344549735392644    0.1672274867696322    5.551115123125783e-17
365    0.3344549735392648    0.1672274867696324    2.498001805406602e-16
366    0.3344549735392643    0.16722748676963214    0.0
367    0.3344549735392642    0.1672274867696321    5.551115123125783e-17
368    0.3344549735392644    0.1672274867696322    5.551115123125783e-17
369    0.3344549735392641    0.16722748676963206    8.326672684688674e-17
370    0.3344549735392644    0.1672274867696322    5.551115123125783e-17
371    0.33445497353926423    0.16722748676963212    2.7755575615628914e-17
372    0.3344549735392645    0.16722748676963226    1.1102230246251565e-16
373    0.3344549735392647    0.16722748676963234    1.942890293094024e-16
374    0.33445497353926457    0.16722748676963228    1.3877787807814457e-16
375    0.33445497353926473    0.16722748676963237    2.220446049250313e-16
376    0.33445497353926473    0.16722748676963237    2.220446049250313e-16
377    0.33445497353926434    0.16722748676963217    2.7755575615628914e-17
378    0.3344549735392641    0.16722748676963206    8.326672684688674e-17
379    0.33445497353926457    0.16722748676963228    1.3877787807814457e-16
380    0.3344549735392646    0.1672274867696323    1.6653345369377348e-16
381    0.33445497353926457    0.16722748676963228    1.3877787807814457e-16
382    0.33445497353926446    0.16722748676963223    8.326672684688674e-17
383    0.3344549735392644    0.1672274867696322    5.551115123125783e-17
384    0.3344549735392645    0.16722748676963226    1.1102230246251565e-16
385    0.3344549735392645    0.16722748676963226    1.1102230246251565e-16
386    0.33445497353926434    0.16722748676963217    2.7755575615628914e-17
387    0.33445497353926434    0.16722748676963217    2.7755575615628914e-17
388    0.3344549735392643    0.16722748676963214    0.0
389    0.33445497353926473    0.16722748676963237    2.220446049250313e-16
390    0.33445497353926457    0.16722748676963228    1.3877787807814457e-16
391    0.33445497353926434    0.16722748676963217    2.7755575615628914e-17
392    0.3344549735392643    0.16722748676963214    0.0
393    0.33445497353926434    0.16722748676963217    2.7755575615628914e-17
394    0.33445497353926446    0.16722748676963223    8.326672684688674e-17
395    0.3344549735392643    0.16722748676963214    0.0
396    0.3344549735392646    0.1672274867696323    1.6653345369377348e-16
397    0.3344549735392641    0.16722748676963206    8.326672684688674e-17
398    0.3344549735392637    0.16722748676963184    3.0531133177191805e-16
399    0.3344549735392642    0.1672274867696321    5.551115123125783e-17
400    0.3344549735392641    0.16722748676963206    8.326672684688674e-17
401    0.33445497353926346    0.16722748676963173    4.163336342344337e-16
402    0.334454973539263    0.1672274867696315    6.38378239159465e-16
403    0.33445497353926273    0.16722748676963137    7.771561172376096e-16
404    0.334454973539262    0.167227486769631    1.1379786002407855e-15
405    0.3344549735392604    0.1672274867696302    1.942890293094024e-15
406    0.33445497353925885    0.16722748676962942    2.7200464103316335e-15
407    0.33445497353925724    0.16722748676962862    3.524958103184872e-15
408    0.3344549735392546    0.1672274867696273    4.85722573273506e-15
409    0.3344549735392501    0.16722748676962504    7.105427357601002e-15
410    0.3344549735392449    0.16722748676962246    9.686695889854491e-15
411    0.3344549735392367    0.16722748676961835    1.379452108096757e-14
412    0.3344549735392264    0.1672274867696132    1.8957058145474548e-14
413    0.3344549735392115    0.16722748676960575    2.6395552410463097e-14
414    0.33445497353919024    0.16722748676959512    3.702593787124897e-14
415    0.33445497353916076    0.16722748676958038    5.1764148523147924e-14
416    0.33445497353912046    0.16722748676956023    7.191469642009451e-14
417    0.3344549735390633    0.16722748676953164    1.005029393041923e-13
418    0.3344549735389839    0.16722748676949195    1.4019341243454164e-13
419    0.3344549735388731    0.16722748676943655    1.9559354136333695e-13
420    0.3344549735387183    0.16722748676935914    2.73003841755326e-13
421    0.3344549735385015    0.16722748676925075    3.813893645343569e-13
422    0.33445497353819903    0.16722748676909951    5.326294960639189e-13
423    0.3344549735377757    0.16722748676888785    7.442935157087049e-13
424    0.33445497353718423    0.16722748676859212    1.040029173893231e-12
425    0.3344549735363561    0.16722748676817806    1.4540868509271831e-12
426    0.3344549735351997    0.16722748676759985    2.0322910021519647e-12
427    0.33445497353358045    0.16722748676679022    2.84192114285986e-12
428    0.3344549735313157    0.16722748676565785    3.9742931168262885e-12
429    0.3344549735281473    0.16722748676407365    5.55849810623954e-12
430    0.3344549735237144    0.1672274867618572    7.774947352601203e-12
431    0.33445497351751086    0.16722748675875543    1.087671619437458e-11
432    0.33445497350882997    0.16722748675441498    1.5217160864722246e-11
433    0.3344549734966792    0.1672274867483396    2.1292551055651643e-11
434    0.33445497347967323    0.16722748673983662    2.979552715665079e-11
435    0.33445497345586833    0.16722748672793417    4.1697978403476554e-11
436    0.33445497342254576    0.16722748671127288    5.835926186747997e-11
437    0.3344549733758968    0.1672274866879484    8.168374310280058e-11
438    0.33445497331058877    0.16722748665529438    1.1433776148095376e-10
439    0.3344549732191538    0.1672274866095769    1.6005524683393446e-10
440    0.3344549730911349    0.16722748654556746    2.240646834739124e-10
441    0.3344549729118862    0.1672274864559431    3.1368904696016386e-10
442    0.3344549726608998    0.1672274863304499    4.3918224612582435e-10
443    0.33445497230945354    0.16722748615472677    6.149053766169033e-10
444    0.3344549718173197    0.16722748590865985    8.609722934593833e-10
445    0.3344549711281668    0.1672274855640834    1.2055487441653412e-09
446    0.33445497016308745    0.16722748508154373    1.6880884190495493e-09
447    0.33445496881158804    0.16722748440579402    2.3638381252411023e-09
448    0.334454966918884    0.167227483459442    3.3101901497634145e-09
449    0.33445496426823845    0.16722748213411923    4.635512917960938e-09
450    0.33445496055600227    0.16722748027800113    6.491631010518972e-09
451    0.33445495535702785    0.16722747767851392    9.091118219339833e-09
452    0.33445494807560927    0.16722747403780464    1.273182750893831e-08
453    0.3344549378777603    0.16722746893888016    1.783075198602546e-08
454    0.3344549235947597    0.16722746179737985    2.497225229380895e-08
455    0.33445490359062136    0.16722745179531068    3.4974321466707536e-08
456    0.33445487557230574    0.16722743778615287    4.898347927273505e-08
457    0.3344548363305938    0.1672274181652969    6.860433524047416e-08
458    0.3344547813663169    0.16722739068315845    9.608647369430123e-08
459    0.33445470438422514    0.16722735219211257    1.3457751957268727e-07
460    0.33445459655603865    0.16722729827801933    1.884916128180869e-07
461    0.3344544455332661    0.16722722276663304    2.640029991007875e-07
462    0.33445423399194973    0.16722711699597487    3.697736572771948e-07
463    0.33445393771094556    0.16722696885547278    5.179141593647518e-07
464    0.3344535226924621    0.16722676134623105    7.254234010989347e-07
465    0.3344529414307818    0.1672264707153909    1.0160542412429585e-06
466    0.3344521271999979    0.16722606359999895    1.4231696331967747e-06
467    0.3344509868345532    0.1672254934172766    1.993352355539324e-06
468    0.33444938935940505    0.16722469467970252    2.792089929620767e-06
469    0.3344471520878682    0.1672235760439341    3.910725698053064e-06
470    0.33444401789409506    0.16722200894704753    5.477822584615266e-06
471    0.33443962861718224    0.16721981430859112    7.672461041025036e-06
472    0.33443347938462303    0.16721673969231152    1.0747077320627518e-05
473    0.3344248681951279    0.16721243409756395    1.5052672068194273e-05
474    0.334412803499245    0.1672064017496225    2.1085020009636857e-05
475    0.33439590986039586    0.16719795493019793    2.953183943421589e-05
476    0.33437223940181254    0.16718611970090627    4.13670687258727e-05
477    0.33433909862004163    0.16716954931002082    5.793745961132912e-05
478    0.3342926598418466    0.1671463299209233    8.115684870885209e-05
479    0.33422765245442754    0.16711382622721377    0.00011366054241837564
480    0.33413655283124033    0.16706827641562016    0.00015921035401197936
481    0.33400905960239335    0.16700452980119668    0.00022295696843546708
482    0.33383038222472705    0.16691519111236353    0.00031229565726861863
483    0.3335804242925282    0.1667902121462641    0.00043727462336803913
484    0.33323011572774064    0.16661505786387032    0.0006124289057618248
485    0.3327403725360012    0.1663701862680006    0.0008573005016315471
486    0.33205412128198614    0.16602706064099307    0.001200426128639076
487    0.3310957544604004    0.1655478772302002    0.0016796095394319421
488    0.32975355381338717    0.16487677690669358    0.0023507098629385603
489    0.32788264082405577    0.16394132041202789    0.003286166357604259
490    0.32526582807162036    0.16263291403581018    0.004594572733821967
491    0.321630272446115    0.1608151362230575    0.006412350546574658
492    0.31655972868714377    0.15827986434357189    0.008947622426060259
493    0.3095563594156085    0.15477817970780425    0.012449307061827897
494    0.29984326957196206    0.14992163478598103    0.017305851983651116
495    0.2865591034676391    0.14327955173381954    0.023947935035812606
496    0.26830261923419385    0.13415130961709693    0.03307617715253522
497    0.24363995641437514    0.12181997820718757    0.045407508562444576
498    0.20982282553690015    0.10491141276845008    0.06231607400118207
499    0.1626611991668911    0.08133059958344555    0.0858968871861866
500    0.0    0.03742099026951032    0.12980649650012183
501    0.0    0.024792246767826834    0.1424352400018053
502    0.0    0.01788596758549453    0.14934151918413763
503    0.0    0.013364618309046825    0.15386286846058533
504    0.0    0.010162784304487048    0.1570647024651451
505    0.0    0.007802351492098041    0.1594251352775341
506    0.0    0.00602308830623391    0.16120439846339824
507    0.0    0.00466460114644092    0.1625628856231912
508    0.0    0.003619498585651283    0.16360798818398087
509    0.0    0.0028118303798909654    0.16441565638974118
510    0.0    0.0021859389453098843    0.16504154782432226
511    0.0    0.0017001024629266087    0.16552738430670555
512    0.0    0.0013225963690562843    0.16590489040057585
513    0.0    0.001029082399755227    0.16619840436987693
514    0.0    0.0008007856736963331    0.16642670109593583
515    0.0    0.0006231735894433508    0.16660431318018878
516    0.0    0.0004849736293631342    0.166742513140269
517    0.0    0.00037743072387788667    0.16685005604575426
518    0.0    0.00029373963203711525    0.16693374713759504
519    0.0    0.0002286081114054677    0.16699887865822668
520    0.0    0.00017791929810531118    0.16704956747152683
521    0.0    0.00013847006961435196    0.1670890167000178
522    0.0    0.00010776795592238979    0.16711971881370977
523    0.0    8.387333695821344e-05    0.16714361343267392
524    0.0    6.527675119745013e-05    0.1671622100184347
525    0.0    5.0803466389999843e-05    0.16717668330324215
526    0.0    3.953923713639245e-05    0.16718794753249575
527    0.0    3.0772537050683096e-05    0.16719671423258145
528    0.0    2.394960572911064e-05    0.16720353716390304
529    0.0    1.863946584068025e-05    0.16720884730379146
530    0.0    1.4506698153551097e-05    0.16721298007147858
531    0.0    1.1290253619423377e-05    0.16721619651601272
532    0.0    8.786963610634638e-06    0.1672186998060215
533    0.0    6.838706448615214e-06    0.16722064806318354
534    0.0    5.322419466053784e-06    0.1672221643501661
535    0.0    4.142325641247856e-06    0.1672233444439909
536    0.0    3.2238837743762787e-06    0.16722426288585776
537    0.0    2.509080044580921e-06    0.16722497768958755
538    0.0    1.9527635349669663e-06    0.1672255340060972
539    0.0    1.5197942502675078e-06    0.1672259669753819
540    0.0    1.1828234820548608e-06    0.1672263039461501
541    0.0    9.205663133692032e-07    0.16722656620331877
542    0.0    7.164571470339842e-07    0.16722677031248512
543    0.0    5.576033318293629e-07    0.1672269291663003
544    0.0    4.3397079223629967e-07    0.1672270527988399
545    0.0    3.377502209324628e-07    0.16722714901941121
546    0.0    2.6286380070805054e-07    0.16722722390583145
547    0.0    2.0458129503246776e-07    0.1672272821883371
548    0.0    1.5922126300445608e-07    0.16722732754836914
549    0.0    1.2391851620307745e-07    0.16722736285111595
550    0.0    9.644314105986505e-08    0.1672273903264911
551    0.0    7.505964167331576e-08    0.16722741170999048
552    0.0    5.841731978055778e-08    0.16722742835231236
553    0.0    4.546495543326229e-08    0.1672274413046767
554    0.0    3.538440602763454e-08    0.16722745138522613
555    0.0    2.753892907421049e-08    0.16722745923070306
556    0.0    2.1432961814192575e-08    0.16722746533667032
557    0.0    1.6680817397068254e-08    0.16722747008881475
558    0.0    1.2982324831475878e-08    0.16722747378730732
559    0.0    1.0103866618371704e-08    0.16722747666576554
560    0.0    7.863624186922949e-09    0.16722747890600795
561    0.0    6.120091245852971e-09    0.1672274806495409
562    0.0    4.763136544905233e-09    0.1672274820064956
563    0.0    3.707047659508647e-09    0.16722748306258448
564    0.0    2.885116223835457e-09    0.16722748388451592
565    0.0    2.245424392862544e-09    0.16722748452420774
566    0.0    1.747565986018329e-09    0.16722748502206616
567    0.0    1.3600933745135796e-09    0.16722748540953877
568    0.0    1.058531622381495e-09    0.16722748571110052
569    0.0    8.238327268636492e-10    0.16722748594579942
570    0.0    6.41171396141213e-10    0.16722748612846075
571    0.0    4.990100045416251e-10    0.16722748627062214
572    0.0    3.883687913364825e-10    0.16722748638126336
573    0.0    3.022592144023145e-10    0.16722748646737293
574    0.0    2.352419413778617e-10    0.1672274865343902
575    0.0    1.830838425743303e-10    0.1672274865865483
576    0.0    1.4249017655891538e-10    0.16722748662714196
577    0.0    1.1089708123156183e-10    0.16722748665873508
578    0.0    8.630878910870221e-11    0.16722748668332335
579    0.0    6.717237952934968e-11    0.16722748670245977
580    0.0    5.2278710440528675e-11    0.16722748671735344
581    0.0    4.0687550008876305e-11    0.1672274867289446
582    0.0    3.1666164915927775e-11    0.16722748673796597
583    0.0    2.4645142046933466e-11    0.167227486744987
584    0.0    1.9180779577479545e-11    0.16722748675045138
585    0.0    1.492802463674142e-11    0.1672274867547041
586    0.0    1.161824250087845e-11    0.1672274867580139
587    0.0    9.042413627764756e-12    0.16722748676058974
588    0.0    7.037453627657675e-12    0.1672274867625947
589    0.0    5.477183160143562e-12    0.16722748676415497
590    0.0    4.2626659580574655e-12    0.16722748676536947
591    0.0    3.3176220017722136e-12    0.16722748676631452
592    0.0    2.581970011059087e-12    0.16722748676705018
593    0.0    2.009553331031033e-12    0.16722748676762259
594    0.0    1.5639696569064165e-12    0.16722748676806817
595    0.0    1.2172183833786265e-12    0.16722748676841492
596    0.0    9.474661723588018e-13    0.16722748676868468
597    0.0    7.374252033662265e-13    0.1672274867688947
598    0.0    5.739851953109887e-13    0.16722748676905816
599    0.0    4.4671742433638473e-13    0.16722748676918542
600    0.0    3.476386930059694e-13    0.1672274867692845
601    0.0    2.705818425222106e-13    0.16722748676936156
602    0.0    2.106347865224456e-13    0.1672274867694215
603    0.0    1.6377947175544305e-13    0.16722748676946836
604    0.0    1.2761677565392704e-13    0.16722748676950452
605    0.0    9.925079421518879e-14    0.1672274867695329
606    0.0    7.728160559411501e-14    0.16722748676955487
607    0.0    6.018384575423585e-14    0.16722748676957197
608    0.0    4.679861099338156e-14    0.16722748676958535
609    0.0    3.643201192116141e-14    0.1672274867695957
610    0.0    2.841639683975883e-14    0.16722748676960372
611    0.0    2.195021508305528e-14    0.1672274867696102
612    0.0    1.7186881258457465e-14    0.16722748676961496
613    0.0    1.3243963217779431e-14    0.1672274867696189
614    0.0    1.0436096431476471e-14    0.1672274867696217
615    0.0    8.01951820922353e-15    0.16722748676962412
616    0.0    6.281542126729267e-15    0.16722748676962587
617    0.0    4.837818513847569e-15    0.16722748676962731
618    0.0    3.840894616247148e-15    0.16722748676962831
619    0.0    2.920081711155209e-15    0.16722748676962923
620    0.0    2.430239169626258e-15    0.1672274867696297
621    0.0    1.736675039887281e-15    0.1672274867696304
622    0.0    1.4493614641786223e-15    0.1672274867696307
623    0.0    1.1216071474362543e-15    0.16722748676963103
624    0.0    1.0528687297006734e-15    0.1672274867696311
625    0.0    5.748439918518145e-16    0.16722748676963156
626    0.0    6.248257120033962e-16    0.1672274867696315
627    0.0    3.999621814299026e-16    0.16722748676963176
628    0.0    3.9258960665700116e-16    0.16722748676963176
629    0.0    1.594861395726177e-16    0.16722748676963198
630    0.0    2.295255999151813e-16    0.16722748676963192
631    0.0    1.3758525568841051e-16    0.167227486769632
632    0.0    1.24683249835833e-16    0.16722748676963203
633    0.0    4.85722573273506e-17    0.1672274867696321
634    0.0    4.9764879717084654e-17    0.1672274867696321
635    0.0    8.326672684688674e-17    0.16722748676963206
636    -0.0    -4.846383711010205e-17    0.1672274867696322
637    -0.0    -1.214306433183765e-17    0.16722748676963214
638    -0.0    -1.3780209612290761e-16    0.16722748676963228
639    -0.0    -3.968179951296946e-17    0.16722748676963217
640    -0.0    -9.031404096804252e-17    0.16722748676963223
641    -0.0    -1.2023802092864244e-16    0.16722748676963226
642    -0.0    -1.940721888749053e-17    0.16722748676963217
643    -0.0    -2.5478751053409354e-17    0.16722748676963217
644    -0.0    -3.0466081046842675e-17    0.16722748676963217
645    -0.0    -8.131516293641283e-17    0.16722748676963223
646    -0.0    -2.894819800536297e-17    0.16722748676963217
647    -0.0    -2.190088388420719e-17    0.16722748676963217
648    -0.0    -1.1362438767648086e-16    0.16722748676963226
649    0.0    3.144186300207963e-18    0.16722748676963214
650    -0.0    -9.551821139597294e-17    0.16722748676963223
651    -0.0    -9.64939933512099e-17    0.16722748676963223
652    -0.0    -5.366800753803247e-17    0.1672274867696322
653    -0.0    -1.566672139241554e-16    0.1672274867696323
654    -0.0    -4.380176776841438e-17    0.1672274867696322
655    -0.0    -3.350184712980209e-17    0.16722748676963217
656    -0.0    -2.5153490401663703e-17    0.16722748676963217
657    -0.0    -1.3823577699190182e-16    0.16722748676963228
658    0.0    4.87890977618477e-17    0.1672274867696321
659    0.0    5.7462715141731735e-18    0.16722748676963214
660    0.0    6.635317295611287e-17    0.1672274867696321
661    -0.0    -1.8539857149502126e-17    0.16722748676963217
662    0.0    1.3227266504323154e-17    0.16722748676963214
663    0.0    1.1275702593849246e-17    0.16722748676963214
664    -0.0    -3.0140820395097023e-17    0.16722748676963217
665    -0.0    -5.5294310796760726e-18    0.16722748676963214
666    -0.0    -7.665309359472516e-17    0.16722748676963223
667    -0.0    -5.572799166575493e-17    0.1672274867696322
668    -0.0    -7.686993402922226e-17    0.16722748676963223
669    -0.0    -4.640385298237959e-17    0.1672274867696322
670    0.0    5.0090140368830305e-17    0.1672274867696321
671    0.0    3.0682921481339775e-17    0.16722748676963212
672    -0.0    -5.843849709696869e-17    0.1672274867696322
673    -0.0    -2.873135757086587e-17    0.16722748676963217
674    -0.0    -7.15573433840433e-18    0.16722748676963214
675    -0.0    -2.8189256484623115e-18    0.16722748676963214
676    -0.0    -8.088148206741863e-17    0.16722748676963223
677    0.0    6.451002926288751e-17    0.1672274867696321
678    -0.0    -5.735429492448318e-17    0.1672274867696322
679    -0.0    -5.204170427930421e-18    0.16722748676963214
680    0.0    5.399326818977812e-17    0.1672274867696321
681    -0.0    -3.393552799879629e-17    0.16722748676963217
682    -0.0    -3.447762908503904e-17    0.16722748676963217
683    -0.0    -1.8648277366750676e-17    0.16722748676963217
684    -0.0    -7.806255641895632e-17    0.16722748676963223
685    -0.0    -1.441988889405721e-17    0.16722748676963217
686    -0.0    -2.1272046624165597e-16    0.16722748676963237
687    0.0    1.0191500421363742e-17    0.16722748676963214
688    -0.0    -1.2793585635328952e-16    0.16722748676963228
689    -0.0    -9.215718466126788e-18    0.16722748676963214
690    -0.0    -9.90960785651751e-17    0.16722748676963226
691    0.0    3.350184712980209e-17    0.16722748676963212
692    -0.0    -1.2218958483911635e-16    0.16722748676963226
693    -0.0    -9.096456227153382e-17    0.16722748676963223
694    -0.0    -4.846383711010205e-17    0.1672274867696322
695    -0.0    -5.312590645178972e-17    0.1672274867696322
696    -0.0    -1.0234868508263162e-16    0.16722748676963226
697    -0.0    -5.2909066017292616e-17    0.1672274867696322
698    -0.0    -7.014788055981214e-17    0.16722748676963223
699    0.0    4.195862407518902e-17    0.1672274867696321
700    -0.0    -9.454242944073599e-17    0.16722748676963223
701    -0.0    -1.973247953923618e-17    0.16722748676963217
702    -0.0    -1.0289078616887437e-16    0.16722748676963226
703    0.0    9.952975943416931e-17    0.16722748676963203
704    -0.0    -2.699663409488906e-17    0.16722748676963217
705    0.0    1.1167282376600696e-17    0.16722748676963214
706    -0.0    -6.320898665590491e-17    0.1672274867696322
707    0.0    1.0039712117215771e-16    0.16722748676963203
708    0.0    3.491130995403324e-17    0.16722748676963212
709    -0.0    -5.713745448998608e-17    0.1672274867696322
710    -0.0    -7.43762690325056e-17    0.16722748676963223
711    -0.0    -3.404394821604484e-17    0.16722748676963217
712    0.0    5.616167253474913e-17    0.1672274867696321
713    0.0    9.497611030973019e-17    0.16722748676963206
714    -0.0    -4.7488055154865094e-17    0.1672274867696322
715    0.0    3.550762114890027e-17    0.16722748676963212
716    -0.0    -3.67544536472586e-17    0.16722748676963217
717    -0.0    -1.3552527156068805e-18    0.16722748676963214
718    0.0    1.5276408610320757e-16    0.16722748676963198
719    -0.0    -1.566672139241554e-17    0.16722748676963217
720    0.0    6.591949208711867e-17    0.1672274867696321
721    0.0    7.589415207398531e-18    0.16722748676963214
722    0.0    6.114900252818245e-17    0.1672274867696321
723    -0.0    -3.979021973021801e-17    0.16722748676963217
724    -0.0    -8.565197162635485e-18    0.16722748676963214
725    0.0    1.713039432527097e-17    0.16722748676963212
726    0.0    2.1250362580715887e-17    0.16722748676963212
727    -0.0    -3.220080452281948e-17    0.16722748676963217
728    0.0    7.784571598445922e-17    0.16722748676963206
729    0.0    8.890457814381136e-17    0.16722748676963206
730    0.0    1.1514227071796057e-16    0.16722748676963203
731    0.0    4.4072818311535755e-17    0.1672274867696321
732    -0.0    -6.765421556309548e-17    0.1672274867696322
733    0.0    9.280770596475918e-17    0.16722748676963206
734    0.0    1.124317652867468e-16    0.16722748676963203
735    -0.0    -1.83772268236293e-17    0.16722748676963217
736    0.0    1.5720931501039814e-16    0.16722748676963198
737    0.0    5.252959525692269e-17    0.1672274867696321
738    0.0    3.5128150388530344e-17    0.16722748676963212
739    -0.0    -1.5265566588595902e-16    0.16722748676963228
740    0.0    7.546047120499111e-17    0.16722748676963206
741    -0.0    -2.4936649967166602e-18    0.16722748676963214
742    0.0    5.204170427930421e-18    0.16722748676963214
743    -0.0    -1.0402919844998415e-16    0.16722748676963226
744    0.0    1.2804427657053807e-16    0.167227486769632
745    -0.0    -4.342229700804445e-17    0.1672274867696322
746    -0.0    -4.380176776841438e-17    0.1672274867696322
747    -0.0    -8.852510738344144e-17    0.16722748676963223
748    0.0    1.0842021724855044e-18    0.16722748676963214
749    -0.0    -9.112719259740665e-17    0.16722748676963223
750    -0.0    -7.470152968425126e-17    0.16722748676963223
751    0.0    1.7780915628762273e-17    0.16722748676963212
752    -0.0    -1.0299920638612292e-17    0.16722748676963214
753    0.0    1.3064636178450328e-17    0.16722748676963214
754    -0.0    -9.595189226496714e-17    0.16722748676963223
755    -0.0    -2.3749448588294975e-16    0.1672274867696324
756    0.0    1.2023802092864244e-16    0.16722748676963203
757    -0.0    -1.349831704744453e-16    0.16722748676963228
758    0.0    6.353424730765056e-17    0.1672274867696321
759    -0.0    -4.26633554873046e-17    0.1672274867696322
760    0.0    1.1362438767648086e-16    0.16722748676963203
761    0.0    7.806255641895632e-18    0.16722748676963214
762    -0.0    -6.14742631799281e-17    0.1672274867696322
763    0.0    3.0466081046842675e-17    0.16722748676963212
764    0.0    3.74049749507499e-17    0.16722748676963212
765    -0.0    -2.927345865710862e-17    0.16722748676963217
766    0.0    1.214306433183765e-17    0.16722748676963214
767    0.0    2.336455681706262e-17    0.16722748676963212
768    0.0    1.4322310698533514e-16    0.167227486769632
769    0.0    3.5561831257524545e-17    0.16722748676963212
770    0.0    7.090682208055199e-17    0.16722748676963206
771    0.0    7.361732751176575e-17    0.16722748676963206
772    0.0    1.4224732503009818e-16    0.167227486769632
773    -0.0    -1.951563910473908e-18    0.16722748676963214
774    0.0    1.8388068845354155e-16    0.16722748676963195
775    0.0    7.231628490478315e-17    0.16722748676963206
776    0.0    3.5128150388530344e-17    0.16722748676963212
777    0.0    4.152494320619482e-17    0.16722748676963212
778    0.0    8.53267109746092e-17    0.16722748676963206
779    0.0    2.239961688355052e-16    0.16722748676963192
780    0.0    6.754579534584693e-17    0.1672274867696321
781    -0.0    -5.838428698834441e-17    0.1672274867696322
782    0.0    1.0332446703786857e-16    0.16722748676963203
783    0.0    1.328147661294743e-17    0.16722748676963214
784    0.0    1.3097162243624894e-16    0.167227486769632
785    -0.0    -1.870248747537495e-17    0.16722748676963217
786    0.0    1.3509159069169385e-16    0.167227486769632
787    -0.0    -9.64939933512099e-18    0.16722748676963214
788    0.0    1.0245710529988017e-16    0.16722748676963203
789    0.0    6.1257422745431e-18    0.16722748676963214
790    -0.0    -3.5670251474773096e-17    0.16722748676963217
791    -0.0    -8.380882793312949e-17    0.16722748676963223
792    0.0    1.0354130747236567e-16    0.16722748676963203
793    -0.0    -6.678685382510707e-17    0.1672274867696322
794    0.0    1.6046192152785466e-17    0.16722748676963212
795    -0.0    -9.107298248878237e-17    0.16722748676963223
796    0.0    4.4885969940899884e-17    0.1672274867696321
797    -0.0    -1.7054500173196985e-16    0.1672274867696323
798    -0.0    -2.5261910618912253e-17    0.16722748676963217
799    -0.0    -1.109138822452671e-16    0.16722748676963226
800    -0.0    -1.474514954580286e-17    0.16722748676963217
801    -0.0    -1.3801893655740471e-16    0.16722748676963228
802    0.0    1.9949319973733282e-17    0.16722748676963212
803    -0.0    -1.3997050046787862e-16    0.16722748676963228
804    0.0    4.629543276513104e-17    0.1672274867696321
805    -0.0    -1.4268100589909238e-16    0.16722748676963228
806    -0.0    -3.469446951953614e-18    0.16722748676963214
807    -0.0    -1.2218958483911635e-16    0.16722748676963226
808    -0.0    -1.0332446703786857e-16    0.16722748676963226
809    -0.0    -8.53267109746092e-17    0.16722748676963223
810    -0.0    -5.117434254131581e-17    0.1672274867696322
811    -0.0    -1.7564075194265172e-16    0.1672274867696323
812    -0.0    -1.437652080715779e-16    0.16722748676963228
813    -0.0    -5.4860629927766524e-17    0.1672274867696322
814    -0.0    -1.5439038936193583e-16    0.1672274867696323
815    -0.0    -6.429318882839041e-17    0.1672274867696322
816    0.0    7.231628490478315e-17    0.16722748676963206
817    0.0    5.095750210681871e-18    0.16722748676963214
818    0.0    4.109126233720062e-17    0.16722748676963212
819    -0.0    -6.049848122469115e-17    0.1672274867696322
820    0.0    1.5037884132373946e-16    0.167227486769632
821    -0.0    -1.5287250632045613e-17    0.16722748676963217
822    0.0    1.3086320221900039e-16    0.167227486769632
823    -0.0    -9.90960785651751e-17    0.16722748676963226
824    0.0    4.889751797909625e-17    0.1672274867696321
825    0.0    3.393552799879629e-17    0.16722748676963212
826    -0.0    -8.64109131470947e-17    0.16722748676963223
827    -0.0    -2.0816681711721685e-17    0.16722748676963217
828    -0.0    -9.725293487194975e-17    0.16722748676963226
829    -0.0    -1.687018580387445e-16    0.1672274867696323
830    0.0    1.1709383462843448e-17    0.16722748676963214
831    -0.0    -6.16911036144252e-17    0.1672274867696322
832    -0.0    -4.445228907190568e-17    0.1672274867696322
833    0.0    1.5395670849294163e-17    0.16722748676963212
834    0.0    5.2583805365546965e-17    0.1672274867696321
835    -0.0    -9.573505183047004e-17    0.16722748676963223
836    0.0    1.2197274440461925e-16    0.16722748676963203
837    0.0    1.0191500421363742e-16    0.16722748676963203
838    0.0    9.86623976961809e-17    0.16722748676963203
839    0.0    1.2609271266006417e-16    0.167227486769632
840    0.0    2.8406096919120216e-17    0.16722748676963212
841    0.0    6.288372600415926e-17    0.1672274867696321
842    -0.0    -5.2475385148298415e-17    0.1672274867696322
843    -0.0    -1.3444106938820255e-17    0.16722748676963214
844    0.0    3.393552799879629e-17    0.16722748676963212
845    0.0    9.074772183703672e-17    0.16722748676963206
846    0.0    2.927345865710862e-18    0.16722748676963214
847    0.0    1.1850329745266563e-16    0.16722748676963203
848    0.0    1.0603497246908233e-16    0.16722748676963203
849    0.0    7.253312533928025e-17    0.16722748676963206
850    -0.0    -1.9081958235744878e-17    0.16722748676963217
851    0.0    8.727827488508311e-17    0.16722748676963206
852    -0.0    -5.421010862427522e-19    0.16722748676963214
853    0.0    9.465084965798454e-17    0.16722748676963206
854    0.0    7.589415207398531e-18    0.16722748676963214
855    0.0    6.960577947356938e-17    0.16722748676963206
856    -0.0    -1.3986208025063007e-17    0.16722748676963217
857    0.0    5.648693318649478e-17    0.1672274867696321
858    0.0    5.9631119486702744e-18    0.16722748676963214
859    0.0    5.648693318649478e-17    0.1672274867696321
860    -0.0    -1.0950441942103595e-17    0.16722748676963214
861    0.0    6.862999751833243e-17    0.1672274867696321
862    0.0    1.3042952135000618e-16    0.167227486769632
863    0.0    1.0386656812411132e-16    0.16722748676963203
864    0.0    6.928051882182373e-17    0.1672274867696321
865    0.0    2.4080130250903053e-16    0.1672274867696319
866    0.0    1.739060284666749e-16    0.16722748676963198
867    0.0    1.7455654977016621e-16    0.16722748676963198
868    0.0    2.903493417916181e-16    0.16722748676963187
869    0.0    3.9389064926398376e-16    0.16722748676963176
870    0.0    3.49221519757581e-16    0.16722748676963178
871    0.0    4.842046902320263e-16    0.16722748676963167
872    0.0    5.274643569141979e-16    0.16722748676963162
873    0.0    6.686274797718106e-16    0.16722748676963148
874    0.0    8.456776945386935e-16    0.1672274867696313
875    0.0    1.176684617798518e-15    0.16722748676963098
876    0.0    1.3920071692541391e-15    0.16722748676963076
877    0.0    1.810509207833544e-15    0.16722748676963034
878    0.0    2.3745111779605033e-15    0.16722748676962976
879    0.0    3.038476588390626e-15    0.16722748676962912
880    0.0    3.8818774583671e-15    0.16722748676962826
881    0.0    4.928566235684606e-15    0.1672274867696272
882    0.0    6.316236596248803e-15    0.16722748676962582
883    0.0    8.146044602752589e-15    0.167227486769624
884    0.0    1.0347733954418903e-14    0.1672274867696218
885    0.0    1.3418086086680603e-14    0.16722748676961874
886    0.0    1.7090278844889006e-14    0.16722748676961505
887    0.0    2.20422638474993e-14    0.1672274867696101
888    0.0    2.829062938775051e-14    0.16722748676960386
889    0.0    3.6486330450002935e-14    0.16722748676959565
890    0.0    4.6718380032617635e-14    0.16722748676958543
891    0.0    6.008182232980497e-14    0.16722748676957205
892    0.0    7.71406593116919e-14    0.167227486769555
893    0.0    9.920417352177191e-14    0.16722748676953295
894    0.0    1.2734041252016048e-13    0.1672274867695048
895    0.0    1.638729299827113e-13    0.16722748676946828
896    0.0    2.1032676468524247e-13    0.1672274867694218
897    0.0    2.704687602356204e-13    0.16722748676936167
898    0.0    3.473624382924201e-13    0.16722748676928478
899    0.0    4.465431930472663e-13    0.1672274867691856
900    0.0    5.736668735531469e-13    0.16722748676905846
901    0.0    7.372567183486223e-13    0.1672274867688949
902    0.0    9.471540305533432e-13    0.16722748676868499
903    0.0    1.2171664500945645e-12    0.16722748676841498
904    0.0    1.563811471809451e-12    0.16722748676806834
905    0.0    2.009578592941652e-12    0.16722748676762256
906    0.0    2.581872216023129e-12    0.16722748676705027
907    0.0    3.3175478423436155e-12    0.1672274867663146
908    0.0    4.262509182423324e-12    0.16722748676536964
909    0.0    5.477117782752561e-12    0.16722748676415503
910    0.0    7.037218681046897e-12    0.1672274867625949
911    0.0    9.042206653570029e-12    0.16722748676058993
912    0.0    1.161798088289423e-11    0.16722748675801416
913    0.0    1.4928089255190902e-11    0.16722748675470406
914    0.0    1.91807522555848e-11    0.1672274867504514
915    0.0    2.4645102365133953e-11    0.16722748674498705
916    0.0    3.166613434142651e-11    0.167227486737966
917    0.0    4.0687542202620663e-11    0.1672274867289446
918    0.0    5.227875554333905e-11    0.16722748671735338
919    0.0    6.717241660906398e-11    0.16722748670245974
920    0.0    8.630878932554265e-11    0.16722748668332335
921    0.0    1.1089723345354685e-10    0.1672274866587349
922    0.0    1.424903181557191e-10    0.16722748662714182
923    0.0    1.8308385146478812e-10    0.1672274865865483
924    0.0    2.3524190971915826e-10    0.16722748653439024
925    0.0    3.0225940760714165e-10    0.16722748646737273
926    0.0    3.883688615927833e-10    0.16722748638126328
927    0.0    4.990101686898341e-10    0.16722748627062198
928    0.0    6.411714243304695e-10    0.16722748612846072
929    0.0    8.238327964694286e-10    0.16722748594579934
930    0.0    1.058531625850942e-09    0.16722748571110052
931    0.0    1.3600935026662764e-09    0.16722748540953863
932    0.0    1.7475660387105546e-09    0.1672274850220661
933    0.0    2.2454246123050636e-09    0.16722748452420752
934    0.0    2.885116198248286e-09    0.16722748388451594
935    0.0    3.707047831029431e-09    0.1672274830625843
936    0.0    4.763136520185424e-09    0.16722748200649562
937    0.0    6.12009126016444e-09    0.16722748064954088
938    0.0    7.863624179333534e-09    0.16722747890600798
939    0.0    1.0103866908070525e-08    0.16722747666576523
940    0.0    1.2982324880915497e-08    0.16722747378730726
941    0.0    1.6680817758541258e-08    0.1672274700888144
942    0.0    2.1432961934755856e-08    0.1672274653366702
943    0.0    2.7538929387761757e-08    0.16722745923070276
944    0.0    3.538440604649966e-08    0.1672274513852261
945    0.0    4.546495533503357e-08    0.16722744130467682
946    0.0    5.841731990545787e-08    0.16722742835231225
947    0.0    7.505964166485898e-08    0.16722741170999048
948    0.0    9.644314094277122e-08    0.1672273903264912
949    0.0    1.2391851644962502e-07    0.1672273628511157
950    0.0    1.592212629450418e-07    0.1672273275483692
951    0.0    2.04581295096002e-07    0.16722728218833705
952    0.0    2.6286380045499776e-07    0.1672272239058317
953    0.0    3.377502209823361e-07    0.16722714901941116
954    0.0    4.339707921961842e-07    0.16722705279883995
955    0.0    5.576033319672734e-07    0.16722692916630016
956    0.0    7.164571469619931e-07    0.16722677031248517
957    0.0    9.205663135999215e-07    0.16722656620331855
958    0.0    1.182823482036863e-06    0.1672263039461501
959    0.0    1.5197942504876008e-06    0.16722596697538167
960    0.0    1.9527635349301034e-06    0.16722553400609722
961    0.0    2.5090800447214335e-06    0.1672249776895874
962    0.0    3.223883774394927e-06    0.16722426288585776
963    0.0    4.142325641384465e-06    0.16722334444399076
964    0.0    5.3224194661227395e-06    0.167222164350166
965    0.0    6.838706448763533e-06    0.16722064806318337
966    0.0    8.786963610542264e-06    0.1672186998060216
967    0.0    1.1290253619435954e-05    0.16721619651601272
968    0.0    1.4506698153399743e-05    0.16721298007147875
969    0.0    1.863946584079691e-05    0.16720884730379135
970    0.0    2.3949605728858236e-05    0.1672035371639033
971    0.0    3.077253705075769e-05    0.1671967142325814
972    0.0    3.95392371362528e-05    0.16718794753249588
973    0.0    5.0803466390022395e-05    0.16717668330324212
974    0.0    6.527675119721594e-05    0.16716221001843493
975    0.0    8.387333695833357e-05    0.1671436134326738
976    0.0    0.00010776795592223236    0.1671197188137099
977    0.0    0.0001384700696143138    0.16708901670001783
978    0.0    0.0001779192981051494    0.167049567471527
979    0.0    0.00022860811140558088    0.16699887865822657
980    0.0    0.00029373963203673317    0.1669337471375954
981    0.0    0.0003774307238777015    0.16685005604575445
982    0.0    0.0004849736293629789    0.16674251314026917
983    0.0    0.0006231735894434562    0.1666043131801887
984    0.0    0.000800785673696059    0.16642670109593607
985    0.0    0.0010290823997552104    0.16619840436987693
986    0.0    0.0013225963690559834    0.16590489040057615
987    0.0    0.001700102462926777    0.16552738430670536
988    0.0    0.0021859389453097065    0.16504154782432243
989    0.0    0.0028118303798912283    0.16441565638974093
990    0.0    0.003619498585651076    0.16360798818398106
991    0.0    0.004664601146440764    0.16256288562319138
992    0.0    0.00602308830623381    0.16120439846339835
993    0.0    0.007802351492097958    0.15942513527753419
994    0.0    0.010162784304486756    0.1570647024651454
995    0.0    0.013364618309046903    0.15386286846058525
996    0.0    0.017885967585494298    0.14934151918413785
997    0.0    0.02479224676782684    0.1424352400018053
998    0.0    0.037420990269510124    0.12980649650012202
999    0.16266119916689079    0.08133059958344539    0.08589688718618675
