0    0.18914231683985025    0.09457115841992512    0.06724455376875198
1    0.2230927182413369    0.11154635912066845    0.05026935306800866
2    0.2488249659609841    0.12441248298049205    0.03740322920818505
3    0.26841752000593594    0.13420876000296797    0.027606952185709133
4    0.28307369286000056    0.14153684643000028    0.020278865758676823
5    0.294006968354365    0.1470034841771825    0.014812228011494594
6    0.3020544835733551    0.15102724178667756    0.01078847040199954
7    0.3079692795097209    0.15398463975486046    0.007831072433816644
8    0.31227953418052695    0.15613976709026348    0.005675945098413626
9    0.31541981265641855    0.15770990632820928    0.004105805860467826
10    0.31769562350057196    0.15884781175028598    0.0029679004383911245
11    0.31934556145478316    0.15967278072739158    0.0021429314612855244
12    0.32053784238844196    0.16026892119422098    0.001546790994456121
13    0.321399902461536    0.160699951230768    0.0011157609579091066
14    0.32202192852828426    0.16101096426414213    0.0008047479245349709
15    0.32247101065861866    0.16123550532930933    0.0005802068593677712
16    0.3227948129027057    0.16139740645135284    0.0004183057373242649
17    0.32302839770903236    0.16151419885451618    0.0003015133341609244
18    0.32319676076062664    0.16159838038031332    0.00021733180836377985
19    0.32331816012556935    0.16165908006278468    0.00015663212589242526
20    0.3234056483062797    0.16170282415313986    0.00011288803553724525
21    0.32346871642480846    0.16173435821240423    8.135397627287433e-05
22    0.3235141643496293    0.16175708217481466    5.863001386244293e-05
23    0.3235469220084426    0.1617734610042213    4.225118445580489e-05
24    0.32357052719667245    0.16178526359833623    3.044859034087577e-05
25    0.32358753981501087    0.16179376990750544    2.19422811716663e-05
26    0.32359979909564696    0.16179989954782348    1.5812640853624105e-05
27    0.3236086341413811    0.16180431707069054    1.1395117986562342e-05
28    0.3236150007135562    0.1618075003567781    8.211831899002098e-06
29    0.3236195888741489    0.16180979443707444    5.917751602663168e-06
30    0.32362289515776316    0.16181144757888158    4.264609795523455e-06
31    0.3236252778489123    0.16181263892445616    3.073264220943006e-06
32    0.32362699486585833    0.16181349743292917    2.2147557479368363e-06
33    0.32362823223881043    0.16181411611940522    1.59606927188638e-06
34    0.323629123927488    0.161814561963744    1.1502249331052372e-06
35    0.32362976652693687    0.16181488326346843    8.289252086679522e-07
36    0.32363022961045396    0.16181511480522698    5.97383450123834e-07
37    0.32363056333614015    0.16181528166807008    4.305206070254197e-07
38    0.3236308038364849    0.16181540191824245    3.102704346502616e-07
39    0.323630977157481    0.1618154885787405    2.2360993659487072e-07
40    0.32363110206407886    0.16181555103203943    1.6115663767357624e-07
41    0.3236311920817876    0.1618155960408938    1.1614778330781839e-07
42    0.32363125695593453    0.16181562847796727    8.371070983614892e-08
43    0.323631303710433    0.1618156518552165    6.03334605886463e-08
44    0.32363133740643407    0.16181566870321704    4.348546006616161e-08
45    0.32363136169162754    0.16181568084581377    3.1342863332506354e-08
46    0.3236313791945234    0.1618156895972617    2.2591415405059934e-08
47    0.32363139180952216    0.16181569590476108    1.6283916021153644e-08
48    0.32363140090177683    0.16181570045088842    1.1737788685461936e-08
49    0.3236314074551662    0.1618157037275831    8.461093992107038e-09
50    0.32363141217872693    0.16181570608936346    6.099313637486503e-09
51    0.3236314155834717    0.16181570779173585    4.39694125553558e-09
52    0.32363141803767653    0.16181570901883827    3.1698388358591956e-09
53    0.32363141980676924    0.16181570990338462    2.285292483028556e-09
54    0.32363142108204496    0.16181571054102248    1.6476546238486378e-09
55    0.32363142200137873    0.16181571100068937    1.1879877359621815e-09
56    0.32363142266414274    0.16181571133207137    8.566057307923813e-10
57    0.32363142314196136    0.16181571157098068    6.176964217896597e-10
58    0.3236314234864595    0.16181571174322976    4.4544734567608657e-10
59    0.3236314237348485    0.16181571186742424    3.21252857649057e-10
60    0.3236314239139508    0.1618157119569754    2.3170171337127954e-10
61    0.32363142404310125    0.16181571202155062    1.67126479322377e-10
62    0.3236314241362366    0.1618157120681183    1.2055881293271398e-10
63    0.323631424203405    0.1618157121017025    8.697459419337861e-11
64    0.3236314242518506    0.1618157121259253    6.275180375325817e-11
65    0.32363142428679353    0.16181571214339677    4.528033503703455e-11
66    0.323631424312001    0.1618157121560005    3.2676611416704304e-11
67    0.32363142433018566    0.16181571216509283    2.358427342308289e-11
68    0.3236314243433059    0.16181571217165294    1.702415985960215e-11
69    0.3236314243527734    0.1618157121763867    1.2290390927205408e-11
70    0.3236314243596058    0.1618157121798029    8.874206924858186e-12
71    0.32363142436453674    0.16181571218226837    6.4087346540731005e-12
72    0.3236314243680965    0.16181571218404825    4.628852856569665e-12
73    0.3236314243706661    0.16181571218533305    3.3440472613222028e-12
74    0.3236314243725217    0.16181571218626084    2.416261635218575e-12
75    0.3236314243738621    0.16181571218693105    1.7460477508279837e-12
76    0.32363142437482967    0.16181571218741483    1.2622680678475717e-12
77    0.32363142437552905    0.16181571218776453    9.12575570666263e-13
78    0.3236314243760338    0.1618157121880169    6.601941215933493e-13
79    0.3236314243763992    0.1618157121881996    4.775069228912798e-13
80    0.32363142437666315    0.16181571218833157    3.4552916083896434e-13
81    0.323631424376854    0.161815712188427    2.5010549187243214e-13
82    0.32363142437699216    0.16181571218849608    1.8102186416513177e-13
83    0.3236314243770918    0.1618157121885459    1.3120060593507787e-13
84    0.3236314243771639    0.16181571218858196    9.514611321037592e-14
85    0.3236314243772159    0.16181571218860796    6.913913885853162e-14
86    0.32363142437725434    0.16181571218862717    4.9932280532516415e-14
87    0.3236314243772812    0.1618157121886406    3.649858193455202e-14
88    0.3236314243773009    0.16181571218865046    2.6645352591003757e-14
89    0.3236314243773158    0.1618157121886579    1.9206858326015208e-14
90    0.32363142437732634    0.16181571218866317    1.3933298959045715e-14
91    0.32363142437733344    0.16181571218866672    1.0380585280245214e-14
92    0.3236314243773391    0.16181571218866955    7.549516567451064e-15
93    0.32363142437734316    0.16181571218867158    5.523359547510154e-15
94    0.3236314243773462    0.1618157121886731    3.9968028886505635e-15
95    0.3236314243773485    0.16181571218867424    2.858824288409778e-15
96    0.3236314243773496    0.1618157121886748    2.3037127760972e-15
97    0.32363142437735104    0.16181571218867552    1.582067810090848e-15
98    0.3236314243773519    0.16181571218867594    1.1657341758564144e-15
99    0.3236314243773525    0.16181571218867624    8.604228440844963e-16
100    0.3236314243773523    0.16181571218867616    9.43689570931383e-16
101    0.32363142437735265    0.16181571218867633    7.771561172376096e-16
102    0.323631424377353    0.1618157121886765    6.106226635438361e-16
103    0.32363142437735337    0.16181571218867669    4.163336342344337e-16
104    0.32363142437735337    0.16181571218867669    4.163336342344337e-16
105    0.32363142437735337    0.16181571218867669    4.163336342344337e-16
106    0.3236314243773535    0.16181571218867674    3.608224830031759e-16
107    0.3236314243773537    0.16181571218867685    2.498001805406602e-16
108    0.3236314243773535    0.16181571218867674    3.608224830031759e-16
109    0.32363142437735337    0.16181571218867669    4.163336342344337e-16
110    0.32363142437735387    0.16181571218867694    1.6653345369377348e-16
111    0.3236314243773534    0.1618157121886767    3.885780586188048e-16
112    0.3236314243773537    0.16181571218867685    2.498001805406602e-16
113    0.3236314243773536    0.1618157121886768    3.0531133177191805e-16
114    0.3236314243773535    0.16181571218867674    3.608224830031759e-16
115    0.3236314243773535    0.16181571218867674    3.608224830031759e-16
116    0.32363142437735354    0.16181571218867677    3.3306690738754696e-16
117    0.32363142437735387    0.16181571218867694    1.6653345369377348e-16
118    0.3236314243773537    0.16181571218867685    2.498001805406602e-16
119    0.32363142437735376    0.16181571218867688    2.220446049250313e-16
120    0.3236314243773537    0.16181571218867685    2.498001805406602e-16
121    0.323631424377354    0.161815712188677    1.1102230246251565e-16
122    0.32363142437735376    0.16181571218867688    2.220446049250313e-16
123    0.32363142437735365    0.16181571218867682    2.7755575615628914e-16
124    0.32363142437735365    0.16181571218867682    2.7755575615628914e-16
125    0.3236314243773535    0.16181571218867674    3.608224830031759e-16
126    0.32363142437735365    0.16181571218867682    2.7755575615628914e-16
127    0.3236314243773535    0.16181571218867674    3.608224830031759e-16
128    0.32363142437735387    0.16181571218867694    1.6653345369377348e-16
129    0.3236314243773537    0.16181571218867685    2.498001805406602e-16
130    0.3236314243773538    0.1618157121886769    1.942890293094024e-16
131    0.3236314243773539    0.16181571218867696    1.3877787807814457e-16
132    0.3236314243773534    0.1618157121886767    3.885780586188048e-16
133    0.32363142437735404    0.16181571218867702    8.326672684688674e-17
134    0.3236314243773537    0.16181571218867685    2.498001805406602e-16
135    0.32363142437735387    0.16181571218867694    1.6653345369377348e-16
136    0.32363142437735404    0.16181571218867702    8.326672684688674e-17
137    0.3236314243773538    0.1618157121886769    1.942890293094024e-16
138    0.3236314243773538    0.1618157121886769    1.942890293094024e-16
139    0.32363142437735354    0.16181571218867677    3.3306690738754696e-16
140    0.3236314243773538    0.1618157121886769    1.942890293094024e-16
141    0.32363142437735426    0.16181571218867713    2.7755575615628914e-17
142    0.3236314243773537    0.16181571218867685    2.498001805406602e-16
143    0.3236314243773538    0.1618157121886769    1.942890293094024e-16
144    0.32363142437735365    0.16181571218867682    2.7755575615628914e-16
145    0.3236314243773538    0.1618157121886769    1.942890293094024e-16
146    0.32363142437735426    0.16181571218867713    2.7755575615628914e-17
147    0.32363142437735376    0.16181571218867688    2.220446049250313e-16
148    0.32363142437735365    0.16181571218867682    2.7755575615628914e-16
149    0.32363142437735365    0.16181571218867682    2.7755575615628914e-16
150    0.32363142437735387    0.16181571218867694    1.6653345369377348e-16
151    0.32363142437735365    0.16181571218867682    2.7755575615628914e-16
152    0.3236314243773539    0.16181571218867696    1.3877787807814457e-16
153    0.32363142437735387    0.16181571218867694    1.6653345369377348e-16
154    0.32363142437735387    0.16181571218867694    1.6653345369377348e-16
155    0.32363142437735376    0.16181571218867688    2.220446049250313e-16
156    0.3236314243773537    0.16181571218867685    2.498001805406602e-16
157    0.3236314243773535    0.16181571218867674    3.608224830031759e-16
158    0.3236314243773539    0.16181571218867696    1.3877787807814457e-16
159    0.32363142437735365    0.16181571218867682    2.7755575615628914e-16
160    0.323631424377354    0.161815712188677    1.1102230246251565e-16
161    0.323631424377354    0.161815712188677    1.1102230246251565e-16
162    0.32363142437735376    0.16181571218867688    2.220446049250313e-16
163    0.3236314243773539    0.16181571218867696    1.3877787807814457e-16
164    0.32363142437735376    0.16181571218867688    2.220446049250313e-16
165    0.3236314243773539    0.16181571218867696    1.3877787807814457e-16
166    0.32363142437735376    0.16181571218867688    2.220446049250313e-16
167    0.32363142437735365    0.16181571218867682    2.7755575615628914e-16
168    0.32363142437735376    0.16181571218867688    2.220446049250313e-16
169    0.3236314243773539    0.16181571218867696    1.3877787807814457e-16
170    0.3236314243773541    0.16181571218867705    5.551115123125783e-17
171    0.3236314243773537    0.16181571218867685    2.498001805406602e-16
172    0.3236314243773538    0.1618157121886769    1.942890293094024e-16
173    0.3236314243773536    0.1618157121886768    3.0531133177191805e-16
174    0.3236314243773545    0.16181571218867724    1.3877787807814457e-16
175    0.32363142437735415    0.16181571218867707    2.7755575615628914e-17
176    0.3236314243773542    0.1618157121886771    0.0
177    0.32363142437735404    0.16181571218867702    8.326672684688674e-17
178    0.3236314243773537    0.16181571218867685    2.498001805406602e-16
179    0.3236314243773536    0.1618157121886768    3.0531133177191805e-16
180    0.32363142437735415    0.16181571218867707    2.7755575615628914e-17
181    0.3236314243773538    0.1618157121886769    1.942890293094024e-16
182    0.3236314243773536    0.1618157121886768    3.0531133177191805e-16
183    0.32363142437735376    0.16181571218867688    2.220446049250313e-16
184    0.32363142437735354    0.16181571218867677    3.3306690738754696e-16
185    0.32363142437735354    0.16181571218867677    3.3306690738754696e-16
186    0.32363142437735387    0.16181571218867694    1.6653345369377348e-16
187    0.3236314243773537    0.16181571218867685    2.498001805406602e-16
188    0.3236314243773536    0.1618157121886768    3.0531133177191805e-16
189    0.3236314243773534    0.1618157121886767    3.885780586188048e-16
190    0.3236314243773533    0.16181571218867666    4.440892098500626e-16
191    0.32363142437735326    0.16181571218867663    4.718447854656915e-16
192    0.3236314243773539    0.16181571218867696    1.3877787807814457e-16
193    0.32363142437735376    0.16181571218867688    2.220446049250313e-16
194    0.32363142437735387    0.16181571218867694    1.6653345369377348e-16
195    0.3236314243773538    0.1618157121886769    1.942890293094024e-16
196    0.3236314243773541    0.16181571218867705    5.551115123125783e-17
197    0.32363142437735404    0.16181571218867702    8.326672684688674e-17
198    0.3236314243773537    0.16181571218867685    2.498001805406602e-16
199    0.32363142437735337    0.16181571218867669    4.163336342344337e-16
200    0.32363142437735415    0.16181571218867707    2.7755575615628914e-17
201    0.3236314243773541    0.16181571218867705    5.551115123125783e-17
202    0.32363142437735376    0.16181571218867688    2.220446049250313e-16
203    0.3236314243773541    0.16181571218867705    5.551115123125783e-17
204    0.3236314243773537    0.16181571218867685    2.498001805406602e-16
205    0.3236314243773536    0.1618157121886768    3.0531133177191805e-16
206    0.32363142437735387    0.16181571218867694    1.6653345369377348e-16
207    0.32363142437735426    0.16181571218867713    2.7755575615628914e-17
208    0.32363142437735437    0.16181571218867719    8.326672684688674e-17
209    0.3236314243773538    0.1618157121886769    1.942890293094024e-16
210    0.3236314243773533    0.16181571218867666    4.440892098500626e-16
211    0.323631424377354    0.161815712188677    1.1102230246251565e-16
212    0.323631424377354    0.161815712188677    1.1102230246251565e-16
213    0.3236314243773537    0.16181571218867685    2.498001805406602e-16
214    0.32363142437735337    0.16181571218867669    4.163336342344337e-16
215    0.32363142437735326    0.16181571218867663    4.718447854656915e-16
216    0.32363142437735354    0.16181571218867677    3.3306690738754696e-16
217    0.3236314243773544    0.1618157121886772    1.1102230246251565e-16
218    0.32363142437735465    0.16181571218867732    2.220446049250313e-16
219    0.3236314243773534    0.1618157121886767    3.885780586188048e-16
220    0.32363142437735376    0.16181571218867688    2.220446049250313e-16
221    0.3236314243773539    0.16181571218867696    1.3877787807814457e-16
222    0.32363142437735365    0.16181571218867682    2.7755575615628914e-16
223    0.32363142437735376    0.16181571218867688    2.220446049250313e-16
224    0.3236314243773535    0.16181571218867674    3.608224830031759e-16
225    0.32363142437735365    0.16181571218867682    2.7755575615628914e-16
226    0.32363142437735326    0.16181571218867663    4.718447854656915e-16
227    0.3236314243773537    0.16181571218867685    2.498001805406602e-16
228    0.32363142437735404    0.16181571218867702    8.326672684688674e-17
229    0.32363142437735415    0.16181571218867707    2.7755575615628914e-17
230    0.32363142437735387    0.16181571218867694    1.6653345369377348e-16
231    0.32363142437735387    0.16181571218867694    1.6653345369377348e-16
232    0.32363142437735415    0.16181571218867707    2.7755575615628914e-17
233    0.32363142437735415    0.16181571218867707    2.7755575615628914e-17
234    0.32363142437735404    0.16181571218867702    8.326672684688674e-17
235    0.3236314243773539    0.16181571218867696    1.3877787807814457e-16
236    0.3236314243773539    0.16181571218867696    1.3877787807814457e-16
237    0.32363142437735376    0.16181571218867688    2.220446049250313e-16
238    0.32363142437735365    0.16181571218867682    2.7755575615628914e-16
239    0.32363142437735365    0.16181571218867682    2.7755575615628914e-16
240    0.3236314243773534    0.1618157121886767    3.885780586188048e-16
241    0.3236314243773533    0.16181571218867666    4.440892098500626e-16
242    0.32363142437735365    0.16181571218867682    2.7755575615628914e-16
243    0.32363142437735376    0.16181571218867688    2.220446049250313e-16
244    0.32363142437735326    0.16181571218867663    4.718447854656915e-16
245    0.32363142437735426    0.16181571218867713    2.7755575615628914e-17
246    0.3236314243773538    0.1618157121886769    1.942890293094024e-16
247    0.3236314243773535    0.16181571218867674    3.608224830031759e-16
248    0.3236314243773537    0.16181571218867685    2.498001805406602e-16
249    0.32363142437735437    0.16181571218867719    8.326672684688674e-17
250    0.3236314243773542    0.1618157121886771    0.0
251    0.3236314243773542    0.1618157121886771    0.0
252    0.32363142437735404    0.16181571218867702    8.326672684688674e-17
253    0.3236314243773536    0.1618157121886768    3.0531133177191805e-16
254    0.32363142437735426    0.16181571218867713    2.7755575615628914e-17
255    0.32363142437735387    0.16181571218867694    1.6653345369377348e-16
256    0.3236314243773537    0.16181571218867685    2.498001805406602e-16
257    0.32363142437735365    0.16181571218867682    2.7755575615628914e-16
258    0.3236314243773537    0.16181571218867685    2.498001805406602e-16
259    0.32363142437735376    0.16181571218867688    2.220446049250313e-16
260    0.3236314243773533    0.16181571218867666    4.440892098500626e-16
261    0.32363142437735426    0.16181571218867713    2.7755575615628914e-17
262    0.32363142437735426    0.16181571218867713    2.7755575615628914e-17
263    0.32363142437735404    0.16181571218867702    8.326672684688674e-17
264    0.3236314243773537    0.16181571218867685    2.498001805406602e-16
265    0.32363142437735415    0.16181571218867707    2.7755575615628914e-17
266    0.3236314243773539    0.16181571218867696    1.3877787807814457e-16
267    0.3236314243773537    0.16181571218867685    2.498001805406602e-16
268    0.3236314243773544    0.1618157121886772    1.1102230246251565e-16
269    0.32363142437735387    0.16181571218867694    1.6653345369377348e-16
270    0.32363142437735437    0.16181571218867719    8.326672684688674e-17
271    0.3236314243773539    0.16181571218867696    1.3877787807814457e-16
272    0.32363142437735404    0.16181571218867702    8.326672684688674e-17
273    0.3236314243773541    0.16181571218867705    5.551115123125783e-17
274    0.3236314243773542    0.1618157121886771    0.0
275    0.32363142437735437    0.16181571218867719    8.326672684688674e-17
276    0.323631424377354    0.161815712188677    1.1102230246251565e-16
277    0.3236314243773538    0.1618157121886769    1.942890293094024e-16
278    0.3236314243773537    0.16181571218867685    2.498001805406602e-16
279    0.3236314243773537    0.16181571218867685    2.498001805406602e-16
280    0.3236314243773539    0.16181571218867696    1.3877787807814457e-16
281    0.32363142437735387    0.16181571218867694    1.6653345369377348e-16
282    0.32363142437735404    0.16181571218867702    8.326672684688674e-17
283    0.32363142437735404    0.16181571218867702    8.326672684688674e-17
284    0.3236314243773539    0.16181571218867696    1.3877787807814457e-16
285    0.3236314243773536    0.1618157121886768    3.0531133177191805e-16
286    0.3236314243773538    0.1618157121886769    1.942890293094024e-16
287    0.32363142437735337    0.16181571218867669    4.163336342344337e-16
288    0.3236314243773541    0.16181571218867705    5.551115123125783e-17
289    0.32363142437735337    0.16181571218867669    4.163336342344337e-16
290    0.32363142437735415    0.16181571218867707    2.7755575615628914e-17
291    0.3236314243773539    0.16181571218867696    1.3877787807814457e-16
292    0.323631424377354    0.161815712188677    1.1102230246251565e-16
293    0.3236314243773537    0.16181571218867685    2.498001805406602e-16
294    0.3236314243773539    0.16181571218867696    1.3877787807814457e-16
295    0.32363142437735354    0.16181571218867677    3.3306690738754696e-16
296    0.3236314243773541    0.16181571218867705    5.551115123125783e-17
297    0.32363142437735415    0.16181571218867707    2.7755575615628914e-17
298    0.3236314243773539    0.16181571218867696    1.3877787807814457e-16
299    0.3236314243773539    0.16181571218867696    1.3877787807814457e-16
300    0.3236314243773542    0.1618157121886771    0.0
301    0.32363142437735415    0.16181571218867707    2.7755575615628914e-17
302    0.32363142437735365    0.16181571218867682    2.7755575615628914e-16
303    0.323631424377354    0.161815712188677    1.1102230246251565e-16
304    0.32363142437735404    0.16181571218867702    8.326672684688674e-17
305    0.3236314243773542    0.1618157121886771    0.0
306    0.3236314243773538    0.1618157121886769    1.942890293094024e-16
307    0.3236314243773537    0.16181571218867685    2.498001805406602e-16
308    0.323631424377354    0.161815712188677    1.1102230246251565e-16
309    0.32363142437735426    0.16181571218867713    2.7755575615628914e-17
310    0.32363142437735404    0.16181571218867702    8.326672684688674e-17
311    0.3236314243773536    0.1618157121886768    3.0531133177191805e-16
312    0.3236314243773538    0.1618157121886769    1.942890293094024e-16
313    0.3236314243773533    0.16181571218867666    4.440892098500626e-16
314    0.3236314243773538    0.1618157121886769    1.942890293094024e-16
315    0.3236314243773539    0.16181571218867696    1.3877787807814457e-16
316    0.32363142437735337    0.16181571218867669    4.163336342344337e-16
317    0.3236314243773539    0.16181571218867696    1.3877787807814457e-16
318    0.32363142437735376    0.16181571218867688    2.220446049250313e-16
319    0.3236314243773537    0.16181571218867685    2.498001805406602e-16
320    0.32363142437735415    0.16181571218867707    2.7755575615628914e-17
321    0.3236314243773538    0.1618157121886769    1.942890293094024e-16
322    0.3236314243773538    0.1618157121886769    1.942890293094024e-16
323    0.3236314243773539    0.16181571218867696    1.3877787807814457e-16
324    0.3236314243773537    0.16181571218867685    2.498001805406602e-16
325    0.32363142437735404    0.16181571218867702    8.326672684688674e-17
326    0.32363142437735376    0.16181571218867688    2.220446049250313e-16
327    0.3236314243773539    0.16181571218867696    1.3877787807814457e-16
328    0.3236314243773536    0.1618157121886768    3.0531133177191805e-16
329    0.32363142437735315    0.16181571218867657    5.273559366969494e-16
330    0.323631424377354    0.161815712188677    1.1102230246251565e-16
331    0.3236314243773536    0.1618157121886768    3.0531133177191805e-16
332    0.32363142437735365    0.16181571218867682    2.7755575615628914e-16
333    0.32363142437735387    0.16181571218867694    1.6653345369377348e-16
334    0.3236314243773537    0.16181571218867685    2.498001805406602e-16
335    0.3236314243773542    0.1618157121886771    0.0
336    0.3236314243773539    0.16181571218867696    1.3877787807814457e-16
337    0.3236314243773533    0.16181571218867666    4.440892098500626e-16
338    0.3236314243773537    0.16181571218867685    2.498001805406602e-16
339    0.3236314243773541    0.16181571218867705    5.551115123125783e-17
340    0.3236314243773542    0.1618157121886771    0.0
341    0.3236314243773541    0.16181571218867705    5.551115123125783e-17
342    0.323631424377354    0.161815712188677    1.1102230246251565e-16
343    0.3236314243773543    0.16181571218867716    5.551115123125783e-17
344    0.32363142437735404    0.16181571218867702    8.326672684688674e-17
345    0.3236314243773539    0.16181571218867696    1.3877787807814457e-16
346    0.3236314243773539    0.16181571218867696    1.3877787807814457e-16
347    0.32363142437735387    0.16181571218867694    1.6653345369377348e-16
348    0.323631424377354    0.161815712188677    1.1102230246251565e-16
349    0.3236314243773538    0.1618157121886769    1.942890293094024e-16
350    0.3236314243773538    0.1618157121886769    1.942890293094024e-16
351    0.32363142437735415    0.16181571218867707    2.7755575615628914e-17
352    0.3236314243773539    0.16181571218867696    1.3877787807814457e-16
353    0.323631424377354    0.161815712188677    1.1102230246251565e-16
354    0.3236314243773539    0.16181571218867696    1.3877787807814457e-16
355    0.3236314243773541    0.16181571218867705    5.551115123125783e-17
356    0.32363142437735365    0.16181571218867682    2.7755575615628914e-16
357    0.32363142437735404    0.16181571218867702    8.326672684688674e-17
358    0.32363142437735376    0.16181571218867688    2.220446049250313e-16
359    0.32363142437735376    0.16181571218867688    2.220446049250313e-16
360    0.32363142437735376    0.16181571218867688    2.220446049250313e-16
361    0.3236314243773543    0.16181571218867716    5.551115123125783e-17
362    0.3236314243773539    0.16181571218867696    1.3877787807814457e-16
363    0.32363142437735304    0.16181571218867652    5.828670879282072e-16
364    0.3236314243773539    0.16181571218867696    1.3877787807814457e-16
365    0.32363142437735415    0.16181571218867707    2.7755575615628914e-17
366    0.32363142437735326    0.16181571218867663    4.718447854656915e-16
367    0.32363142437735376    0.16181571218867688    2.220446049250313e-16
368    0.32363142437735365    0.16181571218867682    2.7755575615628914e-16
369    0.32363142437735387    0.16181571218867694    1.6653345369377348e-16
370    0.32363142437735404    0.16181571218867702    8.326672684688674e-17
371    0.3236314243773534    0.1618157121886767    3.885780586188048e-16
372    0.32363142437735404    0.16181571218867702    8.326672684688674e-17
373    0.323631424377354    0.161815712188677    1.1102230246251565e-16
374    0.32363142437735365    0.16181571218867682    2.7755575615628914e-16
375    0.32363142437735387    0.16181571218867694    1.6653345369377348e-16
376    0.32363142437735354    0.16181571218867677    3.3306690738754696e-16
377    0.32363142437735354    0.16181571218867677    3.3306690738754696e-16
378    0.32363142437735404    0.16181571218867702    8.326672684688674e-17
379    0.32363142437735415    0.16181571218867707    2.7755575615628914e-17
380    0.3236314243773539    0.16181571218867696    1.3877787807814457e-16
381    0.32363142437735387    0.16181571218867694    1.6653345369377348e-16
382    0.32363142437735365    0.16181571218867682    2.7755575615628914e-16
383    0.32363142437735387    0.16181571218867694    1.6653345369377348e-16
384    0.3236314243773539    0.16181571218867696    1.3877787807814457e-16
385    0.32363142437735376    0.16181571218867688    2.220446049250313e-16
386    0.32363142437735354    0.16181571218867677    3.3306690738754696e-16
387    0.32363142437735415    0.16181571218867707    2.7755575615628914e-17
388    0.3236314243773536    0.1618157121886768    3.0531133177191805e-16
389    0.323631424377354    0.161815712188677    1.1102230246251565e-16
390    0.3236314243773535    0.16181571218867674    3.608224830031759e-16
391    0.32363142437735326    0.16181571218867663    4.718447854656915e-16
392    0.32363142437735365    0.16181571218867682    2.7755575615628914e-16
393    0.3236314243773538    0.1618157121886769    1.942890293094024e-16
394    0.32363142437735326    0.16181571218867663    4.718447854656915e-16
395    0.3236314243773534    0.1618157121886767    3.885780586188048e-16
396    0.3236314243773532    0.1618157121886766    4.996003610813204e-16
397    0.32363142437735276    0.16181571218867638    7.216449660063518e-16
398    0.3236314243773526    0.1618157121886763    8.049116928532385e-16
399    0.3236314243773526    0.1618157121886763    8.049116928532385e-16
400    0.32363142437735176    0.16181571218867588    1.2212453270876722e-15
401    0.3236314243773508    0.1618157121886754    1.6930901125533637e-15
402    0.32363142437734954    0.16181571218867477    2.3314683517128287e-15
403    0.3236314243773479    0.16181571218867394    3.164135620181696e-15
404    0.3236314243773461    0.16181571218867305    4.052314039881821e-15
405    0.32363142437734316    0.16181571218867158    5.523359547510154e-15
406    0.32363142437733955    0.16181571218866977    7.327471962526033e-15
407    0.32363142437733355    0.16181571218866678    1.0325074129013956e-14
408    0.32363142437732667    0.16181571218866334    1.3766765505351941e-14
409    0.3236314243773159    0.16181571218865795    1.915134717478395e-14
410    0.32363142437730147    0.16181571218865073    2.6367796834847468e-14
411    0.32363142437728176    0.16181571218864088    3.622102617839573e-14
412    0.32363142437725423    0.16181571218862711    4.9987791683747673e-14
413    0.32363142437721665    0.16181571218860832    6.877831637552845e-14
414    0.32363142437716436    0.16181571218858218    9.492406860545088e-14
415    0.3236314243770918    0.1618157121885459    1.3120060593507787e-13
416    0.3236314243769917    0.16181571218849586    1.812439087700568e-13
417    0.32363142437685366    0.16181571218842683    2.502720253261259e-13
418    0.323631424376663    0.1618157121883315    3.4561242756581123e-13
419    0.3236314243763995    0.16181571218819976    4.773403894375861e-13
420    0.3236314243760338    0.1618157121880169    6.601941215933493e-13
421    0.32363142437552894    0.16181571218776447    9.126310818174943e-13
422    0.3236314243748297    0.16181571218741486    1.262240312271956e-12
423    0.3236314243738617    0.16181571218693086    1.746242039857293e-12
424    0.32363142437252174    0.16181571218626087    2.4162338796429594e-12
425    0.32363142437066633    0.16181571218533317    3.3439362390197402e-12
426    0.3236314243680965    0.16181571218404825    4.628852856569665e-12
427    0.32363142436453735    0.16181571218226867    6.4084293427413286e-12
428    0.3236314243596058    0.1618157121798029    8.874206924858186e-12
429    0.323631424352774    0.161815712176387    1.2290113371449252e-11
430    0.32363142434330594    0.16181571217165297    1.7024132104026535e-11
431    0.32363142433018566    0.16181571216509283    2.358427342308289e-11
432    0.32363142431200065    0.16181571215600032    3.2676777950158e-11
433    0.3236314242867936    0.1618157121433968    4.528030728145893e-11
434    0.32363142425185004    0.16181571212592502    6.275208130901433e-11
435    0.3236314242034045    0.16181571210170226    8.697484399355915e-11
436    0.32363142413623613    0.16181571206811807    1.205590349773189e-10
437    0.32363142404310097    0.16181571202155048    1.6712661810025509e-10
438    0.32363142391395106    0.16181571195697553    2.3170157459340146e-10
439    0.32363142373484854    0.16181571186742427    3.2125282989348136e-10
440    0.3236314234864601    0.16181571174323006    4.454470403647548e-10
441    0.3236314231419618    0.1618157115709809    6.176961997450547e-10
442    0.32363142266414324    0.16181571133207162    8.566054809922008e-10
443    0.3236314220013791    0.16181571100068956    1.1879875416731522e-09
444    0.3236314210820452    0.1618157105410226    1.6476545128263353e-09
445    0.3236314198067693    0.16181570990338465    2.2852924552729803e-09
446    0.3236314180376762    0.1618157090188381    3.1698390023926493e-09
447    0.32363141558347147    0.16181570779173574    4.396941366557883e-09
448    0.32363141217872726    0.16181570608936363    6.0993134709530494e-09
449    0.3236314074551667    0.16181570372758336    8.461093742306858e-09
450    0.32363140090177694    0.16181570045088847    1.1737788629950785e-08
451    0.3236313918095228    0.1618156959047614    1.6283915715842312e-08
452    0.3236313791945235    0.16181568959726175    2.2591415349548782e-08
453    0.32363136169162715    0.16181568084581358    3.1342863526795384e-08
454    0.3236313374064339    0.16181566870321695    4.3485460149428334e-08
455    0.3236313037104332    0.1618156518552166    6.033346050537958e-08
456    0.3236312569559343    0.16181562847796715    8.371070994717122e-08
457    0.32363119208178753    0.16181559604089377    1.1614778333557396e-07
458    0.32363110206407913    0.16181555103203957    1.6115663753479836e-07
459    0.3236309771574817    0.16181548857874084    2.236099362618038e-07
460    0.3236308038364846    0.1618154019182423    3.102704347890395e-07
461    0.32363056333614026    0.16181528166807013    4.3052060696990857e-07
462    0.3236302296104539    0.16181511480522695    5.973834501515896e-07
463    0.3236297665269368    0.1618148832634684    8.289252086957077e-07
464    0.32362912392748794    0.16181456196374397    1.1502249331329928e-06
465    0.32362823223881065    0.16181411611940533    1.5960692717753577e-06
466    0.32362699486585833    0.16181349743292917    2.2147557479368363e-06
467    0.3236252778489129    0.16181263892445644    3.0732642206654504e-06
468    0.3236228951577636    0.1618114475788818    4.264609795301411e-06
469    0.32361958887414916    0.16180979443707458    5.91775160252439e-06
470    0.32361500071355626    0.16180750035677813    8.211831898974342e-06
471    0.32360863414138136    0.16180431707069068    1.1395117986423564e-05
472    0.3235997990956472    0.1617998995478236    1.5812640853513082e-05
473    0.32358753981501126    0.16179376990750563    2.194228117147201e-05
474    0.3235705271966726    0.1617852635983363    3.0448590340792503e-05
475    0.32354692200844304    0.16177346100422152    4.2251184455582846e-05
476    0.32351416434962876    0.16175708217481438    5.863001386272049e-05
477    0.3234687164248085    0.16173435821240426    8.135397627284657e-05
478    0.3234056483062794    0.1617028241531397    0.00011288803553741178
479    0.3233181601255692    0.1616590800627846    0.00015663212589250852
480    0.32319676076062653    0.16159838038031327    0.00021733180836383537
481    0.3230283977090323    0.16151419885451615    0.00030151333416095216
482    0.3227948129027052    0.1613974064513526    0.0004183057373245147
483    0.32247101065861905    0.16123550532930953    0.0005802068593675769
484    0.3220219285282843    0.16101096426414216    0.0008047479245349431
485    0.32139990246153627    0.16069995123076813    0.0011157609579089678
486    0.3205378423884421    0.16026892119422104    0.0015467909944560654
487    0.3193455614547834    0.1596727807273917    0.0021429314612854133
488    0.3176956235005723    0.15884781175028614    0.002967900438390958
489    0.3154198126564188    0.1577099063282094    0.004105805860467715
490    0.3122795341805271    0.15613976709026356    0.005675945098413543
491    0.30796927950972186    0.15398463975486093    0.007831072433816172
492    0.30205448357335474    0.15102724178667737    0.010788470401999734
493    0.29400696835436574    0.14700348417718287    0.014812228011494233
494    0.28307369286000006    0.14153684643000003    0.020278865758677073
495    0.268417520005937    0.1342087600029685    0.027606952185708605
496    0.24882496596098452    0.12441248298049226    0.03740322920818484
497    0.2230927182413374    0.1115463591206687    0.05026935306800841
498    0.18914231683985017    0.09457115841992508    0.06724455376875202
499    0.1437433039129879    0.07187165195649395    0.08994406023218315
500    0.0    0.03215265796943961    0.1296630542192375
501    0.0    0.020477177965982477    0.14133853422269463
502    0.0    0.014108680306682539    0.14770703188199458
503    0.0    0.010021316604435473    0.15179439558424163
504    0.0    0.007219148388524507    0.1545965638001526
505    0.0    0.0052374408478957106    0.1565782713407814
506    0.0    0.003813795641419246    0.15800191654725787
507    0.0    0.0027826140848524012    0.1590330981038247
508    0.0    0.0020324134659265632    0.15978329872275054
509    0.0    0.0014853320398656982    0.1603303801488114
510    0.0    0.0010858580122750797    0.160729854176402
511    0.0    0.0007939591738532177    0.16102175301482388
512    0.0    0.0005805836736606142    0.16123512851501648
513    0.0    0.0004245748589114598    0.16139113732976565
514    0.0    0.0003104961817859946    0.1615052160068911
515    0.0    0.00022707281586095392    0.16158863937281615
516    0.0    0.0001660648878954005    0.1616496473007817
517    0.0    0.00012144861647377797    0.16169426357220332
518    0.0    8.881953046286717e-05    0.16172689265821424
519    0.0    6.495685723944232e-05    0.16175075533143765
520    0.0    4.750528007528695e-05    0.1617682069086018
521    0.0    3.474233086156074e-05    0.16178096985781554
522    0.0    2.540833025861146e-05    0.1617903038584185
523    0.0    1.8582038575976675e-05    0.16179713015010114
524    0.0    1.3589723502120676e-05    0.16180212246517497
525    0.0    9.938661548599022e-06    0.1618057735271285
526    0.0    7.268506643203464e-06    0.1618084436820339
527    0.0    5.315724779257104e-06    0.16181039646389783
528    0.0    3.8875839983168806e-06    0.16181182460467877
529    0.0    2.8431324093896454e-06    0.1618128690562677
530    0.0    2.0792867542144405e-06    0.16181363290192288
531    0.0    1.5206584811160682e-06    0.161814191530196
532    0.0    1.1121131863723287e-06    0.16181460007549073
533    0.0    8.133290642291062e-07    0.16181489885961287
534    0.0    5.948173037030428e-07    0.1618151173713734
535    0.0    4.3501165827375746e-07    0.16181527717701882
536    0.0    3.1813994244480476e-07    0.16181539404873466
537    0.0    2.3266738041023347e-07    0.16181547952129668
538    0.0    1.701581686117462e-07    0.1618155420305085
539    0.0    1.2444289447456798e-07    0.16181558774578264
540    0.0    9.100964209031795e-08    0.161815621179035
541    0.0    6.655868127610973e-08    0.1618156456299958
542    0.0    4.867679884602155e-08    0.16181566351187826
543    0.0    3.5599124118164405e-08    0.16181567658955298
544    0.0    2.603494196726404e-08    0.16181568615373512
545    0.0    1.9040305857366893e-08    0.16181569314837124
546    0.0    1.3924872239870836e-08    0.16181569826380487
547    0.0    1.0183768686623448e-08    0.1618157020049084
548    0.0    7.447762690642248e-09    0.16181570474091442
549    0.0    5.446821229508972e-09    0.16181570674185589
550    0.0    3.983459733727587e-09    0.16181570820521737
551    0.0    2.9132498451361205e-09    0.16181570927542727
552    0.0    2.1305662329870745e-09    0.16181571005811088
553    0.0    1.558161030540059e-09    0.16181571063051609
554    0.0    1.1395401980970193e-09    0.16181571104913692
555    0.0    8.33387431330504e-10    0.16181571135528966
556    0.0    6.0948673343518e-10    0.16181571157919036
557    0.0    4.457398768663301e-10    0.1618157117429372
558    0.0    3.2598581971819696e-10    0.16181571186269128
559    0.0    2.3840549217939155e-10    0.1618157119502716
560    0.0    1.7435455705074043e-10    0.16181571201432254
561    0.0    1.2751189795885687e-10    0.1618157120611652
562    0.0    9.325413076292921e-11    0.16181571209542298
563    0.0    6.820017033754011e-11    0.16181571212047693
564    0.0    4.987728871412578e-11    0.1618157121387998
565    0.0    3.6477089578046407e-11    0.1618157121522
566    0.0    2.6677174358447076e-11    0.16181571216199991
567    0.0    1.950989196586317e-11    0.1618157121691672
568    0.0    1.4268256715022076e-11    0.16181571217440885
569    0.0    1.0434920505800194e-11    0.16181571217824217
570    0.0    7.631484853776183e-12    0.16181571218104562
571    0.0    5.581117382483236e-12    0.16181571218309598
572    0.0    4.08183101034687e-12    0.16181571218459528
573    0.0    2.985126685770001e-12    0.16181571218569196
574    0.0    2.1831494945168117e-12    0.16181571218649396
575    0.0    1.5965709657117522e-12    0.16181571218708052
576    0.0    1.1677451540459405e-12    0.16181571218750937
577    0.0    8.540642151833033e-13    0.16181571218782304
578    0.0    6.244826704360218e-13    0.16181571218805263
579    0.0    4.568696766391045e-13    0.16181571218822025
580    0.0    3.341042720261811e-13    0.161815712188343
581    0.0    2.443427404852372e-13    0.16181571218843277
582    0.0    1.7852386235972517e-13    0.16181571218849858
583    0.0    1.3070794446790046e-13    0.1618157121885464
584    0.0    9.561568117127939e-14    0.16181571218858148
585    0.0    6.986631325561765e-14    0.16181571218860724
586    0.0    5.1022879497819584e-14    0.1618157121886261
587    0.0    3.734404278865622e-14    0.16181571218863977
588    0.0    2.7245133232822738e-14    0.16181571218864985
589    0.0    2.014089849761147e-14    0.16181571218865695
590    0.0    1.4530369095433482e-14    0.16181571218866256
591    0.0    1.0765368631260319e-14    0.16181571218866633
592    0.0    7.90665276306779e-15    0.1618157121886692
593    0.0    5.854583311204475e-15    0.16181571218867125
594    0.0    4.1299429154317835e-15    0.16181571218867297
595    0.0    3.156220944322552e-15    0.16181571218867394
596    0.0    2.2374680233583355e-15    0.16181571218867485
597    0.0    1.6258695778592624e-15    0.16181571218867546
598    0.0    1.1685531015048767e-15    0.16181571218867594
599    0.0    9.250412935646324e-16    0.1618157121886762
600    0.0    5.15863393668603e-16    0.16181571218867657
601    0.0    5.745187312000688e-16    0.16181571218867652
602    0.0    3.539920093165172e-16    0.16181571218867674
603    0.0    2.7755575615628914e-16    0.16181571218867682
604    0.0    1.4192206437835253e-16    0.16181571218867696
605    0.0    1.1633489310769463e-16    0.161815712188677
606    0.0    7.155734338404329e-17    0.16181571218867702
607    0.0    2.461138931542095e-17    0.16181571218867707
608    0.0    6.03900610074426e-17    0.16181571218867705
609    0.0    1.0332446703786857e-16    0.161815712188677
610    -0.0    -2.2442984970449942e-17    0.16181571218867713
611    0.0    6.158268339717665e-17    0.16181571218867705
612    -0.0    -4.119968255444917e-18    0.1618157121886771
613    -0.0    -4.217546450968612e-17    0.16181571218867716
614    -0.0    -4.87890977618477e-18    0.1618157121886771
615    0.0    3.165870343657673e-17    0.16181571218867707
616    0.0    8.001412032943023e-17    0.16181571218867702
617    0.0    5.5294310796760726e-17    0.16181571218867705
618    0.0    2.6020852139652106e-18    0.1618157121886771
619    -0.0    -5.193328406205566e-17    0.16181571218867716
620    -0.0    -6.982261990806649e-17    0.16181571218867719
621    0.0    7.697835424647081e-17    0.16181571218867702
622    -0.0    -3.5236570605778894e-17    0.16181571218867713
623    0.0    4.7704895589362195e-18    0.1618157121886771
624    -0.0    -7.697835424647081e-18    0.1618157121886771
625    -0.0    -5.2150124496552763e-17    0.16181571218867716
626    0.0    2.949029909160572e-17    0.16181571218867707
627    0.0    8.196568423990414e-17    0.16181571218867702
628    -0.0    -2.1358782797964437e-17    0.16181571218867713
629    -0.0    -2.2768245622195593e-17    0.16181571218867713
630    -0.0    -8.782037597132586e-18    0.1618157121886771
631    0.0    1.0343288725511712e-16    0.161815712188677
632    0.0    3.8272336688738307e-17    0.16181571218867707
633    0.0    2.677979366039196e-17    0.16181571218867707
634    0.0    3.63207727782644e-17    0.16181571218867707
635    0.0    2.1250362580715887e-17    0.16181571218867707
636    -0.0    -4.662069341687669e-17    0.16181571218867716
637    0.0    1.496198998029996e-17    0.16181571218867707
638    0.0    2.7863995832877464e-17    0.16181571218867707
639    0.0    4.4777549723651333e-17    0.16181571218867705
640    -0.0    -1.431146867680866e-17    0.16181571218867713
641    -0.0    -2.3635607360183997e-17    0.16181571218867713
642    0.0    3.664603343001005e-17    0.16181571218867707
643    0.0    2.916503843986007e-17    0.16181571218867707
644    -0.0    -4.8138576458356397e-17    0.16181571218867716
645    0.0    1.5211356479971627e-16    0.16181571218867696
646    0.0    3.209238430557093e-17    0.16181571218867707
647    0.0    7.090682208055199e-17    0.16181571218867702
648    -0.0    -1.3357370765021415e-16    0.16181571218867724
649    0.0    1.1373280789372942e-16    0.161815712188677
650    -0.0    -4.889751797909625e-17    0.16181571218867716
651    0.0    3.0140820395097023e-17    0.16181571218867707
652    -0.0    -3.577867169202165e-18    0.1618157121886771
653    -0.0    -7.654467337747661e-17    0.16181571218867719
654    -0.0    -1.6371452804531117e-17    0.16181571218867713
655    -0.0    -3.71881345162528e-17    0.16181571218867713
656    0.0    4.9439619065339e-17    0.16181571218867705
657    0.0    6.114900252818245e-17    0.16181571218867705
658    0.0    9.6710833785707e-17    0.16181571218867702
659    -0.0    -8.098990228466718e-17    0.16181571218867719
660    0.0    3.577867169202165e-18    0.1618157121886771
661    -0.0    -1.7607443281164592e-16    0.16181571218867727
662    -0.0    -7.383416794626285e-17    0.16181571218867719
663    -0.0    -4.2934406030425976e-17    0.16181571218867716
664    0.0    1.951563910473908e-17    0.16181571218867707
665    -0.0    -8.782037597132586e-18    0.1618157121886771
666    -0.0    -1.5504091066542713e-17    0.16181571218867713
667    -0.0    -2.5261910618912253e-17    0.16181571218867713
668    -0.0    -8.185726402265558e-17    0.16181571218867719
669    0.0    4.445228907190568e-18    0.1618157121886771
670    -0.0    -4.597017211338539e-17    0.16181571218867716
671    -0.0    -8.272462576064399e-17    0.16181571218867719
672    -0.0    -9.71445146547012e-17    0.16181571218867719
673    -0.0    -1.0755285551056204e-16    0.1618157121886772
674    0.0    5.637851296924623e-17    0.16181571218867705
675    -0.0    -2.3635607360183997e-17    0.16181571218867713
676    0.0    4.119968255444917e-18    0.1618157121886771
677    0.0    1.4755991567527715e-16    0.16181571218867696
678    0.0    8.944667923005412e-17    0.16181571218867702
679    0.0    1.4517467089580904e-16    0.16181571218867696
680    0.0    3.0466081046842675e-17    0.16181571218867707
681    -0.0    -6.678685382510707e-17    0.16181571218867716
682    0.0    5.193328406205566e-17    0.16181571218867705
683    -0.0    -1.680513367352532e-17    0.16181571218867713
684    -0.0    -1.7672495411513722e-17    0.16181571218867713
685    -0.0    -1.485356976305141e-17    0.16181571218867713
686    -0.0    -6.136584296267955e-17    0.16181571218867716
687    -0.0    -6.852157730108388e-17    0.16181571218867716
688    0.0    3.686287386450715e-18    0.1618157121886771
689    -0.0    -1.5493249044817858e-16    0.16181571218867727
690    -0.0    -1.1817803680091998e-16    0.1618157121886772
691    -0.0    -7.155734338404329e-17    0.16181571218867719
692    -0.0    -9.063930161978817e-17    0.16181571218867719
693    0.0    4.7379634937616544e-17    0.16181571218867705
694    -0.0    -1.319474043914859e-16    0.16181571218867724
695    0.0    7.860465750519907e-17    0.16181571218867702
696    -0.0    -8.153200337090993e-17    0.16181571218867719
697    -0.0    -1.691355389077387e-17    0.16181571218867713
698    -0.0    -1.2685165418080402e-16    0.16181571218867724
699    -0.0    -5.388484797252957e-17    0.16181571218867716
700    -0.0    -1.4777675610977425e-16    0.16181571218867724
701    0.0    4.445228907190568e-18    0.1618157121886771
702    -0.0    -7.025630077706069e-17    0.16181571218867719
703    -0.0    -2.0816681711721685e-17    0.16181571218867713
704    -0.0    -5.2583805365546965e-17    0.16181571218867716
705    -0.0    -1.1904539853890839e-16    0.1618157121886772
706    -0.0    -1.5504091066542713e-17    0.16181571218867713
707    -0.0    -1.6154612370034016e-17    0.16181571218867713
708    -0.0    -1.1817803680091998e-17    0.1618157121886771
709    -0.0    -1.1850329745266563e-16    0.1618157121886772
710    -0.0    -6.624475273886432e-17    0.16181571218867716
711    -0.0    -7.161155349266757e-17    0.16181571218867719
712    -0.0    -7.37257477290143e-17    0.16181571218867719
713    0.0    9.443400922348744e-17    0.16181571218867702
714    -0.0    -3.979021973021801e-17    0.16181571218867713
715    0.0    1.9569849213363355e-17    0.16181571218867707
716    -0.0    -1.1362438767648086e-16    0.1618157121886772
717    0.0    6.136584296267955e-17    0.16181571218867705
718    -0.0    -2.0491421059976034e-17    0.16181571218867713
719    0.0    9.004299042492114e-17    0.16181571218867702
720    -0.0    -7.068998164605489e-17    0.16181571218867719
721    0.0    1.7715863498413142e-16    0.16181571218867694
722    -0.0    -1.4257258568184383e-16    0.16181571218867724
723    0.0    1.1031757105040008e-16    0.161815712188677
724    -0.0    -3.2851325826310784e-17    0.16181571218867713
725    0.0    1.0636023312082798e-16    0.161815712188677
726    0.0    7.35089072945172e-17    0.16181571218867702
727    0.0    1.52059354691092e-16    0.16181571218867696
728    0.0    2.1575623232461538e-17    0.16181571218867707
729    0.0    1.5748036555351952e-16    0.16181571218867694
730    0.0    4.119968255444917e-17    0.16181571218867707
731    0.0    8.988036009904832e-17    0.16181571218867702
732    0.0    7.589415207398531e-17    0.16181571218867702
733    0.0    1.5124620306172787e-16    0.16181571218867696
734    0.0    1.1351596745923231e-16    0.161815712188677
735    0.0    4.3259666682171627e-17    0.16181571218867705
736    0.0    2.2442984970449942e-17    0.16181571218867707
737    -0.0    -9.86623976961809e-18    0.1618157121886771
738    0.0    5.171644362755856e-17    0.16181571218867705
739    0.0    1.0386656812411132e-16    0.161815712188677
740    -0.0    -1.4203048459560108e-17    0.16181571218867713
741    0.0    4.87890977618477e-19    0.1618157121886771
742    0.0    2.45029690981724e-17    0.16181571218867707
743    0.0    1.336821278674627e-16    0.16181571218867696
744    -0.0    -2.656295322589486e-17    0.16181571218867713
745    0.0    3.258027528318941e-17    0.16181571218867707
746    0.0    2.8189256484623115e-17    0.16181571218867707
747    0.0    1.0169816377914032e-16    0.161815712188677
748    -0.0    -8.294146619514109e-17    0.16181571218867719
749    0.0    2.222614453595284e-18    0.1618157121886771
750    0.0    5.442694905877232e-17    0.16181571218867705
751    0.0    3.08455518072126e-17    0.16181571218867707
752    -0.0    -2.2985086056692694e-17    0.16181571218867713
753    0.0    1.5384828827569308e-16    0.16181571218867694
754    0.0    6.407634839389331e-17    0.16181571218867705
755    -0.0    -4.7921736023859296e-17    0.16181571218867716
756    0.0    6.917209860457518e-17    0.16181571218867705
757    0.0    5.2475385148298415e-17    0.16181571218867705
758    0.0    2.699663409488906e-17    0.16181571218867707
759    -0.0    -2.3093506273941244e-17    0.16181571218867713
760    0.0    3.5236570605778894e-17    0.16181571218867707
761    0.0    1.045712995362269e-16    0.161815712188677
762    -0.0    -7.892991815694472e-17    0.16181571218867719
763    0.0    9.562663161322149e-17    0.16181571218867702
764    0.0    5.2583805365546965e-17    0.16181571218867705
765    -0.0    -3.69712940817557e-17    0.16181571218867713
766    -0.0    -1.3075478200175183e-16    0.16181571218867724
767    0.0    4.071179157683069e-17    0.16181571218867707
768    -0.0    -5.551115123125783e-17    0.16181571218867716
769    -0.0    -7.128629284092192e-17    0.16181571218867719
770    -0.0    -1.104802013762729e-16    0.1618157121886772
771    -0.0    -7.654467337747661e-17    0.16181571218867719
772    -0.0    -1.4821043697876846e-16    0.16181571218867724
773    -0.0    -8.782037597132586e-17    0.16181571218867719
774    -0.0    -1.9656585387162195e-16    0.1618157121886773
775    0.0    1.3335686721571705e-17    0.1618157121886771
776    -0.0    -1.5547459153442134e-16    0.16181571218867727
777    -0.0    -3.9898639947466563e-17    0.16181571218867713
778    -0.0    -4.868067754459915e-17    0.16181571218867716
779    -0.0    -2.2497195079074217e-17    0.16181571218867713
780    -0.0    -9.334980705100193e-17    0.16181571218867719
781    0.0    1.0842021724855044e-16    0.161815712188677
782    -0.0    -5.594483210025203e-17    0.16181571218867716
783    0.0    1.1579279202145187e-16    0.161815712188677
784    0.0    7.32920668600201e-17    0.16181571218867702
785    0.0    6.776263578034403e-18    0.1618157121886771
786    -0.0    -5.5294310796760726e-18    0.1618157121886771
787    0.0    9.75781955236954e-17    0.161815712188677
788    -0.0    -1.9949319973733282e-17    0.16181571218867713
789    0.0    1.0224026486538307e-16    0.161815712188677
790    -0.0    -7.806255641895632e-17    0.16181571218867719
791    0.0    2.5153490401663703e-17    0.16181571218867707
792    0.0    1.3986208025063007e-17    0.16181571218867707
793    0.0    5.811323644522304e-17    0.16181571218867705
794    0.0    2.3527187142935446e-17    0.16181571218867707
795    -0.0    -1.723881454251952e-17    0.16181571218867713
796    0.0    2.5695591487906455e-17    0.16181571218867707
797    0.0    5.063224145507306e-17    0.16181571218867705
798    -0.0    -5.095750210681871e-18    0.1618157121886771
799    0.0    6.7220534694101275e-18    0.1618157121886771
800    0.0    6.862999751833243e-17    0.16181571218867705
801    -0.0    -1.0842021724855044e-17    0.1618157121886771
802    -0.0    -1.5829351718288365e-17    0.16181571218867713
803    0.0    8.673617379884035e-18    0.1618157121886771
804    -0.0    -3.003240017784847e-17    0.16181571218867713
805    -0.0    -1.0354130747236567e-16    0.1618157121886772
806    0.0    7.600257229123386e-17    0.16181571218867702
807    -0.0    -1.454999315475547e-16    0.16181571218867724
808    0.0    1.2630955309456127e-16    0.16181571218867696
809    0.0    3.480288973678469e-17    0.16181571218867707
810    -0.0    -4.933119884809045e-17    0.16181571218867716
811    0.0    1.465841337200402e-16    0.16181571218867696
812    0.0    3.382710778154774e-17    0.16181571218867707
813    0.0    3.3068166260807885e-17    0.16181571218867707
814    0.0    7.903833837419327e-17    0.16181571218867702
815    0.0    6.114900252818245e-17    0.16181571218867705
816    0.0    2.233456475320139e-17    0.16181571218867707
817    0.0    1.2793585635328952e-17    0.1618157121886771
818    -0.0    -4.662069341687669e-17    0.16181571218867716
819    0.0    3.003240017784847e-17    0.16181571218867707
820    -0.0    -9.573505183047004e-17    0.16181571218867719
821    -0.0    -5.421010862427522e-18    0.1618157121886771
822    0.0    1.3227266504323154e-17    0.1618157121886771
823    0.0    9.584347204771859e-17    0.16181571218867702
824    -0.0    -4.824699667560495e-17    0.16181571218867716
825    0.0    1.373684152539134e-16    0.16181571218867696
826    -0.0    -1.0408340855860843e-16    0.1618157121886772
827    0.0    4.0332320816460765e-17    0.16181571218867707
828    -0.0    -6.01732205729455e-17    0.16181571218867716
829    0.0    2.3744027577432547e-17    0.16181571218867707
830    -0.0    -4.3259666682171627e-17    0.16181571218867716
831    -0.0    -3.230922474006803e-17    0.16181571218867713
832    -0.0    -8.868773770931426e-17    0.16181571218867719
833    0.0    6.245004513516506e-17    0.16181571218867705
834    -0.0    -6.114900252818245e-17    0.16181571218867716
835    0.0    7.589415207398531e-18    0.1618157121886771
836    0.0    8.890457814381136e-18    0.1618157121886771
837    -0.0    -2.721347452938616e-17    0.16181571218867713
838    -0.0    -4.369334755116583e-17    0.16181571218867716
839    -0.0    -5.551115123125783e-17    0.16181571218867716
840    0.0    6.10405823109339e-17    0.16181571218867705
841    -0.0    -2.3635607360183997e-17    0.16181571218867713
842    -0.0    -9.367506770274758e-17    0.16181571218867719
843    -0.0    -2.6454533008646308e-17    0.16181571218867713
844    0.0    1.951563910473908e-18    0.1618157121886771
845    -0.0    -4.4885969940899884e-17    0.16181571218867716
846    -0.0    -4.4994390158148434e-17    0.16181571218867716
847    -0.0    -1.0625181290357943e-16    0.1618157121886772
848    -0.0    -1.0299920638612292e-17    0.1618157121886771
849    -0.0    -5.4643789493269423e-17    0.16181571218867716
850    -0.0    -5.4643789493269423e-17    0.16181571218867716
851    0.0    2.461138931542095e-17    0.16181571218867707
852    0.0    2.8080836267374565e-17    0.16181571218867707
853    -0.0    -2.677979366039196e-17    0.16181571218867713
854    -0.0    -3.5236570605778894e-17    0.16181571218867713
855    0.0    2.7321894746634712e-17    0.16181571218867707
856    -0.0    -5.594483210025203e-17    0.16181571218867716
857    0.0    4.347650711666873e-17    0.16181571218867705
858    0.0    4.0657581468206416e-17    0.16181571218867707
859    0.0    6.928051882182373e-17    0.16181571218867705
860    0.0    3.903127820947816e-18    0.1618157121886771
861    0.0    1.0538445116559103e-16    0.161815712188677
862    0.0    5.063224145507306e-17    0.16181571218867705
863    -0.0    -2.688821387764051e-17    0.16181571218867713
864    0.0    6.028164079019405e-17    0.16181571218867705
865    0.0    3.577867169202165e-18    0.1618157121886771
866    -0.0    -1.1492543028346347e-16    0.1618157121886772
867    0.0    7.697835424647081e-18    0.1618157121886771
868    0.0    1.1492543028346347e-17    0.1618157121886771
869    0.0    9.128982292327947e-17    0.16181571218867702
870    0.0    1.984089975648473e-17    0.16181571218867707
871    0.0    7.936359902593892e-17    0.16181571218867702
872    -0.0    -6.179952383167375e-18    0.1618157121886771
873    0.0    4.8030156241107846e-17    0.16181571218867705
874    0.0    7.448468924975415e-17    0.16181571218867702
875    0.0    9.367506770274758e-17    0.16181571218867702
876    0.0    1.124317652867468e-16    0.161815712188677
877    0.0    8.857931749206571e-17    0.16181571218867702
878    0.0    9.920449878242366e-17    0.161815712188677
879    0.0    1.4278942611634093e-16    0.16181571218867696
880    0.0    4.0440741033709315e-17    0.16181571218867707
881    0.0    7.166576360129184e-17    0.16181571218867702
882    0.0    2.873135757086587e-17    0.16181571218867707
883    0.0    1.592692991381206e-16    0.16181571218867694
884    -0.0    -8.55435514091063e-17    0.16181571218867719
885    0.0    1.5222198501696482e-16    0.16181571218867696
886    0.0    3.3068166260807885e-17    0.16181571218867707
887    0.0    1.6425662913155392e-16    0.16181571218867694
888    -0.0    -4.5536491244391186e-17    0.16181571218867716
889    0.0    8.630249292984615e-17    0.16181571218867702
890    -0.0    -4.2500725161431774e-17    0.16181571218867716
891    0.0    1.1731067506293158e-16    0.161815712188677
892    0.0    1.0820337681405334e-16    0.161815712188677
893    0.0    6.982261990806649e-17    0.16181571218867702
894    0.0    1.1481701006621492e-16    0.161815712188677
895    0.0    2.754957720285667e-16    0.16181571218867682
896    0.0    2.7300210703185e-16    0.16181571218867682
897    0.0    5.140202499753777e-16    0.16181571218867657
898    0.0    5.925164872633282e-16    0.16181571218867652
899    0.0    9.096456227153382e-16    0.1618157121886762
900    0.0    1.1808045860539629e-15    0.1618157121886759
901    0.0    1.7592264450749795e-15    0.16181571218867535
902    0.0    2.2229397142470297e-15    0.16181571218867488
903    0.0    3.1218517354547615e-15    0.161815712188674
904    0.0    4.195428726649908e-15    0.1618157121886729
905    0.0    5.8632569285843594e-15    0.16181571218867125
906    0.0    7.714965818972352e-15    0.16181571218866939
907    0.0    1.0748671917804042e-14    0.16181571218866636
908    0.0    1.4642475600068483e-14    0.16181571218866245
909    0.0    1.9867679550145123e-14    0.16181571218865723
910    0.0    2.7201765145923318e-14    0.1618157121886499
911    0.0    3.7292760025897653e-14    0.1618157121886398
912    0.0    5.109356947946564e-14    0.161815712188626
913    0.0    6.985438703172031e-14    0.16181571218860724
914    0.0    9.552319872596637e-14    0.16181571218858157
915    0.0    1.306444102205928e-13    0.16181571218854646
916    0.0    1.7864377512000207e-13    0.16181571218849847
917    0.0    2.4423030871995044e-13    0.16181571218843288
918    0.0    3.338859137086425e-13    0.1618157121883432
919    0.0    4.568062508120141e-13    0.1618157121882203
920    0.0    6.244742136590764e-13    0.16181571218805263
921    0.0    8.53905704825686e-13    0.1618157121878232
922    0.0    1.1675588881127075e-12    0.16181571218750954
923    0.0    1.5964905179105537e-12    0.1618157121870806
924    0.0    2.18301440292612e-12    0.1618157121864941
925    0.0    2.985121915280442e-12    0.161815712185692
926    0.0    4.081656887477969e-12    0.16181571218459545
927    0.0    5.581198914486607e-12    0.1618157121830959
928    0.0    7.631379252484582e-12    0.16181571218104573
929    0.0    1.043500420620791e-11    0.1618157121782421
930    0.0    1.4268310274609397e-11    0.1618157121744088
931    0.0    1.950985206722322e-11    0.16181571216916724
932    0.0    2.6677073093964165e-11    0.16181571216200002
933    0.0    3.6477057268821667e-11    0.16181571215220006
934    0.0    4.987735571782004e-11    0.16181571213879975
935    0.0    6.820024970113914e-11    0.16181571212047685
936    0.0    9.325414420703615e-11    0.16181571209542295
937    0.0    1.2751195802365722e-10    0.16181571206116516
938    0.0    1.743546392332651e-10    0.16181571201432246
939    0.0    2.384054681101033e-10    0.16181571195027164
940    0.0    3.259859433172446e-10    0.16181571186269117
941    0.0    4.4573996078357825e-10    0.16181571174293713
942    0.0    6.094867043785618e-10    0.1618157115791904
943    0.0    8.333874946479108e-10    0.1618157113552896
944    0.0    1.1395402475366384e-09    0.16181571104913686
945    0.0    1.5581610214327607e-09    0.16181571063051609
946    0.0    2.130566294569758e-09    0.1618157100581108
947    0.0    2.913249862917036e-09    0.16181570927542724
948    0.0    3.9834597018520435e-09    0.1618157082052174
949    0.0    5.44682135852903e-09    0.16181570674185575
950    0.0    7.4477626503099276e-09    0.16181570474091445
951    0.0    1.0183768514885824e-08    0.16181570200490858
952    0.0    1.392487224680973e-08    0.16181569826380485
953    0.0    1.9040305717721653e-08    0.16181569314837138
954    0.0    2.6034942124039673e-08    0.16181568615373498
955    0.0    3.5599124094095116e-08    0.161815676589553
956    0.0    4.867679903423905e-08    0.16181566351187807
957    0.0    6.655868125941301e-08    0.16181564562999584
958    0.0    9.100964193484336e-08    0.16181562117903517
959    0.0    1.2444289460727433e-07    0.1618155877457825
960    0.0    1.7015816842092663e-07    0.16181554203050869
961    0.0    2.326673803911515e-07    0.1618154795212967
962    0.0    3.1813994244740684e-07    0.16181539404873466
963    0.0    4.3501165824166507e-07    0.16181527717701885
964    0.0    5.948173038010547e-07    0.1618151173713733
965    0.0    8.133290643032656e-07    0.1618148988596128
966    0.0    1.112113186476412e-06    0.16181460007549062
967    0.0    1.5206584811208387e-06    0.161814191530196
968    0.0    2.079286754391816e-06    0.16181363290192272
969    0.0    2.843132409550541e-06    0.16181286905626754
970    0.0    3.887583998398846e-06    0.16181182460467872
971    0.0    5.315724779337335e-06    0.16181039646389778
972    0.0    7.2685066433626246e-06    0.16180844368203373
973    0.0    9.938661548206107e-06    0.16180577352712888
974    0.0    1.3589723502229097e-05    0.16180212246517486
975    0.0    1.858203857590642e-05    0.1617971301501012
976    0.0    2.5408330258657862e-05    0.16179030385841844
977    0.0    3.474233086141459e-05    0.16178096985781568
978    0.0    4.7505280075141234e-05    0.16176820690860197
979    0.0    6.49568572391227e-05    0.16175075533143798
980    0.0    8.881953046287975e-05    0.16172689265821422
981    0.0    0.00012144861647368993    0.1616942635722034
982    0.0    0.00016606488789516326    0.16164964730078193
983    0.0    0.000227072815860803    0.1615886393728163
984    0.0    0.0003104961817858697    0.16150521600689124
985    0.0    0.00042457485891151357    0.1613911373297656
986    0.0    0.0005805836736606767    0.16123512851501642
987    0.0    0.0007939591738531709    0.16102175301482394
988    0.0    0.0010858580122752315    0.16072985417640187
989    0.0    0.0014853320398654718    0.16033038014881162
990    0.0    0.0020324134659265285    0.15978329872275057
991    0.0    0.0027826140848524463    0.15903309810382465
992    0.0    0.0038137956414191375    0.15800191654725795
993    0.0    0.005237440847895527    0.1565782713407816
994    0.0    0.00721914838852448    0.15459656380015263
995    0.0    0.010021316604435383    0.1517943955842417
996    0.0    0.0141086803066825    0.1477070318819946
997    0.0    0.020477177965982682    0.14133853422269443
998    0.0    0.03215265796943973    0.12966305421923738
999    0.14374330391298742    0.07187165195649371    0.08994406023218339
