0    0.08852143808871607    0.044260719044358035    0.07065822986135671
1    0.11122260583270857    0.055611302916354285    0.05930764598936046
2    0.13117076979310793    0.06558538489655397    0.04933356400916078
3    0.1484988777037628    0.0742494388518814    0.040669510053833346
4    0.1633085420691755    0.08165427103458775    0.033264677871126996
5    0.17579122955762005    0.08789561477881003    0.02702333412690472
6    0.18617844822534588    0.09308922411267294    0.021829724793041808
7    0.1947348448915843    0.09736742244579215    0.017551526459922598
8    0.20172160679760165    0.10086080339880082    0.014058145506913922
9    0.20738782906475525    0.10369391453237763    0.01122503437333712
10    0.21195679306407295    0.10597839653203647    0.008940552373678273
11    0.21562457972189356    0.10781228986094678    0.007106659044767968
12    0.2185581121772656    0.1092790560886328    0.005639892817081951
13    0.22089767675696712    0.11044883837848356    0.004470110527231189
14    0.22275918821645194    0.11137959410822597    0.003539354797488778
15    0.2242376438132077    0.11211882190660385    0.0028001269991108912
16    0.2254101456450693    0.11270507282253465    0.0022138760831800913
17    0.22633894620853437    0.11316947310426718    0.0017494758014475614
18    0.22707402264172047    0.11353701132086023    0.0013819375848545118
19    0.22765536426280533    0.11382768213140267    0.0010912667743120802
20    0.22811485992461897    0.11405742996230948    0.0008615189434052622
21    0.22847788532914481    0.11423894266457241    0.0006800062411423391
22    0.22876459189974763    0.11438229594987381    0.0005366529558409328
23    0.22899096099087232    0.11449548049543616    0.00042346841027858517
24    0.22916965102535986    0.11458482551267993    0.00033412339303481864
25    0.22931067996916085    0.11465533998458043    0.0002636089211343201
26    0.22942197007077564    0.11471098503538782    0.0002079638703269271
27    0.22950978295258012    0.11475489147629006    0.00016405742942468549
28    0.22957906539104309    0.11478953269552154    0.00012941621019320337
29    0.22963372411196448    0.11481686205598224    0.00010208684973250781
30    0.22967684357284165    0.11483842178642083    8.052711929391887e-05
31    0.22971085852135642    0.11485542926067821    6.351964503653607e-05
32    0.2297376905103458    0.1148688452551729    5.0103650541852285e-05
33    0.22975885587098457    0.11487942793549229    3.952097022245915e-05
34    0.22977555103671324    0.11488777551835662    3.1173387358127136e-05
35    0.2297887199549525    0.11489435997747625    2.4588928238492014e-05
36    0.22979910732007403    0.11489955366003701    1.939524567773354e-05
37    0.22980730060329455    0.11490365030164727    1.529860406747352e-05
38    0.22981376322747726    0.11490688161373863    1.2067291976114447e-05
39    0.22981886074958963    0.11490943037479481    9.518530919933044e-06
40    0.22982288152105027    0.11491144076052513    7.508145189613624e-06
41    0.22982605298940384    0.11491302649470192    5.922411012826423e-06
42    0.2298285545595446    0.1149142772797723    4.67162594244841e-06
43    0.22983052774009835    0.11491526387004918    3.6850356655709904e-06
44    0.22983208414753262    0.11491604207376631    2.9068319484376604e-06
45    0.229833311820114    0.114916655910057    2.292995657751651e-06
46    0.22983428019842062    0.11491714009921031    1.8088065044385981e-06
47    0.22983504405394337    0.11491752202697168    1.4268787430632424e-06
48    0.22983564658787406    0.11491782329393703    1.1256117777164176e-06
49    0.22983612187533417    0.11491806093766709    8.87968047660892e-07
50    0.22983649679327622    0.11491824839663811    7.005090766343258e-07
51    0.22983679254112016    0.11491839627056008    5.526351546658592e-07
52    0.22983702584015264    0.11491851292007632    4.3598563842506266e-07
53    0.22983720987954676    0.11491860493977338    3.439659413684293e-07
54    0.22983735506252306    0.11491867753126153    2.713744532145679e-07
55    0.2298374695948829    0.11491873479744145    2.1410827329149118e-07
56    0.22983755994920546    0.11491877997460273    1.689311120156578e-07
57    0.2298376312309784    0.1149188156154892    1.3329022555130798e-07
58    0.22983768746738217    0.11491884373369109    1.0517202365945e-07
59    0.22983773183506753    0.11491886591753377    8.29881809799593e-08
60    0.2298377668398111    0.11491888341990555    6.548580919196745e-08
61    0.2298377944582219    0.11491889722911094    5.1676603801675824e-08
62    0.22983781624950989    0.11491890812475494    4.078095980353247e-08
63    0.22983783344364656    0.11491891672182328    3.218389146852907e-08
64    0.2298378470109006    0.1149189235054503    2.5400264447306142e-08
65    0.22983785771668527    0.11491892885834264    2.0047372109588402e-08
66    0.2298378661648218    0.1149189330824109    1.5823303847750658e-08
67    0.2298378728316644    0.1149189364158322    1.248988254487493e-08
68    0.22983787809301479    0.11491893904650739    9.859207353302146e-09
69    0.2298378822453553    0.11491894112267766    7.783037089814648e-09
70    0.22983788552259732    0.11491894276129866    6.144416087039417e-09
71    0.2298378881092898    0.1149189440546449    4.851069851374845e-09
72    0.22983789015104114    0.11491894507552057    3.830194175713508e-09
73    0.22983789176273983    0.11491894588136992    3.024344830127035e-09
74    0.22983789303503738    0.11491894651751869    2.388196057578895e-09
75    0.22983789403946367    0.11491894701973183    1.8859829115092097e-09
76    0.22983789483246492    0.11491894741623246    1.489482287508892e-09
77    0.2298378954585831    0.11491894772929155    1.1764231949706883e-09
78    0.22983789595296997    0.11491894797648498    9.292297625806967e-10
79    0.2298378963433665    0.11491894817168324    7.340315022474897e-10
80    0.229837896651668    0.114918948325834    5.798807406476314e-10
81    0.2298378968951545    0.11491894844757725    4.581375001588839e-10
82    0.22983789708746669    0.11491894854373334    3.6198140318521865e-10
83    0.22983789723937056    0.11491894861968528    2.860294640028016e-10
84    0.22983789735936688    0.11491894867968344    2.2603130478415778e-10
85    0.22983789745416433    0.11491894872708217    1.786325809494116e-10
86    0.22983789752906073    0.11491894876453036    1.4118438362853425e-10
87    0.22983789758823883    0.11491894879411942    1.1159533019888812e-10
88    0.2298378976350009    0.11491894881750045    8.821429697825067e-11
89    0.22983789767195512    0.11491894883597756    6.973718824632158e-11
90    0.22983789770116111    0.11491894885058056    5.513418888103416e-11
91    0.22983789772424504    0.11491894886212252    4.359222705030419e-11
92    0.22983789774249147    0.11491894887124574    3.446901097881039e-11
93    0.22983789775691585    0.11491894887845792    2.725682179960387e-11
94    0.22983789776831914    0.11491894888415957    2.1555174312126724e-11
95    0.2298378977773352    0.1149189488886676    1.704714147621189e-11
96    0.22983789778446426    0.11491894889223213    1.348261779998694e-11
97    0.22983789779010108    0.11491894889505054    1.0664205629673518e-11
98    0.22983789779455918    0.11491894889727959    8.43515535198236e-12
99    0.22983789779808478    0.11491894889904239    6.672357111270344e-12
100    0.22983789780087327    0.11491894890043663    5.278111281370457e-12
101    0.22983789780307898    0.11491894890153949    4.17525736207125e-12
102    0.22983789780482344    0.11491894890241172    3.3030245205623032e-12
103    0.22983789780620403    0.11491894890310202    2.6127294772138043e-12
104    0.2298378978072954    0.1149189489036477    2.067040982822732e-12
105    0.2298378978081591    0.11491894890407955    1.6351919818191618e-12
106    0.22983789780884234    0.11491894890442117    1.2935763571420011e-12
107    0.22983789780938313    0.11491894890469156    1.0231815394945443e-12
108    0.22983789780981065    0.11491894890490532    8.094219738907782e-13
109    0.2298378978101489    0.11491894890507445    6.402933738769434e-13
110    0.22983789781041677    0.11491894890520839    5.063588437437261e-13
111    0.22983789781062863    0.11491894890531432    4.0042968940667834e-13
112    0.22983789781079605    0.11491894890539803    3.1671887334994153e-13
113    0.22983789781092864    0.11491894890546432    2.5042468099201187e-13
114    0.22983789781103373    0.11491894890551686    1.9788337635162634e-13
115    0.22983789781111655    0.11491894890555827    1.56472057533108e-13
116    0.22983789781118225    0.11491894890559112    1.2362333379201118e-13
117    0.22983789781123398    0.11491894890561699    9.775513731824503e-14
118    0.22983789781127525    0.11491894890563763    7.711886684802494e-14
119    0.22983789781130773    0.11491894890565386    6.088185511288202e-14
120    0.2298378978113331    0.11491894890566655    4.819755705653961e-14
121    0.2298378978113536    0.1149189489056768    3.7941871866564725e-14
122    0.22983789781136998    0.11491894890568499    2.9753977059954195e-14
123    0.22983789781138225    0.11491894890569113    2.3619994848900205e-14
124    0.229837897811392    0.114918948905696    1.874889132835733e-14
125    0.22983789781140027    0.11491894890570013    1.4613310561628623e-14
126    0.22983789781140615    0.11491894890570307    1.1671219546371958e-14
127    0.22983789781141117    0.11491894890570559    9.159339953157541e-15
128    0.22983789781141517    0.11491894890570759    7.16093850883226e-15
129    0.2298378978114185    0.11491894890570925    5.495603971894525e-15
130    0.2298378978114208    0.1149189489057104    4.343747583845925e-15
131    0.2298378978114227    0.11491894890571135    3.400058012914542e-15
132    0.22983789781142455    0.11491894890571228    2.4702462297909733e-15
133    0.22983789781142566    0.11491894890571283    1.915134717478395e-15
134    0.22983789781142644    0.11491894890571322    1.5265566588595902e-15
135    0.22983789781142736    0.11491894890571368    1.0685896612017132e-15
136    0.2298378978114278    0.1149189489057139    8.465450562766819e-16
137    0.2298378978114283    0.11491894890571415    5.967448757360216e-16
138    0.22983789781142866    0.11491894890571433    4.163336342344337e-16
139    0.22983789781142894    0.11491894890571447    2.7755575615628914e-16
140    0.22983789781142888    0.11491894890571444    3.0531133177191805e-16
141    0.22983789781142883    0.11491894890571441    3.3306690738754696e-16
142    0.22983789781142938    0.11491894890571469    5.551115123125783e-17
143    0.22983789781142971    0.11491894890571486    1.1102230246251565e-16
144    0.22983789781142966    0.11491894890571483    8.326672684688674e-17
145    0.22983789781142944    0.11491894890571472    2.7755575615628914e-17
146    0.2298378978114294    0.1149189489057147    4.163336342344337e-17
147    0.22983789781142958    0.11491894890571479    4.163336342344337e-17
148    0.22983789781142933    0.11491894890571466    8.326672684688674e-17
149    0.2298378978114299    0.11491894890571495    2.0816681711721685e-16
150    0.22983789781142988    0.11491894890571494    1.942890293094024e-16
151    0.2298378978114301    0.11491894890571505    3.0531133177191805e-16
152    0.2298378978114298    0.1149189489057149    1.5265566588595902e-16
153    0.22983789781142977    0.11491894890571488    1.3877787807814457e-16
154    0.22983789781142974    0.11491894890571487    1.249000902703301e-16
155    0.22983789781142985    0.11491894890571493    1.8041124150158794e-16
156    0.22983789781142971    0.11491894890571486    1.1102230246251565e-16
157    0.2298378978114298    0.1149189489057149    1.5265566588595902e-16
158    0.22983789781142977    0.11491894890571488    1.3877787807814457e-16
159    0.22983789781142977    0.11491894890571488    1.3877787807814457e-16
160    0.22983789781142966    0.11491894890571483    8.326672684688674e-17
161    0.22983789781142966    0.11491894890571483    8.326672684688674e-17
162    0.2298378978114294    0.1149189489057147    4.163336342344337e-17
163    0.2298378978114298    0.1149189489057149    1.5265566588595902e-16
164    0.22983789781142938    0.11491894890571469    5.551115123125783e-17
165    0.22983789781142952    0.11491894890571476    1.3877787807814457e-17
166    0.2298378978114296    0.1149189489057148    5.551115123125783e-17
167    0.22983789781142985    0.11491894890571493    1.8041124150158794e-16
168    0.2298378978114296    0.1149189489057148    5.551115123125783e-17
169    0.22983789781142983    0.11491894890571491    1.6653345369377348e-16
170    0.2298378978114298    0.1149189489057149    1.5265566588595902e-16
171    0.22983789781143    0.114918948905715    2.498001805406602e-16
172    0.22983789781143005    0.11491894890571502    2.7755575615628914e-16
173    0.22983789781142994    0.11491894890571497    2.220446049250313e-16
174    0.2298378978114299    0.11491894890571495    2.0816681711721685e-16
175    0.22983789781142958    0.11491894890571479    4.163336342344337e-17
176    0.22983789781142977    0.11491894890571488    1.3877787807814457e-16
177    0.22983789781142994    0.11491894890571497    2.220446049250313e-16
178    0.22983789781142974    0.11491894890571487    1.249000902703301e-16
179    0.22983789781142985    0.11491894890571493    1.8041124150158794e-16
180    0.22983789781142974    0.11491894890571487    1.249000902703301e-16
181    0.22983789781142974    0.11491894890571487    1.249000902703301e-16
182    0.22983789781142927    0.11491894890571464    1.1102230246251565e-16
183    0.22983789781142946    0.11491894890571473    1.3877787807814457e-17
184    0.2298378978114296    0.1149189489057148    5.551115123125783e-17
185    0.22983789781142958    0.11491894890571479    4.163336342344337e-17
186    0.22983789781142938    0.11491894890571469    5.551115123125783e-17
187    0.2298378978114295    0.11491894890571475    0.0
188    0.2298378978114295    0.11491894890571475    0.0
189    0.2298378978114294    0.1149189489057147    4.163336342344337e-17
190    0.22983789781142983    0.11491894890571491    1.6653345369377348e-16
191    0.22983789781142985    0.11491894890571493    1.8041124150158794e-16
192    0.22983789781142988    0.11491894890571494    1.942890293094024e-16
193    0.22983789781142946    0.11491894890571473    1.3877787807814457e-17
194    0.22983789781142977    0.11491894890571488    1.3877787807814457e-16
195    0.22983789781143013    0.11491894890571507    3.191891195797325e-16
196    0.22983789781142974    0.11491894890571487    1.249000902703301e-16
197    0.22983789781142985    0.11491894890571493    1.8041124150158794e-16
198    0.2298378978114298    0.1149189489057149    1.5265566588595902e-16
199    0.2298378978114301    0.11491894890571505    3.0531133177191805e-16
200    0.22983789781143005    0.11491894890571502    2.7755575615628914e-16
201    0.22983789781143002    0.11491894890571501    2.636779683484747e-16
202    0.22983789781142955    0.11491894890571477    2.7755575615628914e-17
203    0.22983789781142985    0.11491894890571493    1.8041124150158794e-16
204    0.2298378978114298    0.1149189489057149    1.5265566588595902e-16
205    0.22983789781142966    0.11491894890571483    8.326672684688674e-17
206    0.2298378978114299    0.11491894890571495    2.0816681711721685e-16
207    0.22983789781142996    0.11491894890571498    2.3592239273284576e-16
208    0.22983789781143038    0.11491894890571519    4.440892098500626e-16
209    0.22983789781142977    0.11491894890571488    1.3877787807814457e-16
210    0.22983789781142988    0.11491894890571494    1.942890293094024e-16
211    0.22983789781143021    0.11491894890571511    3.608224830031759e-16
212    0.22983789781142966    0.11491894890571483    8.326672684688674e-17
213    0.22983789781142974    0.11491894890571487    1.249000902703301e-16
214    0.2298378978114295    0.11491894890571475    0.0
215    0.22983789781142985    0.11491894890571493    1.8041124150158794e-16
216    0.22983789781142983    0.11491894890571491    1.6653345369377348e-16
217    0.22983789781142988    0.11491894890571494    1.942890293094024e-16
218    0.22983789781142955    0.11491894890571477    2.7755575615628914e-17
219    0.22983789781142996    0.11491894890571498    2.3592239273284576e-16
220    0.22983789781143002    0.11491894890571501    2.636779683484747e-16
221    0.22983789781142971    0.11491894890571486    1.1102230246251565e-16
222    0.2298378978114297    0.11491894890571484    9.71445146547012e-17
223    0.22983789781142971    0.11491894890571486    1.1102230246251565e-16
224    0.22983789781142977    0.11491894890571488    1.3877787807814457e-16
225    0.2298378978114298    0.1149189489057149    1.5265566588595902e-16
226    0.22983789781143002    0.11491894890571501    2.636779683484747e-16
227    0.22983789781142985    0.11491894890571493    1.8041124150158794e-16
228    0.22983789781142996    0.11491894890571498    2.3592239273284576e-16
229    0.2298378978114301    0.11491894890571505    3.0531133177191805e-16
230    0.22983789781143008    0.11491894890571504    2.914335439641036e-16
231    0.22983789781143005    0.11491894890571502    2.7755575615628914e-16
232    0.22983789781142994    0.11491894890571497    2.220446049250313e-16
233    0.2298378978114301    0.11491894890571505    3.0531133177191805e-16
234    0.22983789781142983    0.11491894890571491    1.6653345369377348e-16
235    0.22983789781142996    0.11491894890571498    2.3592239273284576e-16
236    0.22983789781142955    0.11491894890571477    2.7755575615628914e-17
237    0.22983789781142958    0.11491894890571479    4.163336342344337e-17
238    0.22983789781142958    0.11491894890571479    4.163336342344337e-17
239    0.22983789781142974    0.11491894890571487    1.249000902703301e-16
240    0.22983789781142966    0.11491894890571483    8.326672684688674e-17
241    0.22983789781142966    0.11491894890571483    8.326672684688674e-17
242    0.2298378978114298    0.1149189489057149    1.5265566588595902e-16
243    0.2298378978114296    0.1149189489057148    5.551115123125783e-17
244    0.22983789781142966    0.11491894890571483    8.326672684688674e-17
245    0.2298378978114296    0.1149189489057148    5.551115123125783e-17
246    0.22983789781142966    0.11491894890571483    8.326672684688674e-17
247    0.2298378978114297    0.11491894890571484    9.71445146547012e-17
248    0.2298378978114294    0.1149189489057147    4.163336342344337e-17
249    0.22983789781142897    0.11491894890571448    2.636779683484747e-16
250    0.2298378978114295    0.11491894890571475    0.0
251    0.22983789781142944    0.11491894890571472    2.7755575615628914e-17
252    0.2298378978114297    0.11491894890571484    9.71445146547012e-17
253    0.22983789781142996    0.11491894890571498    2.3592239273284576e-16
254    0.22983789781142944    0.11491894890571472    2.7755575615628914e-17
255    0.22983789781143    0.114918948905715    2.498001805406602e-16
256    0.22983789781142971    0.11491894890571486    1.1102230246251565e-16
257    0.22983789781142977    0.11491894890571488    1.3877787807814457e-16
258    0.22983789781142963    0.11491894890571482    6.938893903907228e-17
259    0.2298378978114298    0.1149189489057149    1.5265566588595902e-16
260    0.22983789781142966    0.11491894890571483    8.326672684688674e-17
261    0.22983789781142971    0.11491894890571486    1.1102230246251565e-16
262    0.2298378978114294    0.1149189489057147    4.163336342344337e-17
263    0.2298378978114299    0.11491894890571495    2.0816681711721685e-16
264    0.22983789781142963    0.11491894890571482    6.938893903907228e-17
265    0.22983789781142955    0.11491894890571477    2.7755575615628914e-17
266    0.22983789781143024    0.11491894890571512    3.7470027081099033e-16
267    0.22983789781143008    0.11491894890571504    2.914335439641036e-16
268    0.2298378978114304    0.1149189489057152    4.579669976578771e-16
269    0.22983789781142996    0.11491894890571498    2.3592239273284576e-16
270    0.22983789781142994    0.11491894890571497    2.220446049250313e-16
271    0.22983789781142994    0.11491894890571497    2.220446049250313e-16
272    0.22983789781143008    0.11491894890571504    2.914335439641036e-16
273    0.22983789781142963    0.11491894890571482    6.938893903907228e-17
274    0.22983789781142958    0.11491894890571479    4.163336342344337e-17
275    0.22983789781142977    0.11491894890571488    1.3877787807814457e-16
276    0.22983789781143013    0.11491894890571507    3.191891195797325e-16
277    0.22983789781142988    0.11491894890571494    1.942890293094024e-16
278    0.2298378978114297    0.11491894890571484    9.71445146547012e-17
279    0.2298378978114292    0.1149189489057146    1.5265566588595902e-16
280    0.22983789781142977    0.11491894890571488    1.3877787807814457e-16
281    0.22983789781143005    0.11491894890571502    2.7755575615628914e-16
282    0.22983789781142985    0.11491894890571493    1.8041124150158794e-16
283    0.2298378978114302    0.1149189489057151    3.469446951953614e-16
284    0.22983789781143008    0.11491894890571504    2.914335439641036e-16
285    0.22983789781142994    0.11491894890571497    2.220446049250313e-16
286    0.22983789781142971    0.11491894890571486    1.1102230246251565e-16
287    0.2298378978114294    0.1149189489057147    4.163336342344337e-17
288    0.22983789781142983    0.11491894890571491    1.6653345369377348e-16
289    0.22983789781142983    0.11491894890571491    1.6653345369377348e-16
290    0.22983789781142996    0.11491894890571498    2.3592239273284576e-16
291    0.22983789781142994    0.11491894890571497    2.220446049250313e-16
292    0.22983789781142988    0.11491894890571494    1.942890293094024e-16
293    0.22983789781142955    0.11491894890571477    2.7755575615628914e-17
294    0.22983789781142963    0.11491894890571482    6.938893903907228e-17
295    0.2298378978114293    0.11491894890571465    9.71445146547012e-17
296    0.22983789781142971    0.11491894890571486    1.1102230246251565e-16
297    0.22983789781143013    0.11491894890571507    3.191891195797325e-16
298    0.22983789781142988    0.11491894890571494    1.942890293094024e-16
299    0.22983789781142944    0.11491894890571472    2.7755575615628914e-17
300    0.22983789781142952    0.11491894890571476    1.3877787807814457e-17
301    0.22983789781142985    0.11491894890571493    1.8041124150158794e-16
302    0.22983789781142988    0.11491894890571494    1.942890293094024e-16
303    0.22983789781142958    0.11491894890571479    4.163336342344337e-17
304    0.22983789781142994    0.11491894890571497    2.220446049250313e-16
305    0.22983789781143005    0.11491894890571502    2.7755575615628914e-16
306    0.22983789781142952    0.11491894890571476    1.3877787807814457e-17
307    0.2298378978114294    0.1149189489057147    4.163336342344337e-17
308    0.2298378978114302    0.1149189489057151    3.469446951953614e-16
309    0.22983789781143038    0.11491894890571519    4.440892098500626e-16
310    0.22983789781143    0.114918948905715    2.498001805406602e-16
311    0.22983789781142963    0.11491894890571482    6.938893903907228e-17
312    0.22983789781143    0.114918948905715    2.498001805406602e-16
313    0.2298378978114301    0.11491894890571505    3.0531133177191805e-16
314    0.22983789781142996    0.11491894890571498    2.3592239273284576e-16
315    0.2298378978114301    0.11491894890571505    3.0531133177191805e-16
316    0.2298378978114299    0.11491894890571495    2.0816681711721685e-16
317    0.2298378978114297    0.11491894890571484    9.71445146547012e-17
318    0.22983789781142985    0.11491894890571493    1.8041124150158794e-16
319    0.22983789781143008    0.11491894890571504    2.914335439641036e-16
320    0.22983789781142958    0.11491894890571479    4.163336342344337e-17
321    0.22983789781142983    0.11491894890571491    1.6653345369377348e-16
322    0.22983789781143016    0.11491894890571508    3.3306690738754696e-16
323    0.22983789781143005    0.11491894890571502    2.7755575615628914e-16
324    0.22983789781142994    0.11491894890571497    2.220446049250313e-16
325    0.22983789781142958    0.11491894890571479    4.163336342344337e-17
326    0.22983789781143    0.114918948905715    2.498001805406602e-16
327    0.2298378978114294    0.1149189489057147    4.163336342344337e-17
328    0.22983789781142958    0.11491894890571479    4.163336342344337e-17
329    0.22983789781142985    0.11491894890571493    1.8041124150158794e-16
330    0.2298378978114298    0.1149189489057149    1.5265566588595902e-16
331    0.2298378978114297    0.11491894890571484    9.71445146547012e-17
332    0.22983789781142938    0.11491894890571469    5.551115123125783e-17
333    0.22983789781142944    0.11491894890571472    2.7755575615628914e-17
334    0.22983789781142988    0.11491894890571494    1.942890293094024e-16
335    0.22983789781142952    0.11491894890571476    1.3877787807814457e-17
336    0.2298378978114295    0.11491894890571475    0.0
337    0.22983789781143002    0.11491894890571501    2.636779683484747e-16
338    0.22983789781143002    0.11491894890571501    2.636779683484747e-16
339    0.2298378978114297    0.11491894890571484    9.71445146547012e-17
340    0.2298378978114293    0.11491894890571465    9.71445146547012e-17
341    0.2298378978114296    0.1149189489057148    5.551115123125783e-17
342    0.22983789781142971    0.11491894890571486    1.1102230246251565e-16
343    0.22983789781142963    0.11491894890571482    6.938893903907228e-17
344    0.22983789781142958    0.11491894890571479    4.163336342344337e-17
345    0.22983789781142974    0.11491894890571487    1.249000902703301e-16
346    0.22983789781143002    0.11491894890571501    2.636779683484747e-16
347    0.22983789781143016    0.11491894890571508    3.3306690738754696e-16
348    0.22983789781142977    0.11491894890571488    1.3877787807814457e-16
349    0.22983789781142971    0.11491894890571486    1.1102230246251565e-16
350    0.22983789781142905    0.11491894890571452    2.220446049250313e-16
351    0.22983789781142946    0.11491894890571473    1.3877787807814457e-17
352    0.22983789781142974    0.11491894890571487    1.249000902703301e-16
353    0.2298378978114294    0.1149189489057147    4.163336342344337e-17
354    0.22983789781142988    0.11491894890571494    1.942890293094024e-16
355    0.22983789781142927    0.11491894890571464    1.1102230246251565e-16
356    0.22983789781142921    0.11491894890571461    1.3877787807814457e-16
357    0.22983789781142902    0.11491894890571451    2.3592239273284576e-16
358    0.22983789781142927    0.11491894890571464    1.1102230246251565e-16
359    0.2298378978114291    0.11491894890571455    1.942890293094024e-16
360    0.2298378978114289    0.11491894890571445    2.914335439641036e-16
361    0.2298378978114288    0.1149189489057144    3.469446951953614e-16
362    0.22983789781142763    0.11491894890571382    9.298117831235686e-16
363    0.2298378978114269    0.11491894890571346    1.2906342661267445e-15
364    0.22983789781142644    0.11491894890571322    1.5265566588595902e-15
365    0.22983789781142533    0.11491894890571266    2.0816681711721685e-15
366    0.2298378978114244    0.1149189489057122    2.5396351688300456e-15
367    0.22983789781142278    0.11491894890571139    3.3584246494910985e-15
368    0.22983789781142064    0.11491894890571032    4.427014310692812e-15
369    0.22983789781141856    0.11491894890570928    5.467848396278896e-15
370    0.2298378978114155    0.11491894890570775    6.994405055138486e-15
371    0.22983789781141145    0.11491894890570573    9.020562075079397e-15
372    0.2298378978114065    0.11491894890570326    1.149080830487037e-14
373    0.22983789781140046    0.11491894890570023    1.4516166046973922e-14
374    0.2298378978113923    0.11491894890569615    1.8596235662471372e-14
375    0.2298378978113825    0.11491894890569125    2.3495094758629875e-14
376    0.22983789781136948    0.11491894890568474    3.0003777240494856e-14
377    0.22983789781135391    0.11491894890567696    3.7789216200678766e-14
378    0.22983789781133387    0.11491894890566694    4.7808978997920804e-14
379    0.2298378978113074    0.1149189489056537    6.10483885665758e-14
380    0.22983789781127512    0.11491894890563756    7.718825578706401e-14
381    0.22983789781123412    0.11491894890561706    9.768574837920596e-14
382    0.22983789781118263    0.11491894890559132    1.2342904476270178e-13
383    0.2298378978111167    0.11491894890555834    1.5640266859406893e-13
384    0.2298378978110336    0.1149189489055168    1.979527652906654e-13
385    0.22983789781092856    0.11491894890546428    2.504663143554353e-13
386    0.22983789781079594    0.11491894890539797    3.167743845011728e-13
387    0.2298378978106284    0.1149189489053142    4.0054071170914085e-13
388    0.22983789781041666    0.11491894890520833    5.064143548949573e-13
389    0.22983789781014866    0.11491894890507433    6.404182739672137e-13
390    0.22983789780981081    0.11491894890490541    8.093387071639313e-13
391    0.2298378978093825    0.11491894890469125    1.023500728614124e-12
392    0.22983789780884248    0.11491894890442124    1.293506968202962e-12
393    0.22983789780815894    0.11491894890407947    1.6352752485460087e-12
394    0.22983789780729508    0.11491894890364754    2.067207516276426e-12
395    0.2298378978062037    0.11491894890310185    2.612896010667498e-12
396    0.22983789780482405    0.11491894890241203    3.3027192092305313e-12
397    0.22983789780307914    0.11491894890153957    4.175174095344403e-12
398    0.22983789780087316    0.11491894890043658    5.278166792521688e-12
399    0.22983789779808503    0.11491894889904251    6.6722322111800736e-12
400    0.22983789779455918    0.11491894889727959    8.43515535198236e-12
401    0.22983789779010114    0.11491894889505057    1.0664177874097902e-11
402    0.22983789778446362    0.11491894889223181    1.348293698910652e-11
403    0.22983789777733515    0.11491894888866758    1.7047169231787507e-11
404    0.22983789776831928    0.11491894888415964    2.1555104923187685e-11
405    0.2298378977569156    0.1149189488784578    2.725694669969414e-11
406    0.22983789774249144    0.11491894887124572    3.4469024856598196e-11
407    0.22983789772424476    0.11491894886212238    4.359236582818227e-11
408    0.2298378977011611    0.11491894885058054    5.513420275882197e-11
409    0.22983789767195534    0.11491894883597767    6.973707722401912e-11
410    0.22983789763500087    0.11491894881750044    8.821431085603848e-11
411    0.22983789758823858    0.11491894879411929    1.1159545509897839e-10
412    0.22983789752906103    0.11491894876453052    1.4118423097286836e-10
413    0.22983789745416455    0.11491894872708228    1.7863246992710913e-10
414    0.22983789735936697    0.11491894867968348    2.2603126315079436e-10
415    0.2298378972393711    0.11491894861968555    2.8602920032483325e-10
416    0.22983789708746669    0.11491894854373334    3.6198140318521865e-10
417    0.22983789689515519    0.11491894844757759    4.581371532141887e-10
418    0.22983789665166826    0.11491894832583413    5.798806157475411e-10
419    0.22983789634336663    0.11491894817168331    7.340314328585507e-10
420    0.22983789595297063    0.11491894797648532    9.292294295137893e-10
421    0.22983789545858296    0.11491894772929148    1.1764232643596273e-09
422    0.22983789483246458    0.11491894741623229    1.4894824540423457e-09
423    0.22983789403946372    0.11491894701973186    1.885982883753634e-09
424    0.22983789303503654    0.11491894651751827    2.3881964739125294e-09
425    0.2298378917627397    0.11491894588136985    3.024344899515974e-09
426    0.22983789015104086    0.11491894507552043    3.830194314491386e-09
427    0.2298378881092897    0.11491894405464485    4.8510698930082086e-09
428    0.22983788552259737    0.11491894276129869    6.1444160592838415e-09
429    0.2298378822453552    0.1149189411226776    7.7830371453258e-09
430    0.22983787809301437    0.11491893904650718    9.859207561468963e-09
431    0.22983787283166396    0.11491893641583198    1.2489882766919536e-08
432    0.22983786616482174    0.11491893308241087    1.5823303875506234e-08
433    0.22983785771668536    0.11491892885834268    2.0047372067955038e-08
434    0.22983784701090068    0.11491892350545034    2.540026440567278e-08
435    0.22983783344364672    0.11491891672182336    3.218389138526234e-08
436    0.22983781624951002    0.11491890812475501    4.078095973414353e-08
437    0.22983779445822172    0.11491889722911086    5.167660388494255e-08
438    0.22983776683981114    0.11491888341990557    6.548580917808966e-08
439    0.22983773183506734    0.11491886591753367    8.298818107710382e-08
440    0.22983768746738212    0.11491884373369106    1.0517202368720557e-07
441    0.22983763123097856    0.11491881561548928    1.3329022546804126e-07
442    0.22983755994920502    0.11491877997460251    1.689311122377024e-07
443    0.2298374695948827    0.11491873479744134    2.1410827340251348e-07
444    0.22983735506252279    0.11491867753126139    2.7137445335334576e-07
445    0.2298372098795468    0.1149186049397734    3.439659413406737e-07
446    0.22983702584015228    0.11491851292007614    4.359856386054739e-07
447    0.2298367925411196    0.1149183962705598    5.52635154943415e-07
448    0.2298364967932764    0.1149182483966382    7.005090765510591e-07
449    0.22983612187533423    0.11491806093766711    8.879680476331364e-07
450    0.22983564658787425    0.11491782329393713    1.1256117776192731e-06
451    0.22983504405394264    0.11491752202697132    1.4268787434240648e-06
452    0.22983428019842037    0.11491714009921018    1.8088065045634982e-06
453    0.22983331182011318    0.11491665591005659    2.2929956581541067e-06
454    0.22983208414753228    0.11491604207376614    2.906831948604194e-06
455    0.2298305277400983    0.11491526387004915    3.685035665598746e-06
456    0.22982855455954482    0.11491427727977241    4.671625942337387e-06
457    0.2298260529894033    0.11491302649470166    5.922411013090101e-06
458    0.22982288152104996    0.11491144076052498    7.50814518976628e-06
459    0.22981886074958927    0.11490943037479463    9.518530920113455e-06
460    0.2298137632274768    0.1149068816137384    1.206729197635037e-05
461    0.22980730060329407    0.11490365030164704    1.5298604067709443e-05
462    0.2297991073200732    0.1148995536600366    1.9395245678149875e-05
463    0.22978871995495226    0.11489435997747613    2.4588928238616914e-05
464    0.22977555103671338    0.11488777551835669    3.117338735805775e-05
465    0.22975885587098435    0.11487942793549218    3.952097022257017e-05
466    0.2297376905103456    0.1148688452551728    5.010365054194943e-05
467    0.2297108585213564    0.1148554292606782    6.351964503654994e-05
468    0.22967684357284177    0.11483842178642088    8.052711929386336e-05
469    0.22963372411196514    0.11481686205598257    0.00010208684973217474
470    0.22957906539104367    0.11478953269552183    0.00012941621019291194
471    0.22950978295258065    0.11475489147629032    0.0001640574294244218
472    0.22942197007077586    0.11471098503538793    0.00020796387032681607
473    0.22931067996916116    0.11465533998458058    0.00026360892113416745
474    0.22916965102536038    0.11458482551268019    0.00033412339303455496
475    0.2289909609908726    0.1144954804954363    0.0004234684102784464
476    0.228764591899748    0.114382295949874    0.0005366529558407523
477    0.22847788532914567    0.11423894266457284    0.0006800062411419089
478    0.22811485992461916    0.11405742996230958    0.0008615189434051651
479    0.22765536426280622    0.11382768213140311    0.001091266774311636
480    0.22707402264172072    0.11353701132086036    0.0013819375848543869
481    0.2263389462085352    0.1131694731042676    0.001749475801447145
482    0.22541014564506978    0.11270507282253489    0.0022138760831798554
483    0.2242376438132077    0.11211882190660385    0.0028001269991108912
484    0.22275918821645227    0.11137959410822613    0.0035393547974886114
485    0.22089767675696698    0.11044883837848349    0.004470110527231258
486    0.2185581121772657    0.10927905608863285    0.005639892817081896
487    0.21562457972189356    0.10781228986094678    0.007106659044767968
488    0.21195679306407286    0.10597839653203643    0.008940552373678315
489    0.20738782906475495    0.10369391453237747    0.011225034373337273
490    0.20172160679760173    0.10086080339880087    0.01405814550691388
491    0.1947348448915845    0.09736742244579225    0.0175515264599225
492    0.18617844822534665    0.09308922411267333    0.02182972479304142
493    0.1757912295576198    0.0878956147788099    0.027023334126904844
494    0.16330854206917603    0.08165427103458801    0.03326467787112673
495    0.14849887770376327    0.07424943885188164    0.04066951005383311
496    0.13117076979310843    0.06558538489655422    0.04933356400916053
497    0.11122260583270834    0.05561130291635417    0.05930764598936058
498    0.08852143808871625    0.044260719044358125    0.07065822986135661
499    0.06245663960630764    0.03122831980315382    0.08369062910256092
500    0.0    0.01263663650045255    0.1022823124052622
501    0.0    0.007017280341948437    0.1079016685637663
502    0.0    0.0041384656872281034    0.11078048321848664
503    0.0    0.002487580814318196    0.11243136809139655
504    0.0    0.0015057237763305125    0.11341322512938423
505    0.0    0.0009138837574847736    0.11400506514822997
506    0.0    0.0005552726313564514    0.1143636762743583
507    0.0    0.0003375290939370704    0.11458141981177768
508    0.0    0.00020520747935629143    0.11471374142635846
509    0.0    0.00012476895470571632    0.11479417995100903
510    0.0    7.586346744223402e-05    0.11484308543827251
511    0.0    4.612794075484726e-05    0.1148728209649599
512    0.0    2.8047721088333803e-05    0.11489090118462641
513    0.0    1.7054224069805966e-05    0.11490189468164494
514    0.0    1.0369712256610552e-05    0.11490857919345814
515    0.0    6.305239562593573e-06    0.11491264366615216
516    0.0    3.8338625410264116e-06    0.11491511504317373
517    0.0    2.3311569147250848e-06    0.11491661774880002
518    0.0    1.4174458857819407e-06    0.11491753145982897
519    0.0    8.618694199995398e-07    0.11491808703629475
520    0.0    5.240545035154268e-07    0.11491842485121123
521    0.0    3.1864818128383987e-07    0.11491863025753346
522    0.0    1.9375210531802356e-07    0.11491875515360943
523    0.0    1.178097997125288e-07    0.11491883109591504
524    0.0    7.16335384598997e-08    0.11491887727217628
525    0.0    4.355634139517964e-08    0.11491890534937335
526    0.0    2.6484170660354134e-08    0.11491892242154408
527    0.0    1.610354036056527e-08    0.11491893280217438
528    0.0    9.791660549648279e-09    0.1149189391140542
529    0.0    5.9537601901533954e-09    0.11491894295195455
530    0.0    3.620147943136226e-09    0.1149189452855668
531    0.0    2.2012091064824157e-09    0.11491894670450564
532    0.0    1.3384318969973663e-09    0.11491894756728285
533    0.0    8.138256219099305e-10    0.11491894809188913
534    0.0    4.948416375012005e-10    0.1149189484108731
535    0.0    3.008855768704688e-10    0.11491894860482917
536    0.0    1.8295164623712001e-10    0.1149189487227631
537    0.0    1.1124261299448601e-10    0.11491894879447213
538    0.0    6.764041366943974e-11    0.11491894883807434
539    0.0    4.112838433538435e-11    0.11491894886458637
540    0.0    2.500787142471761e-11    0.11491894888070688
541    0.0    1.520587041697885e-11    0.11491894889050888
542    0.0    9.245901787247046e-12    0.11491894889646885
543    0.0    5.621748943099303e-12    0.114918948900093
544    0.0    3.4183936063747478e-12    0.11491894890229636
545    0.0    2.078487989359834e-12    0.11491894890363626
546    0.0    1.2637618816008223e-12    0.11491894890445098
547    0.0    7.684527927181994e-13    0.11491894890494629
548    0.0    4.672625134038988e-13    0.11491894890524748
549    0.0    2.8411474561895744e-13    0.11491894890543063
550    0.0    1.726960588421811e-13    0.11491894890554205
551    0.0    1.0503230229996774e-13    0.11491894890560972
552    0.0    6.38898656202258e-14    0.11491894890565085
553    0.0    3.8773671773295604e-14    0.11491894890567597
554    0.0    2.352697030250095e-14    0.11491894890569122
555    0.0    1.4292169878138417e-14    0.11491894890570045
556    0.0    8.815864704914134e-15    0.11491894890570593
557    0.0    5.293075006074233e-15    0.11491894890570946
558    0.0    3.168038748002644e-15    0.11491894890571158
559    0.0    1.908195823574488e-15    0.11491894890571283
560    0.0    1.1104398650596536e-15    0.11491894890571364
561    0.0    7.125376677574735e-16    0.11491894890571404
562    0.0    5.2583805365546965e-16    0.11491894890571422
563    0.0    1.704365815147213e-16    0.11491894890571458
564    0.0    1.8496489062602706e-16    0.11491894890571457
565    0.0    5.5294310796760726e-17    0.11491894890571469
566    0.0    1.441988889405721e-16    0.11491894890571461
567    0.0    2.6237692574149207e-17    0.11491894890571472
568    0.0    4.618701254788249e-17    0.1149189489057147
569    0.0    1.7564075194265172e-17    0.11491894890571473
570    0.0    7.28583859910259e-17    0.11491894890571468
571    -0.0    -5.551115123125783e-17    0.1149189489057148
572    0.0    1.8648277366750676e-17    0.11491894890571473
573    -0.0    -1.0408340855860843e-17    0.11491894890571476
574    -0.0    -5.4643789493269423e-17    0.1149189489057148
575    0.0    2.927345865710862e-17    0.11491894890571472
576    0.0    1.929879867024198e-17    0.11491894890571473
577    0.0    1.6696713456276768e-17    0.11491894890571473
578    0.0    4.662069341687669e-17    0.1149189489057147
579    0.0    5.97395397039513e-17    0.11491894890571469
580    -0.0    -1.6588293239028218e-17    0.11491894890571476
581    0.0    5.800481622797449e-17    0.11491894890571469
582    -0.0    -9.400032835449323e-17    0.11491894890571484
583    0.0    1.0191500421363742e-17    0.11491894890571473
584    -0.0    -6.396792817664476e-18    0.11491894890571475
585    -0.0    -7.068998164605489e-17    0.11491894890571482
586    -0.0    -5.377642775528102e-17    0.1149189489057148
587    -0.0    -8.348356728138384e-18    0.11491894890571476
588    -0.0    -3.979021973021801e-17    0.11491894890571479
589    -0.0    -6.602791230436722e-17    0.11491894890571482
590    -0.0    -1.3660947373317356e-17    0.11491894890571476
591    -0.0    -3.220080452281948e-17    0.11491894890571477
592    -0.0    -3.447762908503904e-17    0.11491894890571477
593    0.0    1.3118846287074604e-17    0.11491894890571473
594    -0.0    -5.757113535898029e-17    0.1149189489057148
595    -0.0    -3.63207727782644e-17    0.11491894890571479
596    -0.0    -5.2583805365546965e-17    0.1149189489057148
597    -0.0    -5.3017486234541167e-17    0.1149189489057148
598    -0.0    -2.5695591487906455e-17    0.11491894890571477
599    0.0    1.3227266504323154e-17    0.11491894890571473
600    -0.0    -3.458604930228759e-17    0.11491894890571477
601    -0.0    -1.373684152539134e-16    0.11491894890571488
602    -0.0    -4.195862407518902e-17    0.11491894890571479
603    -0.0    -8.478460988836645e-17    0.11491894890571483
604    -0.0    -1.8431436932253575e-18    0.11491894890571475
605    -0.0    -1.0354130747236567e-16    0.11491894890571484
606    -0.0    -1.5113778284447932e-16    0.1149189489057149
607    -0.0    -5.2692225582795515e-17    0.1149189489057148
608    -0.0    -8.348356728138384e-18    0.11491894890571476
609    -0.0    -4.347650711666873e-17    0.11491894890571479
610    -0.0    -8.716985466783456e-17    0.11491894890571483
611    0.0    1.4094628242311558e-18    0.11491894890571475
612    0.0    9.75781955236954e-19    0.11491894890571475
613    0.0    1.1015494072452725e-16    0.11491894890571464
614    -0.0    -3.903127820947816e-17    0.11491894890571479
615    -0.0    -1.2793585635328952e-17    0.11491894890571476
616    -0.0    -4.380176776841438e-17    0.11491894890571479
617    0.0    5.453536927602087e-17    0.11491894890571469
618    -0.0    -3.7730235602495554e-17    0.11491894890571479
619    0.0    1.0842021724855044e-19    0.11491894890571475
620    -0.0    -6.646159317336142e-17    0.11491894890571482
621    0.0    7.806255641895632e-18    0.11491894890571473
622    -0.0    -2.8189256484623115e-18    0.11491894890571475
623    0.0    1.5829351718288365e-17    0.11491894890571473
624    0.0    3.0899761915836876e-17    0.11491894890571472
625    0.0    1.0820337681405334e-16    0.11491894890571464
626    -0.0    -7.697835424647081e-18    0.11491894890571476
627    -0.0    -6.375108774214766e-17    0.11491894890571482
628    -0.0    -7.112366251504909e-17    0.11491894890571482
629    -0.0    -7.134050294954619e-17    0.11491894890571482
630    -0.0    -8.879615792656281e-17    0.11491894890571483
631    0.0    4.7379634937616544e-17    0.1149189489057147
632    -0.0    -9.248244531301353e-17    0.11491894890571484
633    0.0    1.7672495411513722e-16    0.11491894890571457
634    -0.0    -5.160802341031001e-17    0.1149189489057148
635    -0.0    -3.7947076036992655e-17    0.11491894890571479
636    -0.0    -4.933119884809045e-17    0.1149189489057148
637    -0.0    -8.673617379884035e-18    0.11491894890571476
638    -0.0    -1.951563910473908e-17    0.11491894890571476
639    0.0    1.0809495659680479e-16    0.11491894890571464
640    0.0    1.929879867024198e-17    0.11491894890571473
641    0.0    8.012254054667878e-17    0.11491894890571466
642    0.0    1.240327285323417e-16    0.11491894890571462
643    0.0    1.4159680372660688e-16    0.11491894890571461
644    0.0    1.2902005852577503e-17    0.11491894890571473
645    0.0    4.87890977618477e-17    0.11491894890571469
646    -0.0    -9.432558900623889e-17    0.11491894890571484
647    0.0    5.334274688628682e-17    0.11491894890571469
648    -0.0    -1.6252190565557711e-16    0.11491894890571491
649    0.0    1.0007186052041206e-16    0.11491894890571465
650    -0.0    -7.817097663620487e-17    0.11491894890571483
651    -0.0    -1.7672495411513722e-17    0.11491894890571476
652    0.0    3.5019730171281793e-17    0.1149189489057147
653    0.0    6.971419969081794e-17    0.11491894890571468
654    -0.0    -2.2876665839444144e-17    0.11491894890571477
655    -0.0    -6.396792817664476e-18    0.11491894890571475
656    -0.0    -9.606031248221569e-17    0.11491894890571484
657    -0.0    -1.745565497701662e-17    0.11491894890571476
658    -0.0    -5.583641188300348e-17    0.1149189489057148
659    0.0    1.4842727741326556e-16    0.1149189489057146
660    0.0    1.4203048459560108e-17    0.11491894890571473
661    0.0    3.686287386450715e-18    0.11491894890571475
662    -0.0    -9.75781955236954e-18    0.11491894890571476
663    0.0    8.977193988179977e-17    0.11491894890571466
664    -0.0    -4.4885969940899884e-17    0.11491894890571479
665    0.0    3.707971429900425e-17    0.1149189489057147
666    -0.0    -3.7947076036992655e-18    0.11491894890571475
667    -0.0    -2.168404344971009e-19    0.11491894890571475
668    0.0    2.1575623232461538e-17    0.11491894890571472
669    0.0    7.979727989493313e-17    0.11491894890571466
670    0.0    7.567731163948821e-17    0.11491894890571468
671    0.0    4.9873299934333204e-17    0.11491894890571469
672    0.0    1.951563910473908e-18    0.11491894890571475
673    0.0    1.1340754724198376e-16    0.11491894890571464
674    -0.0    -4.412702842016003e-17    0.11491894890571479
675    0.0    2.5912431922403556e-17    0.11491894890571472
676    -0.0    -8.370040771588094e-17    0.11491894890571483
677    0.0    7.047314121155779e-17    0.11491894890571468
678    0.0    9.877081791342945e-17    0.11491894890571465
679    -0.0    -9.324138683375338e-18    0.11491894890571476
680    0.0    1.6046192152785466e-17    0.11491894890571473
681    0.0    1.3845261742639892e-16    0.11491894890571461
682    -0.0    -6.006480035569695e-17    0.1149189489057148
683    0.0    7.643625316022806e-17    0.11491894890571466
684    -0.0    -1.4094628242311558e-17    0.11491894890571476
685    0.0    1.119980844177526e-16    0.11491894890571464
686    0.0    5.854691731421724e-18    0.11491894890571475
687    0.0    4.5644911461639737e-17    0.1149189489057147
688    0.0    8.727827488508311e-17    0.11491894890571466
689    0.0    5.095750210681871e-17    0.11491894890571469
690    0.0    2.200930410145574e-17    0.11491894890571472
691    0.0    2.0383000842727483e-16    0.11491894890571454
692    0.0    3.404394821604484e-17    0.11491894890571472
693    0.0    3.8055496254241206e-17    0.1149189489057147
694    -0.0    -5.5077470362263625e-17    0.1149189489057148
695    -0.0    -9.421716878899034e-17    0.11491894890571484
696    -0.0    -4.380176776841438e-17    0.11491894890571479
697    0.0    8.066464163292153e-17    0.11491894890571466
698    0.0    1.0950441942103595e-17    0.11491894890571473
699    0.0    3.8055496254241206e-17    0.1149189489057147
700    -0.0    -1.1568437180420332e-16    0.11491894890571486
701    0.0    1.3845261742639892e-16    0.11491894890571461
702    -0.0    -7.32920668600201e-17    0.11491894890571482
703    -0.0    -2.5045070184415152e-17    0.11491894890571477
704    -0.0    -1.1275702593849246e-16    0.11491894890571486
705    -0.0    -5.421010862427522e-18    0.11491894890571475
706    0.0    4.185020385794047e-17    0.1149189489057147
707    -0.0    -3.415236843329339e-17    0.11491894890571477
708    -0.0    -9.86623976961809e-18    0.11491894890571476
709    0.0    3.892285799222961e-17    0.1149189489057147
710    -0.0    -1.0755285551056204e-16    0.11491894890571486
711    0.0    5.746271514173174e-17    0.11491894890571469
712    -0.0    -7.155734338404329e-17    0.11491894890571482
713    -0.0    -1.0083080204115191e-17    0.11491894890571476
714    -0.0    -1.8106176280507924e-17    0.11491894890571476
715    0.0    5.713745448998608e-17    0.11491894890571469
716    0.0    6.179952383167375e-18    0.11491894890571475
717    -0.0    -6.114900252818245e-17    0.1149189489057148
718    0.0    5.5185890579512176e-17    0.11491894890571469
719    0.0    5.583641188300348e-17    0.11491894890571469
720    0.0    3.5453411040275995e-17    0.1149189489057147
721    -0.0    -1.463672932855431e-18    0.11491894890571475
722    -0.0    -9.519295074422729e-17    0.11491894890571484
723    0.0    7.746624522408929e-17    0.11491894890571466
724    -0.0    -9.215718466126788e-18    0.11491894890571476
725    0.0    1.2869479787402938e-16    0.11491894890571462
726    -0.0    -9.486769009248164e-17    0.11491894890571484
727    0.0    9.839134715305953e-17    0.11491894890571465
728    0.0    4.445228907190568e-17    0.1149189489057147
729    0.0    6.174531372304948e-17    0.11491894890571469
730    0.0    2.168404344971009e-19    0.11491894890571475
731    0.0    4.960224939121183e-17    0.11491894890571469
732    -0.0    -5.5294310796760726e-18    0.11491894890571475
733    0.0    6.315477654728063e-17    0.11491894890571468
734    0.0    1.8323016715005025e-17    0.11491894890571473
735    0.0    6.163689350580093e-17    0.11491894890571469
736    0.0    4.195862407518902e-17    0.1149189489057147
737    0.0    4.559070135301546e-17    0.1149189489057147
738    -0.0    -4.412702842016003e-17    0.11491894890571479
739    0.0    6.022743068156977e-17    0.11491894890571469
740    -0.0    -1.4094628242311558e-17    0.11491894890571476
741    0.0    9.75781955236954e-18    0.11491894890571473
742    -0.0    -4.098284211995207e-17    0.11491894890571479
743    -0.0    -1.1384122811097797e-18    0.11491894890571475
744    -0.0    -5.7462715141731735e-18    0.11491894890571475
745    0.0    1.5102936262723077e-16    0.1149189489057146
746    -0.0    -3.8272336688738307e-17    0.11491894890571479
747    -0.0    -2.6291902682773483e-17    0.11491894890571477
748    -0.0    -5.160802341031001e-17    0.1149189489057148
749    -0.0    -3.973600962159374e-17    0.11491894890571479
750    0.0    2.981555974335137e-17    0.11491894890571472
751    -0.0    -7.367153762039003e-17    0.11491894890571482
752    -0.0    -4.109126233720062e-17    0.11491894890571479
753    -0.0    -6.857578740970816e-17    0.11491894890571482
754    -0.0    -6.646159317336142e-17    0.11491894890571482
755    -0.0    -8.310409652101391e-17    0.11491894890571483
756    -0.0    -3.9898639947466563e-17    0.11491894890571479
757    0.0    6.727474480272555e-17    0.11491894890571468
758    0.0    6.049848122469115e-17    0.11491894890571469
759    0.0    5.2583805365546965e-18    0.11491894890571475
760    0.0    4.5102810375396984e-17    0.1149189489057147
761    0.0    1.4203048459560108e-17    0.11491894890571473
762    0.0    4.2392304944183223e-17    0.1149189489057147
763    -0.0    -2.303929616531697e-17    0.11491894890571477
764    -0.0    -7.134050294954619e-17    0.11491894890571482
765    0.0    7.063577153743061e-17    0.11491894890571468
766    0.0    5.128276275856436e-17    0.11491894890571469
767    -0.0    -4.006127027333939e-17    0.11491894890571479
768    -0.0    -4.868067754459915e-17    0.1149189489057148
769    -0.0    -1.6317242695906842e-17    0.11491894890571476
770    0.0    9.215718466126788e-17    0.11491894890571465
771    -0.0    -3.312237636943216e-17    0.11491894890571477
772    0.0    8.359198749863239e-17    0.11491894890571466
773    -0.0    -1.2685165418080402e-17    0.11491894890571476
774    0.0    7.567731163948821e-17    0.11491894890571468
775    0.0    3.789286592836838e-17    0.1149189489057147
776    -0.0    -5.204170427930421e-18    0.11491894890571475
777    -0.0    -6.488950002325744e-17    0.11491894890571482
778    -0.0    -7.892991815694472e-17    0.11491894890571483
779    -0.0    -6.510634045775454e-17    0.11491894890571482
780    -0.0    -6.559423143537302e-17    0.11491894890571482
781    0.0    1.0408340855860843e-17    0.11491894890571473
782    0.0    1.1384122811097797e-17    0.11491894890571473
783    0.0    6.440160904563896e-17    0.11491894890571468
784    -0.0    -1.8756697583999227e-17    0.11491894890571476
785    0.0    5.0306980803327406e-17    0.11491894890571469
786    0.0    5.095750210681871e-17    0.11491894890571469
787    -0.0    -1.1460016963171782e-16    0.11491894890571486
788    -0.0    -1.4094628242311558e-18    0.11491894890571475
789    0.0    2.461138931542095e-17    0.11491894890571472
790    0.0    4.5644911461639737e-17    0.1149189489057147
791    -0.0    -5.757113535898029e-17    0.1149189489057148
792    0.0    6.01732205729455e-17    0.11491894890571469
793    -0.0    -3.838075690598686e-17    0.11491894890571479
794    -0.0    -9.86623976961809e-17    0.11491894890571484
795    -0.0    -6.158268339717665e-17    0.1149189489057148
796    0.0    2.5695591487906455e-17    0.11491894890571472
797    -0.0    -6.23416249179165e-17    0.1149189489057148
798    -0.0    -4.141652298894627e-17    0.11491894890571479
799    0.0    1.1926223897340549e-17    0.11491894890571473
800    0.0    6.5052130349130266e-18    0.11491894890571475
801    -0.0    -3.3176586478056436e-17    0.11491894890571477
802    0.0    4.4885969940899884e-17    0.1149189489057147
803    -0.0    -2.0599841277224584e-17    0.11491894890571476
804    0.0    1.0733601507606494e-17    0.11491894890571473
805    -0.0    -4.5102810375396984e-17    0.11491894890571479
806    0.0    1.6479873021779667e-17    0.11491894890571473
807    -0.0    -1.46150452851046e-16    0.1149189489057149
808    0.0    5.0415401020575956e-17    0.11491894890571469
809    -0.0    -3.3610267347050637e-18    0.11491894890571475
810    0.0    5.898059818321144e-17    0.11491894890571469
811    -0.0    -7.795413620170777e-17    0.11491894890571483
812    0.0    1.4094628242311558e-17    0.11491894890571473
813    -0.0    -6.787105599759258e-17    0.11491894890571482
814    0.0    1.6577451217303363e-16    0.11491894890571458
815    -0.0    -2.222614453595284e-17    0.11491894890571477
816    -0.0    -7.253312533928025e-17    0.11491894890571482
817    -0.0    -5.5185890579512176e-17    0.1149189489057148
818    -0.0    -7.405100838075995e-17    0.11491894890571482
819    0.0    1.0083080204115191e-17    0.11491894890571473
820    0.0    2.2551405187698492e-17    0.11491894890571472
821    0.0    1.089623183347932e-16    0.11491894890571464
822    0.0    7.383416794626285e-17    0.11491894890571468
823    -0.0    -1.0842021724855044e-18    0.11491894890571475
824    0.0    2.8406096919120216e-17    0.11491894890571472
825    -0.0    -1.0007186052041206e-16    0.11491894890571484
826    0.0    4.174178364069192e-17    0.1149189489057147
827    -0.0    -8.164042358815848e-17    0.11491894890571483
828    0.0    2.8514517136368767e-17    0.11491894890571472
829    -0.0    -1.3877787807814457e-17    0.11491894890571476
830    0.0    8.565197162635485e-18    0.11491894890571473
831    0.0    1.2468324983583301e-17    0.11491894890571473
832    -0.0    -1.6588293239028218e-17    0.11491894890571476
833    -0.0    -1.22514845490862e-17    0.11491894890571476
834    -0.0    -1.431146867680866e-17    0.11491894890571476
835    0.0    4.347650711666873e-17    0.1149189489057147
836    -0.0    -6.526897078362737e-17    0.11491894890571482
837    0.0    9.432558900623889e-18    0.11491894890571473
838    -0.0    -4.119968255444917e-18    0.11491894890571475
839    0.0    3.003240017784847e-17    0.11491894890571472
840    0.0    1.5829351718288365e-17    0.11491894890571473
841    0.0    8.543513119185775e-17    0.11491894890571466
842    0.0    2.2659825404947043e-17    0.11491894890571472
843    -0.0    -5.724587470723463e-17    0.1149189489057148
844    0.0    4.83554168928535e-17    0.1149189489057147
845    -0.0    -4.185020385794047e-17    0.11491894890571479
846    -0.0    -9.974659986866641e-18    0.11491894890571476
847    -0.0    -4.618701254788249e-17    0.11491894890571479
848    -0.0    -3.209238430557093e-17    0.11491894890571477
849    -0.0    -4.098284211995207e-17    0.11491894890571479
850    0.0    1.5720931501039814e-17    0.11491894890571473
851    -0.0    -1.3986208025063007e-17    0.11491894890571476
852    0.0    2.8297676701871666e-17    0.11491894890571472
853    -0.0    -8.456776945386935e-18    0.11491894890571476
854    -0.0    -3.5778671692021646e-17    0.11491894890571479
855    0.0    2.190088388420719e-17    0.11491894890571472
856    0.0    4.228388472693467e-18    0.11491894890571475
857    0.0    3.903127820947816e-17    0.1149189489057147
858    0.0    4.174178364069192e-17    0.1149189489057147
859    -0.0    -4.868067754459915e-17    0.1149189489057148
860    0.0    5.355958732078392e-17    0.11491894890571469
861    0.0    3.165870343657673e-17    0.11491894890571472
862    0.0    8.966351966455122e-17    0.11491894890571466
863    0.0    2.938187887435717e-17    0.11491894890571472
864    0.0    4.9873299934333204e-18    0.11491894890571475
865    0.0    4.651227319962814e-17    0.1149189489057147
866    0.0    4.9981720151581754e-17    0.11491894890571469
867    -0.0    -1.3877787807814457e-17    0.11491894890571476
868    0.0    4.7704895589362195e-18    0.11491894890571475
869    -0.0    -1.6263032587282567e-17    0.11491894890571476
870    -0.0    -1.0516761073109393e-17    0.11491894890571476
871    -0.0    -2.5153490401663703e-17    0.11491894890571477
872    -0.0    -8.760353553682876e-17    0.11491894890571483
873    0.0    2.7972416050126014e-17    0.11491894890571472
874    0.0    1.0191500421363742e-17    0.11491894890571473
875    0.0    1.2576745200831851e-17    0.11491894890571473
876    0.0    4.846383711010205e-17    0.1149189489057147
877    0.0    8.890457814381136e-18    0.11491894890571473
878    0.0    3.003240017784847e-17    0.11491894890571472
879    0.0    3.371868756429919e-17    0.11491894890571472
880    0.0    4.391018798566293e-17    0.1149189489057147
881    0.0    4.85722573273506e-17    0.11491894890571469
882    0.0    9.215718466126788e-18    0.11491894890571473
883    0.0    3.393552799879629e-17    0.11491894890571472
884    0.0    1.6479873021779667e-17    0.11491894890571473
885    -0.0    -1.233822072288504e-16    0.11491894890571487
886    -0.0    -5.767955557622884e-17    0.1149189489057148
887    -0.0    -1.8431436932253575e-17    0.11491894890571476
888    -0.0    -1.1254018550399536e-16    0.11491894890571486
889    0.0    1.1731067506293158e-16    0.11491894890571464
890    0.0    2.222614453595284e-17    0.11491894890571472
891    0.0    8.055622141567298e-17    0.11491894890571466
892    -0.0    -2.949029909160572e-17    0.11491894890571477
893    -0.0    -3.2634485391813683e-17    0.11491894890571477
894    -0.0    -1.1254018550399536e-16    0.11491894890571486
895    0.0    8.847089727481716e-17    0.11491894890571466
896    -0.0    -5.767955557622884e-17    0.1149189489057148
897    0.0    3.382710778154774e-17    0.11491894890571472
898    -0.0    -7.871307772244762e-17    0.11491894890571483
899    -0.0    -1.3444106938820255e-17    0.11491894890571476
900    0.0    2.5587171270657905e-17    0.11491894890571472
901    0.0    1.8323016715005025e-17    0.11491894890571473
902    -0.0    -5.605325231750058e-17    0.1149189489057148
903    0.0    3.252606517456513e-17    0.11491894890571472
904    0.0    3.209238430557093e-17    0.11491894890571472
905    0.0    3.7838655819744105e-17    0.1149189489057147
906    0.0    2.1033522146218786e-17    0.11491894890571472
907    0.0    1.973247953923618e-17    0.11491894890571473
908    -0.0    -3.5344990823027445e-17    0.11491894890571479
909    0.0    6.266688556966216e-17    0.11491894890571468
910    0.0    1.0842021724855044e-18    0.11491894890571475
911    -0.0    -2.1467203015212988e-17    0.11491894890571477
912    0.0    9.096456227153382e-17    0.11491894890571465
913    0.0    5.551115123125783e-17    0.11491894890571469
914    -0.0    -5.757113535898029e-17    0.1149189489057148
915    0.0    5.149960319306146e-17    0.11491894890571469
916    0.0    5.659535340374333e-17    0.11491894890571469
917    -0.0    -4.5211230592645535e-17    0.11491894890571479
918    0.0    1.2902005852577503e-17    0.11491894890571473
919    0.0    8.727827488508311e-17    0.11491894890571466
920    0.0    1.9081958235744878e-17    0.11491894890571473
921    -0.0    -3.621235256101585e-17    0.11491894890571479
922    0.0    7.37257477290143e-18    0.11491894890571473
923    -0.0    -4.358492733391728e-17    0.11491894890571479
924    0.0    1.8648277366750676e-17    0.11491894890571473
925    0.0    8.955509944730267e-17    0.11491894890571466
926    -0.0    -1.951563910473908e-18    0.11491894890571475
927    0.0    8.239936510889834e-18    0.11491894890571473
928    0.0    1.9949319973733282e-17    0.11491894890571473
929    0.0    7.589415207398531e-18    0.11491894890571473
930    0.0    1.3227266504323154e-17    0.11491894890571473
931    0.0    8.890457814381136e-18    0.11491894890571473
932    0.0    4.401860820291148e-17    0.1149189489057147
933    0.0    1.2945373939476923e-16    0.11491894890571462
934    0.0    2.0079424234431542e-16    0.11491894890571455
935    0.0    3.0726289568239196e-16    0.11491894890571444
936    0.0    3.720981855970251e-16    0.11491894890571437
937    0.0    8.133684697986254e-16    0.11491894890571393
938    0.0    1.1551089945660564e-15    0.1149189489057136
939    0.0    1.9806205286965195e-15    0.11491894890571276
940    0.0    3.2489202300700626e-15    0.1149189489057115
941    0.0    5.29329184650873e-15    0.11491894890570946
942    0.0    8.750378893696009e-15    0.11491894890570599
943    0.0    1.4360908295873998e-14    0.11491894890570038
944    0.0    2.3624765338459142e-14    0.11491894890569113
945    0.0    3.8765214996350217e-14    0.11491894890567599
946    0.0    6.391935591931741e-14    0.11491894890565083
947    0.0    1.0502319500171886e-13    0.11491894890560972
948    0.0    1.7275135315297785e-13    0.114918948905542
949    0.0    2.841331770558897e-13    0.11491894890543061
950    0.0    4.672256505300343e-13    0.11491894890524752
951    0.0    7.683829700982914e-13    0.11491894890494636
952    0.0    1.2637692541755952e-12    0.11491894890445098
953    0.0    2.0785127091693667e-12    0.11491894890363623
954    0.0    3.4182595989862286e-12    0.11491894890229648
955    0.0    5.621818332038342e-12    0.11491894890009292
956    0.0    9.2457877291785e-12    0.11491894889646896
957    0.0    1.520585784023365e-11    0.11491894889050888
958    0.0    2.5007758017170367e-11    0.11491894888070699
959    0.0    4.112835289352135e-11    0.1149189488645864
960    0.0    6.764030893550987e-11    0.11491894883807444
961    0.0    1.1124266026570073e-10    0.11491894879447209
962    0.0    1.829515757639788e-10    0.11491894872276318
963    0.0    3.0088555084961666e-10    0.1149189486048292
964    0.0    4.948415880615814e-10    0.11491894841087316
965    0.0    8.138255330053523e-10    0.11491894809188921
966    0.0    1.3384318510271942e-09    0.1149189475672829
967    0.0    2.201209265209614e-09    0.11491894670450548
968    0.0    3.620148078444657e-09    0.11491894528556666
969    0.0    5.953760162831501e-09    0.11491894295195458
970    0.0    9.79166055528613e-09    0.1149189391140542
971    0.0    1.6103540438194147e-08    0.11491893280217431
972    0.0    2.648417067336456e-08    0.11491892242154407
973    0.0    4.355634112239437e-08    0.11491890534937363
974    0.0    7.163353842780731e-08    0.11491887727217631
975    0.0    1.1780979958632767e-07    0.11491883109591516
976    0.0    1.9375210530848258e-07    0.11491875515360944
977    0.0    3.186481810318713e-07    0.11491863025753371
978    0.0    5.240545033714447e-07    0.11491842485121137
979    0.0    8.618694198772418e-07    0.11491808703629487
980    0.0    1.4174458856735205e-06    0.11491753145982907
981    0.0    2.331156914766718e-06    0.11491661774879998
982    0.0    3.833862540931002e-06    0.11491511504317381
983    0.0    6.305239562316885e-06    0.11491264366615243
984    0.0    1.0369712256601878e-05    0.11490857919345815
985    0.0    1.7054224069622953e-05    0.11490189468164512
986    0.0    2.804772108837457e-05    0.11489090118462637
987    0.0    4.6127940754658175e-05    0.11487282096496008
988    0.0    7.586346744228693e-05    0.11484308543827246
989    0.0    0.00012476895470577357    0.11479417995100898
990    0.0    0.00020520747935626714    0.11471374142635848
991    0.0    0.0003375290939371979    0.11458141981177755
992    0.0    0.0005552726313563855    0.11436367627435837
993    0.0    0.0009138837574847085    0.11400506514823004
994    0.0    0.0015057237763304986    0.11341322512938425
995    0.0    0.0024875808143182115    0.11243136809139653
996    0.0    0.004138465687228081    0.11078048321848666
997    0.0    0.007017280341948252    0.1079016685637665
998    0.0    0.0126366365004523    0.10228231240526245
999    0.06245663960630744    0.03122831980315372    0.08369062910256103
