0    0.04015254435419601    0.020076272177098006    0.057756502798296874
1    0.051844442388782476    0.025922221194391238    0.05191055378100365
2    0.06283359357637326    0.03141679678818663    0.04641597818720825
3    0.0731023385935409    0.03655116929677045    0.04128160567862443
4    0.08260687138800087    0.04130343569400043    0.03652933928139445
5    0.09132066816609213    0.04566033408304607    0.032172440892348816
6    0.09923760684080596    0.04961880342040298    0.028213971554991904
7    0.10637196540344378    0.05318598270172189    0.024646792273672995
8    0.11275358962001768    0.05637679481000884    0.021455980165386045
9    0.11842438731454633    0.05921219365727316    0.01862058131812172
10    0.12343404672729516    0.06171702336364758    0.016115751611747303
11    0.12783686164351557    0.06391843082175779    0.013914344153637098
12    0.13168882222034026    0.06584441111017013    0.011988363865224755
13    0.13504553456063279    0.06752276728031639    0.01031000769507849
14    0.1379606030115933    0.06898030150579665    0.008852473469598235
15    0.1404845802887424    0.0702422901443712    0.007590484831023689
16    0.14266429096448693    0.07133214548224347    0.006500629493151416
17    0.14454249856290116    0.07227124928145058    0.0055615256939443025
18    0.14615780186612687    0.07307890093306343    0.004753874042331449
19    0.1475447104206813    0.07377235521034065    0.004060419765054238
20    0.14873383256533454    0.07436691628266727    0.0034658586927276136
21    0.14975213813671467    0.07487606906835734    0.002956705907037546
22    0.1506232595345952    0.0753116297672976    0.002521145208097278
23    0.15136780903942995    0.07568390451971498    0.0021488704556799076
24    0.15200369462571553    0.07600184731285776    0.0018309276625371185
25    0.1525464237358874    0.0762732118679437    0.0015595631074511868
26    0.1530093878071654    0.0765046939035827    0.00132808107181219
27    0.15340412392424854    0.07670206196212427    0.0011307130132706122
28    0.15374055188094024    0.07687027594047012    0.0009624990349247631
29    0.15402718658172534    0.07701359329086267    0.0008191816845322109
30    0.15427132660829196    0.07713566330414598    0.0006971116712489039
31    0.1544792204231672    0.0772396102115836    0.0005931647638112852
32    0.15465621198718682    0.07732810599359341    0.0005046689818014732
33    0.15480686772457206    0.07740343386228603    0.00042934111310885537
34    0.15493508677778858    0.07746754338889429    0.00036523158650059173
35    0.15504419643349077    0.07752209821674538    0.0003106767586495002
36    0.15513703448370397    0.07756851724185199    0.00026425773354289694
37    0.15521602014609495    0.07760801007304748    0.00022476490234740742
38    0.1552832150133626    0.0776416075066813    0.0001911674687135878
39    0.15534037534788991    0.07767018767394496    0.00016258730144992628
40    0.15538899688867389    0.07769449844433694    0.00013827653105794036
41    0.1554303531980307    0.07771517659901535    0.00011759837637953519
42    0.15546552844725864    0.07773276422362932    0.00010001075176556407
43    0.1554954454244611    0.07774772271223054    8.505226316433967e-05
44    0.15552088944399395    0.07776044472199697    7.233025339790922e-05
45    0.1555425287451138    0.0777712643725569    6.151060283798859e-05
46    0.15556093188657938    0.07778046594328969    5.230903210519389e-05
47    0.15557658257326165    0.07778829128663083    4.4483688764057616e-05
48    0.1555898922893096    0.0777949461446548    3.782883074007759e-05
49    0.15560121105905955    0.07780060552952978    3.216944586510728e-05
50    0.15561083661076194    0.07780541830538097    2.735667001391162e-05
51    0.15561902217847592    0.07780951108923796    2.326388615692121e-05
52    0.155625983143253    0.0778129915716265    1.9783403768389163e-05
53    0.15563190268539534    0.07781595134269767    1.682363269721321e-05
54    0.15563693659439837    0.07781846829719918    1.430667819569964e-05
55    0.1556412173616303    0.07782060868081515    1.216629457972962e-05
56    0.15564485766236322    0.07782242883118161    1.0346144213274622e-05
57    0.15564795331803027    0.07782397665901514    8.798316379746152e-06
58    0.15565058581611188    0.07782529290805594    7.482067338943077e-06
59    0.1556528244535903    0.07782641222679515    6.362748599733625e-06
60    0.15565472816010972    0.07782736408005486    5.410895340021704e-06
61    0.15565634704864206    0.07782817352432103    4.601451073851792e-06
62    0.15565772373432896    0.07782886186716448    3.913108230405027e-06
63    0.15565889445613446    0.07782944722806723    3.327747327655506e-06
64    0.15565989003075664    0.07782994501537832    2.8299600165621053e-06
65    0.15566073666387253    0.07783036833193627    2.4066434586161867e-06
66    0.1556614566400383    0.07783072832001915    2.0466553757314543e-06
67    0.15566206890938405    0.07783103445469203    1.7405207028559078e-06
68    0.15566258958654192    0.07783129479327096    1.4801821239252e-06
69    0.15566303237492396    0.07783151618746198    1.2587879329034601e-06
70    0.15566340892752406    0.07783170446376203    1.0705116328529884e-06
71    0.15566372915373114    0.07783186457686557    9.103985293135164e-07
72    0.15566400148023773    0.07783200074011887    7.742352760159443e-07
73    0.15566423307290408    0.07783211653645204    6.584389428410109e-07
74    0.15566443002542607    0.07783221501271304    5.599626818481029e-07
75    0.15566459751976688    0.07783229875988344    4.7621551144128027e-07
76    0.15566473996258734    0.07783236998129367    4.049941012135294e-07
77    0.155664861101254    0.077832430550627    3.4442476788687504e-07
78    0.1556649641224917    0.07783248206124585    2.9291414903320767e-07
79    0.15566505173627174    0.07783252586813587    2.491072590149468e-07
80    0.15566512624714915    0.07783256312357457    2.1185182030869498e-07
81    0.15566518961492054    0.07783259480746027    1.8016793461306246e-07
82    0.15566524350620808    0.07783262175310404    1.532222908412484e-07
83    0.15566528933832435    0.07783264466916218    1.3030623270682273e-07
84    0.1556653283165727    0.07783266415828635    1.1081710853122484e-07
85    0.15566536146596588    0.07783268073298294    9.424241194377903e-08
86    0.15566538965820004    0.07783269482910002    8.014629486463587e-08
87    0.1556654136345895    0.07783270681729475    6.815810013605095e-08
88    0.15566543402557367    0.07783271701278684    5.7962608046580044e-08
89    0.15566545136730214    0.07783272568365107    4.929174381163026e-08
90    0.15566546611574034    0.07783273305787017    4.1917524715162635e-08
91    0.15566547865866287    0.07783273932933144    3.5646063448191434e-08
92    0.1556654893258554    0.0778327446629277    3.0312467189097525e-08
93    0.15566549839778462    0.07783274919889231    2.5776502571295268e-08
94    0.15566550611298002    0.07783275305649001    2.191890487168724e-08
95    0.15566551267430184    0.07783275633715092    1.863824396208802e-08
96    0.15566551825427744    0.07783275912713872    1.584825616574026e-08
97    0.1556655229996377    0.07783276149981885    1.3475576030042014e-08
98    0.1556655270351755    0.07783276351758775    1.1457807133630205e-08
99    0.1556655304670238    0.0778327652335119    9.741882980862648e-09
100    0.15566553338544944    0.07783276669272472    8.282670160841832e-09
101    0.1556655358672218    0.0778327679336109    7.0417839892478185e-09
102    0.15566553797763463    0.07783276898881732    5.9865775670076005e-09
103    0.15566553977221875    0.07783276988610938    5.089285506909569e-09
104    0.1556655412982048    0.0778327706491024    4.326292477041527e-09
105    0.15566554259576074    0.07783277129788037    3.6775145151324296e-09
106    0.1556655436990511    0.07783277184952556    3.125869327269548e-09
107    0.1556655446371314    0.0778327723185657    2.6568291872086647e-09
108    0.15566554543471434    0.07783277271735717    2.2580377151415476e-09
109    0.15566554611281758    0.07783277305640879    1.9189860950286075e-09
110    0.15566554668931687    0.07783277334465843    1.630736448654524e-09
111    0.1556655471794154    0.0778327735897077    1.385687189991991e-09
112    0.155665547596042    0.077832773798021    1.1773738789466748e-09
113    0.15566554795019427    0.07783277397509714    1.0002977474110608e-09
114    0.15566554825122406    0.07783277412561203    8.497828551945474e-10
115    0.15566554850708475    0.07783277425354237    7.218525083230176e-10
116    0.15566554872454133    0.07783277436227067    6.131242180629215e-10
117    0.15566554890934475    0.07783277445467238    5.207225067804799e-10
118    0.15566554906638838    0.07783277453319419    4.422006927295996e-10
119    0.15566554919983178    0.07783277459991589    3.754789951182502e-10
120    0.15566554931321258    0.07783277465660629    3.1878859274581117e-10
121    0.15566554940953878    0.07783277470476939    2.7062549423639837e-10
122    0.15566554949136902    0.07783277474568451    2.2971037572094843e-10
123    0.15566554956087802    0.07783277478043901    1.9495587089135569e-10
124    0.15566554961991533    0.07783277480995766    1.654372194792586e-10
125    0.15566554967005305    0.07783277483502653    1.4036835582764695e-10
126    0.15566554971262844    0.07783277485631422    1.1908066199772804e-10
127    0.1556655497487777    0.07783277487438885    1.0100603686780119e-10
128    0.15566554977946737    0.07783277488973368    8.566120035524705e-11
129    0.15566554980551828    0.07783277490275914    7.263574464122513e-11
130    0.15566554982762895    0.07783277491381448    6.158040743997617e-11
131    0.15566554984639291    0.07783277492319646    5.219842613701786e-11
132    0.1556655498623138    0.0778327749311569    4.423798827257741e-11
133    0.1556655498758212    0.0778327749379106    3.748427956917766e-11
134    0.15566554988727865    0.07783277494363933    3.1755556517687467e-11
135    0.15566554989699613    0.07783277494849807    2.6896818106081355e-11
136    0.15566554990523582    0.07783277495261791    2.277697475072671e-11
137    0.15566554991222217    0.07783277495611109    1.928379678162173e-11
138    0.15566554991814366    0.07783277495907183    1.6323054019551364e-11
139    0.1556655499231629    0.07783277496158145    1.3813436505749621e-11
140    0.15566554992741544    0.07783277496370772    1.1687165124563137e-11
141    0.1556655499310188    0.0778327749655094    9.885481322413625e-12
142    0.15566554993406997    0.07783277496703499    8.359896108700582e-12
143    0.15566554993665416    0.07783277496832708    7.067804674854017e-12
144    0.15566554993884202    0.07783277496942101    5.9738741731152345e-12
145    0.15566554994069356    0.07783277497034678    5.04810082624374e-12
146    0.15566554994226087    0.07783277497113043    4.264449904312073e-12
147    0.15566554994358686    0.07783277497179343    3.6014524695815453e-12
148    0.15566554994470827    0.07783277497235414    3.040748208782418e-12
149    0.1556655499456566    0.0778327749728283    2.5665858327528213e-12
150    0.15566554994645804    0.07783277497322902    2.165864709802179e-12
151    0.15566554994713586    0.07783277497356793    1.826955253747542e-12
152    0.15566554994770862    0.07783277497385431    1.5405732245454828e-12
153    0.15566554994819212    0.07783277497409606    1.298822160933355e-12
154    0.15566554994860088    0.07783277497430044    1.0944439798876715e-12
155    0.15566554994894571    0.07783277497447286    9.220263441633847e-13
156    0.15566554994923654    0.07783277497461827    7.766148835131048e-13
157    0.15566554994948179    0.07783277497474089    6.539907504432563e-13
158    0.15566554994968929    0.07783277497484464    5.502404087920354e-13
159    0.15566554994986379    0.07783277497493189    4.629907568443059e-13
160    0.15566554995001092    0.07783277497500546    3.8942460367508147e-13
161    0.15566554995013518    0.07783277497506759    3.2729374765949615e-13
162    0.15566554995023948    0.07783277497511974    2.751410210777294e-13
163    0.15566554995032755    0.07783277497516378    2.3110680036353415e-13
164    0.1556655499504015    0.07783277497520075    1.9413637364351644e-13
165    0.1556655499504637    0.07783277497523185    1.6303625116620424e-13
166    0.15566554995051635    0.07783277497525817    1.3671008769478021e-13
167    0.15566554995056026    0.07783277497528013    1.1475542738281774e-13
168    0.15566554995059706    0.07783277497529853    9.635348074965577e-14
169    0.15566554995062834    0.07783277497531417    8.071321389024888e-14
170    0.15566554995065426    0.07783277497532713    6.775136007775018e-14
171    0.15566554995067666    0.07783277497533833    5.655198531684391e-14
172    0.15566554995069484    0.07783277497534742    4.746203430272544e-14
173    0.15566554995071033    0.07783277497535517    3.9718228705964975e-14
174    0.15566554995072374    0.07783277497536187    3.301525719479059e-14
175    0.15566554995073434    0.07783277497536717    2.771394225220547e-14
176    0.15566554995074333    0.07783277497537167    2.3217539002473586e-14
177    0.15566554995075116    0.07783277497537558    1.930400284066991e-14
178    0.1556655499507575    0.07783277497537874    1.6139867220488213e-14
179    0.15566554995076298    0.07783277497538149    1.339206523454095e-14
180    0.15566554995076773    0.07783277497538386    1.1018963519404679e-14
181    0.15566554995077128    0.07783277497538564    9.242606680004428e-15
182    0.15566554995077458    0.07783277497538729    7.591149930874508e-15
183    0.1556655499507771    0.07783277497538856    6.328271240363392e-15
184    0.15566554995077891    0.07783277497538946    5.4262150328554526e-15
185    0.15566554995078097    0.07783277497539048    4.399258735077183e-15
186    0.1556655499507823    0.07783277497539115    3.733124920302089e-15
187    0.15566554995078355    0.07783277497539177    3.1086244689504383e-15
188    0.15566554995078466    0.07783277497539233    2.55351295663786e-15
189    0.15566554995078544    0.07783277497539272    2.1649348980190553e-15
190    0.15566554995078644    0.07783277497539322    1.6653345369377348e-15
191    0.15566554995078657    0.07783277497539329    1.5959455978986625e-15
192    0.15566554995078746    0.07783277497539373    1.1518563880486e-15
193    0.1556655499507878    0.0778327749753939    9.853229343548264e-16
194    0.155665549950788    0.077832774975394    8.881784197001252e-16
195    0.1556655499507883    0.07783277497539415    7.355227538141662e-16
196    0.1556655499507886    0.0778327749753943    5.828670879282072e-16
197    0.15566554995078902    0.07783277497539451    3.7470027081099033e-16
198    0.15566554995078902    0.07783277497539451    3.7470027081099033e-16
199    0.15566554995078924    0.07783277497539462    2.636779683484747e-16
200    0.15566554995078932    0.07783277497539466    2.220446049250313e-16
201    0.15566554995078957    0.07783277497539479    9.71445146547012e-17
202    0.15566554995078957    0.07783277497539479    9.71445146547012e-17
203    0.1556655499507894    0.0778327749753947    1.8041124150158794e-16
204    0.1556655499507898    0.0778327749753949    1.3877787807814457e-17
205    0.15566554995078968    0.07783277497539484    4.163336342344337e-17
206    0.15566554995078968    0.07783277497539484    4.163336342344337e-17
207    0.15566554995078968    0.07783277497539484    4.163336342344337e-17
208    0.15566554995078957    0.07783277497539479    9.71445146547012e-17
209    0.15566554995078985    0.07783277497539492    4.163336342344337e-17
210    0.15566554995078952    0.07783277497539476    1.249000902703301e-16
211    0.1556655499507897    0.07783277497539486    2.7755575615628914e-17
212    0.1556655499507895    0.07783277497539474    1.3877787807814457e-16
213    0.15566554995078963    0.07783277497539481    6.938893903907228e-17
214    0.15566554995078988    0.07783277497539494    5.551115123125783e-17
215    0.15566554995078988    0.07783277497539494    5.551115123125783e-17
216    0.15566554995078985    0.07783277497539492    4.163336342344337e-17
217    0.15566554995078985    0.07783277497539492    4.163336342344337e-17
218    0.1556655499507897    0.07783277497539486    2.7755575615628914e-17
219    0.1556655499507902    0.0778327749753951    2.220446049250313e-16
220    0.15566554995078996    0.07783277497539498    9.71445146547012e-17
221    0.15566554995078968    0.07783277497539484    4.163336342344337e-17
222    0.15566554995078963    0.07783277497539481    6.938893903907228e-17
223    0.15566554995078982    0.07783277497539491    2.7755575615628914e-17
224    0.15566554995078985    0.07783277497539492    4.163336342344337e-17
225    0.15566554995079002    0.07783277497539501    1.249000902703301e-16
226    0.15566554995079004    0.07783277497539502    1.3877787807814457e-16
227    0.15566554995079038    0.07783277497539519    3.0531133177191805e-16
228    0.15566554995079007    0.07783277497539504    1.5265566588595902e-16
229    0.15566554995078993    0.07783277497539497    8.326672684688674e-17
230    0.15566554995079004    0.07783277497539502    1.3877787807814457e-16
231    0.15566554995079013    0.07783277497539506    1.8041124150158794e-16
232    0.15566554995079013    0.07783277497539506    1.8041124150158794e-16
233    0.1556655499507898    0.0778327749753949    1.3877787807814457e-17
234    0.15566554995078993    0.07783277497539497    8.326672684688674e-17
235    0.15566554995079016    0.07783277497539508    1.942890293094024e-16
236    0.15566554995079013    0.07783277497539506    1.8041124150158794e-16
237    0.15566554995079013    0.07783277497539506    1.8041124150158794e-16
238    0.15566554995079018    0.07783277497539509    2.0816681711721685e-16
239    0.1556655499507901    0.07783277497539505    1.6653345369377348e-16
240    0.15566554995078985    0.07783277497539492    4.163336342344337e-17
241    0.15566554995078993    0.07783277497539497    8.326672684688674e-17
242    0.15566554995078963    0.07783277497539481    6.938893903907228e-17
243    0.15566554995078977    0.07783277497539488    0.0
244    0.15566554995078968    0.07783277497539484    4.163336342344337e-17
245    0.15566554995078996    0.07783277497539498    9.71445146547012e-17
246    0.1556655499507899    0.07783277497539495    6.938893903907228e-17
247    0.1556655499507898    0.0778327749753949    1.3877787807814457e-17
248    0.15566554995078963    0.07783277497539481    6.938893903907228e-17
249    0.1556655499507898    0.0778327749753949    1.3877787807814457e-17
250    0.15566554995078977    0.07783277497539488    0.0
251    0.15566554995078946    0.07783277497539473    1.5265566588595902e-16
252    0.15566554995078952    0.07783277497539476    1.249000902703301e-16
253    0.15566554995078985    0.07783277497539492    4.163336342344337e-17
254    0.15566554995078924    0.07783277497539462    2.636779683484747e-16
255    0.15566554995078974    0.07783277497539487    1.3877787807814457e-17
256    0.15566554995078952    0.07783277497539476    1.249000902703301e-16
257    0.15566554995078957    0.07783277497539479    9.71445146547012e-17
258    0.15566554995078954    0.07783277497539477    1.1102230246251565e-16
259    0.1556655499507896    0.0778327749753948    8.326672684688674e-17
260    0.15566554995078943    0.07783277497539472    1.6653345369377348e-16
261    0.15566554995078963    0.07783277497539481    6.938893903907228e-17
262    0.1556655499507899    0.07783277497539495    6.938893903907228e-17
263    0.15566554995078985    0.07783277497539492    4.163336342344337e-17
264    0.1556655499507899    0.07783277497539495    6.938893903907228e-17
265    0.15566554995079007    0.07783277497539504    1.5265566588595902e-16
266    0.1556655499507902    0.0778327749753951    2.220446049250313e-16
267    0.15566554995078968    0.07783277497539484    4.163336342344337e-17
268    0.15566554995078966    0.07783277497539483    5.551115123125783e-17
269    0.1556655499507897    0.07783277497539486    2.7755575615628914e-17
270    0.15566554995078966    0.07783277497539483    5.551115123125783e-17
271    0.1556655499507897    0.07783277497539486    2.7755575615628914e-17
272    0.15566554995078993    0.07783277497539497    8.326672684688674e-17
273    0.15566554995078996    0.07783277497539498    9.71445146547012e-17
274    0.15566554995078935    0.07783277497539468    2.0816681711721685e-16
275    0.1556655499507897    0.07783277497539486    2.7755575615628914e-17
276    0.15566554995078918    0.07783277497539459    2.914335439641036e-16
277    0.15566554995078935    0.07783277497539468    2.0816681711721685e-16
278    0.15566554995078963    0.07783277497539481    6.938893903907228e-17
279    0.15566554995078946    0.07783277497539473    1.5265566588595902e-16
280    0.15566554995078952    0.07783277497539476    1.249000902703301e-16
281    0.15566554995078957    0.07783277497539479    9.71445146547012e-17
282    0.15566554995078943    0.07783277497539472    1.6653345369377348e-16
283    0.15566554995078913    0.07783277497539456    3.191891195797325e-16
284    0.15566554995078966    0.07783277497539483    5.551115123125783e-17
285    0.1556655499507896    0.0778327749753948    8.326672684688674e-17
286    0.15566554995078963    0.07783277497539481    6.938893903907228e-17
287    0.1556655499507896    0.0778327749753948    8.326672684688674e-17
288    0.15566554995078954    0.07783277497539477    1.1102230246251565e-16
289    0.15566554995078963    0.07783277497539481    6.938893903907228e-17
290    0.15566554995078902    0.07783277497539451    3.7470027081099033e-16
291    0.1556655499507892    0.0778327749753946    2.7755575615628914e-16
292    0.15566554995078916    0.07783277497539458    3.0531133177191805e-16
293    0.155665549950789    0.0778327749753945    3.885780586188048e-16
294    0.15566554995078957    0.07783277497539479    9.71445146547012e-17
295    0.155665549950789    0.0778327749753945    3.885780586188048e-16
296    0.1556655499507891    0.07783277497539455    3.3306690738754696e-16
297    0.15566554995078896    0.07783277497539448    4.0245584642661925e-16
298    0.1556655499507889    0.07783277497539445    4.3021142204224816e-16
299    0.1556655499507889    0.07783277497539445    4.3021142204224816e-16
300    0.15566554995078868    0.07783277497539434    5.412337245047638e-16
301    0.1556655499507888    0.0778327749753944    4.85722573273506e-16
302    0.1556655499507886    0.0778327749753943    5.828670879282072e-16
303    0.15566554995078863    0.07783277497539431    5.689893001203927e-16
304    0.15566554995078818    0.07783277497539409    7.91033905045424e-16
305    0.1556655499507879    0.07783277497539395    9.298117831235686e-16
306    0.15566554995078713    0.07783277497539356    1.3183898417423734e-15
307    0.15566554995078688    0.07783277497539344    1.4432899320127035e-15
308    0.15566554995078666    0.07783277497539333    1.5543122344752192e-15
309    0.1556655499507856    0.0778327749753928    2.0816681711721685e-15
310    0.1556655499507847    0.07783277497539234    2.5396351688300456e-15
311    0.15566554995078338    0.07783277497539169    3.191891195797325e-15
312    0.15566554995078244    0.07783277497539122    3.6637359812630166e-15
313    0.1556655499507807    0.07783277497539035    4.538036613155327e-15
314    0.15566554995077847    0.07783277497538924    5.648259637780484e-15
315    0.15566554995077667    0.07783277497538833    6.5503158452884236e-15
316    0.15566554995077392    0.07783277497538696    7.924216838262055e-15
317    0.15566554995077092    0.07783277497538546    9.423017921506016e-15
318    0.15566554995076715    0.07783277497538357    1.1310397063368782e-14
319    0.15566554995076282    0.07783277497538141    1.3475331961387838e-14
320    0.1556655499507576    0.0778327749753788    1.6084356069256955e-14
321    0.15566554995075113    0.07783277497537557    1.9317880628477724e-14
322    0.1556655499507436    0.0778327749753718    2.3078761124395442e-14
323    0.15566554995073456    0.07783277497536728    2.7602919949742954e-14
324    0.15566554995072354    0.07783277497536177    3.3112401709445294e-14
325    0.15566554995071052    0.07783277497535526    3.9621084191310274e-14
326    0.1556655499506948    0.0778327749753474    4.748978987834107e-14
327    0.1556655499506762    0.0778327749753381    5.678790770957676e-14
328    0.1556655499506548    0.0778327749753274    6.74876821094017e-14
329    0.15566554995062817    0.07783277497531409    8.079648061709577e-14
330    0.15566554995059742    0.07783277497529871    9.617306950815419e-14
331    0.15566554995056014    0.07783277497528007    1.14810938534049e-13
332    0.1556655499505165    0.07783277497525826    1.3662682096793333e-13
333    0.1556655499504641    0.07783277497523206    1.6282808434908702e-13
334    0.15566554995040147    0.07783277497520073    1.9415025143132425e-13
335    0.15566554995032741    0.07783277497516371    2.311761893025732e-13
336    0.15566554995023957    0.07783277497511978    2.75099387714306e-13
337    0.1556655499501348    0.0778327749750674    3.2748803668880555e-13
338    0.15566554995001114    0.07783277497500557    3.8931358137261896e-13
339    0.15566554994986403    0.07783277497493202    4.628658567540356e-13
340    0.15566554994968956    0.07783277497484478    5.501016309139573e-13
341    0.15566554994948176    0.07783277497474088    6.540046282310641e-13
342    0.15566554994923656    0.07783277497461828    7.76601005725297e-13
343    0.15566554994894546    0.07783277497447273    9.22151244253655e-13
344    0.15566554994860077    0.07783277497430038    1.0944994910389028e-12
345    0.15566554994819218    0.07783277497409609    1.2987944053577394e-12
346    0.15566554994770826    0.07783277497385413    1.5407536357869844e-12
347    0.15566554994713583    0.07783277497356791    1.8269691315353498e-12
348    0.15566554994645843    0.07783277497322921    2.1656704207728694e-12
349    0.15566554994565687    0.07783277497282844    2.566447054874743e-12
350    0.1556655499447083    0.07783277497235415    3.04073433099461e-12
351    0.1556655499435871    0.07783277497179356    3.601327569491275e-12
352    0.1556655499422614    0.0778327749711307    4.264186226343725e-12
353    0.15566554994069376    0.07783277497034688    5.048003681729085e-12
354    0.15566554993884205    0.07783277496942102    5.973860295327427e-12
355    0.15566554993665407    0.07783277496832704    7.06784630821744e-12
356    0.15566554993407    0.077832774967035    8.359882230912774e-12
357    0.15566554993101825    0.07783277496550912    9.885758878169781e-12
358    0.15566554992741538    0.07783277496370769    1.1687192880138753e-11
359    0.15566554992316295    0.07783277496158147    1.3813408750174005e-11
360    0.1556655499181442    0.0778327749590721    1.6322776463795208e-11
361    0.15566554991222253    0.07783277495611127    1.928361637038023e-11
362    0.1556655499052362    0.0778327749526181    2.27767804616974e-11
363    0.15566554989699596    0.07783277494849798    2.6896901372808202e-11
364    0.1556655498872782    0.0778327749436391    3.175577856229239e-11
365    0.1556655498758207    0.07783277493791035    3.74845293693582e-11
366    0.15566554986231373    0.07783277493115687    4.4238016028153027e-11
367    0.15566554984639225    0.07783277492319612    5.219875920392525e-11
368    0.15566554982762848    0.07783277491381424    6.15806433623689e-11
369    0.15566554980551758    0.07783277490275879    7.263609158592033e-11
370    0.15566554977946628    0.07783277488973314    8.566174158897155e-11
371    0.15566554974877747    0.07783277487438874    1.0100614789010365e-10
372    0.15566554971262808    0.07783277485631404    1.1908084240896954e-10
373    0.15566554967005283    0.07783277483502642    1.4036846684994941e-10
374    0.15566554961991502    0.07783277480995751    1.654373721349245e-10
375    0.1556655495608785    0.07783277478043925    1.9495563496896295e-10
376    0.15566554949136877    0.07783277474568438    2.297105006210387e-10
377    0.1556655494095387    0.07783277470476935    2.706255358697618e-10
378    0.15566554931321236    0.07783277465660618    3.1878870376811363e-10
379    0.1556655491998316    0.0778327745999158    3.7547907838497707e-10
380    0.15566554906638824    0.07783277453319412    4.4220076211853865e-10
381    0.15566554890934434    0.07783277445467217    5.20722714947297e-10
382    0.15566554872454091    0.07783277436227046    6.131244262297386e-10
383    0.15566554850708492    0.07783277425354246    7.218524250562908e-10
384    0.1556655482512238    0.0778327741256119    8.497829800946377e-10
385    0.15566554795019436    0.07783277397509718    1.0002977057776974e-09
386    0.15566554759604215    0.07783277379802107    1.1773738095577357e-09
387    0.1556655471794154    0.0778327735897077    1.385687189991991e-09
388    0.15566554668931715    0.07783277334465857    1.6307363098766459e-09
389    0.15566554611281738    0.07783277305640869    1.918986192173122e-09
390    0.15566554543471461    0.07783277271735731    2.2580375763636695e-09
391    0.15566554463713125    0.07783277231856563    2.6568292565976037e-09
392    0.15566554369905158    0.07783277184952579    3.1258690913471554e-09
393    0.15566554259576082    0.07783277129788041    3.677514473499066e-09
394    0.1556655412982047    0.07783277064910235    4.326292532552678e-09
395    0.15566553977221909    0.07783276988610954    5.089285340376115e-09
396    0.1556655379776347    0.07783276898881734    5.986577539252025e-09
397    0.15566553586722223    0.07783276793361112    7.0417837672032135e-09
398    0.15566553338544958    0.07783276669272479    8.282670091452893e-09
399    0.1556655304670243    0.07783276523351215    9.741882731062468e-09
400    0.15566552703517597    0.07783276351758799    1.1457806897707812e-08
401    0.15566552299963848    0.07783276149981924    1.3475575641463955e-08
402    0.15566551825427744    0.07783275912713872    1.584825616574026e-08
403    0.15566551267430184    0.07783275633715092    1.863824396208802e-08
404    0.1556655061129797    0.07783275305648985    2.1918905038220693e-08
405    0.15566549839778415    0.07783274919889208    2.577650280721766e-08
406    0.15566548932585525    0.07783274466292762    3.0312467258486464e-08
407    0.15566547865866256    0.07783273932933128    3.56460636008471e-08
408    0.15566546611574084    0.07783273305787042    4.1917524465362455e-08
409    0.15566545136730228    0.07783272568365114    4.929174374224132e-08
410    0.15566543402557376    0.07783271701278688    5.796260800494668e-08
411    0.1556654136345893    0.07783270681729465    6.815810023319546e-08
412    0.15566538965820012    0.07783269482910006    8.01462948230025e-08
413    0.15566536146596655    0.07783268073298327    9.424241161071212e-08
414    0.15566532831657273    0.07783266415828637    1.1081710851734705e-07
415    0.15566528933832424    0.07783264466916212    1.3030623276233388e-07
416    0.15566524350620822    0.07783262175310411    1.5322229077185945e-07
417    0.155665189614921    0.0778325948074605    1.8016793437714007e-07
418    0.1556651262471495    0.07783256312357476    2.1185182012828374e-07
419    0.15566505173627174    0.07783252586813587    2.491072590149468e-07
420    0.15566496412249137    0.07783248206124568    2.929141491997411e-07
421    0.15566486110125427    0.07783243055062714    3.4442476774809716e-07
422    0.1556647399625885    0.07783236998129425    4.049941006306623e-07
423    0.1556645975197677    0.07783229875988384    4.762155110388244e-07
424    0.1556644300254262    0.0778322150127131    5.59962681778714e-07
425    0.15566423307290472    0.07783211653645236    6.584389425218218e-07
426    0.1556640014802381    0.07783200074011905    7.742352758355331e-07
427    0.15566372915373175    0.07783186457686588    9.103985290082051e-07
428    0.15566340892752484    0.07783170446376242    1.0705116324644104e-06
429    0.1556630323749248    0.0778315161874624    1.2587879324871265e-06
430    0.15566258958654253    0.07783129479327126    1.4801821236198887e-06
431    0.15566206890938442    0.07783103445469221    1.7405207026754965e-06
432    0.15566145664003897    0.07783072832001948    2.0466553753983874e-06
433    0.15566073666387317    0.07783036833193659    2.4066434582969976e-06
434    0.15565989003075667    0.07782994501537834    2.8299600165482275e-06
435    0.1556588944561346    0.0778294472280673    3.327747327586117e-06
436    0.15565772373432885    0.07782886186716442    3.913108230460538e-06
437    0.155656347048642    0.077828173524321    4.601451073879548e-06
438    0.15565472816010956    0.07782736408005478    5.410895340104971e-06
439    0.15565282445359022    0.07782641222679511    6.362748599775259e-06
440    0.15565058581611158    0.07782529290805579    7.482067339095733e-06
441    0.15564795331802989    0.07782397665901494    8.79831637994044e-06
442    0.15564485766236313    0.07782242883118157    1.0346144213316255e-05
443    0.15564121736162995    0.07782060868081497    1.216629457991003e-05
444    0.155636936594398    0.077818468297199    1.4306678195880052e-05
445    0.15563190268539473    0.07781595134269736    1.682363269751852e-05
446    0.15562598314325282    0.07781299157162641    1.978340376847243e-05
447    0.1556190221784762    0.0778095110892381    2.3263886156782432e-05
448    0.1556108366107617    0.07780541830538085    2.735667001403652e-05
449    0.15560121105905972    0.07780060552952986    3.2169445865024016e-05
450    0.15558989228931017    0.07779494614465508    3.7828830739800035e-05
451    0.1555765825732614    0.0777882912866307    4.4483688764182516e-05
452    0.1555609318865795    0.07778046594328974    5.2309032105138376e-05
453    0.15554252874511412    0.07777126437255706    6.151060283782206e-05
454    0.15552088944399395    0.07776044472199697    7.233025339790922e-05
455    0.1554954454244612    0.0777477227122306    8.505226316428416e-05
456    0.15546552844725856    0.07773276422362928    0.0001000107517656057
457    0.15543035319803045    0.07771517659901522    0.00011759837637966009
458    0.15538899688867408    0.07769449844433704    0.0001382765310578432
459    0.15534037534788986    0.07767018767394493    0.00016258730144995404
460    0.155283215013362    0.077641607506681    0.00019116746871387924
461    0.1552160201460947    0.07760801007304735    0.00022476490234753232
462    0.15513703448370356    0.07756851724185178    0.0002642577335431051
463    0.15504419643348985    0.07752209821674493    0.00031067675864995814
464    0.15493508677778767    0.07746754338889383    0.0003652315865010497
465    0.15480686772457153    0.07740343386228576    0.00042934111310911904
466    0.15465621198718635    0.07732810599359317    0.0005046689818017092
467    0.15447922042316675    0.07723961021158338    0.0005931647638115073
468    0.15427132660829151    0.07713566330414576    0.000697111671249126
469    0.15402718658172446    0.07701359329086223    0.0008191816845326549
470    0.15374055188093946    0.07687027594046973    0.0009624990349251517
471    0.15340412392424824    0.07670206196212412    0.001130713013270765
472    0.15300938780716533    0.07650469390358267    0.0013280810718122177
473    0.15254642373588678    0.07627321186794339    0.001559563107451492
474    0.1520036946257152    0.0760018473128576    0.001830927662537285
475    0.15136780903942954    0.07568390451971477    0.002148870455680116
476    0.15062325953459477    0.07531162976729738    0.0025211452080975
477    0.14975213813671442    0.07487606906835721    0.002956705907037671
478    0.148733832565334    0.074366916282667    0.0034658586927278773
479    0.14754471042068049    0.07377235521034024    0.00406041976505464
480    0.14615780186612637    0.07307890093306318    0.004753874042331699
481    0.14454249856290052    0.07227124928145026    0.005561525693944622
482    0.14266429096448635    0.07133214548224318    0.006500629493151708
483    0.14048458028874136    0.07024229014437068    0.007590484831024202
484    0.13796060301159196    0.06898030150579598    0.008852473469598901
485    0.13504553456063262    0.06752276728031631    0.010310007695078574
486    0.13168882222033906    0.06584441111016953    0.011988363865225352
487    0.1278368616435148    0.0639184308217574    0.013914344153637487
488    0.12343404672729455    0.061717023363647275    0.01611575161174761
489    0.1184243873145458    0.0592121936572729    0.018620581318121984
490    0.11275358962001761    0.056376794810008804    0.02145598016538608
491    0.10637196540344333    0.05318598270172167    0.024646792273673217
492    0.09923760684080547    0.049618803420402736    0.028213971554992147
493    0.09132066816609166    0.04566033408304583    0.03217244089234905
494    0.08260687138799985    0.041303435693999926    0.03652933928139496
495    0.07310233859354053    0.03655116929677026    0.04128160567862462
496    0.06283359357637328    0.03141679678818664    0.046415978187208246
497    0.05184444238878177    0.025922221194390884    0.051910553781003996
498    0.04015254435419612    0.02007627217709806    0.05775650279829682
499    0.027529561832069505    0.013764780916034752    0.06406799405936013
500    0.0    0.005366781125244565    0.07246599385015032
501    0.0    0.0028361463621197633    0.07499662861327512
502    0.0    0.001583116253403273    0.0762496587219916
503    0.0    0.0008981127722161959    0.07693466220317868
504    0.0    0.0005123204392289632    0.07732045453616591
505    0.0    0.00029282713696891956    0.07753994783842597
506    0.0    0.00016749291675314734    0.07766528205864173
507    0.0    9.58293824854491e-05    0.07773694559290943
508    0.0    5.483333078952664e-05    0.07777794164460536
509    0.0    3.137667388669e-05    0.07780139830150819
510    0.0    1.795458191662441e-05    0.07781482039347826
511    0.0    1.0274151856262594e-05    0.07782250082353862
512    0.0    5.879190362740195e-06    0.07782689578503214
513    0.0    3.3642587140632514e-06    0.07782941071668081
514    0.0    1.9251357990545705e-06    0.07783084983959583
515    0.0    1.1016240260832907e-06    0.0778316733513688
516    0.0    6.303843828919971e-07    0.077832144591012
517    0.0    3.6072604305296616e-07    0.07783241424935183
518    0.0    2.0641894426512084e-07    0.07783256855645061
519    0.0    1.1811950216111117e-07    0.07783265685589272
520    0.0    6.759174592686074e-08    0.07783270738364896
521    0.0    3.867815243866618e-08    0.07783273629724244
522    0.0    2.213287225889815e-08    0.07783275284252263
523    0.0    1.266513513639364e-08    0.07783276231025975
524    0.0    7.247394306648253e-09    0.07783276772800057
525    0.0    4.147190115193905e-09    0.07783277082820476
526    0.0    2.373154387412535e-09    0.0778327726022405
527    0.0    1.3579946230024564e-09    0.07783277361740026
528    0.0    7.770877118867814e-10    0.07783277419830717
529    0.0    4.446743346805948e-10    0.07783277453072054
530    0.0    2.5445684708608196e-10    0.07783277472093804
531    0.0    1.4560826069182076e-10    0.07783277482978662
532    0.0    8.332165729943442e-11    0.07783277489207323
533    0.0    4.76793082012511e-11    0.07783277492771558
534    0.0    2.7283586848114716e-11    0.07783277494811129
535    0.0    1.5612623823976768e-11    0.07783277495978226
536    0.0    8.933956005541255e-12    0.07783277496646093
537    0.0    5.112296436876607e-12    0.07783277497028258
538    0.0    2.9254190216099207e-12    0.07783277497246946
539    0.0    1.6740044680302324e-12    0.07783277497372088
540    0.0    9.57907798221358e-13    0.07783277497443697
541    0.0    5.48210131803839e-13    0.07783277497484667
542    0.0    3.13579674379727e-13    0.0778327749750813
543    0.0    1.7952067783710834e-13    0.07783277497521536
544    0.0    1.0270083394825491e-13    0.07783277497529219
545    0.0    5.870369294835864e-14    0.07783277497533618
546    0.0    3.3476693639400423e-14    0.07783277497536141
547    0.0    1.9201220474718284e-14    0.07783277497537568
548    0.0    1.0960633442524959e-14    0.07783277497538392
549    0.0    6.344751113385172e-15    0.07783277497538854
550    0.0    3.645304544330763e-15    0.07783277497539123
551    0.0    2.0821018520411627e-15    0.0778327749753928
552    0.0    1.1117409076666362e-15    0.07783277497539377
553    0.0    5.971785566050158e-16    0.07783277497539429
554    0.0    3.89011739487799e-16    0.0778327749753945
555    0.0    1.8474805019152996e-16    0.0778327749753947
556    0.0    6.895525817007808e-17    0.07783277497539481
557    0.0    4.8138576458356397e-17    0.07783277497539484
558    0.0    7.871307772244762e-17    0.0778327749753948
559    -0.0    -1.235990476633475e-17    0.0778327749753949
560    0.0    3.5128150388530344e-17    0.07783277497539484
561    -0.0    -1.1709383462843448e-17    0.0778327749753949
562    -0.0    -9.367506770274758e-17    0.07783277497539498
563    -0.0    -5.681219383824043e-17    0.07783277497539494
564    -0.0    -2.7321894746634712e-17    0.07783277497539491
565    -0.0    -4.336808689942018e-18    0.07783277497539488
566    0.0    2.3418766925686896e-17    0.07783277497539486
567    -0.0    -5.876375774871434e-17    0.07783277497539494
568    -0.0    -1.0625181290357943e-17    0.0778327749753949
569    -0.0    -1.0364972768961422e-16    0.07783277497539498
570    0.0    2.927345865710862e-17    0.07783277497539486
571    -0.0    -7.697835424647081e-17    0.07783277497539497
572    -0.0    -2.2985086056692694e-17    0.07783277497539491
573    -0.0    -2.905661822261152e-17    0.07783277497539491
574    0.0    3.61039323437673e-17    0.07783277497539484
575    -0.0    -6.938893903907228e-18    0.0778327749753949
576    -0.0    -3.74049749507499e-17    0.07783277497539492
577    -0.0    -7.48099499014998e-18    0.0778327749753949
578    0.0    1.5178830414797062e-17    0.07783277497539487
579    0.0    1.1633489310769463e-16    0.07783277497539477
580    0.0    1.441988889405721e-17    0.07783277497539487
581    0.0    7.589415207398531e-18    0.07783277497539487
582    -0.0    -4.7596475372113645e-17    0.07783277497539492
583    0.0    3.61039323437673e-17    0.07783277497539484
584    0.0    5.421010862427522e-17    0.07783277497539483
585    -0.0    -3.198396408832238e-17    0.07783277497539491
586    -0.0    -6.342582709040201e-17    0.07783277497539495
587    0.0    1.2576745200831851e-17    0.07783277497539487
588    0.0    9.215718466126788e-17    0.07783277497539479
589    0.0    9.64939933512099e-18    0.07783277497539487
590    0.0    1.919037845299343e-17    0.07783277497539487
591    -0.0    -2.710505431213761e-17    0.07783277497539491
592    0.0    8.673617379884035e-18    0.07783277497539487
593    0.0    2.439454888092385e-17    0.07783277497539486
594    0.0    2.5587171270657905e-17    0.07783277497539486
595    -0.0    -6.873841773558098e-17    0.07783277497539495
596    -0.0    -4.683753385137379e-17    0.07783277497539492
597    -0.0    -1.1861171766991419e-16    0.07783277497539501
598    0.0    6.483528991463317e-17    0.07783277497539481
599    -0.0    -3.707971429900425e-17    0.07783277497539492
600    0.0    7.556889142223966e-17    0.07783277497539481
601    -0.0    -4.5319650809894085e-17    0.07783277497539492
602    -0.0    -1.3010426069826053e-18    0.07783277497539488
603    -0.0    -6.516055056637882e-17    0.07783277497539495
604    0.0    8.695301423333746e-17    0.0778327749753948
605    0.0    8.64109131470947e-17    0.0778327749753948
606    0.0    4.3259666682171627e-17    0.07783277497539484
607    -0.0    -1.2761059570154387e-16    0.07783277497539501
608    0.0    1.3758525568841051e-16    0.07783277497539474
609    0.0    9.952975943416931e-17    0.07783277497539479
610    0.0    1.1492543028346347e-16    0.07783277497539477
611    -0.0    -1.0083080204115191e-17    0.0778327749753949
612    -0.0    -2.5912431922403556e-17    0.07783277497539491
613    0.0    6.19079440489223e-17    0.07783277497539483
614    0.0    2.222614453595284e-17    0.07783277497539486
615    -0.0    -1.3010426069826053e-17    0.0778327749753949
616    -0.0    -2.2442984970449942e-17    0.07783277497539491
617    0.0    7.903833837419327e-17    0.0778327749753948
618    -0.0    -1.0408340855860843e-17    0.0778327749753949
619    0.0    8.229094489164979e-17    0.0778327749753948
620    0.0    1.3769367590565906e-16    0.07783277497539474
621    0.0    6.331740687315346e-17    0.07783277497539481
622    0.0    6.711211447685272e-17    0.07783277497539481
623    -0.0    -4.4885969940899884e-17    0.07783277497539492
624    -0.0    -2.4069288229178198e-17    0.07783277497539491
625    0.0    1.0224026486538307e-16    0.07783277497539479
626    0.0    1.231653667943533e-16    0.07783277497539476
627    -0.0    -1.1080546202801855e-16    0.077832774975395
628    0.0    2.0816681711721685e-17    0.07783277497539487
629    0.0    1.951563910473908e-17    0.07783277497539487
630    0.0    7.654467337747661e-17    0.0778327749753948
631    0.0    4.705437428587089e-17    0.07783277497539484
632    -0.0    -1.431146867680866e-17    0.0778327749753949
633    -0.0    -5.366800753803247e-17    0.07783277497539494
634    0.0    9.432558900623889e-18    0.07783277497539487
635    -0.0    -8.239936510889834e-17    0.07783277497539497
636    0.0    3.903127820947816e-18    0.07783277497539488
637    0.0    5.095750210681871e-17    0.07783277497539483
638    0.0    1.7564075194265172e-17    0.07783277497539487
639    0.0    5.746271514173174e-17    0.07783277497539483
640    -0.0    -2.5587171270657905e-17    0.07783277497539491
641    -0.0    -4.933119884809045e-17    0.07783277497539494
642    0.0    6.342582709040201e-17    0.07783277497539481
643    -0.0    -9.920449878242366e-17    0.07783277497539498
644    0.0    1.984089975648473e-17    0.07783277497539487
645    0.0    2.2768245622195593e-17    0.07783277497539486
646    0.0    6.353424730765056e-17    0.07783277497539481
647    -0.0    -5.2366964931049864e-17    0.07783277497539494
648    0.0    1.8323016715005025e-17    0.07783277497539487
649    -0.0    -3.74049749507499e-17    0.07783277497539492
650    0.0    1.0907073855204175e-16    0.07783277497539477
651    -0.0    -2.5695591487906455e-17    0.07783277497539491
652    -0.0    -2.7863995832877464e-17    0.07783277497539491
653    -0.0    -1.0842021724855044e-16    0.077832774975395
654    0.0    6.245004513516506e-17    0.07783277497539481
655    0.0    1.9949319973733282e-17    0.07783277497539487
656    -0.0    -3.155028321932818e-17    0.07783277497539491
657    -0.0    -2.1358782797964437e-17    0.07783277497539491
658    0.0    8.890457814381136e-18    0.07783277497539487
659    -0.0    -1.093959992037874e-16    0.077832774975395
660    -0.0    -1.0744443529331349e-16    0.077832774975395
661    -0.0    -6.754579534584693e-17    0.07783277497539495
662    0.0    8.294146619514109e-17    0.0778327749753948
663    -0.0    -5.9631119486702744e-18    0.07783277497539488
664    -0.0    -2.6129272356900657e-17    0.07783277497539491
665    -0.0    -1.0592655225183378e-16    0.077832774975395
666    -0.0    -9.063930161978817e-17    0.07783277497539498
667    -0.0    -1.951563910473908e-18    0.07783277497539488
668    0.0    6.407634839389331e-17    0.07783277497539481
669    -0.0    -1.5579985218616699e-16    0.07783277497539504
670    -0.0    -1.0733601507606494e-16    0.077832774975395
671    -0.0    -1.57968256531138e-16    0.07783277497539504
672    0.0    1.2804427657053807e-16    0.07783277497539476
673    -0.0    -2.6346112791397758e-17    0.07783277497539491
674    0.0    7.22078646875346e-17    0.07783277497539481
675    -0.0    -3.144186300207963e-18    0.07783277497539488
676    0.0    4.683753385137379e-17    0.07783277497539484
677    0.0    3.393552799879629e-17    0.07783277497539486
678    -0.0    -5.421010862427522e-19    0.07783277497539488
679    0.0    2.0057740190981832e-17    0.07783277497539487
680    0.0    5.876375774871434e-17    0.07783277497539483
681    -0.0    -9.725293487194975e-17    0.07783277497539498
682    -0.0    -2.6020852139652106e-17    0.07783277497539491
683    -0.0    -2.1358782797964437e-17    0.07783277497539491
684    -0.0    -2.4069288229178198e-17    0.07783277497539491
685    -0.0    -8.879615792656281e-17    0.07783277497539497
686    -0.0    -2.710505431213761e-18    0.07783277497539488
687    0.0    4.7271214720367993e-17    0.07783277497539484
688    -0.0    -1.113475631142613e-16    0.077832774975395
689    -0.0    -1.6924395912498724e-16    0.07783277497539505
690    0.0    5.421010862427522e-19    0.07783277497539488
691    0.0    3.0140820395097023e-17    0.07783277497539486
692    -0.0    -8.077306185017008e-17    0.07783277497539497
693    0.0    1.2902005852577503e-17    0.07783277497539487
694    0.0    9.75781955236954e-19    0.07783277497539488
695    -0.0    -6.10405823109339e-17    0.07783277497539494
696    -0.0    -1.0224026486538307e-16    0.07783277497539498
697    -0.0    -6.884683795282953e-17    0.07783277497539495
698    0.0    8.435092901937224e-17    0.0778327749753948
699    -0.0    -6.277530578691071e-17    0.07783277497539495
700    -0.0    -7.643625316022806e-17    0.07783277497539497
701    0.0    4.401860820291148e-17    0.07783277497539484
702    0.0    7.068998164605489e-17    0.07783277497539481
703    -0.0    -3.9898639947466563e-17    0.07783277497539492
704    -0.0    -2.5478751053409354e-17    0.07783277497539491
705    -0.0    -7.134050294954619e-17    0.07783277497539495
706    0.0    8.933825901280557e-17    0.0778327749753948
707    -0.0    -8.250778532614689e-17    0.07783277497539497
708    0.0    2.5912431922403556e-17    0.07783277497539486
709    -0.0    -1.4062102177136993e-16    0.07783277497539502
710    0.0    5.2692225582795515e-17    0.07783277497539483
711    -0.0    -6.949735925632083e-17    0.07783277497539495
712    0.0    2.4069288229178198e-17    0.07783277497539486
713    -0.0    -1.1931644908202976e-16    0.07783277497539501
714    0.0    3.382710778154774e-17    0.07783277497539486
715    0.0    5.724587470723463e-17    0.07783277497539483
716    -0.0    -5.410168840702667e-17    0.07783277497539494
717    -0.0    -8.131516293641283e-18    0.0778327749753949
718    -0.0    -1.214306433183765e-16    0.07783277497539501
719    0.0    1.0934178909516312e-16    0.07783277497539477
720    0.0    1.100465205072787e-16    0.07783277497539477
721    -0.0    -2.3744027577432547e-17    0.07783277497539491
722    -0.0    -7.3075226425523e-17    0.07783277497539495
723    0.0    2.1467203015212988e-17    0.07783277497539486
724    -0.0    -7.39425881635114e-17    0.07783277497539495
725    0.0    7.134050294954619e-17    0.07783277497539481
726    0.0    6.14742631799281e-17    0.07783277497539483
727    -0.0    -7.513521055324546e-17    0.07783277497539495
728    0.0    7.692414413784654e-17    0.0778327749753948
729    0.0    3.1821333762449555e-17    0.07783277497539486
730    0.0    9.091035216290955e-17    0.07783277497539479
731    -0.0    -2.3689817468808272e-17    0.07783277497539491
732    -0.0    -7.616520261710669e-17    0.07783277497539495
733    -0.0    -1.0137290312739466e-17    0.0778327749753949
734    0.0    1.1584700213007615e-16    0.07783277497539477
735    -0.0    -4.336808689942018e-17    0.07783277497539492
736    -0.0    -1.2197274440461925e-17    0.0778327749753949
737    -0.0    -1.2202695451324352e-16    0.07783277497539501
738    -0.0    -4.716279450311944e-17    0.07783277497539492
739    0.0    4.0115480381963664e-17    0.07783277497539484
740    -0.0    -2.867714746224159e-17    0.07783277497539491
741    -0.0    -3.5453411040275995e-17    0.07783277497539492
742    0.0    2.5478751053409354e-18    0.07783277497539488
743    -0.0    -7.594836218260959e-17    0.07783277497539495
744    -0.0    -1.66045562716155e-16    0.07783277497539505
745    -0.0    -1.9531902137326362e-16    0.07783277497539508
746    -0.0    -5.746271514173174e-17    0.07783277497539494
747    -0.0    -9.643978324258562e-17    0.07783277497539498
748    -0.0    -1.6197980456933436e-16    0.07783277497539505
749    -0.0    -7.112366251504909e-17    0.07783277497539495
750    -0.0    -3.491130995403324e-17    0.07783277497539492
751    -0.0    -3.7513395167998453e-17    0.07783277497539492
752    0.0    4.228388472693467e-17    0.07783277497539484
753    0.0    8.348356728138384e-17    0.0778327749753948
754    0.0    3.6374982886888674e-17    0.07783277497539484
755    0.0    2.4882439858542327e-17    0.07783277497539486
756    0.0    1.4582519219930035e-17    0.07783277497539487
757    0.0    8.944667923005412e-18    0.07783277497539487
758    0.0    9.974659986866641e-18    0.07783277497539487
759    0.0    4.391018798566293e-18    0.07783277497539488
760    0.0    1.1628068299907035e-16    0.07783277497539477
761    0.0    1.9895109865109006e-17    0.07783277497539487
762    0.0    8.635670303847043e-17    0.0778327749753948
763    0.0    3.6483403104137224e-17    0.07783277497539484
764    -0.0    -3.2255014631443757e-17    0.07783277497539491
765    -0.0    -4.9981720151581754e-17    0.07783277497539494
766    0.0    5.767955557622884e-17    0.07783277497539483
767    -0.0    -8.7061434450586e-17    0.07783277497539497
768    0.0    5.908901840045999e-18    0.07783277497539488
769    0.0    3.707971429900425e-17    0.07783277497539484
770    0.0    9.307875650788056e-17    0.07783277497539479
771    -0.0    -1.431146867680866e-17    0.0778327749753949
772    -0.0    -3.236343484869231e-17    0.07783277497539491
773    0.0    8.500145032286355e-17    0.0778327749753948
774    0.0    4.412702842016003e-17    0.07783277497539484
775    -0.0    -8.61940727125976e-17    0.07783277497539497
776    0.0    3.903127820947816e-17    0.07783277497539484
777    0.0    1.6566609195578508e-16    0.07783277497539472
778    -0.0    -6.591949208711867e-17    0.07783277497539495
779    -0.0    -8.679038390746463e-17    0.07783277497539497
780    0.0    2.3960868011929648e-17    0.07783277497539486
781    0.0    1.330316065639714e-16    0.07783277497539474
782    -0.0    -7.589415207398531e-19    0.07783277497539488
783    0.0    5.941427905220564e-17    0.07783277497539483
784    -0.0    -4.228388472693467e-17    0.07783277497539492
785    0.0    6.315477654728063e-17    0.07783277497539481
786    -0.0    -4.4777549723651333e-17    0.07783277497539492
787    0.0    2.461138931542095e-17    0.07783277497539486
788    -0.0    -3.7947076036992655e-17    0.07783277497539492
789    0.0    6.700369425960417e-17    0.07783277497539481
790    0.0    8.185726402265558e-17    0.0778327749753948
791    0.0    8.196568423990414e-17    0.0778327749753948
792    -0.0    -3.7838655819744105e-17    0.07783277497539492
793    0.0    1.3574211199518516e-16    0.07783277497539474
794    0.0    3.3068166260807885e-17    0.07783277497539486
795    0.0    6.548581121812447e-17    0.07783277497539481
796    0.0    3.892285799222961e-17    0.07783277497539484
797    0.0    1.1015494072452725e-16    0.07783277497539477
798    0.0    2.168404344971009e-17    0.07783277497539486
799    -0.0    -6.873841773558098e-17    0.07783277497539495
800    0.0    7.361732751176575e-17    0.07783277497539481
801    0.0    1.0733601507606494e-17    0.07783277497539487
802    0.0    6.602791230436722e-17    0.07783277497539481
803    -0.0    -5.4860629927766524e-17    0.07783277497539494
804    -0.0    -2.905661822261152e-17    0.07783277497539491
805    -0.0    -2.168404344971009e-17    0.07783277497539491
806    -0.0    -1.6263032587282567e-17    0.0778327749753949
807    -0.0    -7.209944447028604e-17    0.07783277497539495
808    -0.0    -7.448468924975415e-17    0.07783277497539495
809    0.0    1.1492543028346347e-17    0.07783277497539487
810    -0.0    -7.058156142880634e-17    0.07783277497539495
811    -0.0    -4.141652298894627e-17    0.07783277497539492
812    -0.0    -5.204170427930421e-17    0.07783277497539494
813    -0.0    -4.7704895589362195e-18    0.07783277497539488
814    -0.0    -5.182486384480711e-17    0.07783277497539494
815    -0.0    -9.942133921692076e-17    0.07783277497539498
816    -0.0    -3.2526065174565133e-18    0.07783277497539488
817    -0.0    -1.9949319973733282e-17    0.0778327749753949
818    -0.0    -1.6696713456276768e-17    0.0778327749753949
819    0.0    5.9631119486702744e-18    0.07783277497539488
820    -0.0    -5.0090140368830305e-17    0.07783277497539494
821    0.0    1.0148132334464322e-16    0.07783277497539479
822    0.0    2.222614453595284e-17    0.07783277497539486
823    0.0    3.3068166260807885e-17    0.07783277497539486
824    -0.0    -1.8431436932253575e-18    0.07783277497539488
825    -0.0    -5.4643789493269423e-17    0.07783277497539494
826    -0.0    -4.4885969940899884e-17    0.07783277497539492
827    0.0    1.734723475976807e-18    0.07783277497539488
828    -0.0    -4.575333167888829e-17    0.07783277497539492
829    -0.0    -1.7184604433895245e-16    0.07783277497539505
830    -0.0    -2.0621525320674294e-16    0.07783277497539509
831    -0.0    -8.673617379884035e-17    0.07783277497539497
832    -0.0    -6.754579534584693e-17    0.07783277497539495
833    -0.0    -1.951563910473908e-18    0.07783277497539488
834    0.0    2.233456475320139e-17    0.07783277497539486
835    0.0    6.862999751833243e-17    0.07783277497539481
836    -0.0    -5.431852884152377e-17    0.07783277497539494
837    0.0    1.3010426069826053e-18    0.07783277497539488
838    -0.0    -2.883977778811442e-17    0.07783277497539491
839    -0.0    -9.215718466126788e-18    0.0778327749753949
840    0.0    5.095750210681871e-18    0.07783277497539488
841    -0.0    -4.228388472693467e-18    0.07783277497539488
842    -0.0    -4.336808689942018e-19    0.07783277497539488
843    -0.0    -7.719519468096792e-17    0.07783277497539497
844    -0.0    -7.112366251504909e-17    0.07783277497539495
845    -0.0    -8.977193988179977e-17    0.07783277497539497
846    -0.0    -2.992397996059992e-17    0.07783277497539491
847    -0.0    -2.5045070184415152e-17    0.07783277497539491
848    -0.0    -1.3400738851920835e-16    0.07783277497539502
849    -0.0    -1.3877787807814457e-16    0.07783277497539502
850    -0.0    -5.4752209710517974e-17    0.07783277497539494
851    -0.0    -1.9949319973733282e-17    0.0778327749753949
852    -0.0    -1.1188966420050406e-16    0.077832774975395
853    -0.0    -1.2847795743953228e-16    0.07783277497539501
854    -0.0    -8.044780119842443e-17    0.07783277497539497
855    -0.0    -2.0383000842727483e-17    0.0778327749753949
856    -0.0    -1.813870234568249e-16    0.07783277497539506
857    -0.0    -3.2526065174565133e-19    0.07783277497539488
858    -0.0    -1.251169307048272e-16    0.07783277497539501
859    -0.0    -1.2923689896027213e-16    0.07783277497539501
860    -0.0    -8.673617379884035e-19    0.07783277497539488
861    0.0    7.144892316679474e-17    0.07783277497539481
862    -0.0    -3.881443777498106e-17    0.07783277497539492
863    -0.0    -6.938893903907228e-18    0.0778327749753949
864    -0.0    -2.6454533008646308e-17    0.07783277497539491
865    0.0    2.3418766925686896e-17    0.07783277497539486
866    -0.0    -8.521829075736065e-17    0.07783277497539497
867    -0.0    -8.142358315366138e-17    0.07783277497539497
868    -0.0    -1.984089975648473e-17    0.0778327749753949
869    -0.0    -6.320898665590491e-17    0.07783277497539495
870    0.0    6.581107186987012e-17    0.07783277497539481
871    0.0    4.152494320619482e-17    0.07783277497539484
872    -0.0    -1.3769367590565906e-16    0.07783277497539502
873    0.0    2.4936649967166602e-18    0.07783277497539488
874    0.0    1.0549287138283958e-16    0.07783277497539477
875    -0.0    -9.725293487194975e-17    0.07783277497539498
876    -0.0    -9.595189226496714e-17    0.07783277497539498
877    -0.0    -6.494371013188172e-17    0.07783277497539495
878    -0.0    -3.67544536472586e-17    0.07783277497539492
879    0.0    1.1980434005964824e-16    0.07783277497539476
880    -0.0    -6.657001339060997e-17    0.07783277497539495
881    -0.0    -4.3042826247674526e-17    0.07783277497539492
882    0.0    1.984089975648473e-17    0.07783277497539487
883    0.0    7.025630077706069e-17    0.07783277497539481
884    0.0    4.141652298894627e-17    0.07783277497539484
885    -0.0    -1.6479873021779667e-17    0.0778327749753949
886    0.0    1.0885389811754465e-16    0.07783277497539477
887    0.0    3.111660235033398e-17    0.07783277497539486
888    -0.0    -2.0491421059976034e-17    0.0778327749753949
889    0.0    5.854691731421724e-18    0.07783277497539488
890    -0.0    -6.982261990806649e-17    0.07783277497539495
891    -0.0    -1.0299920638612292e-16    0.07783277497539498
892    -0.0    -1.0657707355532509e-16    0.077832774975395
893    -0.0    -4.7813315806610746e-17    0.07783277497539492
894    -0.0    -4.0223900599212215e-17    0.07783277497539492
895    -0.0    -1.0061396160665481e-16    0.07783277497539498
896    0.0    4.7921736023859296e-17    0.07783277497539484
897    -0.0    -7.567731163948821e-17    0.07783277497539495
898    -0.0    -4.130810277169772e-17    0.07783277497539492
899    -0.0    -3.924811864397526e-17    0.07783277497539492
900    -0.0    -7.014788055981214e-17    0.07783277497539495
901    -0.0    -1.605703417451032e-16    0.07783277497539505
902    0.0    1.0603497246908233e-16    0.07783277497539477
903    -0.0    -4.4777549723651333e-17    0.07783277497539492
904    0.0    7.871307772244762e-17    0.0778327749753948
905    0.0    4.83554168928535e-17    0.07783277497539484
906    0.0    2.721347452938616e-17    0.07783277497539486
907    0.0    1.7889335846010823e-17    0.07783277497539487
908    0.0    5.3017486234541167e-17    0.07783277497539483
909    0.0    7.426784881525705e-17    0.07783277497539481
910    0.0    2.3418766925686896e-17    0.07783277497539486
911    -0.0    -1.7954387976359953e-16    0.07783277497539506
912    0.0    3.0357660829594124e-17    0.07783277497539486
913    0.0    5.388484797252957e-17    0.07783277497539483
914    0.0    3.165870343657673e-17    0.07783277497539486
915    0.0    6.505213034913027e-17    0.07783277497539481
916    0.0    7.177418381854039e-17    0.07783277497539481
917    0.0    4.0007060164715114e-17    0.07783277497539484
918    0.0    4.119968255444917e-18    0.07783277497539488
919    -0.0    -1.919037845299343e-17    0.0778327749753949
920    0.0    1.8539857149502126e-17    0.07783277497539487
921    -0.0    -3.469446951953614e-18    0.07783277497539488
922    0.0    6.385950795939621e-17    0.07783277497539481
923    -0.0    -5.421010862427522e-18    0.07783277497539488
924    0.0    3.65376132127615e-17    0.07783277497539484
925    0.0    6.288372600415926e-17    0.07783277497539481
926    0.0    8.543513119185775e-17    0.0778327749753948
927    -0.0    -7.676151381197371e-17    0.07783277497539497
928    0.0    5.5077470362263625e-17    0.07783277497539483
929    -0.0    -2.3418766925686896e-17    0.07783277497539491
930    -0.0    -2.5153490401663703e-17    0.07783277497539491
931    0.0    1.6479873021779667e-17    0.07783277497539487
932    -0.0    -2.190088388420719e-17    0.07783277497539491
933    0.0    1.0126448291014611e-16    0.07783277497539479
934    0.0    1.0321604682062002e-16    0.07783277497539479
935    0.0    1.0408340855860843e-17    0.07783277497539487
936    0.0    8.782037597132586e-17    0.0778327749753948
937    -0.0    -3.686287386450715e-18    0.07783277497539488
938    0.0    5.074066167232161e-17    0.07783277497539483
939    0.0    8.998878031629687e-17    0.0778327749753948
940    0.0    1.0820337681405334e-16    0.07783277497539477
941    0.0    1.1752751549742868e-16    0.07783277497539477
942    0.0    1.5872719805187785e-16    0.07783277497539473
943    0.0    2.5782327661705295e-16    0.07783277497539462
944    0.0    5.299580219109146e-16    0.07783277497539436
945    0.0    6.98443039515162e-16    0.07783277497539419
946    0.0    1.2958384365546749e-15    0.07783277497539359
947    0.0    2.0641040959779033e-15    0.07783277497539282
948    0.0    3.723150260315222e-15    0.07783277497539116
949    0.0    6.404382232871875e-15    0.07783277497538849
950    0.0    1.1075125191939428e-14    0.07783277497538381
951    0.0    1.9250660093783623e-14    0.07783277497537563
952    0.0    3.3715218117347234e-14    0.07783277497536117
953    0.0    5.892595439371817e-14    0.07783277497533596
954    0.0    1.027841006751018e-13    0.0778327749752921
955    0.0    1.7947340662238798e-13    0.07783277497521542
956    0.0    3.136328002861788e-13    0.07783277497508125
957    0.0    5.481272987578611e-13    0.07783277497484675
958    0.0    9.579325180308906e-13    0.07783277497443696
959    0.0    1.6740437161488764e-12    0.07783277497372083
960    0.0    2.9253661125439034e-12    0.07783277497246952
961    0.0    5.112255887715356e-12    0.07783277497028263
962    0.0    8.934052282694172e-12    0.07783277496646084
963    0.0    1.5612485696619993e-11    0.0778327749597824
964    0.0    2.7283626963595098e-11    0.07783277494811125
965    0.0    4.7679309719134144e-11    0.07783277492771558
966    0.0    8.332177395958817e-11    0.0778327748920731
967    0.0    1.4560833420072805e-10    0.07783277482978655
968    0.0    2.544569019467119e-10    0.07783277472093798
969    0.0    4.4467448256577113e-10    0.0778327745307204
970    0.0    7.770878172712326e-10    0.07783277419830707
971    0.0    1.3579946650695007e-09    0.07783277361740022
972    0.0    2.3731544659087722e-09    0.07783277260224042
973    0.0    4.147190141648438e-09    0.07783277082820474
974    0.0    7.247394346546893e-09    0.07783276772800053
975    0.0    1.2665135314202797e-08    0.07783276231025957
976    0.0    2.2132872161753636e-08    0.07783275284252272
977    0.0    3.8678152391394965e-08    0.0778327362972425
978    0.0    6.759174591341663e-08    0.07783270738364897
979    0.0    1.1811950223570428e-07    0.07783265685589265
980    0.0    2.0641894425037569e-07    0.07783256855645063
981    0.0    3.607260430247769e-07    0.07783241424935186
982    0.0    6.303843827770717e-07    0.0778321445910121
983    0.0    1.1016240261960478e-06    0.07783167335136869
984    0.0    1.9251357990463305e-06    0.07783084983959583
985    0.0    3.3642587142397595e-06    0.07782941071668065
986    0.0    5.879190362455267e-06    0.07782689578503243
987    0.0    1.027415185615244e-05    0.07782250082353873
988    0.0    1.7954581916388487e-05    0.07781482039347849
989    0.0    3.137667388698317e-05    0.0778013983015079
990    0.0    5.483333078934449e-05    0.07777794164460554
991    0.0    9.58293824857466e-05    0.07773694559290914
992    0.0    0.00016749291675304933    0.07766528205864183
993    0.0    0.00029282713696893083    0.07753994783842595
994    0.0    0.0005123204392289025    0.07732045453616598
995    0.0    0.0008981127722162748    0.07693466220317861
996    0.0    0.0015831162534031221    0.07624965872199176
997    0.0    0.0028361463621197815    0.07499662861327511
998    0.0    0.005366781125244429    0.07246599385015046
999    0.027529561832069116    0.013764780916034558    0.06406799405936033
