0    4.3570718212598055e-05    2.1785359106299028e-05    0.00032412335659210063
1    5.7639079457544014e-05    2.8819539728772007e-05    0.00031708917596962765
2    7.16029064473018e-05    3.58014532236509e-05    0.00031010726247474875
3    8.550690680866652e-05    4.275345340433326e-05    0.0003031552622940664
4    9.935286298757575e-05    4.9676431493787874e-05    0.0002962322842046118
5    0.00011313423102943211    5.6567115514716054e-05    0.0002893416001836836
6    0.00012684284553902796    6.342142276951398e-05    0.0002824872929288857
7    0.00014047031327077387    7.023515663538693e-05    0.0002756735590630127
8    0.00015400831940127102    7.700415970063551e-05    0.00026890455599776414
9    0.00016744870471593703    8.372435235796851e-05    0.00026218436334043114
10    0.00018078349362671406    9.039174681335703e-05    0.00025551696888504263
11    0.00019400491121610909    9.700245560805454e-05    0.0002489062600903451
12    0.00020710539740898069    0.00010355269870449034    0.0002423560169939093
13    0.00022007761998158707    0.00011003880999079353    0.00023586990570760612
14    0.0002329144867519923    0.00011645724337599615    0.0002294514723224035
15    0.00024560915698878    0.00012280457849439    0.00022310413720400967
16    0.00025815505203278556    0.00012907752601639278    0.00021683118968200688
17    0.0002705458651066628    0.0001352729325533314    0.00021063578314506825
18    0.00028277557029115553    0.00014138778514557776    0.0002045209305528219
19    0.00029483843064874687    0.00014741921532437344    0.00019848950037402622
20    0.00030672900547959003    0.00015336450273979502    0.00019254421295860464
21    0.0003184421566988357    0.00015922107834941785    0.0001866876373489818
22    0.0003299730543263727    0.00016498652716318636    0.0001809221885352133
23    0.00034131718108281524    0.00017065859054140762    0.00017525012515699203
24    0.00035247033609816787    0.00017623516804908394    0.00016967354764931572
25    0.0003634286377225469    0.00018171431886127346    0.0001641943968371262
26    0.0003741885254642393    0.00018709426273211965    0.00015881445296628
27    0.00038474676104400217    0.00019237338052200108    0.00015353533517639857
28    0.000395100428595147    0.0001975502142975735    0.00014835850140082615
29    0.000405246934014654    0.000202623467007327    0.00014328524869107267
30    0.0004151840034925748    0.0002075920017462874    0.00013831671395211226
31    0.0004249096812338131    0.00021245484061690654    0.00013345387508149312
32    0.000434422326404293    0.0002172111632021465    0.00012869755249625317
33    0.0004437206093229713    0.00022186030466148565    0.000124048411036914
34    0.00045280350693252254    0.00022640175346626127    0.00011950696223213839
35    0.00046167029758003653    0.00023083514879001826    0.00011507356690838139
36    0.00047032055513769014    0.00023516027756884507    0.00011074843812955459
37    0.00047875414250921045    0.00023937707125460523    0.00010653164444379443
38    0.0004869712045388788    0.0002434856022694394    0.00010242311342896027
39    0.0004949721603906259    0.00024748608019531295    9.84226355030867e-05
40    0.0005027576954063542    0.0002513788477031771    9.452986799522256e-05
41    0.0005103287525030341    0.00025516437625151703    9.074433944688263e-05
42    0.0005176865231458461    0.00025884326157292307    8.706545412547658e-05
43    0.0005248324379337609    0.00026241621896688045    8.34924967315192e-05
44    0.0005317681568452874    0.0002658840784226437    8.002463727575597e-05
45    0.0005384955591828781    0.00026924777959143906    7.66609361069606e-05
46    0.0005450167332549866    0.0002725083666274933    7.340034907090634e-05
47    0.0005513339658492504    0.0002756669829246252    7.024173277377446e-05
48    0.0005574497315195138    0.0002787248657597569    6.718384993864275e-05
49    0.0005633666817443424    0.0002816833408721712    6.422537482622843e-05
50    0.0005690876339852729    0.00028454381699263647    6.136489870576319e-05
51    0.0005746155606870793    0.00028730778034353967    5.860093535485999e-05
52    0.0005799535782616237    0.00028997678913081186    5.5931926567587796e-05
53    0.0005851049360798067    0.00029255246803990334    5.335624765849631e-05
54    0.0005900730055216875    0.00029503650276084374    5.087221293755592e-05
55    0.0005948612691096982    0.0002974306345548491    4.847808114355056e-05
56    0.0005994733097480056    0.0002997366548740028    4.6172060824396875e-05
57    0.000603912800123847    0.0003019564000619235    4.3952315636476146e-05
58    0.0006081834922693631    0.00030409174613468153    4.1816969563718124e-05
59    0.0006122892073339068    0.0003061446036669534    3.976411203144626e-05
60    0.0006162338255745834    0.0003081169127872917    3.779180291110795e-05
61    0.0006200212766027387    0.00031001063830136933    3.589807739703033e-05
62    0.0006236555298986749    0.00031182776494933747    3.408095074906219e-05
63    0.0006271405856110043    0.00031357029280550217    3.2338422892897486e-05
64    0.0006304804656683514    0.0003152402328341757    3.0668482864223945e-05
65    0.0006336792052092531    0.00031683960260462654    2.906911309377312e-05
66    0.000636740844351382    0.000318370422175691    2.7538293522708654e-05
67    0.0006396694203017856    0.0003198347101508928    2.6074005547506852e-05
68    0.0006424689598294418    0.0003212344799147209    2.4674235783678743e-05
69    0.0006451434720956971    0.00032257173604784855    2.3336979650551105e-05
70    0.0006476969418655421    0.00032384847093277103    2.2060244765628625e-05
71    0.0006501333230797392    0.0003250666615398696    2.0842054158530065e-05
72    0.0006524565328215538    0.0003262282664107769    1.9680449287622732e-05
73    0.0006546704456448203    0.00032733522282241015    1.8573492875989506e-05
74    0.0006567788882987096    0.0003283894441493548    1.751927154904488e-05
75    0.000658785634812259    0.0003293928174061295    1.6515898292270145e-05
76    0.0006606944019664958    0.0003303472009832479    1.5561514715151776e-05
77    0.0006625088451328474    0.0003312544225664237    1.4654293131975953e-05
78    0.0006642325544667733    0.00033211627723338667    1.3792438465012988e-05
79    0.000665869051475605    0.0003329345257378025    1.297418996059718e-05
80    0.0006674217859199635    0.00033371089295998176    1.21978227384179e-05
81    0.0006688941330666967    0.00033444706653334836    1.1461649165051295e-05
82    0.0006702893912719752    0.0003351446956359876    1.0764020062412039e-05
83    0.0006716107798825806    0.0003358053899412903    1.0103325757109352e-05
84    0.0006728614374539553    0.00033643071872697765    9.477996971422008e-06
85    0.0006740444202620053    0.00033702221013100263    8.886505567397025e-06
86    0.0006751627011087257    0.0003375813505543629    8.327365144036782e-06
87    0.0006762191683972133    0.00033810958419860666    7.799131499793e-06
88    0.0006772166254746419    0.00033860831273732097    7.300402961078691e-06
89    0.0006781577902199068    0.0003390788951099534    6.829820588446231e-06
90    0.0006790452948757198    0.0003395226474378599    6.386068260539734e-06
91    0.0006798816860950272    0.0003399408430475136    5.967872650886074e-06
92    0.0006806694252057066    0.0003403347126028533    5.574003095546332e-06
93    0.0006814108886641602    0.0003407054443320801    5.203271366319563e-06
94    0.0006821083687027902    0.0003410541843513951    4.854531347004581e-06
95    0.0006827640741368963    0.00034138203706844813    4.526678629951527e-06
96    0.0006833801313388796    0.0003416900656694398    4.218650028959864e-06
97    0.0006839585853499956    0.0003419792926749978    3.929423023401853e-06
98    0.0006845014011289112    0.0003422507005644556    3.658015133944036e-06
99    0.0006850104649191566    0.0003425052324595783    3.4034832388213756e-06
100    0.0006854875857250471    0.00034274379286252353    3.1649228358761284e-06
101    0.0006859344968823597    0.00034296724844117986    2.941467257219798e-06
102    0.0006863528577192291    0.00034317642885961454    2.732286838785119e-06
103    0.0006867442552858647    0.00034337212764293235    2.536588055467308e-06
104    0.000687110206156905    0.0003435551030784525    2.3536126199471446e-06
105    0.0006874521582797232    0.0003437260791398616    2.1826365585380725e-06
106    0.0006877714928754828    0.0003438857464377414    2.022969260658241e-06
107    0.0006880695263740454    0.0003440347631870227    1.8739525113769563e-06
108    0.0006883475123713395    0.00034417375618566977    1.734959512729884e-06
109    0.0006886066436217772    0.0003443033218108886    1.60539388751105e-06
110    0.0006888480540233647    0.00034442402701168235    1.4846886867173016e-06
111    0.0006890728206304954    0.0003445364103152477    1.3723053831519528e-06
112    0.0006892819656388368    0.0003446409828194184    1.2677328789812434e-06
113    0.0006894764583965621    0.00034473822919828105    1.1704865001186098e-06
114    0.0006896572173673309    0.00034482860868366547    1.0801070147341881e-06
115    0.0006898251121085824    0.0003449125560542912    9.96159644108441e-07
116    0.0006899809651996081    0.0003449904825998041    9.182330985955814e-07
117    0.0006901255541632723    0.00034506277708163616    8.459386167634919e-07
118    0.0006902596133437837    0.00034512980667189184    7.789090265078197e-07
119    0.0006903838357603649    0.00034519191788018246    7.167978182171962e-07
120    0.0006904988749124755    0.00034524943745623774    6.592782421619174e-07
121    0.000690605346557439    0.0003453026732787195    6.060424196801823e-07
122    0.0006907038304369013    0.00034535191521845065    5.568004799490081e-07
123    0.000690794871961493    0.0003453974359807465    5.112797176531425e-07
124    0.0006908789838508734    0.0003454394919254367    4.692237729629536e-07
125    0.000690956647724656    0.000345478323862328    4.303918360716672e-07
126    0.0006910283156455321    0.00034551415782276603    3.945578756336249e-07
127    0.0006910944116123243    0.00034554720580616213    3.615098922375281e-07
128    0.0006911553330029069    0.00034557766650145344    3.3104919694622054e-07
129    0.0006912114519695238    0.0003456057259847619    3.0298971363774355e-07
130    0.0006912631167775094    0.0003456315583887547    2.7715730964493566e-07
131    0.0006913106531018225    0.00034565532655091125    2.5338914748840227e-07
132    0.0006913543652621828    0.0003456771826310914    2.3153306730823615e-07
133    0.0006913945374213274    0.0003456972687106637    2.1144698773595694e-07
134    0.0006914314347225229    0.00034571571736126145    1.9299833713820602e-07
135    0.0006914653043824323    0.00034573265219121614    1.7606350718351368e-07
136    0.000691496376742129    0.0003457481883710645    1.6052732733514395e-07
137    0.0006915248662559869    0.00034576243312799343    1.462825704062233e-07
138    0.0006915509724538845    0.00034577548622694227    1.3322947145738648e-07
139    0.0006915748808375873    0.0003457874404187936    1.2127527960602985e-07
140    0.0006915967637539109    0.00034579838187695543    1.103338214442258e-07
141    0.0006916167812083185    0.0003458083906041592    1.0032509424042976e-07
142    0.000691635081645052    0.000345817540822526    9.117487587367943e-08
143    0.0006916518026881542    0.0003458259013440771    8.281435432257265e-08
144    0.000691667071837385    0.0003458335359186925    7.517977970716849e-08
145    0.0006916810071345056    0.0003458405035672528    6.821213114683623e-08
146    0.0006916937177858353    0.00034584685889291764    6.185680548201691e-08
147    0.0006917053047575162    0.0003458526523787581    5.606331964153662e-08
148    0.0006917158613274582    0.0003458579306637291    5.078503467054445e-08
149    0.0006917254736182601    0.00034586273680913004    4.5978889269614014e-08
150    0.00069173422108746    0.00034586711054373    4.160515466964266e-08
151    0.0006917421769941556    0.0003458710884970778    3.762720132184389e-08
152    0.0006917494088374831    0.0003458747044187416    3.401127965808187e-08
153    0.0006917559787673053    0.00034587798938365266    3.072631474699151e-08
154    0.0006917619439687499    0.00034588097198437495    2.7743714024709362e-08
155    0.0006917673570249598    0.0003458836785124799    2.5037185919776425e-08
156    0.0006917722662539481    0.00034588613312697407    2.2582571425583224e-08
157    0.0006917767160233167    0.00034588835801165833    2.0357686741326493e-08
158    0.0006917807470522555    0.00034589037352612774    1.8342172271920004e-08
159    0.0006917843966781235    0.00034589219833906174    1.6517359337914206e-08
160    0.0006917876991230565    0.0003458938495615282    1.4866136871429653e-08
161    0.00069179068572529    0.000345895342862645    1.3372835754661867e-08
162    0.0006917933851713462    0.0003458966925856731    1.2023112726548477e-08
163    0.0006917958236969599    0.00034589791184847993    1.0803849919728548e-08
164    0.0006917980252830684    0.0003458990126415342    9.703056865471328e-09
165    0.0006918000118374058    0.0003459000059187029    8.709779696731632e-09
166    0.0006918018033568239    0.00034590090167841195    7.81401998770255e-09
167    0.000691803418085493    0.0003459017090427465    7.006655653135456e-09
168    0.0006918048726537612    0.0003459024363268806    6.279371519068641e-09
169    0.0006918061822179299    0.00034590309110896493    5.624589434721598e-09
170    0.0006918073605739108    0.0003459036802869554    5.0354114442549905e-09
171    0.0006918084202780738    0.0003459042101390369    4.5055593627741156e-09
172    0.0006918093727479055    0.00034590468637395275    4.029324446905118e-09
173    0.0006918102283588478    0.0003459051141794239    3.601518975735428e-09
174    0.0006918109965340692    0.0003459054982670346    3.217431365060662e-09
175    0.0006918116858264586    0.0003459058429132293    2.8727851703394536e-09
176    0.0006918123039947673    0.00034590615199738364    2.5637010160183688e-09
177    0.0006918128580707572    0.0003459064290353786    2.286663021043231e-09
178    0.0006918133544262257    0.00034590667721311284    2.0384852868204906e-09
179    0.0006918137988285162    0.0003459068994142581    1.8162841415331893e-09
180    0.000691814196497269    0.0003459070982486345    1.6174497651606431e-09
181    0.0006918145521501464    0.0003459072760750732    1.4396233264735506e-09
182    0.0006918148700534763    0.00034590743502673816    1.280671661492254e-09
183    0.0006918151540573827    0.00034590757702869133    1.138669708327343e-09
184    0.0006918154076370163    0.00034590770381850815    1.0118798915090266e-09
185    0.0006918156339284485    0.00034590781696422425    8.987341754054107e-10
186    0.0006918158357580627    0.00034590791787903136    7.978193682957324e-10
187    0.0006918160156727088    0.0003459080078363544    7.078620452381085e-10
188    0.0006918161759633388    0.0003459080879816694    6.277167302658551e-10
189    0.0006918163186931568    0.0003459081593465784    5.56351821274885e-10
190    0.0006918164457174155    0.00034590822285870775    4.928396919083936e-10
191    0.0006918165587028815    0.00034590827935144077    4.363469588907973e-10
192    0.0006918166591464506    0.0003459083295732253    3.8612517436892313e-10
193    0.0006918167483919409    0.00034590837419597046    3.415024291998636e-10
194    0.0006918168276455348    0.0003459084138227674    3.018756322388863e-10
195    0.0006918168979874269    0.00034590844899371343    2.667046862222036e-10
196    0.0006918169603865232    0.0003459084801932616    2.355051380688658e-10
197    0.0006918170157095367    0.00034590850785476835    2.0784363130316869e-10
198    0.0006918170647326708    0.0003459085323663354    1.8333206426492804e-10
199    0.0006918171081502626    0.0003459085540751313    1.616232683711999e-10
200    0.0006918171465820329    0.00034590857329101646    1.42407383194737e-10
201    0.0006918171805829379    0.00034590859029146894    1.2540693071667885e-10
202    0.0006918172106469612    0.0003459086053234806    1.1037491905695196e-10
203    0.0006918172372165873    0.00034590861860829363    9.709010602865914e-11
204    0.0006918172606858641    0.00034590863034293206    8.535546759409068e-11
205    0.0006918172814042139    0.00034590864070210695    7.499629270466684e-11
206    0.0006918172996854179    0.00034590864984270896    6.585569069239572e-11
207    0.0006918173158067741    0.00034590865790338707    5.779501259083747e-11
208    0.0006918173300170453    0.00034590866500852266    5.068987699204108e-11
209    0.0006918173425348795    0.00034590867126743977    4.4430959887827026e-11
210    0.0006918173535561693    0.00034590867677808466    3.8920314996034044e-11
211    0.0006918173632563702    0.0003459086816281851    3.407021453155634e-11
212    0.0006918173717873626    0.0003459086858936813    2.980471837214782e-11
213    0.000691817379287407    0.0003459086896437035    2.6054696160987545e-11
214    0.0006918173858762187    0.00034590869293810937    2.276029028875498e-11
215    0.0006918173916629561    0.00034590869583147807    1.986692158440634e-11
216    0.0006918173967418542    0.0003459086983709271    1.732747257308931e-11
217    0.000691817401197224    0.000345908700598612    1.509978763119396e-11
218    0.000691817405103608    0.000345908702551804    1.314659568273785e-11
219    0.0006918174085270628    0.0003459087042635314    1.1434868243259677e-11
220    0.0006918174115253719    0.00034590870576268595    9.935713710107485e-12
221    0.0006918174141498745    0.00034590870707493725    8.62346240422529e-12
222    0.0006918174164455984    0.0003459087082227992    7.475600433820562e-12
223    0.0006918174184533787    0.00034590870922668934    6.4717103204214865e-12
224    0.0006918174202087159    0.00034590871010435793    5.594041722900567e-12
225    0.0006918174217408583    0.00034590871087042917    4.827970488674449e-12
226    0.0006918174230783945    0.00034590871153919727    4.159202387880867e-12
227    0.0006918174242462032    0.0003459087121231016    3.575298043734243e-12
228    0.0006918174252643441    0.00034590871263217205    3.0662276103571307e-12
229    0.0006918174261503597    0.00034590871307517987    2.623219783753905e-12
230    0.0006918174269225071    0.00034590871346125353    2.2371461237333246e-12
231    0.0006918174275937835    0.00034590871379689173    1.901507922473511e-12
232    0.0006918174281774915    0.00034590871408874573    1.6096539249069175e-12
233    0.0006918174286847315    0.00034590871434236577    1.3560338832721563e-12
234    0.0006918174291242832    0.0003459087145621416    1.1362580798132682e-12
235    0.0006918174295051072    0.0003459087147525536    9.458460490524567e-13
236    0.000691817429834796    0.000345908714917398    7.810016739231984e-13
237    0.0006918174301183979    0.00034590871505919894    6.392007149275125e-13
238    0.0006918174303625841    0.00034590871518129203    5.171076240817474e-13
239    0.000691817430571672    0.000345908715285836    4.125636464402671e-13
240    0.0006918174307502733    0.00034590871537513665    3.232630092428468e-13
241    0.0006918174309017569    0.00034590871545087847    2.475211875740957e-13
242    0.0006918174310292634    0.0003459087155146317    1.8376793142760306e-13
243    0.0006918174311338866    0.0003459087155669433    1.314563692275672e-13
244    0.0006918174312197716    0.0003459087156098858    8.851383168084759e-14
245    0.0006918174312876509    0.00034590871564382547    5.4574183713795854e-14
246    0.0006918174313392293    0.00034590871566961463    2.87850255784039e-14
247    0.0006918174313757083    0.00034590871568785416    1.0545492430680259e-14
248    0.0006918174313968663    0.00034590871569843316    3.350184712980209e-17
249    0.0006918174314034771    0.00034590871570173857    3.3389090103863595e-15
250    0.0006918174313967993    0.00034590871569839966    0.0
251    0.0006918174313752525    0.00034590871568762626    1.0773391727336712e-14
252    0.0006918174313390621    0.00034590871566953104    2.886861756590253e-14
253    0.0006918174312882009    0.0003459087156441004    5.429923004285353e-14
254    0.0006918174312200861    0.00034590871561004303    8.835662236583719e-14
255    0.0006918174311340982    0.0003459087155670491    1.3135055109553262e-13
256    0.0006918174310290835    0.00034590871551454174    1.8385792020791936e-13
257    0.0006918174309015089    0.00034590871545075444    2.4764522030262803e-13
258    0.0006918174307509997    0.00034590871537549985    3.2289980151506414e-13
259    0.0006918174305718821    0.00034590871528594107    4.1245858724975326e-13
260    0.000691817430362983    0.0003459087151814915    5.1690813088201e-13
261    0.0006918174301187197    0.00034590871505935984    6.390398193251157e-13
262    0.0006918174298348361    0.00034590871491741804    7.809816161830074e-13
263    0.0006918174295054078    0.0003459087147527039    9.456957786313502e-13
264    0.0006918174291252531    0.00034590871456262654    1.1357731161815154e-12
265    0.0006918174286856945    0.00034590871434284727    1.3555523890873555e-12
266    0.0006918174281786095    0.00034590871408930475    1.609094910266784e-12
267    0.000691817427595238    0.000345908713797619    1.9007806396562077e-12
268    0.0006918174269227233    0.00034590871346136163    2.2370380287767277e-12
269    0.0006918174261508971    0.00034590871307544854    2.622951118455563e-12
270    0.000691817425264126    0.000345908712632063    3.0663366810956827e-12
271    0.0006918174242461373    0.00034590871212306865    3.5753310034802865e-12
272    0.0006918174230793948    0.0003459087115396974    4.1587022454186995e-12
273    0.0006918174217409511    0.00034590871087047557    4.827924084821467e-12
274    0.0006918174202074202    0.0003459087101037101    5.594689533698627e-12
275    0.0006918174184533808    0.0003459087092266904    6.471709236219314e-12
276    0.0006918174164453009    0.00034590870822265047    7.475749186358627e-12
277    0.0006918174141491962    0.0003459087070745981    8.623801542664844e-12
278    0.0006918174115247764    0.0003459087057623882    9.93601143202405e-12
279    0.0006918174085266226    0.0003459087042633113    1.1435088336300692e-11
280    0.0006918174051041112    0.0003459087025520556    1.3146344039413616e-11
281    0.0006918174011976467    0.00034590870059882334    1.5099576320190544e-11
282    0.0006918173967425875    0.00034590869837129376    1.7327105895914574e-11
283    0.0006918173916634642    0.0003459086958317321    1.9866667555837325e-11
284    0.000691817385877021    0.0003459086929385105    2.275988913395116e-11
285    0.0006918173792872199    0.00034590868964360993    2.605478972763503e-11
286    0.0006918173717871717    0.0003459086858935859    2.9804813781939e-11
287    0.0006918173632562757    0.00034590868162813785    3.407026180277106e-11
288    0.0006918173535564039    0.00034590867677820197    3.892019768535898e-11
289    0.0006918173425340549    0.00034590867126702745    4.443137220991322e-11
290    0.0006918173300159104    0.0003459086650079552    5.069044446345816e-11
291    0.0006918173158064239    0.00034590865790321197    5.7795187689488325e-11
292    0.0006918172996847058    0.0003459086498423529    6.585604674438916e-11
293    0.000691817281403739    0.0003459086407018695    7.499653014494262e-11
294    0.0006918172606847958    0.0003459086303423979    8.535600178050107e-11
295    0.0006918172372163828    0.0003459086186081914    9.7090208268924e-11
296    0.0006918172106464308    0.0003459086053232154    1.1037518425280335e-10
297    0.0006918171805814436    0.0003459085902907218    1.2540767784039591e-10
298    0.0006918171465806484    0.0003459085732903242    1.4240807545782413e-10
299    0.0006918171081484444    0.0003459085540742222    1.6162417747472152e-10
300    0.0006918170647316959    0.00034590853236584793    1.833325517222248e-10
301    0.0006918170157081765    0.00034590850785408823    2.0784431142319149e-10
302    0.0006918169603850387    0.00034590848019251934    2.355058803136731e-10
303    0.0006918168979869316    0.0003459084489934658    2.667049338539798e-10
304    0.0006918168276451775    0.00034590841382258874    3.0187581091540433e-10
305    0.00069181674839143    0.000345908374195715    3.4150268463789546e-10
306    0.0006918166591461984    0.0003459083295730992    3.861253004616358e-10
307    0.0006918165587022644    0.0003459082793511322    4.3634726745473557e-10
308    0.0006918164457169306    0.0003459082228584653    4.928399343359993e-10
309    0.0006918163186925453    0.00034590815934627264    5.563521270198976e-10
310    0.0006918161759623931    0.00034590808798119657    6.277172030864225e-10
311    0.0006918160156716405    0.00034590800783582023    7.078625794245189e-10
312    0.0006918158357574046    0.0003459079178787023    7.978196973510918e-10
313    0.000691815633928069    0.0003459078169640345    8.987343651407909e-10
314    0.0006918154076357434    0.0003459077038178717    1.0118805279357018e-09
315    0.0006918151540558672    0.0003459075770279336    1.1386704660762414e-09
316    0.0006918148700523271    0.00034590743502616354    1.2806722361194053e-09
317    0.0006918145521501748    0.0003459072760750874    1.4396233122705021e-09
318    0.0006918141964964422    0.0003459070982482211    1.6174501785669315e-09
319    0.0006918137988284952    0.0003459068994142476    1.8162841520499504e-09
320    0.0006918133544263488    0.0003459066772131744    2.038485225237807e-09
321    0.0006918128580711009    0.00034590642903555046    2.2866628491971866e-09
322    0.0006918123039952062    0.0003459061519976031    2.563700796575849e-09
323    0.0006918116858267334    0.0003459058429133667    2.8727850329710383e-09
324    0.0006918109965339191    0.00034590549826695957    3.2174314400874524e-09
325    0.0006918102283589686    0.0003459051141794843    3.601518915345367e-09
326    0.000691809372748069    0.0003459046863740345    4.029324365156274e-09
327    0.0006918084202783047    0.00034590421013915235    4.505559247306584e-09
328    0.0006918073605746782    0.0003459036802873391    5.035411060555842e-09
329    0.0006918061822172496    0.0003459030911086248    5.62458977483582e-09
330    0.0006918048726545604    0.0003459024363272802    6.27937111943172e-09
331    0.000691803418085567    0.0003459017090427835    7.006655616164162e-09
332    0.0006918018033575575    0.00034590090167877874    7.814019620916955e-09
333    0.0006918000118382732    0.0003459000059191366    8.709779263050763e-09
334    0.000691798025284066    0.000345899012642033    9.703056366629909e-09
335    0.0006917958236970325    0.00034589791184851625    1.0803849883407775e-08
336    0.0006917933851720091    0.00034589669258600455    1.2023112395107872e-08
337    0.0006917906857257562    0.0003458953428628781    1.33728355215584e-08
338    0.0006917876991233466    0.0003458938495616733    1.4866136726363402e-08
339    0.0006917843966786289    0.00034589219833931447    1.651735908518668e-08
340    0.0006917807470530389    0.00034589037352651946    1.834217188019776e-08
341    0.0006917767160235981    0.00034588835801179906    2.035768660059705e-08
342    0.0006917722662534581    0.00034588613312672904    2.2582571670612915e-08
343    0.0006917673570252898    0.0003458836785126449    2.5037185754760855e-08
344    0.0006917619439690656    0.0003458809719845328    2.7743713866849526e-08
345    0.0006917559787673717    0.00034587798938368584    3.072631471381492e-08
346    0.0006917494088379736    0.0003458747044189868    3.401127941283534e-08
347    0.0006917421769941042    0.0003458710884970521    3.762720134753948e-08
348    0.0006917342210877599    0.00034586711054387996    4.16051545196975e-08
349    0.0006917254736185988    0.0003458627368092994    4.5978889100261634e-08
350    0.0006917158613282764    0.0003458579306641382    5.0785034261474973e-08
351    0.0006917053047574223    0.0003458526523787112    5.606331968848258e-08
352    0.0006916937177869203    0.0003458468588934602    6.185680493948215e-08
353    0.0006916810071347255    0.00034584050356736276    6.821213103689813e-08
354    0.0006916670718381413    0.00034583353591907066    7.517977932899877e-08
355    0.0006916518026887561    0.00034582590134437806    8.281435402159813e-08
356    0.0006916350816458222    0.0003458175408229111    9.117487548857082e-08
357    0.0006916167812095093    0.00034580839060475467    1.0032509364498593e-07
358    0.0006915967637546744    0.0003457983818773372    1.1033382106247821e-07
359    0.0006915748808386838    0.0003457874404193419    1.212752790577488e-07
360    0.000691550972453896    0.000345775486226948    1.3322947145164021e-07
361    0.0006915248662567636    0.0003457624331283818    1.462825700178621e-07
362    0.0006914963767424016    0.0003457481883712008    1.6052732719885974e-07
363    0.0006914653043831507    0.00034573265219157534    1.760635068243175e-07
364    0.0006914314347229646    0.0003457157173614823    1.9299833691735404e-07
365    0.000691394537422291    0.0003456972687111455    2.114469872541375e-07
366    0.0006913543652632007    0.00034567718263160034    2.3153306679931165e-07
367    0.0006913106531023776    0.0003456553265511888    2.533891472108465e-07
368    0.0006912631167787376    0.0003456315583893688    2.7715730903084355e-07
369    0.0006912114519707321    0.00034560572598536603    3.029897130336261e-07
370    0.0006911553330044991    0.00034557766650224957    3.310491961500909e-07
371    0.0006910944116139482    0.0003455472058069741    3.615098914255691e-07
372    0.0006910283156466815    0.00034551415782334077    3.945578750588893e-07
373    0.0006909566477258221    0.00034547832386291107    4.303918354885833e-07
374    0.0006908789838516683    0.00034543949192583417    4.6922377256548506e-07
375    0.000690794871962293    0.0003453974359811465    5.112797172531804e-07
376    0.0006907038304379638    0.0003453519152189819    5.568004794177491e-07
377    0.0006906053465579912    0.0003453026732789956    6.06042419404036e-07
378    0.0006904988749133298    0.0003452494374566649    6.592782417347417e-07
379    0.000690383835760382    0.000345191917880191    7.16797818208631e-07
380    0.0006902596133450296    0.0003451298066725148    7.789090258848372e-07
381    0.0006901255541638999    0.00034506277708194993    8.459386164497238e-07
382    0.0006899809652003597    0.00034499048260017986    9.18233098219797e-07
383    0.0006898251121088019    0.00034491255605440094    9.961596439987197e-07
384    0.0006896572173679524    0.0003448286086839762    1.0801070144234558e-06
385    0.0006894764583966139    0.00034473822919830696    1.1704865000926974e-06
386    0.0006892819656395086    0.0003446409828197543    1.2677328786453576e-06
387    0.0006890728206300411    0.00034453641031502056    1.3723053833790931e-06
388    0.000688848054023986    0.000344424027011993    1.4846886864066777e-06
389    0.0006886066436219175    0.00034430332181095875    1.6053938874409021e-06
390    0.0006883475123717602    0.0003441737561858801    1.7349595125195488e-06
391    0.000688069526373999    0.0003440347631869995    1.8739525114001582e-06
392    0.0006877714928763485    0.00034388574643817423    2.0229692602254275e-06
393    0.0006874521582803993    0.00034372607914019964    2.1826365582000183e-06
394    0.0006871102061570102    0.0003435551030785051    2.3536126198945607e-06
395    0.0006867442552863665    0.00034337212764318323    2.5365880552164237e-06
396    0.0006863528577193384    0.0003431764288596692    2.7322868387304753e-06
397    0.0006859344968829554    0.0003429672484414777    2.9414672569219678e-06
398    0.000685487585725273    0.0003427437928626365    3.1649228357631546e-06
399    0.0006850104649195829    0.00034250523245979143    3.4034832386082214e-06
400    0.000684501401129295    0.0003422507005646475    3.6580151337521323e-06
401    0.0006839585853498143    0.00034197929267490716    3.929423023492492e-06
402    0.00068338013133914    0.00034169006566957    4.218650028829651e-06
403    0.0006827640741369617    0.00034138203706848087    4.526678629918784e-06
404    0.0006821083687033054    0.0003410541843516527    4.8545313467469745e-06
405    0.0006814108886645214    0.0003407054443322607    5.203271366138935e-06
406    0.0006806694252065261    0.00034033471260326304    5.574003095136612e-06
407    0.0006798816860961942    0.0003399408430480971    5.9678726503025565e-06
408    0.0006790452948765124    0.0003395226474382562    6.386068260143458e-06
409    0.0006781577902209698    0.0003390788951104849    6.829820587914755e-06
410    0.0006772166254748427    0.00033860831273742136    7.3004029609782936e-06
411    0.0006762191683978684    0.0003381095841989342    7.799131499465462e-06
412    0.0006751627011091241    0.00033758135055456204    8.327365143837614e-06
413    0.0006740444202622856    0.0003370222101311428    8.886505567256837e-06
414    0.0006728614374540939    0.00033643071872704693    9.477996971352727e-06
415    0.0006716107798827404    0.0003358053899413702    1.0103325757029446e-05
416    0.0006702893912722237    0.00033514469563611187    1.076402006228779e-05
417    0.0006688941330667694    0.0003344470665333847    1.1461649165014974e-05
418    0.0006674217859205993    0.00033371089296029964    1.2197822738100011e-05
419    0.0006658690514760751    0.00033293452573803753    1.2974189960362125e-05
420    0.000664232554467361    0.0003321162772336805    1.3792438464719169e-05
421    0.0006625088451326796    0.0003312544225663398    1.465429313205987e-05
422    0.0006606944019666283    0.0003303472009833141    1.556151471508553e-05
423    0.0006587856348117978    0.0003293928174058989    1.6515898292500755e-05
424    0.0006567788882979259    0.00032838944414896295    1.751927154943671e-05
425    0.000654670445644515    0.0003273352228222575    1.8573492876142162e-05
426    0.000652456532820508    0.000326228266410254    1.9680449288145643e-05
427    0.0006501333230794798    0.0003250666615397399    2.0842054158659736e-05
428    0.0006476969418650203    0.00032384847093251017    2.2060244765889484e-05
429    0.0006451434720949696    0.0003225717360474848    2.3336979650914855e-05
430    0.0006424689598283333    0.00032123447991416667    2.4674235784232987e-05
431    0.0006396694203012131    0.0003198347101506066    2.607400554779308e-05
432    0.0006367408443503874    0.0003183704221751937    2.7538293523205978e-05
433    0.0006336792052078677    0.00031683960260393384    2.9069113094465815e-05
434    0.0006304804656672835    0.00031524023283364174    3.0668482864757915e-05
435    0.0006271405856099214    0.0003135702928049607    3.233842289343894e-05
436    0.0006236555298980131    0.00031182776494900657    3.4080950749393085e-05
437    0.0006200212766017141    0.00031001063830085704    3.589807739754261e-05
438    0.000616233825573303    0.0003081169127866515    3.7791802911748174e-05
439    0.000612289207332462    0.000306144603666231    3.9764112032168665e-05
440    0.0006081834922685185    0.00030409174613425924    4.181696956414042e-05
441    0.0006039128001224642    0.0003019564000612321    4.395231563716754e-05
442    0.0005994733097468455    0.00029973665487342273    4.617206082497692e-05
443    0.000594861269108186    0.000297430634554093    4.847808114430668e-05
444    0.0005900730055212549    0.00029503650276062744    5.0872212937772216e-05
445    0.0005851049360781329    0.00029255246803906645    5.335624765933321e-05
446    0.0005799535782599822    0.0002899767891299911    5.593192656840854e-05
447    0.0005746155606858323    0.00028730778034291614    5.860093535548351e-05
448    0.0005690876339836705    0.00028454381699183524    6.136489870656441e-05
449    0.0005633666817427721    0.00028168334087138604    6.422537482701361e-05
450    0.0005574497315183045    0.00027872486575915225    6.718384993924741e-05
451    0.0005513339658481137    0.00027566698292405686    7.02417327743428e-05
452    0.000545016733254085    0.0002725083666270425    7.340034907135716e-05
453    0.0005384955591816655    0.00026924777959083277    7.666093610756688e-05
454    0.0005317681568444005    0.00026588407842220024    8.002463727619941e-05
455    0.0005248324379323022    0.0002624162189661511    8.349249673224855e-05
456    0.0005176865231439804    0.0002588432615719902    8.706545412640943e-05
457    0.0005103287525007696    0.0002551643762503848    9.074433944801486e-05
458    0.0005027576954041515    0.00025137884770207576    9.45298679963239e-05
459    0.0004949721603888396    0.0002474860801944198    9.842263550397987e-05
460    0.0004869712045369474    0.0002434856022684737    0.00010242311342992597
461    0.0004787541425069579    0.00023937707125347896    0.0001065316444449207
462    0.0004703205551364472    0.0002351602775682236    0.00011074843813017605
463    0.00046167029757806263    0.00023083514878903132    0.00011507356690936834
464    0.0004528035069306369    0.00022640175346531845    0.00011950696223308121
465    0.0004437206093211017    0.00022186030466055085    0.0001240484110378488
466    0.00043442232640267427    0.00021721116320133713    0.00012869755249706252
467    0.00042490968123201005    0.00021245484061600502    0.00013345387508239463
468    0.00041518400349112436    0.00020759200174556218    0.00013831671395283748
469    0.0004052469340131081    0.00020262346700655406    0.0001432852486918456
470    0.0003951004285931668    0.0001975502142965834    0.00014835850140181624
471    0.0003847467610422421    0.00019237338052112104    0.00015353533517727862
472    0.00037418852546299204    0.00018709426273149602    0.00015881445296690364
473    0.00036342863772147876    0.00018171431886073938    0.00016419439683766027
474    0.00035247033609715    0.000176235168048575    0.00016967354764982465
475    0.00034131718108261076    0.00017065859054130538    0.00017525012515709427
476    0.00032997305432556695    0.00016498652716278347    0.00018092218853561618
477    0.0003184421566979755    0.00015922107834898775    0.0001866876373494119
478    0.00030672900547856156    0.00015336450273928078    0.00019254421295911888
479    0.0002948384306474198    0.0001474192153237099    0.00019848950037468975
480    0.0002827755702900776    0.0001413877851450388    0.00020452093055336085
481    0.0002705458651052503    0.00013527293255262516    0.0002106357831457745
482    0.0002581550520319258    0.0001290775260159629    0.00021683118968243676
483    0.0002456091569879074    0.0001228045784939537    0.00022310413720444595
484    0.00023291448675113752    0.00011645724337556876    0.0002294514723228309
485    0.00022007761998105928    0.00011003880999052964    0.00023586990570787002
486    0.00020710539740804675    0.00010355269870402338    0.00024235601699437628
487    0.00019400491121543384    9.700245560771692e-05    0.00024890626009068273
488    0.00018078349362549975    9.039174681274987e-05    0.0002555169688856498
489    0.00016744870471464683    8.372435235732341e-05    0.00026218436334107624
490    0.00015400831940039976    7.700415970019988e-05    0.0002689045559981998
491    0.00014047031326908858    7.023515663454429e-05    0.00027567355906385536
492    0.00012684284553797671    6.342142276898836e-05    0.0002824872929294113
493    0.00011313423102901512    5.656711551450756e-05    0.0002893416001838921
494    9.935286298685866e-05    4.967643149342933e-05    0.00029623228420497033
495    8.550690680757776e-05    4.275345340378888e-05    0.0003031552622946108
496    7.160290644683907e-05    3.580145322341953e-05    0.0003101072624749801
497    5.7639079457864504e-05    2.8819539728932252e-05    0.0003170891759694674
498    4.3570718213173766e-05    2.1785359106586883e-05    0.00032412335659181277
499    2.909516490566641e-05    1.4547582452833206e-05    0.00033136113324556645
500    0.0    5.434677119986941e-06    0.0003404740385784127
501    0.0    2.7272594119811568e-06    0.0003431814562864185
502    0.0    1.439380010671257e-06    0.0003444693356877284
503    0.0    7.703738109533093e-07    0.00034513834188744635
504    0.0    4.141455816922225e-07    0.00034549457011670743
505    0.0    2.2296965025096066e-07    0.0003456857460481487
506    0.0    1.2010373285254068e-07    0.0003457886119655471
507    0.0    6.470563185972424e-08    0.00034584401006653993
508    0.0    3.4862092366887663e-08    0.00034587385360603277
509    0.0    1.8783378997154487e-08    0.0003458899323194025
510    0.0    1.0120385732898494e-08    0.00034589859531266676
511    0.0    5.4528239600481684e-09    0.0003459032628744396
512    0.0    2.937962547615129e-09    0.00034590577773585204
513    0.0    1.5829643489019204e-09    0.00034590713273405075
514    0.0    8.528961789209741e-10    0.00034590786280222074
515    0.0    4.5953751730536813e-10    0.00034590825616088235
516    0.0    2.475973622092717e-10    0.00034590846810103745
517    0.0    1.334045757975938e-10    0.00034590858229382386
518    0.0    7.18779956344548e-11    0.000345908643820404
519    0.0    3.8727723068385234e-11    0.0003459086769706766
520    0.0    2.086631778822068e-11    0.00034590869483208187
521    0.0    1.1242645269610163e-11    0.0003459087044557544
522    0.0    6.057438405038251e-12    0.00034590870964096125
523    0.0    3.2637331422516458e-12    0.0003459087124346665
524    0.0    1.758586332112344e-12    0.0003459087139398133
525    0.0    9.474355978575377e-13    0.00034590871475096406
526    0.0    5.104132177677356e-13    0.00034590871518798644
527    0.0    2.7494163629820934e-13    0.000345908715423458
528    0.0    1.4807599590938025e-13    0.00034590871555032366
529    0.0    7.974924973869202e-14    0.0003459087156186504
530    0.0    4.310093948411975e-14    0.0003459087156552987
531    0.0    2.3232717832888383e-14    0.00034590871567516694
532    0.0    1.2469517605973035e-14    0.00034590871568593014
533    0.0    6.731160767659006e-15    0.0003459087156916685
534    0.0    3.589793393099505e-15    0.00034590871569480986
535    0.0    2.0758134794407468e-15    0.00034590871569632384
536    0.0    9.053088140253962e-16    0.00034590871569749435
537    0.0    5.032866484677712e-16    0.00034590871569789637
538    0.0    1.855069917122698e-16    0.00034590871569821415
539    0.0    1.5308934675495323e-16    0.00034590871569824657
540    0.0    5.713745448998608e-17    0.0003459087156983425
541    0.0    2.2432142948725087e-16    0.00034590871569817533
542    0.0    9.313296661650483e-17    0.0003459087156983065
543    0.0    2.244298497044994e-16    0.0003459087156981752
544    -0.0    -3.0357660829594124e-18    0.0003459087156984027
545    0.0    1.207801220148852e-16    0.0003459087156982789
546    0.0    9.215718466126788e-17    0.0003459087156983075
547    -0.0    -9.291612618200773e-17    0.00034590871569849257
548    0.0    1.5937771935536915e-16    0.0003459087156982403
549    -0.0    -1.616545439175887e-16    0.0003459087156985613
550    0.0    8.68445940160889e-17    0.0003459087156983128
551    -0.0    -1.5395670849294163e-16    0.0003459087156985536
552    0.0    4.4777549723651333e-17    0.0003459087156983549
553    -0.0    -1.3931997916438732e-16    0.000345908715698539
554    0.0    5.627009275199768e-17    0.0003459087156983434
555    -0.0    -1.2977900004651488e-16    0.00034590871569852944
556    -0.0    -6.364266752489911e-17    0.0003459087156984633
557    0.0    8.738669510233166e-17    0.00034590871569831227
558    0.0    3.599551212651875e-17    0.00034590871569836366
559    -0.0    -2.0328790734103208e-16    0.00034590871569860294
560    -0.0    -1.4864411784776266e-16    0.0003459087156985483
561    -0.0    -1.8323016715005025e-17    0.000345908715698418
562    0.0    1.3444106938820255e-17    0.0003459087156983862
563    0.0    1.1058862159352145e-17    0.0003459087156983886
564    0.0    2.0968470015869656e-16    0.00034590871569818997
565    -0.0    -2.5261910618912253e-16    0.0003459087156986523
566    -0.0    -1.0820337681405334e-16    0.00034590871569850786
567    -0.0    -6.440160904563896e-17    0.00034590871569846406
568    -0.0    -2.4936649967166602e-17    0.0003459087156984246
569    0.0    2.1141942363467336e-17    0.0003459087156983785
570    -0.0    -1.2576745200831851e-17    0.00034590871569841223
571    -0.0    -1.0950441942103595e-16    0.00034590871569850916
572    0.0    1.3769367590565906e-16    0.00034590871569826196
573    0.0    5.0415401020575956e-17    0.00034590871569834924
574    -0.0    -1.3032110113275763e-16    0.00034590871569853
575    -0.0    -1.0928757898653885e-16    0.00034590871569850894
576    -0.0    -4.174178364069192e-17    0.0003459087156984414
577    -0.0    -9.269928574751063e-17    0.00034590871569849236
578    0.0    4.434386885465713e-17    0.0003459087156983553
579    0.0    3.5453411040275995e-17    0.0003459087156983642
580    -0.0    -6.179952383167375e-17    0.00034590871569846146
581    0.0    5.431852884152377e-17    0.00034590871569834534
582    0.0    3.903127820947816e-17    0.0003459087156983606
583    0.0    8.131516293641283e-18    0.0003459087156983915
584    0.0    9.942133921692076e-17    0.00034590871569830023
585    -0.0    -1.706534219492184e-16    0.0003459087156985703
586    0.0    8.142358315366138e-17    0.00034590871569831823
587    0.0    1.4246416546459528e-16    0.0003459087156982572
588    0.0    1.599198204416119e-16    0.00034590871569823974
589    0.0    6.873841773558098e-17    0.0003459087156983309
590    0.0    4.9981720151581754e-17    0.0003459087156983497
591    0.0    5.388484797252957e-17    0.00034590871569834577
592    0.0    1.0267394573437727e-16    0.000345908715698297
593    -0.0    -2.7430314963883262e-17    0.0003459087156984271
594    -0.0    -9.75781955236954e-17    0.00034590871569849723
595    0.0    9.432558900623889e-17    0.00034590871569830533
596    0.0    1.3335686721571705e-16    0.0003459087156982663
597    0.0    4.607859233063394e-17    0.0003459087156983536
598    -0.0    -3.198396408832238e-17    0.00034590871569843164
599    -0.0    -4.130810277169772e-17    0.00034590871569844096
600    -0.0    -1.0516761073109393e-17    0.00034590871569841017
601    -0.0    -1.354168513434395e-16    0.0003459087156985351
602    -0.0    -7.426784881525705e-17    0.0003459087156984739
603    0.0    7.795413620170777e-17    0.0003459087156983217
604    0.0    2.914335439641036e-16    0.0003459087156981082
605    0.0    1.5287250632045613e-17    0.00034590871569838437
606    -0.0    -2.0274580625478933e-17    0.00034590871569841993
607    0.0    3.1561125241053034e-16    0.00034590871569808404
608    -0.0    -1.7954387976359953e-16    0.0003459087156985792
609    0.0    2.6216008530699497e-16    0.0003459087156981375
610    0.0    3.7621815385247004e-17    0.00034590871569836203
611    0.0    1.3986208025063007e-16    0.0003459087156982598
612    0.0    4.87890977618477e-17    0.00034590871569835087
613    0.0    1.6501557065229377e-16    0.00034590871569823464
614    0.0    4.336808689942018e-17    0.0003459087156983563
615    -0.0    -7.15573433840433e-18    0.0003459087156984068
616    -0.0    -1.369347343849192e-16    0.0003459087156985366
617    -0.0    -1.205632815803881e-16    0.0003459087156985202
618    -0.0    -6.320898665590491e-17    0.00034590871569846287
619    0.0    1.3866945786089602e-16    0.000345908715698261
620    -0.0    -2.0491421059976034e-17    0.00034590871569842015
621    -0.0    -1.0104764247564901e-16    0.0003459087156985007
622    -0.0    -8.814563662307151e-17    0.0003459087156984878
623    0.0    2.3028454143592114e-16    0.00034590871569816937
624    0.0    1.2836953722228372e-16    0.0003459087156982713
625    0.0    7.37257477290143e-17    0.00034590871569832593
626    -0.0    -1.0061396160665481e-16    0.00034590871569850027
627    -0.0    -1.1351596745923231e-16    0.00034590871569851317
628    -0.0    -3.06287113727155e-16    0.00034590871569870594
629    -0.0    -7.231628490478315e-17    0.00034590871569847197
630    -0.0    -1.4192206437835253e-16    0.0003459087156985416
631    0.0    8.066464163292153e-17    0.000345908715698319
632    -0.0    -7.589415207398531e-18    0.00034590871569840725
633    0.0    4.954803928258755e-17    0.0003459087156983501
634    0.0    1.0343288725511712e-16    0.0003459087156982962
635    0.0    6.461844948013606e-17    0.00034590871569833504
636    0.0    1.5449880957918438e-17    0.0003459087156983842
637    -0.0    -2.7072528246963046e-16    0.0003459087156986704
638    0.0    8.082727195879436e-17    0.00034590871569831883
639    -0.0    -5.084908188957016e-17    0.0003459087156984505
640    -0.0    -3.2146594414195206e-17    0.0003459087156984318
641    -0.0    -3.913969842672671e-17    0.0003459087156984388
642    -0.0    -1.7358076781492926e-16    0.00034590871569857324
643    0.0    1.3525422101756668e-16    0.0003459087156982644
644    -0.0    -8.852510738344144e-17    0.0003459087156984882
645    0.0    7.48099499014998e-18    0.0003459087156983922
646    0.0    1.1080546202801855e-16    0.00034590871569828885
647    -0.0    -4.412702842016003e-17    0.0003459087156984438
648    0.0    3.485709984540897e-17    0.0003459087156983648
649    0.0    1.8539857149502126e-17    0.0003459087156983811
650    -0.0    -8.023096076392733e-18    0.0003459087156984077
651    0.0    8.012254054667878e-17    0.00034590871569831953
652    -0.0    -5.480641981914225e-17    0.00034590871569845446
653    0.0    4.6674903525500966e-17    0.000345908715698353
654    0.0    1.0289078616887437e-16    0.00034590871569829677
655    0.0    6.03900610074426e-17    0.00034590871569833927
656    0.0    4.553649124439119e-18    0.0003459087156983951
657    0.0    6.385950795939621e-17    0.0003459087156983358
658    -0.0    -2.614011437862551e-16    0.00034590871569866106
659    0.0    7.583994196536104e-17    0.0003459087156983238
660    -0.0    -5.55653613398821e-17    0.0003459087156984552
661    0.0    1.2284010614260765e-16    0.0003459087156982768
662    0.0    9.508453052697874e-17    0.00034590871569830457
663    -0.0    -3.65376132127615e-17    0.0003459087156984362
664    0.0    2.0014372104082412e-16    0.0003459087156981995
665    -0.0    -1.271227047239254e-16    0.0003459087156985268
666    0.0    1.2300273646848048e-16    0.00034590871569827665
667    -0.0    -6.548581121812447e-17    0.00034590871569846514
668    -0.0    -1.7509865085640897e-17    0.00034590871569841717
669    0.0    1.5569143196891844e-16    0.00034590871569824396
670    0.0    1.7856809780836258e-16    0.0003459087156982211
671    -0.0    -3.04118709382184e-17    0.00034590871569843007
672    0.0    5.307169634316544e-17    0.0003459087156983466
673    -0.0    -2.3527187142935446e-17    0.0003459087156984232
674    0.0    4.0001639153852686e-16    0.00034590871569799964
675    0.0    2.0800418679134403e-16    0.00034590871569819165
676    -0.0    -1.142206988713479e-16    0.0003459087156985139
677    0.0    4.889751797909625e-17    0.00034590871569835076
678    0.0    1.6837659738699884e-16    0.0003459087156982313
679    0.0    1.7206288477344955e-16    0.0003459087156982276
680    -0.0    -1.9353008778866254e-17    0.000345908715698419
681    0.0    1.7845967759111403e-16    0.0003459087156982212
682    -0.0    -2.4183129457289176e-16    0.0003459087156986415
683    0.0    2.557632924893305e-16    0.0003459087156981439
684    -0.0    -3.9519169187096637e-16    0.00034590871569879485
685    0.0    1.3465790982269965e-16    0.000345908715698265
686    -0.0    -2.7668839441830073e-16    0.00034590871569867634
687    0.0    1.0701075442431929e-16    0.00034590871569829265
688    0.0    2.0984733048456938e-16    0.0003459087156981898
689    -0.0    -3.5236570605778894e-17    0.0003459087156984349
690    0.0    2.225324959026498e-16    0.0003459087156981771
691    0.0    7.443047914112988e-17    0.0003459087156983252
692    -0.0    -1.4094628242311558e-18    0.00034590871569840107
693    -0.0    -2.1358782797964437e-17    0.000345908715698421
694    0.0    9.378348791999613e-17    0.00034590871569830587
695    -0.0    -2.1467203015212988e-17    0.0003459087156984211
696    0.0    9.269928574751063e-17    0.00034590871569830696
697    0.0    2.5196858488563123e-16    0.0003459087156981477
698    0.0    1.1216071474362543e-16    0.0003459087156982875
699    -0.0    -4.6891743959998067e-17    0.00034590871569844655
700    0.0    1.8409752888803865e-16    0.00034590871569821556
701    0.0    7.15573433840433e-18    0.0003459087156983925
702    0.0    2.553296116203363e-17    0.0003459087156983741
703    -0.0    -1.336821278674627e-16    0.00034590871569853334
704    -0.0    -1.1476279995759064e-16    0.0003459087156985144
705    0.0    1.2246063538223773e-16    0.0003459087156982772
706    0.0    1.0733601507606494e-16    0.0003459087156982923
707    -0.0    -1.5037884132373946e-16    0.00034590871569855003
708    -0.0    -4.7596475372113645e-17    0.00034590871569844725
709    0.0    7.909254848281755e-17    0.00034590871569832056
710    -0.0    -9.898765834792655e-17    0.00034590871569849864
711    0.0    3.6700243538634325e-17    0.00034590871569836296
712    0.0    1.2804427657053807e-16    0.0003459087156982716
713    0.0    1.820375447603162e-16    0.0003459087156982176
714    0.0    7.882149793969617e-17    0.00034590871569832083
715    0.0    3.832654679736258e-17    0.00034590871569836133
716    -0.0    -1.0630602301220371e-16    0.00034590871569850596
717    0.0    2.023663354944194e-16    0.0003459087156981973
718    0.0    5.99563801384484e-17    0.0003459087156983397
719    -0.0    -1.511919929531036e-16    0.00034590871569855085
720    -0.0    -3.518236049715462e-17    0.00034590871569843484
721    -0.0    -1.9353008778866254e-17    0.000345908715698419
722    0.0    5.149960319306146e-18    0.0003459087156983945
723    0.0    7.654467337747661e-17    0.0003459087156983231
724    -0.0    -3.0899761915836876e-18    0.00034590871569840275
725    0.0    9.10187723801581e-17    0.00034590871569830864
726    0.0    1.2305694657710475e-16    0.0003459087156982766
727    -0.0    -3.052029115546695e-16    0.00034590871569870486
728    0.0    2.190088388420719e-17    0.00034590871569837776
729    -0.0    -4.683753385137379e-17    0.0003459087156984465
730    0.0    9.004299042492114e-17    0.0003459087156983096
731    -0.0    -5.692061405548898e-17    0.0003459087156984566
732    -0.0    -1.6805133673525319e-16    0.0003459087156985677
733    0.0    4.006127027333939e-17    0.0003459087156983596
734    -0.0    -6.1257422745431e-18    0.0003459087156984058
735    0.0    1.5027042110649091e-16    0.0003459087156982494
736    -0.0    -7.37257477290143e-18    0.00034590871569840703
737    0.0    7.600257229123386e-17    0.00034590871569832365
738    0.0    5.074066167232161e-17    0.0003459087156983489
739    0.0    1.485356976305141e-17    0.0003459087156983848
740    0.0    1.3362791775883842e-16    0.00034590871569826603
741    -0.0    -1.2809848667916235e-16    0.00034590871569852775
742    0.0    5.833007687972014e-17    0.0003459087156983413
743    0.0    3.366447745567491e-17    0.000345908715698366
744    0.0    2.8498254103781484e-16    0.0003459087156981147
745    -0.0    -2.376029061001983e-16    0.00034590871569863726
746    -0.0    -7.573152174811248e-17    0.0003459087156984754
747    0.0    2.417228743556432e-16    0.00034590871569815793
748    -0.0    -4.662069341687669e-18    0.0003459087156984043
749    0.0    1.8762118594861654e-16    0.00034590871569821203
750    0.0    8.592302216947623e-17    0.00034590871569831373
751    0.0    9.860818758755663e-17    0.00034590871569830105
752    0.0    1.28423747330908e-16    0.00034590871569827123
753    0.0    5.014435047745458e-17    0.0003459087156983495
754    0.0    1.2853216754815655e-16    0.0003459087156982711
755    -0.0    -1.264721834204341e-16    0.00034590871569852613
756    0.0    8.088148206741863e-17    0.0003459087156983188
757    -0.0    -1.2387009820646888e-16    0.0003459087156985235
758    0.0    7.94178091345632e-17    0.00034590871569832024
759    -0.0    -8.185726402265558e-18    0.00034590871569840784
760    -0.0    -6.299214622140781e-17    0.00034590871569846265
761    -0.0    -1.3379054808471125e-16    0.00034590871569853345
762    -0.0    -1.0381235801548705e-16    0.00034590871569850347
763    0.0    1.050049804052211e-16    0.00034590871569829465
764    0.0    1.1172703387463123e-16    0.00034590871569828793
765    0.0    6.60821224129915e-17    0.0003459087156983336
766    -0.0    -1.2728533504979822e-16    0.00034590871569852694
767    0.0    4.3964398094287205e-17    0.0003459087156983557
768    -0.0    -8.500145032286355e-17    0.00034590871569848466
769    0.0    3.209238430557093e-17    0.00034590871569836756
770    0.0    1.7135815336133398e-16    0.0003459087156982283
771    -0.0    -9.524716085285156e-17    0.0003459087156984949
772    0.0    1.238158880978446e-16    0.00034590871569827584
773    0.0    1.1492543028346347e-17    0.00034590871569838816
774    0.0    1.2831532711365945e-16    0.00034590871569827134
775    -0.0    -1.7639969346339157e-16    0.00034590871569857606
776    0.0    6.1257422745431e-18    0.00034590871569839353
777    0.0    1.988968885424658e-16    0.00034590871569820076
778    -0.0    -1.1535911115245767e-16    0.000345908715698515
779    -0.0    -3.252606517456513e-17    0.0003459087156984322
780    0.0    7.806255641895632e-17    0.0003459087156983216
781    0.0    1.3796472644878044e-16    0.0003459087156982617
782    0.0    1.0842021724855044e-19    0.00034590871569839955
783    -0.0    -4.90059381963448e-17    0.00034590871569844866
784    0.0    6.993104012531504e-17    0.0003459087156983297
785    -0.0    -1.3780209612290761e-16    0.00034590871569853746
786    0.0    1.6588293239028218e-17    0.00034590871569838307
787    -0.0    -8.088148206741863e-17    0.00034590871569848054
788    -0.0    -1.4577098209067607e-16    0.0003459087156985454
789    0.0    1.3406159862783262e-16    0.0003459087156982656
790    0.0    5.795060611935021e-17    0.0003459087156983417
791    0.0    9.974659986866641e-18    0.0003459087156983897
792    0.0    1.1205229452637688e-16    0.0003459087156982876
793    0.0    5.594483210025203e-17    0.0003459087156983437
794    0.0    3.2255014631443757e-17    0.0003459087156983674
795    -0.0    -2.2892928872031426e-16    0.0003459087156986286
796    0.0    1.1221492485224971e-17    0.00034590871569838843
797    0.0    3.469446951953614e-18    0.0003459087156983962
798    -0.0    -3.052029115546695e-17    0.0003459087156984302
799    0.0    1.2034644114589099e-17    0.0003459087156983876
800    -0.0    -3.550762114890027e-17    0.00034590871569843516
801    -0.0    -1.9656585387162195e-16    0.0003459087156985962
802    -0.0    -7.887570804832045e-17    0.00034590871569847853
803    -0.0    -2.076247160309741e-16    0.0003459087156986073
804    0.0    1.4793938643564708e-16    0.0003459087156982517
805    0.0    3.3068166260807885e-17    0.0003459087156983666
806    -0.0    -1.9569849213363355e-17    0.0003459087156984192
807    0.0    5.1228552649940085e-17    0.00034590871569834843
808    0.0    3.686287386450715e-17    0.0003459087156983628
809    -0.0    -1.1926223897340549e-18    0.00034590871569840085
810    0.0    5.616167253474913e-17    0.0003459087156983435
811    0.0    5.502326025363935e-17    0.00034590871569834463
812    -0.0    -4.732542482899227e-17    0.000345908715698447
813    0.0    8.326672684688674e-17    0.0003459087156983164
814    -0.0    -6.917209860457518e-17    0.00034590871569846883
815    -0.0    -8.66277535815918e-17    0.0003459087156984863
816    -0.0    -1.8789223649173792e-16    0.00034590871569858755
817    0.0    6.239583502654078e-17    0.00034590871569833726
818    0.0    7.605678239985814e-17    0.0003459087156983236
819    0.0    1.4208469470422536e-16    0.00034590871569825757
820    0.0    2.7582103268031233e-16    0.00034590871569812384
821    0.0    7.789992609308349e-17    0.00034590871569832176
822    0.0    8.294146619514109e-18    0.00034590871569839136
823    -0.0    -6.066111155056397e-17    0.0003459087156984603
824    0.0    3.65376132127615e-17    0.0003459087156983631
825    0.0    1.0701075442431929e-16    0.00034590871569829265
826    -0.0    -1.872959252968709e-16    0.00034590871569858695
827    0.0    1.3487475025719675e-16    0.0003459087156982648
828    0.0    2.381992172950653e-16    0.00034590871569816146
829    -0.0    -5.1445393084437185e-17    0.0003459087156984511
830    -0.0    -5.355958732078392e-17    0.0003459087156984532
831    0.0    4.472333961502706e-17    0.00034590871569835493
832    -0.0    -7.318364664277155e-18    0.000345908715698407
833    -0.0    -6.098637220230962e-17    0.00034590871569846064
834    0.0    6.819631664933823e-17    0.00034590871569833146
835    0.0    6.884683795282953e-17    0.0003459087156983308
836    -0.0    -6.071532165918825e-18    0.00034590871569840573
837    -0.0    -1.691355389077387e-16    0.0003459087156985688
838    -0.0    -1.328147661294743e-16    0.00034590871569853247
839    -0.0    -1.360673726469308e-17    0.00034590871569841326
840    0.0    8.852510738344144e-17    0.00034590871569831113
841    -0.0    -1.0831179703130189e-16    0.00034590871569850797
842    0.0    5.4155898515650946e-17    0.0003459087156983455
843    -0.0    -1.2153906353562505e-16    0.0003459087156985212
844    0.0    1.4891516839088403e-16    0.00034590871569825074
845    -0.0    -1.273395451584225e-16    0.000345908715698527
846    0.0    1.3964523981613297e-16    0.00034590871569826
847    0.0    4.87890977618477e-19    0.00034590871569839917
848    -0.0    -4.981908982570893e-17    0.0003459087156984495
849    0.0    1.1384122811097797e-16    0.0003459087156982858
850    -0.0    -1.4251837557321956e-16    0.0003459087156985422
851    -0.0    -1.9721637517511326e-16    0.00034590871569859687
852    -0.0    -3.63207727782644e-18    0.0003459087156984033
853    0.0    3.6591823321385775e-17    0.00034590871569836306
854    -0.0    -9.172350379227368e-17    0.0003459087156984914
855    -0.0    -2.3619344327596714e-16    0.00034590871569863585
856    -0.0    -2.9067460244336374e-16    0.00034590871569869033
857    -0.0    -9.437979911486316e-17    0.00034590871569849404
858    -0.0    -2.3288662664988635e-16    0.00034590871569863254
859    -0.0    -1.096128396382845e-16    0.00034590871569850927
860    -0.0    -5.567378155713065e-17    0.00034590871569845533
861    -0.0    -1.4029576111962427e-16    0.00034590871569853995
862    0.0    2.303929616531697e-16    0.00034590871569816926
863    -0.0    -1.231653667943533e-16    0.0003459087156985228
864    0.0    1.689186984732416e-16    0.00034590871569823074
865    -0.0    -4.5211230592645535e-17    0.00034590871569844487
866    0.0    2.362476533845914e-16    0.0003459087156981634
867    0.0    1.0408340855860843e-17    0.00034590871569838925
868    -0.0    -1.0278236595162582e-16    0.00034590871569850244
869    -0.0    -9.161508357502512e-17    0.00034590871569849127
870    0.0    6.646159317336142e-17    0.0003459087156983332
871    -0.0    -1.470178145890344e-16    0.0003459087156985467
872    -0.0    -1.0245710529988017e-16    0.0003459087156985021
873    0.0    9.128982292327947e-17    0.00034590871569830837
874    -0.0    -1.1416648876272362e-16    0.0003459087156985138
875    -0.0    -1.984089975648473e-17    0.0003459087156984195
876    0.0    8.944667923005412e-17    0.0003459087156983102
877    -0.0    -5.0306980803327406e-17    0.00034590871569844996
878    -0.0    -2.6346112791397758e-17    0.000345908715698426
879    0.0    2.6129272356900657e-17    0.0003459087156983735
880    -0.0    -2.417770844642675e-17    0.00034590871569842383
881    0.0    3.7003820146930266e-16    0.0003459087156980296
882    -0.0    -1.1394964832822652e-16    0.0003459087156985136
883    0.0    1.8865117801247777e-16    0.000345908715698211
884    -0.0    -1.0560129160008813e-16    0.00034590871569850526
885    0.0    1.2305694657710475e-16    0.0003459087156982766
886    -0.0    -3.8185600514939466e-16    0.0003459087156987815
887    0.0    8.879615792656281e-17    0.00034590871569831086
888    -0.0    -5.388484797252957e-17    0.00034590871569845354
889    0.0    1.48318857196017e-16    0.00034590871569825134
890    -0.0    -1.336821278674627e-16    0.00034590871569853334
891    0.0    3.903127820947816e-17    0.0003459087156983606
892    -0.0    -1.5287250632045613e-17    0.00034590871569841494
893    0.0    2.8731357570865868e-16    0.00034590871569811234
894    -0.0    -5.0523821237824507e-17    0.0003459087156984502
895    -0.0    -6.071532165918825e-17    0.00034590871569846037
896    0.0    2.3787395664331967e-16    0.0003459087156981618
897    0.0    2.981555974335137e-17    0.00034590871569836984
898    0.0    1.3964523981613297e-16    0.00034590871569826
899    0.0    2.6346112791397758e-17    0.0003459087156983733
900    0.0    1.6989448042847854e-16    0.00034590871569822976
901    0.0    1.7889335846010823e-17    0.00034590871569838177
902    0.0    3.389215991189687e-16    0.00034590871569806073
903    0.0    2.2768245622195593e-17    0.0003459087156983769
904    0.0    1.7162920390445535e-16    0.000345908715698228
905    -0.0    -7.697835424647081e-17    0.00034590871569847663
906    0.0    2.1217836515541322e-16    0.0003459087156981875
907    0.0    5.182486384480711e-17    0.00034590871569834783
908    0.0    4.4885969940899884e-17    0.00034590871569835477
909    -0.0    -4.9439619065339e-17    0.0003459087156984491
910    0.0    2.673642557349254e-16    0.0003459087156981323
911    0.0    1.691355389077387e-17    0.00034590871569838274
912    -0.0    -1.2880321809127793e-16    0.00034590871569852846
913    -0.0    -1.0462550964485118e-16    0.0003459087156985043
914    -0.0    -2.250803710079907e-16    0.00034590871569862474
915    -0.0    -2.264898338322219e-16    0.00034590871569862615
916    -0.0    -1.1525069093520912e-16    0.0003459087156985149
917    0.0    8.782037597132586e-17    0.00034590871569831184
918    0.0    1.0527603094834248e-16    0.0003459087156982944
919    0.0    4.868067754459915e-17    0.000345908715698351
920    0.0    1.6924395912498724e-16    0.0003459087156982304
921    0.0    2.6454533008646308e-17    0.0003459087156983732
922    -0.0    -8.944667923005412e-17    0.0003459087156984891
923    0.0    2.391749992503023e-16    0.0003459087156981605
924    -0.0    -5.366800753803247e-17    0.0003459087156984533
925    0.0    1.468009741545373e-16    0.00034590871569825286
926    0.0    1.5514933088267568e-16    0.0003459087156982445
927    -0.0    -1.7997756063259374e-16    0.00034590871569857963
928    0.0    2.5912431922403556e-16    0.00034590871569814053
929    -0.0    -1.7997756063259374e-17    0.00034590871569841765
930    0.0    2.0383000842727483e-16    0.0003459087156981958
931    0.0    5.735429492448318e-17    0.0003459087156983423
932    -0.0    -6.776263578034403e-17    0.0003459087156984674
933    -0.0    -1.7358076781492926e-16    0.00034590871569857324
934    -0.0    -1.1351596745923231e-16    0.00034590871569851317
935    0.0    1.5243882545146192e-16    0.0003459087156982472
936    0.0    9.73613550891983e-17    0.0003459087156983023
937    0.0    1.3856103764364747e-16    0.0003459087156982611
938    -0.0    -2.233456475320139e-17    0.000345908715698422
939    -0.0    -5.702903427273753e-17    0.0003459087156984567
940    0.0    6.201636426617085e-17    0.00034590871569833764
941    0.0    2.2020146123180595e-16    0.00034590871569817945
942    -0.0    -1.0842021724855044e-17    0.0003459087156984105
943    -0.0    -6.375108774214766e-17    0.0003459087156984634
944    -0.0    -1.0245710529988017e-16    0.0003459087156985021
945    0.0    8.727827488508311e-17    0.0003459087156983124
946    -0.0    -2.398255205537936e-16    0.0003459087156986395
947    0.0    6.028164079019405e-17    0.0003459087156983394
948    0.0    1.1893697832165984e-16    0.0003459087156982807
949    -0.0    -6.505213034913027e-19    0.0003459087156984003
950    0.0    1.702197410802242e-16    0.00034590871569822944
951    0.0    1.0039712117215771e-16    0.00034590871569829926
952    0.0    3.0357660829594124e-17    0.0003459087156983693
953    0.0    6.06069014419397e-17    0.00034590871569833905
954    0.0    6.071532165918825e-17    0.00034590871569833894
955    0.0    3.1777965675550135e-16    0.0003459087156980819
956    0.0    4.119968255444917e-18    0.00034590871569839554
957    0.0    1.945058697438995e-16    0.00034590871569820515
958    0.0    3.8543387231859683e-16    0.0003459087156980142
959    0.0    3.423910460709223e-16    0.00034590871569805727
960    0.0    4.049495114233359e-16    0.0003459087156979947
961    0.0    6.982261990806649e-16    0.00034590871569770143
962    0.0    1.1862255969163904e-15    0.00034590871569721343
963    0.0    2.213723995780903e-15    0.00034590871569618593
964    0.0    3.462941738918701e-15    0.0003459087156949367
965    0.0    6.861807129443509e-15    0.00034590871569153785
966    0.0    1.2445123057092111e-14    0.00034590871568595453
967    0.0    2.3153137393427947e-14    0.0003459087156752465
968    0.0    4.3067546057207196e-14    0.0003459087156553321
969    0.0    7.995232080559855e-14    0.00034590871561844734
970    0.0    1.482853553488872e-13    0.0003459087155501143
971    0.0    2.7499888217291657e-13    0.0003459087154234008
972    0.0    5.105531882682035e-13    0.00034590871518784647
973    0.0    9.474644376353258e-13    0.0003459087147509352
974    0.0    1.7585590102175974e-12    0.00034590871393984065
975    0.0    3.2636336124922116e-12    0.00034590871243476604
976    0.0    6.057651667605579e-12    0.000345908709640748
977    0.0    1.1242719537458978e-11    0.0003459087044556801
978    0.0    2.0866461878689402e-11    0.0003459086948319378
979    0.0    3.872749375962575e-11    0.0003459086769709059
980    0.0    7.187811489669377e-11    0.00034590864382028476
981    0.0    1.3340469072302408e-10    0.00034590858229370893
982    0.0    2.475974000479275e-10    0.0003459084681009996
983    0.0    4.595375855016848e-10    0.00034590825616081415
984    0.0    8.528960674649907e-10    0.0003459078628023322
985    0.0    1.5829642955591736e-09    0.0003459071327341041
986    0.0    2.9379626065957273e-09    0.00034590577773579306
987    0.0    5.452823957879764e-09    0.0003459032628744418
988    0.0    1.0120385848149185e-08    0.0003458985953125515
989    0.0    1.878337880904541e-08    0.0003458899323195906
990    0.0    3.486209253483058e-08    0.0003458738536058648
991    0.0    6.470563202604085e-08    0.0003458440100663736
992    0.0    1.2010373274618045e-07    0.0003457886119656535
993    0.0    2.2296965030929074e-07    0.00034568574604809037
994    0.0    4.141455815845612e-07    0.0003454945701168151
995    0.0    7.703738108792582e-07    0.0003451383418875204
996    0.0    1.439380010786616e-06    0.00034446933568761304
997    0.0    2.727259412132186e-06    0.00034318145628626747
998    0.0    5.434677119922756e-06    0.0003404740385784769
999    2.9095164904981412e-05    1.4547582452490706e-05    0.00033136113324590895
