0    1.0994170931716979e-09    5.497085465858489e-10    6.8643111613645585e-09
1    1.4682311698897832e-09    7.341155849448916e-10    6.679904123005516e-09
2    1.8343589167166968e-09    9.171794583583484e-10    6.496840249592059e-09
3    2.1984835148116527e-09    1.0992417574058264e-09    6.314777950544581e-09
4    2.5604402220397865e-09    1.2802201110198932e-09    6.133799596930514e-09
5    2.919922515148138e-09    1.459961257574069e-09    5.9540584503763386e-09
6    3.276604497058286e-09    1.638302248529143e-09    5.7757174594212646e-09
7    3.630162047048649e-09    1.8150810235243245e-09    5.598938684426083e-09
8    3.98028055870539e-09    1.990140279352695e-09    5.423879428597712e-09
9    4.326654302194699e-09    2.1633271510973495e-09    5.250692556853058e-09
10    4.668987684105716e-09    2.334493842052858e-09    5.0795258658975495e-09
11    5.006997164536814e-09    2.503498582268407e-09    4.9105211256820006e-09
12    5.340411583657292e-09    2.670205791828646e-09    4.743813916121761e-09
13    5.668972642225781e-09    2.8344863211128904e-09    4.579533386837517e-09
14    5.9924329296433265e-09    2.9962164648216633e-09    4.417803243128744e-09
15    6.3105616671891435e-09    3.1552808335945717e-09    4.258738874355836e-09
16    6.623140621879464e-09    3.311570310939732e-09    4.102449397010675e-09
17    6.929967198612136e-09    3.464983599306068e-09    3.9490361086443396e-09
18    7.2308538254239885e-09    3.6154269127119942e-09    3.798592795238413e-09
19    7.52562633889696e-09    3.76281316944848e-09    3.6512065385019277e-09
20    7.814128745540355e-09    3.907064372770178e-09    3.50695533518023e-09
21    8.096218115849138e-09    4.048109057924569e-09    3.3659106500258384e-09
22    8.371768037704688e-09    4.185884018852344e-09    3.2281356890980634e-09
23    8.640668841238333e-09    4.3203344206191666e-09    3.093685287331241e-09
24    8.902824638092055e-09    4.4514123190460275e-09    2.96260738890438e-09
25    9.158156121045341e-09    4.5790780605226705e-09    2.834941647427737e-09
26    9.406599282271375e-09    4.703299641135687e-09    2.7107200668147202e-09
27    9.648104459455964e-09    4.824052229727982e-09    2.5899674782224255e-09
28    9.882638044066486e-09    4.941319022033243e-09    2.4727006859171646e-09
29    1.011017838176663e-08    5.055089190883315e-09    2.3589305170670927e-09
30    1.0330721445395846e-08    5.165360722697923e-09    2.2486589852524844e-09
31    1.0544273174864158e-08    5.272136587432079e-09    2.1418831205183286e-09
32    1.075085637007589e-08    5.375428185037945e-09    2.0385915229124627e-09
33    1.095050321925882e-08    5.47525160962941e-09    1.9387680983209976e-09
34    1.1143261127635057e-08    5.5716305638175284e-09    1.842389144132879e-09
35    1.132918579500701e-08    5.664592897503505e-09    1.7494268104469024e-09
36    1.1508347382699347e-08    5.754173691349673e-09    1.6598460166007342e-09
37    1.1680824301947904e-08    5.840412150973952e-09    1.5736075569764557e-09
38    1.1846706096359585e-08    5.923353048179793e-09    1.4906666597706147e-09
39    1.2006090163718675e-08    6.003045081859337e-09    1.4109746260910702e-09
40    1.2159083786046979e-08    6.079541893023489e-09    1.3344778149269182e-09
41    1.2305800180505838e-08    6.152900090252919e-09    1.2611196176974884e-09
42    1.2446363443358033e-08    6.223181721679016e-09    1.190837986271391e-09
43    1.2580900257339045e-08    6.2904501286695225e-09    1.123569579280885e-09
44    1.270954580597991e-08    6.354772902989955e-09    1.0592468049604523e-09
45    1.283243938714207e-08    6.416219693571035e-09    9.978000143793728e-10
46    1.2949726259413666e-08    6.474863129706833e-09    9.391565782435746e-10
47    1.306155340136117e-08    6.530776700680585e-09    8.832430072698225e-10
48    1.3168073412055115e-08    6.584036706027557e-09    8.299830019228502e-10
49    1.3269441116433092e-08    6.634720558216546e-09    7.792991497338614e-10
50    1.3365812532488766e-08    6.682906266244383e-09    7.311134417060244e-10
51    1.345734696226418e-08    6.72867348113209e-09    6.853462268183175e-10
52    1.354420348445573e-08    6.772101742227865e-09    6.419179657225424e-10
53    1.3626543101134467e-08    6.813271550567233e-09    6.007481573831741e-10
54    1.3704525722579852e-08    6.852262861289926e-09    5.617568466604814e-10
55    1.3778311013824818e-08    6.889155506912409e-09    5.248642010379986e-10
56    1.3848058992701681e-08    6.9240294963508406e-09    4.899902115995669e-10
57    1.3913928123814728e-08    6.956964061907364e-09    4.5705564604304333e-10
58    1.3976074332566757e-08    6.9880371662833785e-09    4.2598254166702904e-10
59    1.4034652416356624e-08    7.017326208178312e-09    3.966934997720953e-10
60    1.4089814986831609e-08    7.044907493415804e-09    3.691122145346032e-10
61    1.4141711619439223e-08    7.070855809719612e-09    3.431638982307958e-10
62    1.419049018157488e-08    7.09524509078744e-09    3.187746171629674e-10
63    1.423629388441934e-08    7.11814694220967e-09    2.958727657407373e-10
64    1.4279263854449428e-08    7.139631927224714e-09    2.7438778072569336e-10
65    1.4319537604062446e-08    7.159768802031223e-09    2.542509059191844e-10
66    1.4357248078996146e-08    7.178624039498073e-09    2.353956684523345e-10
67    1.4392525509712359e-08    7.1962627548561794e-09    2.1775695309422805e-10
68    1.442549605592744e-08    7.21274802796372e-09    2.0127167998668788e-10
69    1.4456280195921517e-08    7.2281400979607585e-09    1.8587960998964898e-10
70    1.4484998175738617e-08    7.2424990878693085e-09    1.7152062008109897e-10
71    1.4511761447675783e-08    7.255880723837892e-09    1.581389841125158e-10
72    1.4536681031433393e-08    7.268340515716697e-09    1.4567919223371084e-10
73    1.4559862037376303e-08    7.279931018688152e-09    1.3408868926225587e-10
74    1.4581404877153994e-08    7.290702438576997e-09    1.2331726937341025e-10
75    1.4601407834343924e-08    7.300703917171962e-09    1.1331579077844545e-10
76    1.4619962393708566e-08    7.309981196854283e-09    1.040385110961245e-10
77    1.4637157813492813e-08    7.318578906746406e-09    9.544080120400117e-11
78    1.4653079603637806e-08    7.326539801818903e-09    8.747990613150458e-11
79    1.4667807294709706e-08    7.333903647354853e-09    8.011606059555448e-11
80    1.4681418122669196e-08    7.340709061334598e-09    7.331064661580955e-11
81    1.4693985239504215e-08    7.346992619752107e-09    6.702708819830011e-11
82    1.4705578396711008e-08    7.352789198355504e-09    6.123050959490339e-11
83    1.4716262436301544e-08    7.358131218150772e-09    5.5888489799635344e-11
84    1.472610042306359e-08    7.363050211531795e-09    5.096949641861248e-11
85    1.473515053940569e-08    7.367575269702845e-09    4.644443824756289e-11
86    1.4743467704938368e-08    7.371733852469184e-09    4.22858554812236e-11
87    1.475110413353721e-08    7.375552066768605e-09    3.846764118180246e-11
88    1.4758110808074654e-08    7.379055404037327e-09    3.496430391308064e-11
89    1.4764532062011212e-08    7.382266031005606e-09    3.1753676944801246e-11
90    1.4770411845650352e-08    7.385205922825176e-09    2.881378512523125e-11
91    1.4775790891383492e-08    7.387895445691746e-09    2.61242622586616e-11
92    1.4780708301395662e-08    7.390354150697831e-09    2.366555725257652e-11
93    1.478519814478857e-08    7.392599072394285e-09    2.142063555612278e-11
94    1.4789294414769769e-08    7.394647207384884e-09    1.93725005655232e-11
95    1.4793029090532858e-08    7.396514545266429e-09    1.7505162683978392e-11
96    1.4796429658337634e-08    7.398214829168817e-09    1.580487878159037e-11
97    1.4799523776181517e-08    7.399761888090758e-09    1.4257819859649079e-11
98    1.4802336631598856e-08    7.401168315799428e-09    1.285139215097958e-11
99    1.480489144017709e-08    7.402445720088545e-09    1.1573987861862589e-11
100    1.4807209536629728e-08    7.403604768314864e-09    1.0414939635543241e-11
101    1.4809310909958545e-08    7.4046554549792726e-09    9.364252971134912e-12
102    1.481121475444512e-08    7.40560737722256e-09    8.412330727847195e-12
103    1.4812937299078094e-08    7.406468649539047e-09    7.551058411360556e-12
104    1.4814494443682324e-08    7.407247221841162e-09    6.772486109245246e-12
105    1.4815901748944232e-08    7.407950874472116e-09    6.068833478291291e-12
106    1.4817171404982524e-08    7.408585702491262e-09    5.43400545914563e-12
107    1.4818316739677664e-08    7.409158369838832e-09    4.861338111575297e-12
108    1.4819348217532183e-08    7.409674108766091e-09    4.345599184316096e-12
109    1.482027747181855e-08    7.410138735909275e-09    3.8809720411328574e-12
110    1.4821112342836354e-08    7.410556171418177e-09    3.4635365322305267e-12
111    1.4821862759058571e-08    7.4109313795292855e-09    3.088328421121944e-12
112    1.4822536051860291e-08    7.4112680259301456e-09    2.7516820202619363e-12
113    1.4823140362515627e-08    7.4115701812578136e-09    2.4495266925939063e-12
114    1.482368228427483e-08    7.411841142137415e-09    2.1785658129921948e-12
115    1.4824167179168166e-08    7.412083589584083e-09    1.9361183663246795e-12
116    1.482460091468095e-08    7.412300457340475e-09    1.719250609932832e-12
117    1.4824988247208112e-08    7.412494123604056e-09    1.5255843463513052e-12
118    1.482533449454447e-08    7.412667247272235e-09    1.3524606781722959e-12
119    1.4825643211788947e-08    7.4128216058944735e-09    1.1981020559340139e-12
120    1.4825918336763833e-08    7.412959168381916e-09    1.0605395684912255e-12
121    1.4826163664393571e-08    7.413081832196786e-09    9.37875753621864e-13
122    1.4826382385051476e-08    7.413191192525738e-09    8.285154246695514e-13
123    1.4826576298296312e-08    7.413288149148156e-09    7.31558802251342e-13
124    1.4826748908920023e-08    7.413374454460012e-09    6.452534903958473e-13
125    1.4826901615543411e-08    7.413450807771706e-09    5.689001787018144e-13
126    1.482703695975321e-08    7.413518479876605e-09    5.012280738028729e-13
127    1.4827157201460425e-08    7.413578600730213e-09    4.411072201948585e-13
128    1.4827263505098193e-08    7.413631752549096e-09    3.8795540131114636e-13
129    1.4827357748938355e-08    7.4136788744691776e-09    3.408334812299296e-13
130    1.4827441041469214e-08    7.413720520734607e-09    2.991872158006337e-13
131    1.4827514588974106e-08    7.413757294487053e-09    2.6241346335470483e-13
132    1.4827579353357198e-08    7.413789676678599e-09    2.3003127180842853e-13
133    1.4827636544371275e-08    7.413818272185638e-09    2.014357647697751e-13
134    1.4827686500070575e-08    7.4138432500352874e-09    1.7645791512005404e-13
135    1.4827731236420616e-08    7.413865618210308e-09    1.540897400995056e-13
136    1.4827770407560906e-08    7.413885203780453e-09    1.345041699546412e-13
137    1.4827804194336366e-08    7.413902097168183e-09    1.1761078222427557e-13
138    1.482783418488634e-08    7.41391709244317e-09    1.026155072372803e-13
139    1.4827860283367356e-08    7.413930141683678e-09    8.956626672967927e-14
140    1.4827883745936049e-08    7.4139418729680245e-09    7.783498238295161e-14
141    1.482790374881561e-08    7.413951874407805e-09    6.783354260242458e-14
142    1.4827921680435341e-08    7.4139608402176704e-09    5.88677327370557e-14
143    1.4827937821820444e-08    7.413968910910222e-09    5.0797040185290854e-14
144    1.48279508155498e-08    7.4139754077749e-09    4.4300175507105966e-14
145    1.4827962462049538e-08    7.413981231024769e-09    3.847692563868632e-14
146    1.4827972792110997e-08    7.413986396055498e-09    3.3311894909182627e-14
147    1.4827981614264074e-08    7.413990807132037e-09    2.890081837042535e-14
148    1.4827989554093424e-08    7.413994777046712e-09    2.493090369565243e-14
149    1.4827995946115752e-08    7.413997973057876e-09    2.173489253159966e-14
150    1.4828001751367864e-08    7.414000875683932e-09    1.8832266475421466e-14
151    1.4828007087810957e-08    7.4140035439054786e-09    1.616404492893464e-14
152    1.4828011225560128e-08    7.414005612780064e-09    1.40951703433978e-14
153    1.4828015279825732e-08    7.414007639912866e-09    1.2068037541501653e-14
154    1.4828018559103623e-08    7.4140092795518114e-09    1.0428398596051824e-14
155    1.4828021286088927e-08    7.4140106430444636e-09    9.064905943934054e-15
156    1.4828023903352971e-08    7.414011951676486e-09    7.75627392174405e-15
157    1.4828026271250516e-08    7.414013135625258e-09    6.572325149389879e-15
158    1.482802796976164e-08    7.41401398488082e-09    5.723069587681984e-15
159    1.4828029760863629e-08    7.414014880431814e-09    4.827518593208957e-15
160    1.4828030916839985e-08    7.4140154584199924e-09    4.249530415056935e-15
161    1.482803246182808e-08    7.41401623091404e-09    3.4770363671610127e-15
162    1.4828033729694101e-08    7.4140168648470506e-09    2.8431033569087383e-15
163    1.4828034465867376e-08    7.414017232933688e-09    2.4750167193499095e-15
164    1.482803517146615e-08    7.414017585733075e-09    2.1222173324231264e-15
165    1.4828035325422859e-08    7.414017662711429e-09    2.0452389781766556e-15
166    1.4828036380568413e-08    7.4140181902842064e-09    1.5176662010452091e-15
167    1.4828036308794229e-08    7.4140181543971145e-09    1.5535532929544793e-15
168    1.4828036901419137e-08    7.414018450709568e-09    1.257240839214191e-15
169    1.4828036888625551e-08    7.4140184443127755e-09    1.2636376320318554e-15
170    1.4828037775936609e-08    7.4140188879683044e-09    8.19982103050787e-16
171    1.482803756213194e-08    7.41401878106597e-09    9.268844372578577e-16
172    1.4828037992993884e-08    7.414018996496942e-09    7.11453465584988e-16
173    1.4828037760324098e-08    7.414018880162049e-09    8.277883586926826e-16
174    1.4828038115291889e-08    7.4140190576459444e-09    6.503044630568056e-16
175    1.482803853487813e-08    7.414019267439065e-09    4.4051134268086045e-16
176    1.4828038498232096e-08    7.414019249116048e-09    4.588343593958655e-16
177    1.4828038882690187e-08    7.414019441345093e-09    2.6660531421418554e-16
178    1.4828038726131393e-08    7.4140193630656964e-09    3.4488471106763896e-16
179    1.4828038772535246e-08    7.414019386267623e-09    3.2168278457644917e-16
180    1.482803866953604e-08    7.41401933476802e-09    3.7318238776951063e-16
181    1.4828038394799209e-08    7.4140191973996045e-09    5.10550803023424e-16
182    1.4828038805711832e-08    7.414019402855916e-09    3.0509449133742095e-16
183    1.482803858496827e-08    7.414019292484135e-09    4.154662724964453e-16
184    1.4828038900687943e-08    7.414019450343971e-09    2.5760643618255585e-16
185    1.4828039143115548e-08    7.414019571557774e-09    1.3639263329867646e-16
186    1.4828039117962058e-08    7.414019558981029e-09    1.489693784995083e-16
187    1.4828038860355622e-08    7.414019430177811e-09    2.7777259659078624e-16
188    1.4828039030575363e-08    7.4140195152876814e-09    1.9266272605067414e-16
189    1.4828039050307842e-08    7.414019525153921e-09    1.8279648628105605e-16
190    1.4828039289482842e-08    7.414019644741421e-09    6.320898665590491e-17
191    1.4828039122732548e-08    7.414019561366274e-09    1.465841337200402e-16
192    1.4828039306613236e-08    7.414019653306618e-09    5.4643789493269423e-17
193    1.4828039262811468e-08    7.414019631405734e-09    7.654467337747661e-17
194    1.4828039037514257e-08    7.414019518757128e-09    1.8919327909872052e-16
195    1.4828039282327107e-08    7.414019641163554e-09    6.678685382510707e-17
196    1.4828038736973415e-08    7.414019368486707e-09    3.3946370020521144e-16
197    1.4828039627537079e-08    7.4140198137685395e-09    1.0581813203458523e-16
198    1.4828039629054962e-08    7.414019814527481e-09    1.0657707355532509e-16
199    1.4828038776004693e-08    7.414019388002346e-09    3.1994806110047236e-16
200    1.482803881915594e-08    7.41401940957797e-09    2.983724378680108e-16
201    1.4828039644450633e-08    7.4140198222253165e-09    1.1427490897997217e-16
202    1.482803936841276e-08    7.41401968420638e-09    2.3744027577432547e-17
203    1.4828039400938825e-08    7.4140197004694125e-09    7.48099499014998e-18
204    1.48280391385619e-08    7.41401956928095e-09    1.3866945786089602e-16
205    1.482803921879286e-08    7.41401960939643e-09    9.855397747893235e-17
206    1.482803919906038e-08    7.41401959953019e-09    1.0842021724855044e-16
207    1.4828039725548955e-08    7.414019862774478e-09    1.5482407023093003e-16
208    1.4828039604768833e-08    7.414019802384417e-09    9.443400922348744e-17
209    1.4828039735740456e-08    7.414019867870228e-09    1.599198204416119e-16
210    1.482803969801022e-08    7.41401984900511e-09    1.4105470264036413e-16
211    1.4828039586771077e-08    7.414019793385539e-09    8.543513119185775e-17
212    1.4828039974481774e-08    7.414019987240887e-09    2.7929047963226594e-16
213    1.4828039775855936e-08    7.414019887927968e-09    1.7997756063259374e-16
214    1.4828039890998207e-08    7.4140199454991035e-09    2.37548695991574e-16
215    1.4828039566604917e-08    7.4140197833024585e-09    7.535205098774256e-17
216    1.4828039836788098e-08    7.414019918394049e-09    2.104436416794364e-16
217    1.4828039355836015e-08    7.414019677918007e-09    3.003240017784847e-17
218    1.4828039820525066e-08    7.414019910262533e-09    2.0231212538579513e-16
219    1.4828039534946214e-08    7.414019767473107e-09    5.952269926945419e-17
220    1.4828039710803806e-08    7.414019855401903e-09    1.474514954580286e-16
221    1.4828039725548955e-08    7.414019862774478e-09    1.5482407023093003e-16
222    1.4828039685433475e-08    7.4140198427167375e-09    1.347663300399482e-16
223    1.4828039208167679e-08    7.414019604083839e-09    1.0386656812411132e-16
224    1.4828039339139301e-08    7.4140196695696506e-09    3.838075690598686e-17
225    1.4828039327429918e-08    7.414019663714959e-09    4.423544863740858e-17
226    1.4828039572459609e-08    7.414019786229804e-09    7.827939685345342e-17
227    1.4828039451896327e-08    7.4140197259481636e-09    1.7997756063259374e-17
228    1.4828039487458158e-08    7.414019743729079e-09    3.5778671692021646e-17
229    1.4828039113408409e-08    7.4140195567042044e-09    1.5124620306172787e-16
230    1.4828038885509112e-08    7.414019442754556e-09    2.651958513899544e-16
231    1.482803902927432e-08    7.41401951463716e-09    1.9331324735416544e-16
232    1.4828038803109747e-08    7.4140194015548735e-09    3.0639553394440355e-16
233    1.4828039441487986e-08    7.414019720743993e-09    1.2793585635328952e-17
234    1.4828039196241455e-08    7.4140195981207274e-09    1.098296800727816e-16
235    1.4828038775137331e-08    7.4140193875686655e-09    3.2038174196946656e-16
236    1.4828038726131393e-08    7.4140193630656964e-09    3.4488471106763896e-16
237    1.4828038727432435e-08    7.414019363716218e-09    3.4423418976414766e-16
238    1.4828038298955737e-08    7.4140191494778684e-09    5.584725390472833e-16
239    1.482803902949116e-08    7.41401951474558e-09    1.932048271369169e-16
240    1.4828039192555167e-08    7.414019596277584e-09    1.1167282376600696e-16
241    1.4828039312467928e-08    7.414019656233964e-09    5.171644362755856e-17
242    1.4828039250885244e-08    7.414019625442622e-09    8.250778532614689e-17
243    1.4828039573977492e-08    7.414019786988746e-09    7.903833837419327e-17
244    1.4828039941955709e-08    7.4140199709778545e-09    2.630274470449834e-16
245    1.482803947835086e-08    7.41401973917543e-09    3.122502256758253e-17
246    1.4828039416985017e-08    7.4140197084925086e-09    5.421010862427522e-19
247    1.4828039189302561e-08    7.4140195946512805e-09    1.1329912702473521e-16
248    1.4828039573760651e-08    7.414019786880326e-09    7.892991815694472e-17
249    1.4828039219877062e-08    7.414019609938531e-09    9.80118763926896e-17
250    1.4828039415900815e-08    7.4140197079504075e-09    0.0
251    1.4828039453847891e-08    7.4140197269239455e-09    1.8973538018496328e-17
252    1.4828039347812919e-08    7.414019673906459e-09    3.404394821604484e-17
253    1.48280392485e-08    7.41401962425e-09    8.370040771588094e-17
254    1.4828039217274977e-08    7.4140196086374885e-09    9.93129189996722e-17
255    1.4828039274954533e-08    7.414019637477266e-09    7.047314121155779e-17
256    1.48280394978665e-08    7.41401974893325e-09    4.098284211995207e-17
257    1.4828039411780847e-08    7.414019705890423e-09    2.0599841277224584e-18
258    1.4828039595661535e-08    7.414019797830768e-09    8.988036009904832e-17
259    1.4828039172822688e-08    7.414019586411344e-09    1.2153906353562505e-16
260    1.4828039096928536e-08    7.414019548464268e-09    1.594861395726177e-16
261    1.4828039037514257e-08    7.414019518757128e-09    1.8919327909872052e-16
262    1.482803917846054e-08    7.41401958923027e-09    1.1872013788716274e-16
263    1.4828038890496442e-08    7.414019445248221e-09    2.627021863932377e-16
264    1.4828039201445625e-08    7.414019600722813e-09    1.0722759485881639e-16
265    1.4828038795303491e-08    7.414019397651746e-09    3.1029866176535137e-16
266    1.482803891933622e-08    7.41401945966811e-09    2.482822974991805e-16
267    1.4828039060499343e-08    7.4140195302496714e-09    1.7770073607037418e-16
268    1.4828038933430848e-08    7.414019466715424e-09    2.4123498337802474e-16
269    1.4828039219226541e-08    7.4140196096132704e-09    9.833713704443525e-17
270    1.4828038823492748e-08    7.414019411746374e-09    2.962040335230398e-16
271    1.4828038910662603e-08    7.414019455331301e-09    2.5261910618912253e-16
272    1.4828039196458295e-08    7.414019598229148e-09    1.0972125985553305e-16
273    1.4828038463754467e-08    7.4140192318772336e-09    4.76073173938385e-16
274    1.482803880918128e-08    7.41401940459064e-09    3.0335976786144414e-16
275    1.4828038944923391e-08    7.414019472461696e-09    2.3548871186385156e-16
276    1.482803876472899e-08    7.414019382364495e-09    3.25585912397397e-16
277    1.4828038858404058e-08    7.414019429202029e-09    2.787483785460232e-16
278    1.4828038937333976e-08    7.414019468666988e-09    2.3928341946755083e-16
279    1.482803911384209e-08    7.414019556921045e-09    1.5102936262723077e-16
280    1.4828039088038078e-08    7.414019544019039e-09    1.6393136847980827e-16
281    1.4828039204264551e-08    7.4140196021322755e-09    1.0581813203458523e-16
282    1.4828039660279985e-08    7.414019830139992e-09    1.2218958483911635e-16
283    1.4828039605202514e-08    7.414019802601257e-09    9.465084965798454e-17
284    1.4828039491578127e-08    7.414019745789063e-09    3.7838655819744105e-17
285    1.4828038985906233e-08    7.414019492953117e-09    2.1499729080387553e-16
286    1.48280392190097e-08    7.41401960950485e-09    9.84455572616838e-17
287    1.4828039269533522e-08    7.414019634766761e-09    7.318364664277155e-17
288    1.48280392485e-08    7.41401962425e-09    8.370040771588094e-17
289    1.4828039008674479e-08    7.4140195043372395e-09    2.0361316799277773e-16
290    1.4828039225948594e-08    7.414019612974297e-09    9.497611030973019e-17
291    1.4828039185182593e-08    7.414019592591296e-09    1.1535911115245767e-16
292    1.482803930401115e-08    7.414019652005575e-09    5.594483210025203e-17
293    1.4828039092808568e-08    7.414019546404284e-09    1.6154612370034016e-16
294    1.4828038775787852e-08    7.414019387893926e-09    3.200564813177209e-16
295    1.4828038860355622e-08    7.414019430177811e-09    2.7777259659078624e-16
296    1.482803958828896e-08    7.41401979414448e-09    8.61940727125976e-17
297    1.4828038379620379e-08    7.414019189810189e-09    5.181402182308226e-16
298    1.4828038512760405e-08    7.414019256380203e-09    4.515702048402126e-16
299    1.4828038631372123e-08    7.4140193156860615e-09    3.922643460052555e-16
300    1.4828039162414347e-08    7.4140195812071735e-09    1.2674323396355547e-16
301    1.4828039267365117e-08    7.414019633682559e-09    7.426784881525705e-17
302    1.4828039115576813e-08    7.414019557788407e-09    1.5016200088924236e-16
303    1.4828039101265345e-08    7.414019550632672e-09    1.573177352276467e-16
304    1.4828038811349684e-08    7.414019405674842e-09    3.0227556568895864e-16
305    1.4828038727215595e-08    7.4140193636077975e-09    3.443426099813962e-16
306    1.4828038703146307e-08    7.414019351573153e-09    3.563772540959853e-16
307    1.4828039297722778e-08    7.414019648861389e-09    5.908901840045999e-17
308    1.482803891434889e-08    7.414019457174445e-09    2.507759624958972e-16
309    1.4828038682763306e-08    7.414019341381653e-09    3.6656875451734905e-16
310    1.4828038543985428e-08    7.414019271992714e-09    4.3595769355642133e-16
311    1.4828038787280395e-08    7.414019393640198e-09    3.1431020980354774e-16
312    1.4828038658043496e-08    7.414019329021748e-09    3.789286592836838e-16
313    1.4828039056813055e-08    7.414019528406528e-09    1.7954387976359953e-16
314    1.4828038373115165e-08    7.414019186557583e-09    5.213928247482791e-16
315    1.482803886425875e-08    7.414019432129375e-09    2.7582103268031233e-16
316    1.4828038257756054e-08    7.414019128878027e-09    5.790723803245079e-16
317    1.4828038871414484e-08    7.414019435707242e-09    2.7224316551111016e-16
318    1.4828038655875092e-08    7.414019327937546e-09    3.800128614561693e-16
319    1.4828038467657595e-08    7.4140192338287975e-09    4.741216100279111e-16
320    1.4828038696857934e-08    7.414019348428967e-09    3.5952144039619327e-16
321    1.4828038548755917e-08    7.414019274377959e-09    4.335724487769532e-16
322    1.482803857521045e-08    7.414019287605225e-09    4.2034518227263007e-16
323    1.4828038228265755e-08    7.414019114132878e-09    5.938175298703108e-16
324    1.4828038611639643e-08    7.414019305819822e-09    4.021305857748736e-16
325    1.4828038387860315e-08    7.4140191939301575e-09    5.140202499753777e-16
326    1.4828038032892524e-08    7.414019016446262e-09    6.915041456112547e-16
327    1.4828037486020948e-08    7.414018743010474e-09    9.64939933512099e-16
328    1.4828037485804108e-08    7.414018742902054e-09    9.650483537293475e-16
329    1.4828037307994951e-08    7.414018653997476e-09    1.0539529318731589e-15
330    1.4828037261807939e-08    7.414018630903969e-09    1.0770464381471001e-15
331    1.4828036161559574e-08    7.414018080779787e-09    1.627170620466245e-15
332    1.4828036091520114e-08    7.414018045760057e-09    1.6621903506375268e-15
333    1.4828035743274376e-08    7.414017871637188e-09    1.836313219538699e-15
334    1.482803501165475e-08    7.414017505827375e-09    2.202123032535308e-15
335    1.4828034140606725e-08    7.414017070303362e-09    2.637647045222735e-15
336    1.4828033317263595e-08    7.414016658631797e-09    3.0493186101154812e-15
337    1.4828032273393743e-08    7.4140161366968715e-09    3.571253535950003e-15
338    1.482803118355372e-08    7.41401559177686e-09    4.1161735478412176e-15
339    1.482802955204629e-08    7.414014776023145e-09    4.931927262419311e-15
340    1.4828028032211685e-08    7.414014016105842e-09    5.691844565114401e-15
341    1.4828026081298296e-08    7.414013040649148e-09    6.6673012596996095e-15
342    1.4828023750263625e-08    7.414011875131812e-09    7.832818595121527e-15
343    1.482802133769695e-08    7.414010668848475e-09    9.039101932228899e-15
344    1.4828018021773026e-08    7.414009010886513e-09    1.0697063894393732e-14
345    1.4828014995547922e-08    7.414007497773961e-09    1.2210176446314502e-14
346    1.4828011074639186e-08    7.414005537319593e-09    1.4170630814602792e-14
347    1.4828006894172449e-08    7.4140034470862246e-09    1.6260864182937596e-14
348    1.4828001918334999e-08    7.414000959167499e-09    1.8748782908140083e-14
349    1.4827995869571078e-08    7.413997934785539e-09    2.1773164868288397e-14
350    1.4827989325109925e-08    7.4139946625549624e-09    2.5045395445066898e-14
351    1.4827981398507842e-08    7.413990699253921e-09    2.900869648658766e-14
352    1.4827972575487403e-08    7.413986287743701e-09    3.342020670621393e-14
353    1.4827962232415517e-08    7.413981116207759e-09    3.8591742648752536e-14
354    1.4827950643161655e-08    7.413975321580828e-09    4.438636957981856e-14
355    1.482793684170168e-08    7.41396842085084e-09    5.12870995672543e-14
356    1.482792172510447e-08    7.413960862552235e-09    5.88453981723025e-14
357    1.482790383880439e-08    7.413951919402195e-09    6.778854821226643e-14
358    1.482788344712993e-08    7.413941723564965e-09    7.798438544232011e-14
359    1.4827860697098905e-08    7.413930348549452e-09    8.935940095516903e-14
360    1.482783440389518e-08    7.41391720194759e-09    1.0250600281785927e-13
361    1.4827804239005496e-08    7.413902119502748e-09    1.1758844765952237e-13
362    1.482776995566544e-08    7.41388497783272e-09    1.3473011768738719e-13
363    1.482773070429419e-08    7.413865352147095e-09    1.5435580331263354e-13
364    1.482768679172096e-08    7.41384339586048e-09    1.7631208992785474e-13
365    1.4827636100498906e-08    7.413818050249453e-09    2.0165770095448288e-13
366    1.4827579028313387e-08    7.413789514156693e-09    2.301937937140841e-13
367    1.4827514110624107e-08    7.4137570553120535e-09    2.6265263835395514e-13
368    1.4827440677610965e-08    7.413720338805482e-09    2.9936914492517674e-13
369    1.4827357689307236e-08    7.413678844653618e-09    3.40863296789673e-13
370    1.4827263327939558e-08    7.413631663969779e-09    3.8804398062863843e-13
371    1.4827156711834724e-08    7.413578355917362e-09    4.413520330454057e-13
372    1.4827036754405318e-08    7.413518377202659e-09    5.013307477486073e-13
373    1.4826900863540785e-08    7.413450431770392e-09    5.692761800152324e-13
374    1.482674823346207e-08    7.413374116731035e-09    6.455912193725766e-13
375    1.4826575811489537e-08    7.4132879057447684e-09    7.31802205639065e-13
376    1.4826381636518296e-08    7.413190818259148e-09    8.288896912594934e-13
377    1.4826164062295769e-08    7.413082031147884e-09    9.37676802523213e-13
378    1.4825918628197376e-08    7.412959314098688e-09    1.0603938517192435e-12
379    1.482564303853344e-08    7.41282151926672e-09    1.1981886836875955e-12
380    1.4825334195738352e-08    7.412667097869176e-09    1.3526100812316644e-12
381    1.4824987962930303e-08    7.412493981465151e-09    1.525726485256118e-12
382    1.4824600197372792e-08    7.412300098686396e-09    1.7196092640114902e-12
383    1.4824166927850102e-08    7.412083463925051e-09    1.9362440253564706e-12
384    1.4823681947955317e-08    7.411840973977658e-09    2.1787339727491473e-12
385    1.4823140366635595e-08    7.411570183317798e-09    2.4495246326097786e-12
386    1.4822536248100884e-08    7.411268124050442e-09    2.7515838999653264e-12
387    1.4821862392164556e-08    7.410931196082278e-09    3.0885118681295287e-12
388    1.4821111849958046e-08    7.410555924979023e-09    3.4637829713843327e-12
389    1.4820277133330631e-08    7.4101385666653155e-09    3.8811412850919824e-12
390    1.4819348004161195e-08    7.409674002080598e-09    4.345705869809868e-12
391    1.4818316529992964e-08    7.409158264996482e-09    4.861442953925377e-12
392    1.4817171643723842e-08    7.408585821861921e-09    5.433886088486439e-12
393    1.4815901596722247e-08    7.407950798361124e-09    6.0689095892838e-12
394    1.481449470107192e-08    7.40724735053596e-09    6.772357414447372e-12
395    1.4812937191525238e-08    7.406468595762619e-09    7.551112187788311e-12
396    1.4811214477106205e-08    7.4056072385531024e-09    8.412469397305056e-12
397    1.480931108234669e-08    7.404655541173345e-09    9.3641667770622e-12
398    1.4807209370313115e-08    7.403604685156558e-09    1.041502279384987e-11
399    1.4804891124674258e-08    7.402445562337129e-09    1.1574145613278686e-11
400    1.4802336267740607e-08    7.401168133870303e-09    1.2851574080104122e-11
401    1.4799523604443893e-08    7.399761802221946e-09    1.425790572846114e-11
402    1.4796429699754157e-08    7.398214849877079e-09    1.5804858073328876e-11
403    1.4793029094435986e-08    7.396514547217993e-09    1.7505160732414482e-11
404    1.4789295032548166e-08    7.394647516274083e-09    1.9372191676324257e-11
405    1.4785198392203505e-08    7.392599196101753e-09    2.14205118486549e-11
406    1.4780708418055816e-08    7.390354209027908e-09    2.366549892249964e-11
407    1.4775791102152394e-08    7.387895551076197e-09    2.6124156874210436e-11
408    1.4770411888367918e-08    7.385205944183959e-09    2.8813763766448452e-11
409    1.476453184625498e-08    7.38226592312749e-09    3.175378482291741e-11
410    1.4758110535072547e-08    7.379055267536273e-09    3.496444041413416e-11
411    1.4751104244993193e-08    7.375552122496597e-09    3.846758545381079e-11
412    1.4743467495036827e-08    7.371733747518414e-09    4.2285960431993896e-11
413    1.4735150113531076e-08    7.367575056765538e-09    4.644465118486957e-11
414    1.4726100521075466e-08    7.363050260537733e-09    5.0969447412674285e-11
415    1.4716262667453447e-08    7.358131333726724e-09    5.5888374223683757e-11
416    1.470557835247556e-08    7.35278917623778e-09    6.123053171262771e-11
417    1.4693985304122664e-08    7.346992652061332e-09    6.702705588907537e-11
418    1.468141839892391e-08    7.340709199461955e-09    7.331050848845277e-11
419    1.4667807023659163e-08    7.3339035118295814e-09    8.011619612082604e-11
420    1.465307931112006e-08    7.32653965556003e-09    8.748005239037765e-11
421    1.4637158073267653e-08    7.3185790366338266e-09    9.54406713165809e-11
422    1.4619962294612487e-08    7.309981147306244e-09    1.0403856064416378e-10
423    1.4601407464630983e-08    7.300703732315492e-09    1.1331597563491586e-10
424    1.4581405316255874e-08    7.290702658127937e-09    1.2331704982247033e-10
425    1.4559861418296863e-08    7.279930709148431e-09    1.340889988019761e-10
426    1.4536681386834865e-08    7.268340693417433e-09    1.4567901453297477e-10
427    1.4511761592742034e-08    7.255880796371017e-09    1.5813891157939047e-10
428    1.4484998068619442e-08    7.242499034309721e-09    1.715206736406863e-10
429    1.4456280276369318e-08    7.228140138184659e-09    1.8587956976574838e-10
430    1.44254956170424e-08    7.2127478085212e-09    2.012718994292076e-10
431    1.4392525306532872e-08    7.196262653266436e-09    2.177570546839716e-10
432    1.4357248108486445e-08    7.1786240542432225e-09    2.3539565370718496e-10
433    1.4319537414543906e-08    7.159768707271953e-09    2.542510006784543e-10
434    1.42792637304167e-08    7.13963186520835e-09    2.7438784274205763e-10
435    1.4236294047917028e-08    7.118147023958514e-09    2.958726839918935e-10
436    1.4190489903585443e-08    7.0952449517927216e-09    3.187747561576859e-10
437    1.414171170270595e-08    7.070855851352975e-09    3.4316385659743237e-10
438    1.4089814605409284e-08    7.044907302704642e-09    3.6911240524576533e-10
439    1.4034651823298036e-08    7.017325911649018e-09    3.9669379630138946e-10
440    1.3976073758373286e-08    6.988036879186643e-09    4.259828287637643e-10
441    1.3913927439466317e-08    6.9569637197331585e-09    4.5705598821724897e-10
442    1.3848058880812017e-08    6.9240294404060085e-09    4.89990267544399e-10
443    1.3778310309527086e-08    6.889155154763543e-09    5.248645531868643e-10
444    1.3704524837437199e-08    6.852262418718599e-09    5.617572892318082e-10
445    1.362654249354757e-08    6.813271246773785e-09    6.007484611766228e-10
446    1.3544203198876878e-08    6.772101599438439e-09    6.419181085119685e-10
447    1.3457346776215087e-08    6.728673388107544e-09    6.853463198428639e-10
448    1.3365812441415784e-08    6.682906220707892e-09    7.311134872425157e-10
449    1.3269440708122554e-08    6.634720354061277e-09    7.792993538891305e-10
450    1.316807359463476e-08    6.58403679731738e-09    8.299829106330273e-10
451    1.3061553948883267e-08    6.5307769744416336e-09    8.832427335087739e-10
452    1.2949726697865024e-08    6.474863348932512e-09    9.391563590178953e-10
453    1.2832440512110244e-08    6.416220256055122e-09    9.977994518952857e-10
454    1.2709546660548063e-08    6.354773330274031e-09    1.059246377676376e-09
455    1.2580900881405815e-08    6.290450440702908e-09    1.1235692672474998e-09
456    1.2446363728936885e-08    6.2231818644684425e-09    1.190837843481965e-09
457    1.2305800826907173e-08    6.152900413453587e-09    1.2611192944968208e-09
458    1.2159083617561961e-08    6.0795418087809805e-09    1.334477899169427e-09
459    1.2006090597399544e-08    6.003045298699772e-09    1.4109744092506357e-09
460    1.184670687221466e-08    5.92335343610733e-09    1.4906662718430774e-09
461    1.1680825157383418e-08    5.840412578691709e-09    1.5736071292586987e-09
462    1.1508347912874209e-08    5.7541739564371044e-09    1.659845751513303e-09
463    1.1329186236710975e-08    5.664593118355488e-09    1.7494265895949199e-09
464    1.1143260417265793e-08    5.571630208632897e-09    1.8423894993175108e-09
465    1.0950503599596942e-08    5.475251799798471e-09    1.9387679081519366e-09
466    1.0750856307842685e-08    5.3754281539213425e-09    2.038591554029065e-09
467    1.0544273759249129e-08    5.272136879624564e-09    2.141882828325843e-09
468    1.0330721638600673e-08    5.165360819300337e-09    2.248658888650071e-09
469    1.0110178373093012e-08    5.055089186546506e-09    2.3589305214039014e-09
470    9.8826378215882e-09    4.9413189107941e-09    2.4727007971563075e-09
471    9.648104681066888e-09    4.824052340533444e-09    2.5899673674169635e-09
472    9.40659947937933e-09    4.703299739689665e-09    2.7107199682607427e-09
473    9.158155974244367e-09    4.5790779871221834e-09    2.834941720828224e-09
474    8.902824527286593e-09    4.4514122636432965e-09    2.962607444307111e-09
475    8.640668663646017e-09    4.320334331823009e-09    3.093685376127399e-09
476    8.3717686223065e-09    4.18588431115325e-09    3.2281353967971577e-09
477    8.09621801198257e-09    4.048109005991285e-09    3.3659107019591225e-09
478    7.814129195267416e-09    3.907064597633708e-09    3.5069551103166993e-09
479    7.525626594118151e-09    3.7628132970590755e-09    3.651206410891332e-09
480    7.230853304573265e-09    3.6154266522866324e-09    3.798593055663775e-09
481    6.929967133993686e-09    3.464983566996843e-09    3.949036140953564e-09
482    6.623140269296918e-09    3.311570134648459e-09    4.102449573301949e-09
483    6.310560989129105e-09    3.1552804945645524e-09    4.258739213385855e-09
484    5.992432172219689e-09    2.9962160861098444e-09    4.417803621840563e-09
485    5.668971597922248e-09    2.834485798961124e-09    4.579533908989283e-09
486    5.340411463094011e-09    2.6702057315470054e-09    4.743813976403402e-09
487    5.006996476068434e-09    2.503498238034217e-09    4.91052146991619e-09
488    4.6689871014554685e-09    2.3344935507277342e-09    5.079526157222673e-09
489    4.326653286080423e-09    2.1633266430402115e-09    5.250693064910196e-09
490    3.980279915773502e-09    1.990139957886751e-09    5.4238797500636565e-09
491    3.630161336462545e-09    1.8150806682312726e-09    5.598939039719135e-09
492    3.2766039595108487e-09    1.6383019797554244e-09    5.775717728194983e-09
493    2.9199225819349917e-09    1.4599612909674958e-09    5.954058416982912e-09
494    2.5604400498684815e-09    1.2802200249342408e-09    6.133799683016167e-09
495    2.198482929125639e-09    1.0992414645628196e-09    6.314778243387588e-09
496    1.8343596776097815e-09    9.171798388048907e-10    6.496839869145517e-09
497    1.4682319106167074e-09    7.341159553083537e-10    6.679903752642054e-09
498    1.0994190438682466e-09    5.497095219341233e-10    6.864310186016284e-09
499    7.215546313655424e-10    3.607773156827712e-10    7.053242392267636e-09
500    0.0    1.2794096923389453e-10    7.286078738716513e-09
501    0.0    6.081527133012382e-11    7.353204436620284e-09
502    0.0    3.032286097562342e-11    7.383696846974784e-09
503    0.0    1.530892220717034e-11    7.398710785743237e-09
504    0.0    7.757520971082843e-12    7.406262186979325e-09
505    0.0    3.935721106657075e-12    7.4100839868437504e-09
506    0.0    1.9972300722981284e-12    7.412022477878109e-09
507    0.0    1.0138361504485882e-12    7.413005871799959e-09
508    0.0    5.143901797566297e-13    7.413505317770651e-09
509    0.0    2.6110439765164584e-13    7.413758603552756e-09
510    0.0    1.325635564861094e-13    7.413887144393921e-09
511    0.0    6.719104439500967e-14    7.4139525169060125e-09
512    0.0    3.414282745417552e-14    7.413985565122953e-09
513    0.0    1.724553659598893e-14    7.4140024624138115e-09
514    0.0    8.820960455124816e-15    7.414010886989952e-09
515    0.0    4.387440931397091e-15    7.414015320509476e-09
516    0.0    2.3913163116340286e-15    7.414017316634096e-09
517    0.0    1.215282215139002e-15    7.414018492668192e-09
518    0.0    5.392821605942899e-16    7.414019168668247e-09
519    0.0    3.393552799879629e-16    7.4140193685951275e-09
520    0.0    1.835554278017959e-16    7.41401952439498e-09
521    0.0    2.187919984075748e-16    7.414019489158409e-09
522    0.0    1.5233040523421337e-16    7.414019555620002e-09
523    -0.0    -3.1008182133085427e-17    7.41401973895859e-09
524    -0.0    -2.179246366695864e-17    7.414019729742871e-09
525    -0.0    -8.760353553682876e-17    7.414019795553943e-09
526    -0.0    -2.894819800536297e-17    7.4140197368986055e-09
527    -0.0    -1.8214596497756474e-16    7.4140198900963725e-09
528    0.0    1.6263032587282567e-18    7.414019706324104e-09
529    0.0    6.407634839389331e-17    7.414019643874059e-09
530    0.0    1.71954464556201e-16    7.414019535995943e-09
531    -0.0    -1.373684152539134e-16    7.414019845318823e-09
532    -0.0    -7.491837011874836e-17    7.414019782868778e-09
533    -0.0    -1.2782743613604097e-16    7.414019835777844e-09
534    0.0    4.5319650809894085e-17    7.414019662630757e-09
535    0.0    6.385950795939621e-17    7.4140196440908995e-09
536    0.0    4.672911363412524e-17    7.414019661221294e-09
537    -0.0    -2.8080836267374565e-17    7.414019736031244e-09
538    -0.0    -1.8106176280507924e-17    7.414019726056584e-09
539    0.0    5.355958732078392e-17    7.41401965439082e-09
540    0.0    6.591949208711867e-17    7.414019642030915e-09
541    -0.0    -3.968179951296946e-17    7.414019747632207e-09
542    -0.0    -6.385950795939621e-17    7.4140197718099154e-09
543    -0.0    -9.107298248878237e-18    7.414019717057706e-09
544    -0.0    -8.131516293641283e-18    7.414019716081924e-09
545    -0.0    -8.68445940160889e-17    7.4140197947950015e-09
546    -0.0    -1.3552527156068805e-17    7.414019721502935e-09
547    -0.0    -7.578573185673676e-17    7.414019783736139e-09
548    -0.0    -9.194034422677078e-17    7.414019799890752e-09
549    0.0    1.1600963245594897e-17    7.414019696349444e-09
550    -0.0    -4.391018798566293e-17    7.4140197518605955e-09
551    0.0    2.461138931542095e-17    7.414019683339018e-09
552    -0.0    -5.930585883495709e-17    7.414019767256266e-09
553    0.0    9.530137096147584e-17    7.4140196126490365e-09
554    0.0    1.3769367590565906e-17    7.41401969418104e-09
555    -0.0    -1.5352302762394743e-16    7.414019861473435e-09
556    -0.0    -1.115644035487584e-16    7.414019819514811e-09
557    -0.0    -5.2800645800044066e-17    7.414019760751053e-09
558    0.0    6.440160904563896e-17    7.4140196435487984e-09
559    -0.0    -5.377642775528102e-17    7.414019761726835e-09
560    0.0    4.0223900599212215e-17    7.414019667726507e-09
561    0.0    2.0708261494473135e-17    7.414019687242146e-09
562    0.0    2.295255999151813e-16    7.4140194784248076e-09
563    -0.0    -5.757113535898029e-17    7.414019765521543e-09
564    0.0    8.131516293641283e-18    7.414019699818891e-09
565    -0.0    -7.274996577377735e-17    7.414019780700373e-09
566    -0.0    -7.35089072945172e-17    7.414019781459315e-09
567    -0.0    -6.624475273886432e-17    7.41401977419516e-09
568    0.0    8.998878031629687e-18    7.4140196989515295e-09
569    0.0    6.14742631799281e-17    7.414019646476144e-09
570    -0.0    -2.0599841277224584e-17    7.414019728550249e-09
571    0.0    1.702197410802242e-17    7.414019690928433e-09
572    -0.0    -7.892991815694472e-17    7.414019786880326e-09
573    0.0    5.767955557622884e-17    7.414019650270852e-09
574    0.0    2.093594395069509e-16    7.414019498590968e-09
575    -0.0    -1.3921155894713877e-16    7.4140198471619664e-09
576    0.0    1.9233746539892849e-16    7.414019515612942e-09
577    -0.0    -3.2526065174565133e-18    7.414019711203014e-09
578    -0.0    -4.336808689942018e-18    7.414019712287216e-09
579    0.0    4.607859233063394e-17    7.414019661871815e-09
580    -0.0    -1.5439038936193583e-16    7.414019862340797e-09
581    -0.0    -5.735429492448318e-17    7.4140197653047024e-09
582    -0.0    -1.3010426069826053e-17    7.4140197209608336e-09
583    0.0    1.3335686721571705e-17    7.414019694614721e-09
584    0.0    5.930585883495709e-17    7.414019648644549e-09
585    -0.0    -7.665309359472516e-17    7.414019784603501e-09
586    0.0    9.063930161978817e-17    7.414019617311106e-09
587    -0.0    -6.16911036144252e-17    7.414019769641511e-09
588    -0.0    -3.371868756429919e-17    7.414019741669095e-09
589    -0.0    -5.431852884152377e-17    7.414019762268936e-09
590    -0.0    -1.325979256949772e-16    7.414019840548333e-09
591    -0.0    -1.12865446155741e-16    7.414019820815854e-09
592    0.0    5.908901840045999e-17    7.414019648861389e-09
593    -0.0    -2.721347452938616e-17    7.414019735163882e-09
594    0.0    2.387413183813081e-16    7.414019469209089e-09
595    -0.0    -3.946495907847236e-17    7.4140197474153666e-09
596    -0.0    -9.107298248878237e-18    7.414019717057706e-09
597    -0.0    -1.4203048459560108e-16    7.414019849980892e-09
598    0.0    7.784571598445922e-17    7.4140196301046915e-09
599    0.0    2.4069288229178198e-17    7.414019683881119e-09
600    0.0    1.0093922225840046e-16    7.414019607011185e-09
601    0.0    2.482822974991805e-17    7.414019683122178e-09
602    0.0    6.440160904563896e-17    7.4140196435487984e-09
603    -0.0    -3.8163916471489756e-17    7.414019746114324e-09
604    -0.0    -3.436920886779049e-17    7.414019742319616e-09
605    0.0    1.0592655225183378e-16    7.414019602023855e-09
606    0.0    2.6703899508317974e-16    7.414019440911412e-09
607    0.0    3.7513395167998453e-17    7.414019670437012e-09
608    -0.0    -3.5019730171281793e-17    7.414019742970138e-09
609    0.0    3.686287386450715e-17    7.414019671087534e-09
610    -0.0    -1.2902005852577503e-17    7.414019720852413e-09
611    0.0    1.9504797083014225e-16    7.414019512902437e-09
612    -0.0    -6.364266752489911e-17    7.414019771593075e-09
613    0.0    2.200930410145574e-17    7.414019685941103e-09
614    0.0    7.524363077049401e-17    7.414019632706777e-09
615    -0.0    -2.179246366695864e-17    7.414019729742871e-09
616    0.0    1.6176296413483726e-16    7.414019546187443e-09
617    0.0    4.9873299934333204e-18    7.4140197029630775e-09
618    0.0    1.4257258568184383e-16    7.414019565377822e-09
619    -0.0    -4.336808689942018e-18    7.414019712287216e-09
620    -0.0    -6.1257422745431e-17    7.41401976920783e-09
621    -0.0    -1.2023802092864244e-16    7.4140198281884284e-09
622    0.0    6.689527404235562e-17    7.4140196410551334e-09
623    -0.0    -1.7965229998084808e-16    7.4140198876027075e-09
624    0.0    3.350184712980209e-17    7.41401967444856e-09
625    -0.0    -4.0549161250957866e-17    7.414019748499569e-09
626    -0.0    -1.457167719820518e-16    7.4140198536671795e-09
627    0.0    1.2652639352905837e-16    7.414019581424014e-09
628    -0.0    -3.924811864397526e-17    7.414019747198526e-09
629    0.0    1.5319776697220178e-16    7.4140195547526405e-09
630    0.0    9.031404096804252e-17    7.4140196176363665e-09
631    -0.0    -5.095750210681871e-18    7.414019713046158e-09
632    -0.0    -1.4203048459560108e-17    7.414019722153456e-09
633    -0.0    -7.188260403578894e-17    7.4140197798330115e-09
634    0.0    1.441988889405721e-16    7.4140195637515185e-09
635    0.0    1.6089560239684886e-16    7.414019547054805e-09
636    0.0    3.2526065174565133e-18    7.414019704697801e-09
637    -0.0    -1.1676857397668883e-16    7.4140198247189815e-09
638    0.0    6.375108774214766e-17    7.41401964419932e-09
639    0.0    3.2959746043559335e-17    7.4140196749906614e-09
640    0.0    1.8724171518824662e-16    7.414019520708692e-09
641    -0.0    -9.963817965141786e-17    7.414019807588587e-09
642    -0.0    -2.0014372104082412e-16    7.4140199080941285e-09
643    0.0    9.573505183047004e-17    7.414019612215356e-09
644    -0.0    -4.336808689942018e-18    7.414019712287216e-09
645    0.0    2.3418766925686896e-17    7.4140196845316406e-09
646    0.0    7.144892316679474e-17    7.414019636501484e-09
647    0.0    4.0115480381963664e-17    7.414019667834927e-09
648    0.0    1.8648277366750676e-17    7.41401968930213e-09
649    0.0    1.2045486136313954e-16    7.414019587495546e-09
650    -0.0    -2.0025214125807267e-16    7.414019908202549e-09
651    0.0    3.707971429900425e-17    7.414019670870693e-09
652    0.0    2.5912431922403556e-17    7.4140196820379756e-09
653    0.0    5.0198560586078855e-17    7.414019657751847e-09
654    0.0    1.2576745200831851e-17    7.414019695373662e-09
655    -0.0    -7.426784881525705e-17    7.414019782218256e-09
656    -0.0    -1.1926223897340549e-18    7.41401970914303e-09
657    -0.0    -1.1405806854547507e-16    7.414019822008476e-09
658    -0.0    -1.3357370765021415e-16    7.414019841524115e-09
659    0.0    5.984795992119984e-17    7.4140196481024476e-09
660    0.0    2.5478751053409354e-17    7.4140196824716564e-09
661    0.0    3.3176586478056436e-17    7.414019674773821e-09
662    -0.0    -6.277530578691071e-17    7.414019770725713e-09
663    0.0    5.5294310796760726e-18    7.414019702420976e-09
664    -0.0    -6.516055056637882e-17    7.414019773110958e-09
665    -0.0    -5.5294310796760726e-18    7.4140197134798386e-09
666    0.0    9.73613550891983e-17    7.414019610589052e-09
667    0.0    1.4246416546459528e-16    7.414019565486242e-09
668    0.0    9.64939933512099e-18    7.414019698301008e-09
669    0.0    9.400032835449323e-17    7.414019613950079e-09
670    -0.0    -1.8539857149502126e-17    7.414019726490265e-09
671    0.0    1.235990476633475e-17    7.414019695590503e-09
672    -0.0    -6.917209860457518e-17    7.414019777122506e-09
673    0.0    6.277530578691071e-17    7.414019645175102e-09
674    -0.0    -8.294146619514109e-17    7.414019790891874e-09
675    -0.0    -2.0122792321330962e-16    7.414019909178331e-09
676    0.0    2.992397996059992e-17    7.4140196780264275e-09
677    -0.0    -5.106592232406726e-17    7.41401975901633e-09
678    0.0    4.087442190270352e-17    7.414019667075986e-09
679    -0.0    -3.3610267347050637e-18    7.414019711311434e-09
680    -0.0    -5.551115123125783e-17    7.414019763461559e-09
681    -0.0    -1.5384828827569308e-16    7.414019861798696e-09
682    0.0    8.673617379884035e-18    7.41401969927679e-09
683    0.0    7.24247051220317e-17    7.414019635525702e-09
684    0.0    8.727827488508311e-17    7.414019620672133e-09
685    0.0    3.2526065174565133e-18    7.414019704697801e-09
686    0.0    7.231628490478315e-17    7.4140196356341226e-09
687    -0.0    -8.901299836105991e-17    7.414019796963406e-09
688    0.0    1.9949319973733282e-17    7.4140196880010875e-09
689    0.0    1.984089975648473e-16    7.41401950954141e-09
690    0.0    1.0083080204115191e-17    7.414019697867327e-09
691    -0.0    -1.2934531917752068e-16    7.414019837295727e-09
692    -0.0    -2.3744027577432547e-16    7.414019945390683e-09
693    -0.0    -5.952269926945419e-17    7.414019767473107e-09
694    -0.0    -7.383416794626285e-17    7.4140197817845754e-09
695    -0.0    -1.3660947373317356e-17    7.414019721611355e-09
696    0.0    1.5059568175823657e-16    7.414019557354726e-09
697    0.0    1.1828645701816853e-16    7.4140195896639505e-09
698    -0.0    -9.606031248221569e-17    7.41401980401072e-09
699    0.0    1.0646865333807654e-16    7.414019601481754e-09
700    -0.0    -1.463672932855431e-17    7.414019722587137e-09
701    0.0    1.616545439175887e-16    7.4140195462958636e-09
702    -0.0    -7.730361489821647e-17    7.414019785254022e-09
703    0.0    2.6020852139652106e-17    7.414019681929555e-09
704    -0.0    -1.8539857149502126e-17    7.414019726490265e-09
705    0.0    6.776263578034403e-17    7.414019640187772e-09
706    -0.0    -1.4072944198861848e-16    7.4140198486798495e-09
707    0.0    5.421010862427522e-19    7.414019707408306e-09
708    0.0    4.87890977618477e-18    7.414019703071498e-09
709    -0.0    -1.9081958235744878e-17    7.414019727032366e-09
710    -0.0    -6.23416249179165e-17    7.414019770292032e-09
711    0.0    5.095750210681871e-17    7.414019656992905e-09
712    -0.0    -1.839891086707901e-16    7.414019891939516e-09
713    0.0    1.0083080204115191e-17    7.414019697867327e-09
714    -0.0    -1.6263032587282567e-17    7.41401972421344e-09
715    -0.0    -4.7704895589362195e-17    7.414019755655303e-09
716    0.0    1.5471565001368148e-16    7.4140195532347575e-09
717    -0.0    -1.0354130747236567e-16    7.414019811491715e-09
718    -0.0    -1.973247953923618e-17    7.414019727682887e-09
719    0.0    8.001412032943023e-17    7.414019627936287e-09
720    0.0    4.8138576458356397e-17    7.414019659811831e-09
721    -0.0    -1.1514227071796057e-16    7.414019823092678e-09
722    -0.0    -9.86623976961809e-17    7.414019806612805e-09
723    -0.0    -9.790345617544105e-17    7.414019805853864e-09
724    -0.0    -9.020562075079397e-17    7.414019798156028e-09
725    0.0    1.1373280789372942e-16    7.4140195942176e-09
726    -0.0    -1.0560129160008813e-16    7.414019813551699e-09
727    -0.0    -2.0751629581372555e-16    7.414019915466703e-09
728    0.0    8.098990228466718e-17    7.414019626960505e-09
729    -0.0    -5.659535340374333e-17    7.414019764545761e-09
730    0.0    4.9764879717084654e-17    7.414019658185528e-09
731    -0.0    -3.903127820947816e-18    7.414019711853535e-09
732    0.0    2.959871930885427e-17    7.414019678351688e-09
733    -0.0    -2.2768245622195593e-18    7.414019710227232e-09
734    -0.0    -6.440160904563896e-17    7.4140197723520165e-09
735    -0.0    -7.546047120499111e-17    7.414019783410879e-09
736    -0.0    -2.959871930885427e-17    7.414019737549127e-09
737    -0.0    -4.336808689942018e-19    7.414019708384088e-09
738    0.0    6.429318882839041e-17    7.414019643657219e-09
739    0.0    2.0328790734103208e-16    7.4140195046625e-09
740    -0.0    -4.7596475372113645e-17    7.414019755546883e-09
741    -0.0    -2.632442874794805e-16    7.414019971194695e-09
742    0.0    1.1872013788716274e-16    7.41401958923027e-09
743    -0.0    -1.6382294826255972e-16    7.414019871773356e-09
744    0.0    1.3205582460873444e-16    7.414019575894583e-09
745    -0.0    -5.431852884152377e-17    7.414019762268936e-09
746    -0.0    -9.974659986866641e-17    7.414019807697007e-09
747    0.0    9.421716878899034e-17    7.414019613733239e-09
748    0.0    3.0357660829594124e-17    7.414019677592747e-09
749    -0.0    -6.385950795939621e-17    7.4140197718099154e-09
750    -0.0    -2.8406096919120216e-17    7.414019736356504e-09
751    0.0    3.469446951953614e-18    7.4140197044809605e-09
752    0.0    4.705437428587089e-17    7.414019660896033e-09
753    0.0    1.1666015375944028e-16    7.414019591290254e-09
754    -0.0    -5.2366964931049864e-17    7.4140197603173724e-09
755    -0.0    -5.421010862427522e-18    7.414019713371418e-09
756    0.0    1.0679391398982219e-16    7.4140196011564935e-09
757    -0.0    -4.3259666682171627e-17    7.414019751210074e-09
758    0.0    3.642919299551295e-17    7.4140196715212145e-09
759    0.0    1.0115606269289756e-16    7.414019606794345e-09
760    0.0    1.0278236595162582e-16    7.4140196051680415e-09
761    -0.0    -2.5912431922403556e-17    7.414019733862839e-09
762    -0.0    -2.1033522146218786e-17    7.41401972898393e-09
763    -0.0    -4.7488055154865094e-17    7.414019755438463e-09
764    0.0    1.728218262941894e-16    7.414019535128581e-09
765    0.0    4.228388472693467e-18    7.414019703722019e-09
766    0.0    3.3610267347050637e-18    7.414019704589381e-09
767    0.0    1.8453120975703285e-16    7.414019523419198e-09
768    -0.0    -1.6393136847980827e-16    7.414019871881776e-09
769    0.0    1.0842021724855044e-19    7.414019707841987e-09
770    0.0    1.1319070680748666e-16    7.414019594759701e-09
771    -0.0    -3.7513395167998453e-17    7.414019745463803e-09
772    -0.0    -2.710505431213761e-17    7.414019735055462e-09
773    -0.0    -5.388484797252957e-17    7.4140197618352555e-09
774    0.0    8.521829075736065e-17    7.414019622732117e-09
775    -0.0    -8.738669510233166e-17    7.414019795337103e-09
776    0.0    1.1655173354219173e-16    7.414019591398674e-09
777    0.0    4.369334755116583e-17    7.41401966425706e-09
778    -0.0    -6.25584653524136e-17    7.414019770508873e-09
779    -0.0    -7.144892316679474e-17    7.414019779399331e-09
780    -0.0    -2.0383000842727483e-17    7.414019728333408e-09
781    0.0    4.0657581468206416e-17    7.414019667292826e-09
782    0.0    9.703609443745265e-17    7.414019610914313e-09
783    -0.0    -1.2284010614260765e-16    7.414019830790514e-09
784    0.0    5.095750210681871e-17    7.414019656992905e-09
785    0.0    1.0299920638612292e-16    7.414019604951201e-09
786    0.0    1.7845967759111403e-16    7.41401952949073e-09
787    0.0    2.1358782797964437e-17    7.414019686591625e-09
788    0.0    2.280077168737016e-16    7.414019479942691e-09
789    -0.0    -6.10405823109339e-17    7.41401976899099e-09
790    0.0    9.6710833785707e-17    7.414019611239574e-09
791    0.0    1.0820337681405334e-16    7.414019599747031e-09
792    -0.0    -2.1174468428641902e-16    7.414019919695092e-09
793    0.0    4.434386885465713e-17    7.414019663606539e-09
794    0.0    5.4752209710517974e-17    7.414019653198198e-09
795    -0.0    -1.349831704744453e-16    7.414019842933578e-09
796    0.0    1.1557595158695477e-16    7.414019592374456e-09
797    -0.0    -6.646159317336142e-17    7.414019774412001e-09
798    -0.0    -5.2583805365546965e-17    7.414019760534213e-09
799    0.0    1.8702487475374951e-16    7.414019520925533e-09
800    0.0    7.470152968425126e-17    7.414019633248878e-09
801    -0.0    -4.380176776841438e-17    7.414019751752175e-09
802    0.0    1.0375814790686277e-16    7.4140196041922596e-09
803    0.0    2.183583175385806e-16    7.41401948959209e-09
804    -0.0    -1.4040418133687282e-16    7.414019848354589e-09
805    0.0    4.130810277169772e-17    7.414019666642305e-09
806    -0.0    -8.001412032943023e-17    7.414019787964528e-09
807    -0.0    -1.5287250632045613e-16    7.414019860822914e-09
808    -0.0    -1.6295558652457132e-16    7.414019870905994e-09
809    -0.0    -1.341158087364569e-16    7.414019842066216e-09
810    0.0    1.102633609417758e-16    7.4140195976870465e-09
811    0.0    5.551115123125783e-17    7.414019652439256e-09
812    0.0    6.21247844834194e-17    7.414019645825623e-09
813    -0.0    -5.442694905877232e-17    7.4140197623773565e-09
814    0.0    1.3986208025063007e-17    7.4140196939641995e-09
815    -0.0    -1.7878493824285968e-16    7.414019886735346e-09
816    -0.0    -8.294146619514109e-17    7.414019790891874e-09
817    0.0    3.2526065174565133e-18    7.414019704697801e-09
818    0.0    1.1102230246251565e-16    7.414019596928105e-09
819    0.0    1.8323016715005025e-17    7.414019689627391e-09
820    0.0    6.971419969081794e-17    7.414019638236208e-09
821    -0.0    -7.15573433840433e-18    7.414019715106142e-09
822    -0.0    -7.903833837419327e-17    7.414019786988746e-09
823    0.0    5.811323644522304e-17    7.414019649837171e-09
824    0.0    7.144892316679474e-17    7.414019636501484e-09
825    -0.0    -4.85722573273506e-17    7.414019756522665e-09
826    0.0    2.2768245622195593e-18    7.414019705673583e-09
827    -0.0    -9.790345617544105e-17    7.414019805853864e-09
828    0.0    1.5504091066542713e-16    7.414019552909497e-09
829    -0.0    -1.839891086707901e-16    7.414019891939516e-09
830    0.0    9.974659986866641e-18    7.4140196979757475e-09
831    -0.0    -1.938553484404082e-16    7.414019901805756e-09
832    0.0    2.4904123901992037e-16    7.4140194589091685e-09
833    -0.0    -2.3527187142935446e-17    7.414019731477595e-09
834    0.0    1.1666015375944028e-16    7.414019591290254e-09
835    0.0    7.361732751176575e-17    7.41401963433308e-09
836    -0.0    -3.2526065174565133e-19    7.414019708275668e-09
837    0.0    6.722053469410127e-17    7.414019640729873e-09
838    -0.0    -1.5471565001368148e-16    7.4140198626660575e-09
839    0.0    9.367506770274758e-17    7.41401961427534e-09
840    -0.0    -7.025630077706069e-17    7.414019778206708e-09
841    0.0    3.491130995403324e-17    7.4140196730390975e-09
842    -0.0    -8.402566836762659e-17    7.414019791976076e-09
843    0.0    1.0505919051384538e-16    7.414019602891217e-09
844    -0.0    -8.782037597132586e-17    7.4140197957707835e-09
845    -0.0    -7.470152968425126e-17    7.414019782651937e-09
846    -0.0    -2.5261910618912253e-17    7.414019733212318e-09
847    0.0    6.754579534584693e-17    7.414019640404612e-09
848    -0.0    -1.496198998029996e-17    7.4140197229123975e-09
849    -0.0    -1.7401444868392346e-16    7.414019881964856e-09
850    -0.0    -6.917209860457518e-17    7.414019777122506e-09
851    0.0    6.320898665590491e-17    7.414019644741421e-09
852    -0.0    -2.190088388420719e-17    7.414019729851291e-09
853    -0.0    -8.402566836762659e-17    7.414019791976076e-09
854    0.0    3.946495907847236e-17    7.414019668485448e-09
855    -0.0    -7.177418381854039e-17    7.414019779724591e-09
856    0.0    7.003946034256359e-17    7.414019637910947e-09
857    0.0    5.757113535898029e-17    7.414019650379272e-09
858    -0.0    -7.589415207398531e-17    7.4140197838445596e-09
859    0.0    6.613633252161577e-17    7.414019641814075e-09
860    0.0    1.1839487723541708e-16    7.41401958955553e-09
861    -0.0    -7.003946034256359e-17    7.414019777989868e-09
862    0.0    3.946495907847236e-17    7.414019668485448e-09
863    0.0    1.5287250632045613e-17    7.414019692663157e-09
864    0.0    1.3444106938820255e-16    7.414019573509338e-09
865    -0.0    -1.0950441942103595e-17    7.4140197189008494e-09
866    -0.0    -4.716279450311944e-17    7.414019755113202e-09
867    -0.0    -1.1275702593849246e-17    7.41401971922611e-09
868    0.0    6.938893903907228e-18    7.4140197010115136e-09
869    -0.0    -4.228388472693467e-18    7.414019712178796e-09
870    0.0    4.83554168928535e-17    7.414019659594991e-09
871    0.0    1.1514227071796057e-16    7.414019592808137e-09
872    -0.0    -1.371515748194163e-16    7.414019845101982e-09
873    0.0    8.673617379884035e-19    7.414019707083046e-09
874    -0.0    -4.2500725161431774e-17    7.414019750451133e-09
875    -0.0    -3.881443777498106e-17    7.414019746764845e-09
876    -0.0    -4.336808689942018e-19    7.414019708384088e-09
877    -0.0    -2.233456475320139e-17    7.414019730284972e-09
878    -0.0    -9.009720053354542e-17    7.414019798047608e-09
879    -0.0    -8.304988641238964e-17    7.414019791000294e-09
880    -0.0    -6.028164079019405e-17    7.414019768232048e-09
881    0.0    3.69712940817557e-17    7.414019670979113e-09
882    0.0    5.182486384480711e-17    7.414019656125544e-09
883    -0.0    -6.396792817664476e-18    7.4140197143472e-09
884    0.0    1.117812439832555e-16    7.4140195961691635e-09
885    0.0    2.873135757086587e-17    7.41401967921905e-09
886    0.0    6.776263578034403e-17    7.414019640187772e-09
887    -0.0    -1.713039432527097e-17    7.414019725080802e-09
888    -0.0    -1.6772607608350754e-16    7.4140198756764836e-09
889    0.0    7.101524229780054e-17    7.414019636935165e-09
890    0.0    5.204170427930421e-18    7.414019702746237e-09
891    0.0    5.399326818977812e-17    7.414019653957139e-09
892    -0.0    -9.226560487851643e-17    7.414019800216012e-09
893    0.0    2.7863995832877464e-17    7.414019680086412e-09
894    -0.0    -6.277530578691071e-17    7.414019770725713e-09
895    0.0    1.3660947373317356e-17    7.41401969428946e-09
896    -0.0    -2.981555974335137e-17    7.414019737765967e-09
897    0.0    4.2500725161431774e-17    7.414019665449682e-09
898    0.0    5.648693318649478e-17    7.414019651463474e-09
899    -0.0    -1.1188966420050406e-16    7.414019819840072e-09
900    0.0    6.591949208711867e-17    7.414019642030915e-09
901    -0.0    -7.383416794626285e-17    7.4140197817845754e-09
902    -0.0    -4.5319650809894085e-17    7.414019753270058e-09
903    0.0    5.204170427930421e-17    7.414019655908703e-09
904    0.0    9.400032835449323e-17    7.414019613950079e-09
905    0.0    6.353424730765056e-17    7.41401964441616e-09
906    -0.0    -1.8453120975703285e-16    7.414019892481617e-09
907    -0.0    -5.106592232406726e-17    7.41401975901633e-09
908    -0.0    -4.2934406030425976e-17    7.4140197508848135e-09
909    -0.0    -1.7466496998741476e-16    7.4140198826153775e-09
910    -0.0    -9.389190813724468e-17    7.414019801842316e-09
911    0.0    1.1568437180420332e-16    7.414019592266036e-09
912    -0.0    -5.160802341031001e-17    7.414019759558431e-09
913    -0.0    -8.413408858487514e-17    7.414019792084496e-09
914    -0.0    -1.1102230246251565e-16    7.41401981897271e-09
915    -0.0    -1.2793585635328952e-17    7.414019720743993e-09
916    0.0    2.461138931542095e-17    7.414019683339018e-09
917    -0.0    -1.0245710529988017e-16    7.414019810407513e-09
918    0.0    9.69276742202041e-17    7.414019611022733e-09
919    -0.0    -1.1546753136970622e-16    7.414019823417939e-09
920    0.0    1.3118846287074604e-17    7.414019694831561e-09
921    -0.0    -6.895525817007808e-17    7.414019776905666e-09
922    0.0    1.3791051634015616e-16    7.414019570039891e-09
923    -0.0    -1.8539857149502126e-16    7.414019893348979e-09
924    0.0    1.2847795743953228e-16    7.41401957947245e-09
925    0.0    2.5478751053409354e-17    7.4140196824716564e-09
926    -0.0    -4.672911363412524e-17    7.414019754679521e-09
927    -0.0    -2.8514517136368767e-17    7.414019736464925e-09
928    -0.0    -2.200930410145574e-17    7.414019729959712e-09
929    0.0    7.188260403578894e-17    7.4140196360678035e-09
930    0.0    5.984795992119984e-17    7.4140196481024476e-09
931    -0.0    -4.3151246464923076e-17    7.414019751101654e-09
932    0.0    7.058156142880634e-17    7.414019637368846e-09
933    0.0    2.2768245622195593e-17    7.414019685182162e-09
934    0.0    1.457167719820518e-16    7.4140195622336355e-09
935    -0.0    -9.86623976961809e-18    7.414019717816647e-09
936    -0.0    -3.5019730171281793e-17    7.414019742970138e-09
937    -0.0    -4.0766001685454967e-17    7.414019748716409e-09
938    0.0    1.091791587692903e-16    7.414019598771249e-09
939    -0.0    -5.811323644522304e-17    7.414019766063644e-09
940    0.0    3.0574501264091225e-17    7.414019677375906e-09
941    0.0    9.725293487194975e-17    7.414019610697473e-09
942    -0.0    -4.195862407518902e-17    7.4140197499090316e-09
943    0.0    7.296680620827445e-17    7.414019634983601e-09
944    -0.0    -6.505213034913027e-19    7.414019708600929e-09
945    0.0    3.3176586478056436e-17    7.414019674773821e-09
946    0.0    5.4969050145015075e-17    7.414019652981357e-09
947    0.0    1.7531549129090607e-16    7.414019532634916e-09
948    0.0    9.64939933512099e-18    7.414019698301008e-09
949    0.0    5.345116710353537e-17    7.41401965449924e-09
950    -0.0    -8.792879618857441e-17    7.414019795879204e-09
951    -0.0    -8.59772322781005e-17    7.41401979392764e-09
952    -0.0    -1.8106176280507924e-16    7.41401988901217e-09
953    -0.0    -1.8431436932253575e-18    7.414019709793551e-09
954    -0.0    -4.336808689942018e-19    7.414019708384088e-09
955    0.0    1.22514845490862e-17    7.414019695698923e-09
956    0.0    1.2197274440461925e-16    7.414019585977663e-09
957    -0.0    -2.3375398838787476e-16    7.414019941704396e-09
958    -0.0    -5.4969050145015075e-17    7.414019762919458e-09
959    -0.0    -1.8019440106709084e-16    7.4140198881448086e-09
960    0.0    3.264532741353854e-16    7.414019381497133e-09
961    0.0    5.9631119486702744e-18    7.4140197019872955e-09
962    0.0    2.6129272356900657e-17    7.414019681821135e-09
963    0.0    8.868773770931426e-17    7.41401961926267e-09
964    0.0    2.2876665839444144e-17    7.414019685073742e-09
965    0.0    6.862999751833243e-17    7.41401963932041e-09
966    0.0    1.4203048459560108e-16    7.414019565919923e-09
967    0.0    3.0357660829594124e-17    7.414019677592747e-09
968    -0.0    -3.599551212651875e-17    7.41401974394592e-09
969    0.0    4.586175189613684e-17    7.414019662088656e-09
970    0.0    4.92227786308419e-17    7.414019658727629e-09
971    -0.0    -1.8973538018496328e-17    7.4140197269239455e-09
972    0.0    4.9764879717084654e-17    7.414019658185528e-09
973    -0.0    -1.8323016715005025e-17    7.414019726273424e-09
974    0.0    1.1915381875615694e-16    7.414019588796589e-09
975    -0.0    -8.64109131470947e-17    7.414019794361321e-09
976    0.0    1.5211356479971627e-16    7.414019555836843e-09
977    0.0    1.807365021533336e-16    7.414019527213905e-09
978    0.0    4.3151246464923076e-17    7.414019664799161e-09
979    0.0    2.2150250383878856e-16    7.414019486447904e-09
980    0.0    5.439442299359776e-16    7.4140191640061776e-09
981    0.0    1.1324491691611094e-15    7.414018575501238e-09
982    0.0    2.293738116110333e-15    7.414017414212291e-09
983    0.0    4.542698682497015e-15    7.414015165251725e-09
984    0.0    8.786808086691522e-15    7.414010921142321e-09
985    0.0    1.735027052585103e-14    7.414002357679882e-09
986    0.0    3.413892432635457e-14    7.413985569026081e-09
987    0.0    6.760119807686094e-14    7.413952106752331e-09
988    0.0    1.326792408579136e-13    7.4138870287095496e-09
989    0.0    2.613396695230752e-13    7.4137583682808844e-09
990    0.0    5.14667301831917e-13    7.4135050406485756e-09
991    0.0    1.0138570755505172e-12    7.413005850874857e-09
992    0.0    1.997377740634021e-12    7.4120223302097735e-09
993    0.0    3.935474667503269e-12    7.410084233282904e-09
994    0.0    7.757494408129617e-12    7.406262213542278e-09
995    0.0    1.530894855328313e-11    7.398710759397124e-09
996    0.0    3.032321204028687e-11    7.383696495910121e-09
997    0.0    6.081603395793195e-11    7.3532036739924755e-09
998    0.0    1.2794081202457952e-10    7.286078895925828e-09
999    7.215528361435852e-10    3.607764180717926e-10    7.053243289878615e-09
