0    2.0313458131294287e-09    1.0156729065647144e-09    5.912868821194954e-09
1    2.7680378859255145e-09    1.3840189429627572e-09    5.544522784796911e-09
2    3.4910481020757056e-09    1.7455240510378528e-09    5.1830176767218156e-09
3    4.198116405505423e-09    2.0990582027527113e-09    4.829483525006957e-09
4    4.8864554392808596e-09    2.4432277196404298e-09    4.4853140081192386e-09
5    5.553442462401942e-09    2.776721231200971e-09    4.1518204965586974e-09
6    6.196725857053262e-09    3.098362928526631e-09    3.8301787992330374e-09
7    6.8142563356288904e-09    3.4071281678144452e-09    3.521413559945223e-09
8    7.404309781836385e-09    3.7021548909181926e-09    3.226386836841476e-09
9    7.965493879075192e-09    3.982746939537596e-09    2.9457947882220725e-09
10    8.496751180029835e-09    4.2483755900149175e-09    2.680166137744751e-09
11    8.99735683158008e-09    4.49867841579004e-09    2.429863311969628e-09
12    9.466909567466125e-09    4.733454783733063e-09    2.1950869440266058e-09
13    9.905315665782732e-09    4.952657832891366e-09    1.975883894868302e-09
14    1.031277031306177e-08    5.156385156530885e-09    1.7721565712287835e-09
15    1.0689734725221126e-08    5.344867362610563e-09    1.5836743651491056e-09
16    1.1036907885016156e-08    5.518453942508078e-09    1.4100877852515903e-09
17    1.135520097156513e-08    5.677600485782565e-09    1.2509412419771035e-09
18    1.1645702599309693e-08    5.8228512996548465e-09    1.1056904281048219e-09
19    1.1909652141220417e-08    5.9548260706102085e-09    9.737156571494598e-10
20    1.2148407292720403e-08    6.074203646360202e-09    8.543380813994667e-10
21    1.2363415424678642e-08    6.181707712339321e-09    7.468340154203473e-10
22    1.2556183797557408e-08    6.278091898778704e-09    6.504498289809646e-10
23    1.272825398486617e-08    6.364126992433085e-09    5.644147353265835e-10
24    1.2881177899716836e-08    6.440588949858418e-09    4.879527779012502e-10
25    1.301649514041936e-08    6.50824757020968e-09    4.2029415754998856e-10
26    1.3135716734388042e-08    6.567858367194021e-09    3.606833605656473e-10
27    1.324030602040463e-08    6.620153010202315e-09    3.0838871755735353e-10
28    1.3331667592358237e-08    6.665833796179119e-09    2.627079315805497e-10
29    1.341113625556202e-08    6.70556812778101e-09    2.2297359997865834e-10
30    1.347996901514964e-08    6.73998450757482e-09    1.8855722018484844e-10
31    1.3539339781482376e-08    6.769669890741188e-09    1.5887183701848023e-10
32    1.3590336817503532e-08    6.795168408751766e-09    1.3337331900790256e-10
33    1.3633959441679624e-08    6.816979720839812e-09    1.1156200691985613e-10
34    1.3671122093324856e-08    6.835561046662428e-09    9.298068109724056e-11
35    1.3702651975111904e-08    6.851325987555952e-09    7.72157402037163e-11
36    1.3729295053697271e-08    6.864647526848636e-09    6.38942009110327e-11
37    1.3751718255881201e-08    6.875859127940601e-09    5.2682599819067755e-11
38    1.3770515474220354e-08    6.885257737110177e-09    4.328399064949112e-11
39    1.3786210035322474e-08    6.893105017661237e-09    3.5436710098431246e-11
40    1.3799262536026008e-08    6.899631268013004e-09    2.8910459746664396e-11
41    1.3810076168350657e-08    6.905038084175329e-09    2.3503643584339706e-11
42    1.3819000402748999e-08    6.909500201374499e-09    1.9041526385168983e-11
43    1.3826336691226751e-08    6.9131683456133755e-09    1.5373382146292858e-11
44    1.3832344707359959e-08    6.916172353679979e-09    1.2369374079689022e-11
45    1.383724701638743e-08    6.918623508193715e-09    9.918219565953346e-12
46    1.3841231462840761e-08    6.920615731420381e-09    7.925996339287755e-12
47    1.384445862356691e-08    6.922229311783455e-09    6.3124159762131815e-12
48    1.3847062374549093e-08    6.923531187274547e-09    5.010540485121673e-12
49    1.3849155784196113e-08    6.924577892098056e-09    3.963835661612014e-12
50    1.3850832544272385e-08    6.925416272136192e-09    3.1254556234761033e-12
51    1.3852170710395434e-08    6.926085355197717e-09    2.4563725619514143e-12
52    1.3853235092701685e-08    6.9266175463508425e-09    1.9241814088258313e-12
53    1.3854078526097727e-08    6.927039263048863e-09    1.502464710805007e-12
54    1.3854744734722452e-08    6.927372367361226e-09    1.1693603984425094e-12
55    1.3855268551172736e-08    6.927634275586368e-09    9.074521733001828e-13
56    1.3855680062492548e-08    6.927840031246274e-09    7.016965133943565e-13
57    1.3856001347591768e-08    6.928000673795884e-09    5.410539637845657e-13
58    1.3856251364395902e-08    6.928125682197951e-09    4.160455617172043e-13
59    1.3856446035281217e-08    6.9282230176406084e-09    3.187101190599284e-13
60    1.3856596635082943e-08    6.928298317541472e-09    2.434102181966824e-13
61    1.3856712826861364e-08    6.928356413430682e-09    1.8531432898621913e-13
62    1.385680181253783e-08    6.928400906268915e-09    1.408214907530625e-13
63    1.3856870381603187e-08    6.9284351908015934e-09    1.0653695807494312e-13
64    1.3856923067757237e-08    6.928461533878619e-09    8.019388104962832e-14
65    1.3856962497154485e-08    6.928481248577242e-09    6.04791824260209e-14
66    1.3856992756152917e-08    6.928496378076458e-09    4.5349683210071934e-14
67    1.3857015388005905e-08    6.928507694002953e-09    3.4033756715623475e-14
68    1.3857033133359703e-08    6.9285165666798515e-09    2.51610798168711e-14
69    1.3857045804213652e-08    6.928522902106826e-09    1.8825652842169305e-14
70    1.385705539463239e-08    6.928527697316195e-09    1.4030443473700416e-14
71    1.385706318505868e-08    6.92853159252934e-09    1.0135230328611744e-14
72    1.38570682159736e-08    6.9285341079868e-09    7.619772868228125e-15
73    1.385707249250065e-08    6.928536246250325e-09    5.481509343652213e-15
74    1.385707543242326e-08    6.92853771621163e-09    4.0115480381963664e-15
75    1.3857077858867722e-08    6.928538929433861e-09    2.798325807185087e-15
76    1.3857079347043624e-08    6.928539673521812e-09    2.0542378562082853e-15
77    1.3857080156725807e-08    6.928540078362903e-09    1.6493967650021979e-15
78    1.3857081093910165e-08    6.928540546955082e-09    1.1808045860539629e-15
79    1.385708187019892e-08    6.92854093509946e-09    7.926602083041523e-16
80    1.3857082358089898e-08    6.928541179044949e-09    5.487147194949138e-16
81    1.3857082666653836e-08    6.928541333326918e-09    3.944327503502265e-16
82    1.3857083098816822e-08    6.928541549408411e-09    1.7835125737386548e-16
83    1.385708318273407e-08    6.928541591367035e-09    1.3639263329867646e-16
84    1.3857083323897193e-08    6.9285416619485965e-09    6.581107186987012e-17
85    1.3857083498236902e-08    6.928541749118451e-09    2.1358782797964437e-17
86    1.3857083319126703e-08    6.928541659563352e-09    6.819631664933823e-17
87    1.3857083489563285e-08    6.9285417447816425e-09    1.702197410802242e-17
88    1.3857083275758617e-08    6.928541637879308e-09    8.988036009904832e-17
89    1.3857083363578993e-08    6.928541681789496e-09    4.597017211338539e-17
90    1.3857083588876204e-08    6.928541794438102e-09    6.667843360785852e-17
91    1.3857083733291933e-08    6.928541866645967e-09    1.3888629829539312e-16
92    1.3857083789887287e-08    6.928541894943643e-09    1.6718397499726478e-16
93    1.3857083435136336e-08    6.928541717568168e-09    1.0191500421363742e-17
94    1.3857083848217364e-08    6.928541924108682e-09    1.9634901343712485e-16
95    1.3857083798344064e-08    6.928541899172032e-09    1.7141236346995825e-16
96    1.3857083584973076e-08    6.928541792486538e-09    6.472686969738461e-17
97    1.385708382132915e-08    6.928541910664575e-09    1.829049064983046e-16
98    1.3857083697296421e-08    6.928541848648211e-09    1.2088854223213374e-16
99    1.3857083734376135e-08    6.928541867188068e-09    1.3942839938163587e-16
100    1.3857083627690642e-08    6.928541813845321e-09    8.608565249534905e-17
101    1.3857083360760067e-08    6.9285416803800334e-09    4.7379634937616544e-17
102    1.3857083470481327e-08    6.928541735240663e-09    7.48099499014998e-18
103    1.3857083558518543e-08    6.9285417792592716e-09    5.149960319306146e-17
104    1.385708331218781e-08    6.928541656093905e-09    7.166576360129184e-17
105    1.3857083359892705e-08    6.9285416799463526e-09    4.7813315806610746e-17
106    1.3857083588225683e-08    6.928541794112841e-09    6.635317295611287e-17
107    1.385708347720338e-08    6.92854173860169e-09    1.0842021724855044e-17
108    1.3857083592345651e-08    6.9285417961728255e-09    6.841315708383533e-17
109    1.3857083745651838e-08    6.928541872825919e-09    1.450662506785605e-16
110    1.3857083777310542e-08    6.928541888655271e-09    1.6089560239684886e-16
111    1.385708377622634e-08    6.92854188811317e-09    1.603535013106061e-16
112    1.385708387640662e-08    6.92854193820331e-09    2.104436416794364e-16
113    1.3857083295274256e-08    6.928541647637128e-09    8.012254054667878e-17
114    1.3857083281396468e-08    6.928541640698234e-09    8.7061434450586e-17
115    1.3857083506476839e-08    6.9285417532384194e-09    2.5478751053409354e-17
116    1.3857083485660157e-08    6.9285417428300786e-09    1.5070410197548512e-17
117    1.3857083550929128e-08    6.928541775464564e-09    4.7704895589362195e-17
118    1.3857083257977701e-08    6.9285416289888505e-09    9.877081791342945e-17
119    1.385708347221605e-08    6.928541736108025e-09    8.348356728138384e-18
120    1.3857083560470107e-08    6.9285417802350535e-09    5.2475385148298415e-17
121    1.3857083575215257e-08    6.928541787607628e-09    5.984795992119984e-17
122    1.38570834971527e-08    6.92854174857635e-09    2.0816681711721685e-17
123    1.3857083449014124e-08    6.928541724507062e-09    3.2526065174565133e-18
124    1.3857083429498485e-08    6.928541714749242e-09    1.3010426069826053e-17
125    1.3857083499537945e-08    6.9285417497689725e-09    2.200930410145574e-17
126    1.385708341193441e-08    6.928541705967205e-09    2.179246366695864e-17
127    1.385708340217659e-08    6.928541701088295e-09    2.667137344314341e-17
128    1.3857083673660814e-08    6.928541836830407e-09    1.0907073855204175e-16
129    1.3857083762782232e-08    6.928541881391116e-09    1.5363144784119598e-16
130    1.3857083388298802e-08    6.928541694149401e-09    3.361026734705064e-17
131    1.3857083511247328e-08    6.928541755623664e-09    2.7863995832877464e-17
132    1.385708349238221e-08    6.928541746191105e-09    1.8431436932253575e-17
133    1.3857082978470381e-08    6.9285414892351904e-09    2.38524477946811e-16
134    1.3857083509946286e-08    6.928541754973143e-09    2.721347452938616e-17
135    1.385708295310005e-08    6.928541476550025e-09    2.512096433648914e-16
136    1.385708369187541e-08    6.928541845937705e-09    1.1817803680091998e-16
137    1.3857083148473281e-08    6.928541574236641e-09    1.5352302762394743e-16
138    1.3857083813956575e-08    6.9285419069782875e-09    1.7921861911185388e-16
139    1.3857083655446217e-08    6.928541827723109e-09    9.996344030316351e-17
140    1.3857083675829218e-08    6.928541837914609e-09    1.1015494072452725e-16
141    1.3857083471131848e-08    6.928541735565924e-09    7.806255641895632e-18
142    1.3857083725051997e-08    6.928541862525998e-09    1.347663300399482e-16
143    1.3857083529895606e-08    6.928541764947803e-09    3.71881345162528e-17
144    1.385708322219903e-08    6.928541611099515e-09    1.1666015375944028e-16
145    1.3857083448363602e-08    6.928541724181801e-09    3.577867169202165e-18
146    1.3857083732424572e-08    6.928541866212286e-09    1.3845261742639892e-16
147    1.3857083858408864e-08    6.928541929204432e-09    2.0144476364780672e-16
148    1.3857083436654219e-08    6.9285417183271095e-09    9.432558900623889e-18
149    1.3857083020103744e-08    6.928541510051872e-09    2.177077962350893e-16
150    1.3857083406079718e-08    6.928541703039859e-09    2.47198095326695e-17
151    1.3857083046341437e-08    6.9285415231707184e-09    2.0458894994801469e-16
152    1.3857083293539532e-08    6.928541646769766e-09    8.098990228466718e-17
153    1.3857083266434478e-08    6.928541633217239e-09    9.454242944073599e-17
154    1.3857083314139373e-08    6.928541657069687e-09    7.068998164605489e-17
155    1.3857083301562628e-08    6.928541650781314e-09    7.697835424647081e-17
156    1.385708320788756e-08    6.92854160394378e-09    1.238158880978446e-16
157    1.385708310814096e-08    6.92854155407048e-09    1.736891880321778e-16
158    1.3857083448797283e-08    6.928541724398642e-09    3.3610267347050637e-18
159    1.3857083553097532e-08    6.928541776548766e-09    4.87890977618477e-17
160    1.3857083415620697e-08    6.928541707810348e-09    1.9949319973733282e-17
161    1.3857083534449255e-08    6.9285417672246274e-09    3.946495907847236e-17
162    1.3857083156062697e-08    6.928541578031348e-09    1.4972832002024816e-16
163    1.3857083239546264e-08    6.928541619773132e-09    1.0798653637955624e-16
164    1.3857083290503766e-08    6.928541645251883e-09    8.250778532614689e-17
165    1.3857083169289963e-08    6.928541584644982e-09    1.4311468676808659e-16
166    1.3857083515150456e-08    6.928541757575228e-09    2.981555974335137e-17
167    1.3857083475685497e-08    6.9285417378427486e-09    1.0083080204115191e-17
168    1.3857083347966481e-08    6.928541673983241e-09    5.377642775528102e-17
169    1.385708351233153e-08    6.928541756165765e-09    2.8406096919120216e-17
170    1.3857083525125116e-08    6.928541762562558e-09    3.480288973678469e-17
171    1.3857083479371785e-08    6.928541739685892e-09    1.1926223897340549e-17
172    1.3857083368783163e-08    6.9285416843915815e-09    4.336808689942018e-17
173    1.3857083169506804e-08    6.928541584753402e-09    1.4300626655083803e-16
174    1.3857083602753992e-08    6.928541801376996e-09    7.361732751176575e-17
175    1.3857083366614759e-08    6.928541683307379e-09    4.445228907190568e-17
176    1.3857083733075093e-08    6.9285418665375464e-09    1.3877787807814457e-16
177    1.385708368211759e-08    6.928541841058795e-09    1.1329912702473521e-16
178    1.3857083705536358e-08    6.928541852768179e-09    1.2500851048757866e-16
179    1.3857083784899957e-08    6.928541892449978e-09    1.6469031000054812e-16
180    1.3857083469180284e-08    6.928541734590142e-09    6.830473686658678e-18
181    1.3857083424077474e-08    6.928541712038737e-09    1.5720931501039814e-17
182    1.3857083489996966e-08    6.928541744998483e-09    1.723881454251952e-17
183    1.385708341735542e-08    6.92854170867771e-09    1.9081958235744878e-17
184    1.3857083471565529e-08    6.9285417357827644e-09    8.023096076392733e-18
185    1.3857083544640755e-08    6.928541772320378e-09    4.456070928915423e-17
186    1.3857083637448461e-08    6.928541818724231e-09    9.096456227153382e-17
187    1.3857083698597464e-08    6.928541849298732e-09    1.2153906353562505e-16
188    1.38570833475328e-08    6.9285416737664e-09    5.399326818977812e-17
189    1.3857083193576092e-08    6.928541596788046e-09    1.3097162243624894e-16
190    1.3857083667806122e-08    6.928541833903061e-09    1.0614339268633088e-16
191    1.385708342711324e-08    6.92854171355662e-09    1.4203048459560108e-17
192    1.3857083767769562e-08    6.928541883884781e-09    1.5612511283791264e-16
193    1.3857083550061766e-08    6.928541775030883e-09    4.7271214720367993e-17
194    1.3857083700765868e-08    6.928541850382934e-09    1.2262326570811055e-16
195    1.3857083647856802e-08    6.928541823928401e-09    9.616873269946424e-17
196    1.3857083346231758e-08    6.928541673115879e-09    5.4643789493269423e-17
197    1.3857082956352657e-08    6.928541478176328e-09    2.495833401061631e-16
198    1.385708344749624e-08    6.92854172374812e-09    4.0115480381963664e-18
199    1.3857083619667546e-08    6.928541809833773e-09    8.207410445715269e-17
200    1.3857083515584137e-08    6.9285417577920685e-09    3.003240017784847e-17
201    1.3857083385913557e-08    6.928541692956779e-09    3.480288973678469e-17
202    1.3857083370517886e-08    6.928541685258943e-09    4.2500725161431774e-17
203    1.3857083329101363e-08    6.928541664550682e-09    6.320898665590491e-17
204    1.385708348739488e-08    6.92854174369744e-09    1.5937771935536915e-17
205    1.3857083834122735e-08    6.928541917061368e-09    1.8930169931596907e-16
206    1.385708375150653e-08    6.928541875753265e-09    1.4799359654427136e-16
207    1.385708376668536e-08    6.92854188334268e-09    1.5558301175166989e-16
208    1.3857083756060179e-08    6.9285418780300895e-09    1.5027042110649091e-16
209    1.3857083215910657e-08    6.928541607955328e-09    1.1980434005964824e-16
210    1.385708324279887e-08    6.928541621399435e-09    1.0636023312082798e-16
211    1.3857083271204967e-08    6.928541635602484e-09    9.215718466126788e-17
212    1.3857083713559454e-08    6.928541856779727e-09    1.2902005852577503e-16
213    1.3857083592562491e-08    6.928541796281246e-09    6.852157730108388e-17
214    1.3857083542472351e-08    6.9285417712361755e-09    4.347650711666873e-17
215    1.3857083442942592e-08    6.928541721471296e-09    6.288372600415926e-18
216    1.3857083603621353e-08    6.928541801810677e-09    7.405100838075995e-17
217    1.3857083498453743e-08    6.928541749226871e-09    2.1467203015212988e-17
218    1.3857083674528176e-08    6.928541837264088e-09    1.0950441942103595e-16
219    1.3857083398707143e-08    6.9285416993535714e-09    2.8406096919120216e-17
220    1.3857083403043952e-08    6.928541701521976e-09    2.6237692574149207e-17
221    1.38570832772765e-08    6.92854163863825e-09    8.912141857830846e-17
222    1.3857083508645243e-08    6.928541754322622e-09    2.656295322589486e-17
223    1.3857083396105058e-08    6.928541698052529e-09    2.970713952610282e-17
224    1.3857083574564735e-08    6.928541787282368e-09    5.952269926945419e-17
225    1.3857083458555103e-08    6.928541729277551e-09    1.5178830414797062e-18
226    1.3857083279011223e-08    6.9285416395056115e-09    8.825405684032006e-17
227    1.3857083140016505e-08    6.928541570008252e-09    1.577514160966409e-16
228    1.3857083282914351e-08    6.9285416414571754e-09    8.630249292984615e-17
229    1.385708330221315e-08    6.928541651106575e-09    7.665309359472516e-17
230    1.3857083293973213e-08    6.9285416469866065e-09    8.077306185017008e-17
231    1.3857083647639962e-08    6.928541823819981e-09    9.606031248221569e-17
232    1.3857083652410451e-08    6.928541826205226e-09    9.84455572616838e-17
233    1.3857083453134092e-08    6.928541726567046e-09    1.1926223897340549e-18
234    1.3857083625522237e-08    6.928541812761119e-09    8.500145032286355e-17
235    1.3857083101635748e-08    6.928541550817874e-09    1.7694179454963432e-16
236    1.3857083620968588e-08    6.928541810484294e-09    8.272462576064399e-17
237    1.3857083504308434e-08    6.928541752154217e-09    2.439454888092385e-17
238    1.3857083250388286e-08    6.928541625194143e-09    1.0256552551712872e-16
239    1.3857083593863534e-08    6.928541796931767e-09    6.917209860457518e-17
240    1.3857083589093044e-08    6.928541794546522e-09    6.678685382510707e-17
241    1.3857083692959613e-08    6.928541846479806e-09    1.1872013788716274e-16
242    1.3857083308501522e-08    6.928541654250761e-09    7.35089072945172e-17
243    1.3857083243015711e-08    6.9285416215078555e-09    1.0625181290357943e-16
244    1.385708358714148e-08    6.92854179357074e-09    6.581107186987012e-17
245    1.3857083790320968e-08    6.928541895160484e-09    1.6740081543176188e-16
246    1.3857083864914077e-08    6.9285419324570385e-09    2.0469737016526324e-16
247    1.3857083593646694e-08    6.928541796823347e-09    6.906367838732663e-17
248    1.3857083341894949e-08    6.9285416709474745e-09    5.681219383824043e-17
249    1.3857083414319654e-08    6.928541707159827e-09    2.0599841277224584e-17
250    1.3857083455519337e-08    6.928541727759668e-09    0.0
251    1.3857083805066117e-08    6.9285419025330586e-09    1.7477339020466331e-16
252    1.385708340261027e-08    6.928541701305135e-09    2.6454533008646308e-17
253    1.3857083418005942e-08    6.928541709002971e-09    1.8756697583999227e-17
254    1.3857083183601432e-08    6.928541591800716e-09    1.3595895242968226e-16
255    1.3857083556350139e-08    6.928541778175069e-09    5.0415401020575956e-17
256    1.3857083373336812e-08    6.928541686668406e-09    4.109126233720062e-17
257    1.385708385602362e-08    6.92854192801181e-09    2.0025214125807267e-16
258    1.3857083319777225e-08    6.928541659888612e-09    6.787105599759258e-17
259    1.3857083550929128e-08    6.928541775464564e-09    4.7704895589362195e-17
260    1.3857083268819723e-08    6.928541634409861e-09    9.334980705100193e-17
261    1.3857083695561698e-08    6.928541847780849e-09    1.2002118049414534e-16
262    1.3857083455736177e-08    6.9285417278680886e-09    1.0842021724855044e-19
263    1.385708375692754e-08    6.92854187846377e-09    1.5070410197548512e-16
264    1.3857083307851001e-08    6.9285416539255004e-09    7.383416794626285e-17
265    1.3857083194443454e-08    6.928541597221727e-09    1.3053794156725473e-16
266    1.3857083506043158e-08    6.928541753021579e-09    2.5261910618912253e-17
267    1.3857083792055691e-08    6.9285418960278455e-09    1.682681771697503e-16
268    1.3857083748470764e-08    6.928541874235382e-09    1.4647571350279165e-16
269    1.3857083508211562e-08    6.928541754105781e-09    2.6346112791397758e-17
270    1.3857083812438692e-08    6.928541906219346e-09    1.7845967759111403e-16
271    1.3857083587575161e-08    6.928541793787581e-09    6.602791230436722e-17
272    1.3857083704452156e-08    6.928541852226078e-09    1.244664094013359e-16
273    1.385708362205279e-08    6.928541811026395e-09    8.326672684688674e-17
274    1.385708356675848e-08    6.92854178337924e-09    5.561957144850638e-17
275    1.3857083314139373e-08    6.928541657069687e-09    7.068998164605489e-17
276    1.3857083731123529e-08    6.9285418655617645e-09    1.3780209612290761e-16
277    1.385708366693876e-08    6.92854183346938e-09    1.0570971181733668e-16
278    1.3857083534882936e-08    6.928541767441468e-09    3.968179951296946e-17
279    1.3857083236510498e-08    6.928541618255249e-09    1.0950441942103595e-16
280    1.3857083371818929e-08    6.9285416859094645e-09    4.185020385794047e-17
281    1.3857083642652632e-08    6.928541821326316e-09    9.356664748549903e-17
282    1.3857083819377586e-08    6.928541909688793e-09    1.8192912454306764e-16
283    1.385708375172337e-08    6.928541875861685e-09    1.481020167615199e-16
284    1.385708363159377e-08    6.928541815796885e-09    8.803721640582296e-17
285    1.385708370662056e-08    6.92854185331028e-09    1.2555061157382141e-16
286    1.3857083604488715e-08    6.928541802244358e-09    7.448468924975415e-17
287    1.385708346701188e-08    6.92854173350594e-09    5.7462715141731735e-18
288    1.38570837170289e-08    6.92854185851445e-09    1.3075478200175183e-16
289    1.3857083755843339e-08    6.928541877921669e-09    1.5016200088924236e-16
290    1.3857083438822623e-08    6.928541719411312e-09    8.348356728138384e-18
291    1.3857083642218951e-08    6.9285418211094754e-09    9.334980705100193e-17
292    1.3857083286600638e-08    6.928541643300319e-09    8.44593492366208e-17
293    1.3857083411283888e-08    6.928541705641944e-09    2.211772431870429e-17
294    1.3857083393286132e-08    6.928541696643066e-09    3.111660235033398e-17
295    1.3857083933869335e-08    6.928541966934668e-09    2.391749992503023e-16
296    1.385708322783688e-08    6.92854161391844e-09    1.1384122811097797e-16
297    1.3857083306983639e-08    6.9285416534918196e-09    7.426784881525705e-17
298    1.3857083203117071e-08    6.9285416015585355e-09    1.2620113287731272e-16
299    1.3857083514499935e-08    6.9285417572499675e-09    2.949029909160572e-17
300    1.3857083650458887e-08    6.928541825229444e-09    9.746977530644685e-17
301    1.385708408088715e-08    6.928542040443575e-09    3.126839065448195e-16
302    1.3857083562421671e-08    6.9285417812108355e-09    5.345116710353537e-17
303    1.385708392150943e-08    6.928541960754715e-09    2.329950468671349e-16
304    1.3857084014100296e-08    6.928542007050148e-09    2.7929047963226594e-16
305    1.3857083435786857e-08    6.928541717893429e-09    9.86623976961809e-18
306    1.3857083631160089e-08    6.928541815580044e-09    8.782037597132586e-17
307    1.3857083770588488e-08    6.928541885294244e-09    1.575345756621438e-16
308    1.3857083793139893e-08    6.928541896569947e-09    1.6881027825599304e-16
309    1.385708391088425e-08    6.928541955442125e-09    2.2768245622195593e-16
310    1.3857083715077337e-08    6.9285418575386684e-09    1.2977900004651488e-16
311    1.3857083659349345e-08    6.9285418296746726e-09    1.0191500421363742e-16
312    1.3857083562421671e-08    6.9285417812108355e-09    5.345116710353537e-17
313    1.3857083574564735e-08    6.928541787282368e-09    5.952269926945419e-17
314    1.3857083298743703e-08    6.928541649371851e-09    7.838781707070197e-17
315    1.3857083360109546e-08    6.928541680054773e-09    4.7704895589362195e-17
316    1.3857083383094632e-08    6.928541691547316e-09    3.621235256101585e-17
317    1.3857083892452812e-08    6.928541946226406e-09    2.1846673775582914e-16
318    1.3857083611210769e-08    6.928541805605384e-09    7.784571598445922e-17
319    1.3857083507994722e-08    6.928541753997361e-09    2.6237692574149207e-17
320    1.3857083534449255e-08    6.9285417672246274e-09    3.946495907847236e-17
321    1.3857083704235315e-08    6.9285418521176576e-09    1.2435798918408736e-16
322    1.3857083466144518e-08    6.928541733072259e-09    5.312590645178972e-18
323    1.3857083690791208e-08    6.928541845395604e-09    1.1763593571467723e-16
324    1.3857083582804672e-08    6.928541791402336e-09    6.364266752489911e-17
325    1.3857083544640755e-08    6.928541772320378e-09    4.456070928915423e-17
326    1.3857083411500729e-08    6.928541705750364e-09    2.200930410145574e-17
327    1.3857083373770493e-08    6.9285416868852465e-09    4.087442190270352e-17
328    1.3857083548760724e-08    6.928541774380362e-09    4.662069341687669e-17
329    1.3857083208538082e-08    6.928541604269041e-09    1.2349062744609896e-16
330    1.3857083368566323e-08    6.928541684283161e-09    4.347650711666873e-17
331    1.3857083231306327e-08    6.928541615653164e-09    1.1210650463500116e-16
332    1.3857083469830805e-08    6.928541734915403e-09    7.15573433840433e-18
333    1.3857083288118521e-08    6.928541644059261e-09    8.370040771588094e-17
334    1.3857083552663851e-08    6.928541776331926e-09    4.85722573273506e-17
335    1.3857083578901544e-08    6.928541789450772e-09    6.16911036144252e-17
336    1.385708390134327e-08    6.928541950671635e-09    2.229119666630197e-16
337    1.3857083812438692e-08    6.928541906219346e-09    1.7845967759111403e-16
338    1.3857083052196129e-08    6.928541526098064e-09    2.0166160408230382e-16
339    1.3857083449230964e-08    6.928541724615482e-09    3.144186300207963e-18
340    1.3857083325631916e-08    6.928541662815958e-09    6.494371013188172e-17
341    1.3857083316090937e-08    6.928541658045469e-09    6.971419969081794e-17
342    1.3857083782731552e-08    6.928541891365776e-09    1.6360610782806262e-16
343    1.385708332216247e-08    6.928541661081235e-09    6.667843360785852e-17
344    1.3857083727654082e-08    6.928541863827041e-09    1.360673726469308e-16
345    1.3857083298960543e-08    6.9285416494802715e-09    7.827939685345342e-17
346    1.3857083404128154e-08    6.928541702064077e-09    2.5695591487906455e-17
347    1.385708321742854e-08    6.92854160871427e-09    1.1904539853890839e-16
348    1.3857083285299596e-08    6.928541642649798e-09    8.51098705401121e-17
349    1.3857083400441866e-08    6.928541700220933e-09    2.7538735181131813e-17
350    1.3857083495851658e-08    6.928541747925829e-09    2.0166160408230382e-17
351    1.3857083549628085e-08    6.928541774814043e-09    4.705437428587089e-17
352    1.3857083381576749e-08    6.928541690788374e-09    3.69712940817557e-17
353    1.3857083376155738e-08    6.928541688077869e-09    3.968179951296946e-17
354    1.3857083403911313e-08    6.928541701955657e-09    2.5804011705155006e-17
355    1.3857083556133298e-08    6.928541778066649e-09    5.0306980803327406e-17
356    1.385708403600118e-08    6.92854201800059e-09    2.9024092157436954e-16
357    1.3857083609476045e-08    6.928541804738023e-09    7.697835424647081e-17
358    1.385708354203867e-08    6.928541771019335e-09    4.3259666682171627e-17
359    1.3857083115513535e-08    6.928541557756768e-09    1.700029006457271e-16
360    1.3857083665637718e-08    6.928541832818859e-09    1.0505919051384538e-16
361    1.3857083394587175e-08    6.928541697293587e-09    3.0466081046842675e-17
362    1.3857083797693542e-08    6.928541898846771e-09    1.710871028182126e-16
363    1.385708339220193e-08    6.928541696100965e-09    3.165870343657673e-17
364    1.385708366672192e-08    6.92854183336096e-09    1.0560129160008813e-16
365    1.3857083458555103e-08    6.928541729277551e-09    1.5178830414797062e-18
366    1.3857083489129604e-08    6.928541744564802e-09    1.680513367352532e-17
367    1.3857083613379173e-08    6.9285418066895865e-09    7.892991815694472e-17
368    1.3857083586274119e-08    6.928541793137059e-09    6.537739100087592e-17
369    1.385708358692464e-08    6.92854179346232e-09    6.570265165262157e-17
370    1.3857083559602745e-08    6.928541779801373e-09    5.204170427930421e-17
371    1.3857083430799527e-08    6.928541715399764e-09    1.235990476633475e-17
372    1.3857083624004354e-08    6.928541812002177e-09    8.42425088021237e-17
373    1.3857083464409795e-08    6.928541732204897e-09    4.445228907190568e-18
374    1.385708373134037e-08    6.928541865670185e-09    1.3791051634015616e-16
375    1.3857084029712807e-08    6.928542014856404e-09    2.8709673527416157e-16
376    1.3857083468312922e-08    6.928541734156461e-09    6.396792817664476e-18
377    1.3857083602753992e-08    6.928541801376996e-09    7.361732751176575e-17
378    1.3857083319560384e-08    6.928541659780192e-09    6.797947621484113e-17
379    1.3857083180131985e-08    6.9285415900659925e-09    1.3769367590565906e-16
380    1.3857083468312922e-08    6.928541734156461e-09    6.396792817664476e-18
381    1.385708307322965e-08    6.928541536614825e-09    1.9114484300919443e-16
382    1.38570832375947e-08    6.92854161879735e-09    1.089623183347932e-16
383    1.385708348739488e-08    6.92854174369744e-09    1.5937771935536915e-17
384    1.3857083359675865e-08    6.928541679837932e-09    4.7921736023859296e-17
385    1.3857083361627429e-08    6.928541680813714e-09    4.694595406862234e-17
386    1.3857083473300252e-08    6.928541736650126e-09    8.890457814381136e-18
387    1.3857083399791345e-08    6.9285416998956725e-09    2.7863995832877464e-17
388    1.3857083803548234e-08    6.928541901774117e-09    1.7401444868392346e-16
389    1.3857083559169064e-08    6.928541779584532e-09    5.182486384480711e-17
390    1.3857083461590869e-08    6.9285417307954345e-09    3.0357660829594124e-18
391    1.3857083818727065e-08    6.928541909363532e-09    1.81603863891322e-16
392    1.385708354724284e-08    6.92854177362142e-09    4.586175189613684e-17
393    1.3857083713342613e-08    6.928541856671307e-09    1.2891163830852648e-16
394    1.385708347243289e-08    6.928541736216445e-09    8.456776945386935e-18
395    1.3857083551362809e-08    6.928541775681404e-09    4.7921736023859296e-17
396    1.3857083566107958e-08    6.928541783053979e-09    5.5294310796760726e-17
397    1.3857083625739078e-08    6.928541812869539e-09    8.51098705401121e-17
398    1.385708329223849e-08    6.928541646119245e-09    8.164042358815848e-17
399    1.3857083319343544e-08    6.928541659671772e-09    6.808789643208968e-17
400    1.385708356719216e-08    6.92854178359608e-09    5.583641188300348e-17
401    1.3857083497803221e-08    6.928541748901611e-09    2.1141942363467336e-17
402    1.3857083637665302e-08    6.928541818832651e-09    9.107298248878237e-17
403    1.3857083445544677e-08    6.928541722772338e-09    4.9873299934333204e-18
404    1.3857083440340506e-08    6.928541720170253e-09    7.589415207398531e-18
405    1.3857083111827248e-08    6.928541555913624e-09    1.7184604433895245e-16
406    1.3857082944209592e-08    6.928541472104796e-09    2.5565487227208195e-16
407    1.3857083115947216e-08    6.928541557973608e-09    1.6978606021123e-16
408    1.3857083277927021e-08    6.9285416389635104e-09    8.879615792656281e-17
409    1.3857083148906962e-08    6.928541574453481e-09    1.5330618718945033e-16
410    1.3857083379408344e-08    6.928541689704172e-09    3.8055496254241206e-17
411    1.385708325255669e-08    6.928541626278345e-09    1.0148132334464322e-16
412    1.3857083457687741e-08    6.9285417288438705e-09    1.0842021724855044e-18
413    1.3857083339726545e-08    6.928541669863272e-09    5.789639601072594e-17
414    1.3857083477853901e-08    6.928541738926951e-09    1.1167282376600696e-17
415    1.3857083380492546e-08    6.928541690246273e-09    3.7513395167998453e-17
416    1.3857083086890598e-08    6.928541543445299e-09    1.8431436932253575e-16
417    1.3857082625670994e-08    6.928541312835497e-09    4.1492417141020255e-16
418    1.385708251378133e-08    6.928541256890665e-09    4.708690035104546e-16
419    1.3857081753321926e-08    6.928540876660963e-09    8.51098705401121e-16
420    1.3857081222279702e-08    6.928540611139851e-09    1.116619817442821e-15
421    1.3857080217441128e-08    6.928540108720564e-09    1.6190391041726038e-15
422    1.3857079113723317e-08    6.928539556861658e-09    2.1708980099677255e-15
423    1.3857077959698524e-08    6.928538979849262e-09    2.747910406164511e-15
424    1.3857075276298148e-08    6.928537638149074e-09    4.089610594615323e-15
425    1.3857072052097727e-08    6.9285360260488635e-09    5.701710804884019e-15
426    1.385706819125379e-08    6.928534095626895e-09    7.63213277299446e-15
427    1.3857062457342181e-08    6.928531228671091e-09    1.049908857769788e-14
428    1.3857055745263372e-08    6.928527872631686e-09    1.385512798240951e-14
429    1.3857045664351572e-08    6.928522832175786e-09    1.889558388229462e-14
430    1.3857032735674346e-08    6.928516367837173e-09    2.5359922495304943e-14
431    1.3857015627614586e-08    6.928507813807293e-09    3.391395237556383e-14
432    1.385699306688526e-08    6.92849653344263e-09    4.519431703875476e-14
433    1.3856962831739275e-08    6.9284814158696376e-09    6.031189003080639e-14
434    1.3856922985791553e-08    6.928461492895777e-09    8.023486389174828e-14
435    1.3856870643112751e-08    6.9284353215563754e-09    1.0640620329294137e-13
436    1.3856802419040526e-08    6.928401209520263e-09    1.405182394054183e-13
437    1.3856713357903588e-08    6.928356678951794e-09    1.8504880787417743e-13
438    1.385659696272884e-08    6.92829848136442e-09    2.4324639524841984e-13
439    1.385644610163439e-08    6.928223050817195e-09    3.1867694247345035e-13
440    1.3856252288569834e-08    6.928126144284917e-09    4.15583474751291e-13
441    1.3856001689332292e-08    6.928000844666146e-09    5.40883093522182e-13
442    1.3855679982695268e-08    6.927839991347634e-09    7.017364120343039e-13
443    1.3855269024318564e-08    6.927634512159282e-09    9.072156003861465e-13
444    1.3854744600715063e-08    6.927372300357532e-09    1.169427402136769e-12
445    1.3854078421580637e-08    6.927039210790319e-09    1.5025169693497209e-12
446    1.3853234871307601e-08    6.926617435653801e-09    1.924292105867642e-12
447    1.3852170726658466e-08    6.926085363329233e-09    2.4563644304351206e-12
448    1.3850832274522884e-08    6.925416137261442e-09    3.1255904982263605e-12
449    1.384915579265289e-08    6.924577896326445e-09    3.963831433223541e-12
450    1.3847062710434926e-08    6.923531355217463e-09    5.010372542205155e-12
451    1.384445873328817e-08    6.922229366644085e-09    6.312361115583254e-12
452    1.3841232257994635e-08    6.920616128997317e-09    7.925598762351105e-12
453    1.383724716080316e-08    6.91862358040158e-09    9.918147358088658e-12
454    1.3832345198503543e-08    6.916172599251771e-09    1.2369128507896954e-11
455    1.3826337039472489e-08    6.913168519736244e-09    1.5373208023423957e-11
456    1.3819000112616497e-08    6.909500056308249e-09    1.9041671451419662e-11
457    1.3810076322307366e-08    6.905038161153683e-09    2.350356660598546e-11
458    1.3799262364722065e-08    6.899631182361032e-09    2.8910545398636023e-11
459    1.3786209880715244e-08    6.893104940357622e-09    3.5436787402046144e-11
460    1.3770515201868769e-08    6.885257600934384e-09    4.3284126825283986e-11
461    1.3751718386635983e-08    6.875859193317992e-09    5.2682534441676754e-11
462    1.3729295076899198e-08    6.864647538449599e-09    6.389418931006946e-11
463    1.3702651701025595e-08    6.8513258505127975e-09    7.72158772468709e-11
464    1.3671122201528232e-08    6.835561100764116e-09    9.298062699555215e-11
465    1.3633959482879307e-08    6.8169797414396535e-09    1.1156198632001485e-10
466    1.3590336448441112e-08    6.795168224220556e-09    1.3337350353911231e-10
467    1.3539339925898106e-08    6.769669962949053e-09    1.5887176481061555e-10
468    1.3479968682950094e-08    6.739984341475047e-09    1.8855738628462126e-10
469    1.341113623062537e-08    6.705568115312685e-09    2.2297361244698333e-10
470    1.3331667559832172e-08    6.665833779916086e-09    2.627079478435823e-10
471    1.3240305622719273e-08    6.620152811359636e-09    3.0838891640003196e-10
472    1.3135716611439516e-08    6.567858305719758e-09    3.606834220399105e-10
473    1.3016495099002837e-08    6.508247549501418e-09    4.2029417825825005e-10
474    1.2881177534774385e-08    6.4405887673871925e-09    4.879529603724758e-10
475    1.2728253987034574e-08    6.364126993517287e-09    5.644147342423814e-10
476    1.2556183846997027e-08    6.278091923498513e-09    6.504498042611551e-10
477    1.2363415817376669e-08    6.1817079086883345e-09    7.468338190713339e-10
478    1.2148407030126637e-08    6.074203515063319e-09    8.543382126963497e-10
479    1.1909651891420237e-08    5.954825945710118e-09    9.737157820495501e-10
480    1.164570212334494e-08    5.82285106167247e-09    1.1056906660871987e-09
481    1.1355201048760324e-08    5.677600524380162e-09    1.2509412033795062e-09
482    1.1036908199217946e-08    5.518454099608973e-09    1.4100876281506955e-09
483    1.0689734693128741e-08    5.344867346564371e-09    1.5836743811952977e-09
484    1.0312770598640622e-08    5.156385299320311e-09    1.7721564284393573e-09
485    9.905315267663695e-09    4.952657633831847e-09    1.975884093927821e-09
486    9.466909125111639e-09    4.7334545625558194e-09    2.195087165203849e-09
487    8.997356534725526e-09    4.498678267362763e-09    2.4298634603969055e-09
488    8.4967509326149e-09    4.24837546630745e-09    2.6801662614522187e-09
489    7.965493649874852e-09    3.982746824937426e-09    2.945794902822242e-09
490    7.404310076305695e-09    3.7021550381528476e-09    3.2263866896068208e-09
491    6.814256174516448e-09    3.407128087258224e-09    3.5214136405014446e-09
492    6.1967257271658416e-09    3.0983628635829208e-09    3.8301788641767476e-09
493    5.553442732368283e-09    2.7767213661841414e-09    4.151820361575527e-09
494    4.886455812680088e-09    2.443227906340044e-09    4.4853138214196245e-09
495    4.198116591771356e-09    2.099058295885678e-09    4.8294834318739904e-09
496    3.491048981580508e-09    1.745524490790254e-09    5.183017236969414e-09
497    2.768037729583561e-09    1.3840188647917806e-09    5.544522862967888e-09
498    2.031346461048647e-09    1.0156732305243235e-09    5.912868497235345e-09
499    1.2766147858885718e-09    6.383073929442859e-10    6.2902343348153825e-09
500    0.0    1.9419331149638647e-10    6.734348416263282e-09
501    0.0    7.84803744343851e-11    6.850061353325283e-09
502    0.0    3.30281549722547e-11    6.895513572787414e-09
503    0.0    1.4025180539514737e-11    6.914516547220154e-09
504    0.0    5.969008599025771e-12    6.922572719160643e-09
505    0.0    2.5419595898676373e-12    6.925999768169801e-09
506    0.0    1.0824138894222068e-12    6.927459313870246e-09
507    0.0    4.610093773740886e-13    6.928080718382294e-09
508    0.0    1.9642252234441937e-13    6.928345305237324e-09
509    0.0    8.362830827141066e-14    6.928458099451397e-09
510    0.0    3.5658867351962e-14    6.928506068892316e-09
511    0.0    1.512223506139332e-14    6.928526605524607e-09
512    0.0    6.463362831055086e-15    6.928535264396837e-09
513    0.0    2.7538735181131813e-15    6.92853897388615e-09
514    0.0    1.1739741123673042e-15    6.928540553785556e-09
515    0.0    4.290187996525141e-16    6.928541298740869e-09
516    0.0    2.9945664004049632e-16    6.928541428303028e-09
517    0.0    7.502679033599691e-17    6.928541652732878e-09
518    -0.0    -2.5045070184415152e-17    6.9285417528047386e-09
519    -0.0    -6.201636426617085e-17    6.928541789776033e-09
520    0.0    3.3068166260807885e-17    6.928541694691502e-09
521    -0.0    -1.4040418133687282e-16    6.92854186816385e-09
522    0.0    2.3960868011929648e-17    6.9285417037988e-09
523    -0.0    -8.42425088021237e-17    6.928541812002177e-09
524    0.0    2.4936649967166602e-17    6.928541702823018e-09
525    0.0    7.025630077706069e-17    6.928541657503368e-09
526    -0.0    -1.919037845299343e-17    6.928541746950047e-09
527    0.0    1.6328084717631697e-16    6.928541564478821e-09
528    -0.0    -1.9949319973733282e-17    6.928541747708988e-09
529    0.0    2.721347452938616e-17    6.928541700546194e-09
530    0.0    2.417770844642675e-17    6.92854170358196e-09
531    0.0    8.727827488508311e-17    6.9285416404813935e-09
532    -0.0    -5.854691731421724e-17    6.928541786306586e-09
533    0.0    2.168404344971009e-19    6.928541727542828e-09
534    -0.0    -1.8431436932253575e-18    6.928541729602812e-09
535    0.0    1.1611805267319752e-16    6.928541611641616e-09
536    0.0    1.338989683019598e-16    6.9285415938607e-09
537    -0.0    -1.4647571350279165e-16    6.928541874235382e-09
538    -0.0    -7.274996577377735e-17    6.928541800509634e-09
539    -0.0    -1.2034644114589099e-17    6.9285417397943125e-09
540    0.0    4.662069341687669e-17    6.928541681138975e-09
541    -0.0    -1.231653667943533e-16    6.928541850925035e-09
542    -0.0    -9.269928574751063e-17    6.928541820458954e-09
543    -0.0    -5.854691731421724e-18    6.92854173361436e-09
544    0.0    9.920449878242366e-17    6.9285416285551696e-09
545    -0.0    -8.749511531958021e-17    6.928541815254784e-09
546    -0.0    -1.0202342443088597e-16    6.928541829783093e-09
547    -0.0    -7.047314121155779e-18    6.9285417348069825e-09
548    0.0    1.4105470264036413e-16    6.928541586704966e-09
549    -0.0    -1.2522535092207576e-16    6.928541852985019e-09
550    0.0    1.6371452804531117e-16    6.92854156404514e-09
551    -0.0    -8.803721640582296e-17    6.928541815796885e-09
552    -0.0    -4.0766001685454967e-17    6.92854176852567e-09
553    0.0    6.895525817007808e-17    6.92854165880441e-09
554    -0.0    -2.4936649967166602e-18    6.928541730253333e-09
555    0.0    1.0169816377914032e-16    6.928541626061505e-09
556    -0.0    -7.708677446371937e-17    6.928541804846443e-09
557    0.0    2.7560419224581523e-16    6.928541452155476e-09
558    0.0    9.443400922348744e-17    6.928541633325659e-09
559    -0.0    -1.7542391150815462e-16    6.92854190318358e-09
560    -0.0    -1.723881454251952e-17    6.928541744998483e-09
561    -0.0    -9.410874857174178e-17    6.928541821868417e-09
562    -0.0    -2.0491421059976034e-17    6.9285417482510894e-09
563    -0.0    -6.982261990806649e-17    6.928541797582288e-09
564    -0.0    -2.233456475320139e-17    6.928541750094233e-09
565    0.0    1.1384122811097797e-16    6.92854161391844e-09
566    -0.0    -3.165870343657673e-17    6.928541759418372e-09
567    0.0    4.7488055154865094e-17    6.928541680271613e-09
568    -0.0    -5.171644362755856e-17    6.928541779476112e-09
569    0.0    1.984089975648473e-17    6.928541707918769e-09
570    0.0    8.088148206741863e-17    6.928541646878186e-09
571    -0.0    -1.713039432527097e-17    6.928541744890063e-09
572    -0.0    -9.367506770274758e-17    6.928541821434736e-09
573    -0.0    -1.1709383462843448e-17    6.928541739469052e-09
574    -0.0    -8.088148206741863e-17    6.9285418086411504e-09
575    -0.0    -7.860465750519907e-17    6.928541806364326e-09
576    0.0    1.5590827240341554e-16    6.928541571851396e-09
577    -0.0    -7.079840186330344e-17    6.92854179855807e-09
578    -0.0    -1.1329912702473521e-16    6.928541841058795e-09
579    0.0    1.4994516045474526e-16    6.928541577814508e-09
580    0.0    4.5319650809894085e-17    6.9285416824400176e-09
581    0.0    1.34332649170954e-16    6.928541593427019e-09
582    0.0    2.927345865710862e-18    6.9285417248323225e-09
583    0.0    1.46150452851046e-16    6.9285415816092155e-09
584    0.0    6.310056643865636e-17    6.928541664659102e-09
585    0.0    4.716279450311944e-17    6.928541680596874e-09
586    -0.0    -1.5720931501039814e-17    6.9285417434806e-09
587    -0.0    -1.8745855562274372e-16    6.928541915218224e-09
588    -0.0    -3.924811864397526e-17    6.928541767007787e-09
589    0.0    3.491130995403324e-17    6.928541692848358e-09
590    0.0    1.6588293239028218e-17    6.928541711171375e-09
591    -0.0    -1.1275702593849246e-17    6.928541739035371e-09
592    -0.0    -3.198396408832238e-17    6.9285417597436325e-09
593    -0.0    -1.5254724566871047e-16    6.928541880306914e-09
594    -0.0    -3.241764495731658e-17    6.928541760177313e-09
595    0.0    1.7488181042191187e-16    6.928541552877858e-09
596    -0.0    -5.2909066017292616e-17    6.928541780668734e-09
597    0.0    5.659535340374333e-17    6.928541671164315e-09
598    0.0    5.312590645178972e-17    6.928541674633762e-09
599    0.0    1.5178830414797062e-18    6.928541726241785e-09
600    0.0    2.3906657903305373e-16    6.928541488693089e-09
601    0.0    3.0357660829594124e-17    6.9285416974020075e-09
602    0.0    8.120674271916428e-17    6.928541646552926e-09
603    -0.0    -1.7423128911842056e-16    6.9285419019909575e-09
604    -0.0    -2.0925101928970236e-17    6.92854174868477e-09
605    -0.0    -1.0560129160008813e-16    6.92854183336096e-09
606    -0.0    -7.43762690325056e-17    6.928541802135937e-09
607    0.0    7.361732751176575e-17    6.928541654142341e-09
608    -0.0    -8.44593492366208e-17    6.928541812219018e-09
609    0.0    3.5561831257524545e-17    6.928541692197837e-09
610    -0.0    -2.0166160408230382e-17    6.928541747925829e-09
611    0.0    5.637851296924623e-17    6.928541671381155e-09
612    0.0    9.920449878242366e-17    6.9285416285551696e-09
613    -0.0    -9.812029660993815e-17    6.928541825879965e-09
614    0.0    2.190088388420719e-17    6.9285417058587845e-09
615    0.0    1.2902005852577503e-16    6.92854159873961e-09
616    0.0    8.413408858487514e-17    6.92854164362558e-09
617    -0.0    -1.710871028182126e-16    6.928541898846771e-09
618    -0.0    -1.4018734090237572e-16    6.928541867947009e-09
619    -0.0    -2.6346112791397758e-17    6.928541754105781e-09
620    0.0    5.670377362099188e-17    6.928541671055895e-09
621    -0.0    -6.396792817664476e-17    6.9285417917275965e-09
622    -0.0    -1.1741909528018013e-16    6.928541845178764e-09
623    -0.0    -1.235990476633475e-17    6.928541740119573e-09
624    -0.0    -1.0039712117215771e-16    6.9285418281567895e-09
625    0.0    1.362842130814279e-16    6.928541591475455e-09
626    0.0    1.7379760824942636e-16    6.92854155396206e-09
627    0.0    7.600257229123386e-17    6.928541651757096e-09
628    0.0    7.925517880869037e-17    6.9285416485044896e-09
629    -0.0    -3.664603343001005e-17    6.928541764405702e-09
630    0.0    1.362842130814279e-16    6.928541591475455e-09
631    -0.0    -1.3704315460216776e-16    6.928541864802823e-09
632    -0.0    -2.5478751053409354e-17    6.9285417532384194e-09
633    -0.0    -5.410168840702667e-17    6.928541781861357e-09
634    -0.0    -2.4936649967166602e-17    6.928541752696318e-09
635    -0.0    -5.312590645178972e-18    6.928541733072259e-09
636    -0.0    -4.206704429243757e-17    6.928541769826713e-09
637    0.0    3.426078865054194e-17    6.92854169349888e-09
638    0.0    4.466912950640278e-17    6.928541683090539e-09
639    -0.0    -1.6479873021779667e-16    6.9285418925583986e-09
640    -0.0    -2.168404344971009e-18    6.928541729928073e-09
641    -0.0    -7.892991815694472e-17    6.9285418066895865e-09
642    -0.0    -7.752045533271357e-17    6.928541805280124e-09
643    -0.0    -7.903833837419327e-17    6.928541806798007e-09
644    0.0    4.662069341687669e-17    6.928541681138975e-09
645    -0.0    -3.577867169202165e-18    6.9285417313375355e-09
646    0.0    3.8272336688738307e-17    6.928541689487332e-09
647    0.0    1.820375447603162e-16    6.928541545722124e-09
648    0.0    1.1514227071796057e-16    6.928541612617398e-09
649    -0.0    -4.5536491244391186e-17    6.92854177329616e-09
650    0.0    2.1716569514884654e-16    6.928541510593973e-09
651    -0.0    -2.1564781210736683e-16    6.9285419434074805e-09
652    0.0    3.3176586478056436e-17    6.928541694583082e-09
653    -0.0    -6.179952383167375e-18    6.928541733939621e-09
654    -0.0    -1.8756697583999227e-17    6.928541746516366e-09
655    -0.0    -2.4253602598500734e-16    6.928541970295694e-09
656    -0.0    -1.7943545954635098e-16    6.928541907195128e-09
657    0.0    3.2526065174565133e-19    6.928541727434408e-09
658    0.0    8.055622141567298e-17    6.928541647203447e-09
659    -0.0    -1.8214596497756474e-17    6.928541745974265e-09
660    -0.0    -1.7943545954635098e-16    6.928541907195128e-09
661    0.0    1.0299920638612292e-16    6.928541624760462e-09
662    0.0    5.5294310796760726e-18    6.928541722230237e-09
663    0.0    1.214306433183765e-17    6.928541715616604e-09
664    0.0    8.413408858487514e-17    6.92854164362558e-09
665    0.0    3.2526065174565133e-19    6.928541727434408e-09
666    0.0    1.6707555478001623e-16    6.928541560684114e-09
667    -0.0    -5.204170427930421e-18    6.928541732963839e-09
668    0.0    9.150666335777657e-17    6.928541636253005e-09
669    -0.0    -1.5233040523421337e-16    6.928541880090074e-09
670    -0.0    -1.5504091066542713e-17    6.9285417432637594e-09
671    -0.0    -1.1438332919722072e-16    6.9285418421429976e-09
672    0.0    1.1438332919722072e-16    6.928541613376339e-09
673    -0.0    -1.0299920638612292e-16    6.928541830758875e-09
674    -0.0    -1.5016200088924236e-16    6.928541877921669e-09
675    0.0    2.5153490401663703e-17    6.928541702606178e-09
676    0.0    1.437652080715779e-16    6.92854158399446e-09
677    -0.0    -5.724587470723463e-17    6.928541785005543e-09
678    0.0    2.42861286636753e-17    6.92854170347354e-09
679    -0.0    -5.312590645178972e-17    6.928541780885575e-09
680    0.0    4.7921736023859296e-17    6.928541679837932e-09
681    -0.0    -4.846383711010205e-17    6.9285417762235055e-09
682    -0.0    -1.1254018550399536e-16    6.928541840299854e-09
683    0.0    6.852157730108388e-17    6.928541659238091e-09
684    -0.0    -4.423544863740858e-17    6.928541771995117e-09
685    0.0    2.439454888092385e-17    6.9285417033651195e-09
686    0.0    6.396792817664476e-17    6.92854166379174e-09
687    0.0    2.4069288229178198e-17    6.92854170369038e-09
688    -0.0    -7.383416794626285e-17    6.928541801593836e-09
689    -0.0    -2.862293735361732e-17    6.928541756382606e-09
690    -0.0    -7.144892316679474e-17    6.9285417992085915e-09
691    0.0    1.5439038936193583e-16    6.928541573369279e-09
692    -0.0    -1.951563910473908e-18    6.928541729711232e-09
693    0.0    1.3010426069826053e-17    6.928541714749242e-09
694    -0.0    -2.211772431870429e-17    6.928541749877393e-09
695    -0.0    -6.429318882839041e-17    6.928541792052857e-09
696    0.0    3.144186300207963e-18    6.928541724615482e-09
697    -0.0    -4.391018798566293e-17    6.928541771669856e-09
698    0.0    3.881443777498106e-17    6.928541688945231e-09
699    0.0    1.1080546202801855e-16    6.928541616954206e-09
700    -0.0    -8.68445940160889e-17    6.928541814604262e-09
701    -0.0    -7.470152968425126e-17    6.928541802461198e-09
702    -0.0    -1.0169816377914032e-16    6.928541829457832e-09
703    -0.0    -1.0842021724855044e-19    6.9285417278680886e-09
704    -0.0    -8.695301423333746e-17    6.928541814712683e-09
705    0.0    1.3010426069826053e-17    6.928541714749242e-09
706    -0.0    -5.865533753146579e-17    6.928541786415006e-09
707    0.0    3.165870343657673e-17    6.928541696100965e-09
708    -0.0    -3.69712940817557e-17    6.9285417647309624e-09
709    0.0    2.5912431922403556e-17    6.9285417018472364e-09
710    -0.0    -1.4094628242311558e-17    6.928541741854297e-09
711    0.0    2.6454533008646308e-17    6.928541701305135e-09
712    -0.0    -6.505213034913027e-19    6.92854172841019e-09
713    -0.0    -8.716985466783456e-17    6.928541814929523e-09
714    -0.0    -2.1098574276567916e-16    6.928541938745411e-09
715    0.0    1.0039712117215771e-16    6.928541627362547e-09
716    -0.0    -3.7838655819744105e-17    6.928541765598324e-09
717    0.0    8.59772322781005e-17    6.928541641782436e-09
718    0.0    4.445228907190568e-17    6.928541683307379e-09
719    -0.0    -6.722053469410127e-17    6.928541794980203e-09
720    -0.0    -3.5344990823027445e-17    6.928541763104659e-09
721    0.0    2.535948881443595e-16    6.92854147416478e-09
722    0.0    8.771195575407731e-17    6.928541640047713e-09
723    -0.0    -4.3151246464923076e-17    6.928541770910915e-09
724    0.0    7.600257229123386e-17    6.928541651757096e-09
725    0.0    1.951563910473908e-18    6.9285417258081045e-09
726    0.0    1.4072944198861848e-16    6.928541587030226e-09
727    0.0    1.8431436932253575e-18    6.928541725916525e-09
728    -0.0    -5.735429492448318e-17    6.928541785113963e-09
729    0.0    1.979753166958531e-16    6.928541529784352e-09
730    -0.0    -4.336808689942018e-19    6.928541728193349e-09
731    -0.0    -2.3960868011929648e-17    6.928541751720536e-09
732    -0.0    -3.198396408832238e-17    6.9285417597436325e-09
733    0.0    1.833385873672988e-16    6.928541544421081e-09
734    0.0    1.813870234568249e-16    6.928541546372645e-09
735    -0.0    -1.1926223897340549e-18    6.928541728952291e-09
736    -0.0    -7.188260403578894e-17    6.928541799642272e-09
737    0.0    1.3997050046787862e-16    6.928541587789168e-09
738    0.0    8.142358315366138e-17    6.928541646336085e-09
739    0.0    7.925517880869037e-17    6.9285416485044896e-09
740    0.0    7.578573185673676e-17    6.9285416519739365e-09
741    0.0    7.383416794626285e-17    6.9285416539255004e-09
742    -0.0    -1.1600963245594897e-17    6.928541739360632e-09
743    0.0    9.183192400952223e-17    6.928541635927744e-09
744    -0.0    -6.06069014419397e-17    6.92854178836657e-09
745    -0.0    -6.765421556309548e-17    6.928541795413884e-09
746    -0.0    -1.5189672436521917e-16    6.928541879656393e-09
747    0.0    2.992397996059992e-17    6.928541697835688e-09
748    -0.0    -1.5872719805187785e-16    6.9285418864868664e-09
749    0.0    5.442694905877232e-17    6.928541673332719e-09
750    0.0    1.098296800727816e-16    6.928541617929988e-09
751    0.0    1.100465205072787e-16    6.928541617713148e-09
752    0.0    5.117434254131581e-17    6.928541676585326e-09
753    -0.0    -6.277530578691071e-17    6.928541790534974e-09
754    -0.0    -6.591949208711867e-17    6.9285417936791605e-09
755    0.0    1.4712623480628295e-16    6.9285415806334336e-09
756    0.0    1.098296800727816e-16    6.928541617929988e-09
757    0.0    2.6150956400350367e-16    6.928541466250104e-09
758    0.0    2.5370330836160804e-17    6.9285417023893375e-09
759    0.0    2.207435623180487e-16    6.928541507016106e-09
760    0.0    7.676151381197371e-17    6.9285416509981546e-09
761    -0.0    -1.9038590148845458e-16    6.92854191814557e-09
762    -0.0    -2.688821387764051e-17    6.928541754647882e-09
763    -0.0    -2.1250362580715887e-17    6.928541749010031e-09
764    -0.0    -4.152494320619482e-17    6.9285417692846116e-09
765    0.0    1.1546753136970622e-16    6.928541612292137e-09
766    0.0    5.160802341031001e-17    6.928541676151645e-09
767    -0.0    -7.643625316022806e-17    6.9285418041959215e-09
768    0.0    1.2761059570154387e-16    6.928541600149073e-09
769    -0.0    -4.9439619065339e-17    6.9285417771992874e-09
770    -0.0    -1.0137290312739466e-16    6.9285418291325715e-09
771    -0.0    -7.361732751176575e-17    6.928541801376996e-09
772    -0.0    -8.164042358815848e-17    6.928541809400092e-09
773    0.0    1.330316065639714e-16    6.928541594728062e-09
774    -0.0    -7.426784881525705e-17    6.928541802027517e-09
775    -0.0    -2.1467203015212988e-17    6.928541749226871e-09
776    0.0    1.113475631142613e-16    6.928541616412105e-09
777    -0.0    -1.2088854223213374e-16    6.928541848648211e-09
778    0.0    1.0061396160665481e-16    6.928541627145707e-09
779    0.0    1.431146867680866e-17    6.9285417134482e-09
780    0.0    1.8431436932253575e-17    6.9285417093282314e-09
781    -0.0    -9.172350379227368e-17    6.928541819483172e-09
782    0.0    8.543513119185775e-17    6.928541642324537e-09
783    -0.0    -9.432558900623889e-17    6.928541822085257e-09
784    -0.0    -5.128276275856436e-17    6.928541779042431e-09
785    0.0    7.253312533928025e-17    6.928541655226543e-09
786    0.0    8.57603918436034e-17    6.9285416419992765e-09
787    0.0    8.521829075736065e-17    6.928541642541378e-09
788    0.0    1.7520707107365752e-16    6.928541552552597e-09
789    0.0    6.548581121812447e-17    6.928541662273857e-09
790    -0.0    -3.122502256758253e-17    6.928541758984691e-09
791    0.0    1.115644035487584e-16    6.928541616195265e-09
792    0.0    9.053088140253962e-17    6.928541637228787e-09
793    -0.0    -1.8539857149502126e-17    6.9285417462995255e-09
794    0.0    6.5052130349130266e-18    6.928541721254455e-09
795    0.0    4.705437428587089e-17    6.928541680705294e-09
796    -0.0    -8.727827488508311e-17    6.928541815037943e-09
797    0.0    6.667843360785852e-17    6.928541661081235e-09
798    0.0    7.958043946043603e-17    6.928541648179229e-09
799    -0.0    -6.657001339060997e-17    6.928541794329682e-09
800    0.0    4.0657581468206416e-17    6.928541687102087e-09
801    -0.0    -8.977193988179977e-17    6.928541817531608e-09
802    0.0    8.998878031629687e-18    6.92854171876079e-09
803    0.0    3.133344278483108e-17    6.9285416964262256e-09
804    0.0    7.37257477290143e-18    6.928541720387094e-09
805    0.0    9.497611030973019e-17    6.928541632783558e-09
806    0.0    7.968885967768458e-17    6.928541648070809e-09
807    -0.0    -4.0115480381963664e-18    6.928541731771216e-09
808    0.0    3.5561831257524545e-17    6.928541692197837e-09
809    -0.0    -1.2023802092864244e-16    6.928541847997689e-09
810    0.0    1.734723475976807e-18    6.928541726024945e-09
811    0.0    7.26415455565288e-18    6.928541720495514e-09
812    0.0    3.707971429900425e-17    6.928541690679954e-09
813    0.0    1.1394964832822652e-16    6.92854161381002e-09
814    0.0    1.0831179703130189e-16    6.928541619447871e-09
815    -0.0    -1.2761059570154387e-16    6.928541855370264e-09
816    -0.0    -1.1492543028346347e-16    6.928541842685099e-09
817    -0.0    -3.187554387107383e-17    6.928541759635212e-09
818    -0.0    -5.2800645800044066e-17    6.928541780560314e-09
819    -0.0    -1.3769367590565906e-17    6.928541741529036e-09
820    0.0    3.7513395167998453e-17    6.928541690246273e-09
821    0.0    7.773729576721067e-17    6.928541650022373e-09
822    -0.0    -1.485356976305141e-16    6.928541876295366e-09
823    0.0    1.24683249835833e-16    6.9285416030764185e-09
824    0.0    1.702197410802242e-17    6.928541710737694e-09
825    -0.0    -8.098990228466718e-17    6.928541808749571e-09
826    0.0    1.6263032587282567e-17    6.928541711496636e-09
827    -0.0    -2.179246366695864e-17    6.928541749552132e-09
828    0.0    1.5937771935536915e-17    6.9285417118218964e-09
829    -0.0    -8.814563662307151e-17    6.928541815905305e-09
830    -0.0    -1.4994516045474526e-16    6.928541877704829e-09
831    -0.0    -2.7538735181131813e-17    6.9285417552984035e-09
832    0.0    2.3093506273941244e-17    6.928541704666162e-09
833    0.0    7.41594285980085e-17    6.92854165360024e-09
834    -0.0    -7.860465750519907e-17    6.928541806364326e-09
835    -0.0    -2.0003530082357557e-16    6.928541927794969e-09
836    -0.0    -9.215718466126788e-18    6.928541736975387e-09
837    0.0    1.109138822452671e-16    6.928541616845786e-09
838    -0.0    -7.123208273229764e-17    6.928541798991751e-09
839    0.0    4.640385298237959e-17    6.928541681355815e-09
840    -0.0    -2.6020852139652106e-17    6.9285417537805205e-09
841    0.0    8.348356728138384e-17    6.928541644276101e-09
842    0.0    1.1926223897340549e-18    6.928541726567046e-09
843    0.0    1.3552527156068805e-16    6.928541592234397e-09
844    -0.0    -1.6490715043504522e-16    6.928541892666819e-09
845    -0.0    -1.1590121223870042e-16    6.928541843660881e-09
846    -0.0    -2.0415526907902048e-16    6.9285419319149374e-09
847    0.0    8.727827488508311e-17    6.9285416404813935e-09
848    -0.0    -1.8648277366750676e-17    6.928541746407946e-09
849    -0.0    -1.734723475976807e-17    6.928541745106903e-09
850    0.0    2.0274580625478933e-17    6.928541707485088e-09
851    -0.0    -1.6328084717631697e-16    6.9285418910405155e-09
852    -0.0    -7.589415207398531e-18    6.9285417353490836e-09
853    0.0    1.319474043914859e-16    6.928541595812264e-09
854    -0.0    -5.193328406205566e-17    6.9285417796929524e-09
855    -0.0    -1.3227266504323154e-17    6.928541740986935e-09
856    0.0    4.412702842016003e-17    6.92854168363264e-09
857    0.0    4.141652298894627e-17    6.928541686343145e-09
858    0.0    6.5052130349130266e-18    6.928541721254455e-09
859    0.0    3.491130995403324e-17    6.928541692848358e-09
860    0.0    1.0234868508263162e-16    6.928541625410983e-09
861    0.0    4.4777549723651333e-17    6.928541682982119e-09
862    0.0    1.4560835176480325e-16    6.928541582151317e-09
863    -0.0    -5.2258544713801314e-17    6.928541780018213e-09
864    0.0    2.1759937601784074e-16    6.928541510160292e-09
865    -0.0    -2.0903417885520525e-16    6.928541936793847e-09
866    -0.0    -5.160802341031001e-17    6.928541779367692e-09
867    -0.0    -4.098284211995207e-17    6.9285417687425105e-09
868    -0.0    -5.659535340374333e-17    6.928541784355022e-09
869    0.0    7.166576360129184e-17    6.928541656093905e-09
870    -0.0    -4.5644911461639737e-17    6.92854177340458e-09
871    -0.0    -1.431146867680866e-17    6.928541742071137e-09
872    -0.0    -5.421010862427522e-17    6.928541781969777e-09
873    0.0    5.312590645178972e-17    6.928541674633762e-09
874    0.0    2.349466107776088e-16    6.928541492813058e-09
875    -0.0    -4.9873299934333204e-18    6.928541732746998e-09
876    0.0    3.5344990823027445e-17    6.9285416924146775e-09
877    0.0    4.2500725161431774e-17    6.928541685258943e-09
878    0.0    3.5019730171281793e-17    6.928541692739938e-09
879    0.0    1.6371452804531117e-16    6.92854156404514e-09
880    -0.0    -5.941427905220564e-17    6.9285417871739474e-09
881    0.0    1.371515748194163e-16    6.9285415906080935e-09
882    0.0    4.3042826247674526e-17    6.928541684716842e-09
883    0.0    7.773729576721067e-17    6.928541650022373e-09
884    0.0    3.2526065174565133e-19    6.928541727434408e-09
885    0.0    1.715207836872068e-16    6.928541556238885e-09
886    -0.0    -3.187554387107383e-17    6.928541759635212e-09
887    0.0    9.486769009248164e-17    6.928541632891978e-09
888    0.0    9.324138683375338e-18    6.92854171843553e-09
889    0.0    1.5157146371347352e-16    6.928541576188205e-09
890    -0.0    -6.938893903907228e-18    6.928541734698562e-09
891    0.0    7.611099250848241e-17    6.928541651648676e-09
892    0.0    1.984089975648473e-17    6.928541707918769e-09
893    -0.0    -1.3975366003338152e-16    6.928541867513328e-09
894    0.0    1.2468324983583301e-17    6.928541715291343e-09
895    -0.0    -8.814563662307151e-17    6.928541815905305e-09
896    -0.0    -4.90059381963448e-17    6.9285417767656066e-09
897    0.0    1.0397498834135988e-16    6.92854162378468e-09
898    0.0    1.0787811616230769e-16    6.928541619881552e-09
899    -0.0    -4.087442190270352e-17    6.92854176863409e-09
900    0.0    1.691355389077387e-17    6.9285417108461145e-09
901    0.0    4.5644911461639737e-17    6.928541682114757e-09
902    -0.0    -8.64109131470947e-17    6.9285418141705815e-09
903    0.0    4.3042826247674526e-17    6.928541684716842e-09
904    -0.0    -7.047314121155779e-17    6.9285417982328096e-09
905    0.0    3.957337929572091e-17    6.928541688186289e-09
906    0.0    5.0090140368830305e-17    6.928541677669528e-09
907    -0.0    -4.228388472693467e-18    6.928541731988057e-09
908    0.0    1.5829351718288365e-17    6.928541711930317e-09
909    0.0    1.6371452804531117e-17    6.9285417113882156e-09
910    0.0    4.96564594998361e-17    6.928541678103209e-09
911    -0.0    -5.854691731421724e-17    6.928541786306586e-09
912    -0.0    -9.90960785651751e-17    6.928541826855747e-09
913    -0.0    -4.5536491244391186e-17    6.92854177329616e-09
914    -0.0    -6.873841773558098e-17    6.928541796498086e-09
915    -0.0    -1.0169816377914032e-16    6.928541829457832e-09
916    -0.0    -7.567731163948821e-17    6.92854180343698e-09
917    -0.0    -1.2349062744609896e-16    6.928541851250296e-09
918    -0.0    -1.9374692822315964e-16    6.928541921506597e-09
919    0.0    2.2941717969793274e-16    6.928541498342489e-09
920    -0.0    -6.028164079019405e-17    6.928541788041309e-09
921    0.0    7.24247051220317e-17    6.928541655334963e-09
922    0.0    2.0491421059976034e-17    6.928541707268247e-09
923    -0.0    -1.0646865333807654e-16    6.928541834228322e-09
924    -0.0    -9.606031248221569e-17    6.928541823819981e-09
925    -0.0    -6.960577947356938e-17    6.928541797365448e-09
926    0.0    3.935653886122381e-17    6.9285416884031295e-09
927    0.0    4.4885969940899884e-17    6.9285416828736984e-09
928    -0.0    -6.1257422745431e-17    6.928541789017091e-09
929    0.0    5.4969050145015075e-17    6.928541672790618e-09
930    0.0    9.118140270603092e-17    6.928541636578266e-09
931    0.0    4.206704429243757e-17    6.928541685692624e-09
932    0.0    9.107298248878237e-17    6.928541636686686e-09
933    -0.0    -5.854691731421724e-17    6.928541786306586e-09
934    -0.0    -1.1926223897340549e-18    6.928541728952291e-09
935    -0.0    -9.172350379227368e-17    6.928541819483172e-09
936    0.0    1.235990476633475e-16    6.928541604160621e-09
937    0.0    1.3010426069826053e-18    6.928541726458626e-09
938    -0.0    -4.2934406030425976e-17    6.928541770694074e-09
939    -0.0    -6.657001339060997e-17    6.928541794329682e-09
940    -0.0    -2.3310346708438345e-17    6.928541751070015e-09
941    -0.0    -3.621235256101585e-17    6.928541763972021e-09
942    -0.0    -4.586175189613684e-17    6.92854177362142e-09
943    0.0    6.407634839389331e-17    6.92854166368332e-09
944    -0.0    -8.673617379884035e-17    6.928541814495842e-09
945    -0.0    -9.248244531301353e-17    6.928541820242114e-09
946    0.0    1.8962695996771473e-16    6.928541538132708e-09
947    -0.0    -1.2999584048101198e-16    6.928541857755509e-09
948    0.0    4.7379634937616544e-17    6.9285416803800334e-09
949    -0.0    -2.8514517136368767e-17    6.9285417562741855e-09
950    0.0    3.642919299551295e-17    6.928541691330475e-09
951    -0.0    -2.905661822261152e-17    6.928541756816287e-09
952    0.0    6.722053469410127e-17    6.928541660539134e-09
953    -0.0    -1.6295558652457132e-16    6.928541890715255e-09
954    -0.0    -8.61940727125976e-17    6.928541813953741e-09
955    0.0    3.187554387107383e-17    6.9285416958841245e-09
956    -0.0    -3.1008182133085427e-17    6.9285417587678505e-09
957    -0.0    -3.0140820395097023e-17    6.928541757900489e-09
958    -0.0    -1.3845261742639892e-16    6.928541866212286e-09
959    0.0    3.7730235602495554e-17    6.928541690029433e-09
960    0.0    4.9873299934333204e-17    6.9285416778863684e-09
961    0.0    6.862999751833243e-17    6.928541659129671e-09
962    -0.0    -4.7704895589362195e-17    6.928541775464564e-09
963    -0.0    -4.2717565595928875e-17    6.928541770477234e-09
964    -0.0    -2.862293735361732e-17    6.928541756382606e-09
965    0.0    1.6479873021779667e-17    6.928541711279795e-09
966    0.0    5.0306980803327406e-17    6.9285416774526876e-09
967    0.0    9.93129189996722e-17    6.928541628446749e-09
968    0.0    1.109138822452671e-16    6.928541616845786e-09
969    -0.0    -6.461844948013606e-17    6.928541792378118e-09
970    0.0    1.1416648876272362e-16    6.92854161359318e-09
971    0.0    2.2876665839444144e-17    6.9285417048830025e-09
972    -0.0    -1.7672495411513722e-17    6.928541745432164e-09
973    0.0    1.3086320221900039e-16    6.928541596896466e-09
974    0.0    1.1069704181077e-16    6.9285416170626266e-09
975    0.0    7.697835424647081e-17    6.928541650781314e-09
976    0.0    3.642919299551295e-17    6.928541691330475e-09
977    -0.0    -1.3942839938163587e-16    6.928541867188068e-09
978    -0.0    -7.361732751176575e-17    6.928541801376996e-09
979    0.0    3.2634485391813683e-17    6.928541695125183e-09
980    0.0    1.0538445116559103e-16    6.928541622375217e-09
981    0.0    3.400058012914542e-16    6.928541387753867e-09
982    0.0    4.281514379145257e-16    6.9285412996082305e-09
983    0.0    4.849636317527661e-16    6.928541242796037e-09
984    0.0    1.0038627915043286e-15    6.928540723896877e-09
985    0.0    2.793446897408902e-15    6.928538934312771e-09
986    0.0    6.3501721242475995e-15    6.928535377587544e-09
987    0.0    1.5122018220958822e-14    6.928526605741447e-09
988    0.0    3.561539084484533e-14    6.9285061123688235e-09
989    0.0    8.364554708595318e-14    6.9284580822125824e-09
990    0.0    1.9645548209046293e-13    6.928345272277578e-09
991    0.0    4.610031974217055e-13    6.928080724562247e-09
992    0.0    1.082417900970245e-12    6.927459309858698e-09
993    0.0    2.5417659513596313e-12    6.925999961808309e-09
994    0.0    5.9688569191418406e-12    6.9225728708405265e-09
995    0.0    1.4025115270543953e-11    6.9145166124891244e-09
996    0.0    3.302789639003656e-11    6.895513831369632e-09
997    0.0    7.848079640587063e-11    6.850060931353798e-09
998    0.0    1.941931432282093e-10    6.734348584531459e-09
999    1.2766140969865114e-09    6.383070484932557e-10    6.290234679266413e-09
