0    2.2124610845643267e-09    1.1062305422821633e-09    5.518456627751599e-09
1    3.0293611967893708e-09    1.5146805983946854e-09    5.110006571639077e-09
2    3.826547574463379e-09    1.9132737872316896e-09    4.711413382802072e-09
3    4.600175091112185e-09    2.3000875455560926e-09    4.324599624477669e-09
4    5.3462126954183925e-09    2.6731063477091963e-09    3.951580822324566e-09
5    6.061061233854706e-09    3.030530616927353e-09    3.594156553106409e-09
6    6.7416648587455275e-09    3.3708324293727637e-09    3.2538547406609983e-09
7    7.385550770131269e-09    3.6927753850656345e-09    2.9319117849681275e-09
8    7.99084534913036e-09    3.99542267456518e-09    2.629264495468582e-09
9    8.556277471911608e-09    4.278138735955804e-09    2.346548434077958e-09
10    9.081156111161517e-09    4.540578055580759e-09    2.0841091144530033e-09
11    9.565344952092505e-09    4.782672476046253e-09    1.8420146939875093e-09
12    1.0009221152644868e-08    5.004610576322434e-09    1.6200765937113282e-09
13    1.0413623481543219e-08    5.206811740771609e-09    1.4178754292621526e-09
14    1.0779795572455828e-08    5.389897786227914e-09    1.2347893838058482e-09
15    1.1109323563721421e-08    5.5546617818607105e-09    1.0700253881730515e-09
16    1.1404071123630871e-08    5.7020355618154356e-09    9.226516082183264e-10
17    1.1666117717473376e-08    5.833058858736688e-09    7.91628311297074e-10
18    1.1897693399280998e-08    5.948846699640499e-09    6.75840470393263e-10
19    1.2101122209753207e-08    6.050561104876603e-09    5.741260651571586e-10
20    1.2278769601341971e-08    6.1393848006709856e-09    4.853023693627764e-10
21    1.2432991460800333e-08    6.216495730400166e-09    4.081914396335956e-10
22    1.2566098685478505e-08    6.2830493427392525e-09    3.416378272945095e-10
23    1.268031783112182e-08    6.34015891556091e-09    2.845282544728517e-10
24    1.2777769057030139e-08    6.3888845285150694e-09    2.3580264151869257e-10
25    1.2860441483443508e-08    6.430220741721754e-09    1.9446642831200817e-10
26    1.2930182141136781e-08    6.465091070568391e-09    1.595960994653714e-10
27    1.2988685377029671e-08    6.494342688514836e-09    1.3034448151892641e-10
28    1.3037491669153772e-08    6.518745834576886e-09    1.0594133545687584e-10
29    1.3077985162694705e-08    6.538992581347353e-09    8.569458868640939e-11
30    1.311139995489527e-08    6.555699977447635e-09    6.898719258612712e-11
31    1.313882550739269e-08    6.569412753696345e-09    5.527441633741692e-11
32    1.3161215935229148e-08    6.580607967614574e-09    4.4079202419188e-11
33    1.3179399304752773e-08    6.5896996523763865e-09    3.498751765737551e-11
34    1.3194089338664297e-08    6.5970446693321486e-09    2.7642500701613448e-11
35    1.3205896430643765e-08    6.602948215321883e-09    2.173895471187931e-11
36    1.32153379277071e-08    6.60766896385355e-09    1.701820618021238e-11
37    1.3222849776272153e-08    6.611424888136076e-09    1.3262281897685746e-11
38    1.3228796130575204e-08    6.614398065287602e-09    1.0289104746159794e-11
39    1.3233480641167139e-08    6.6167403205835695e-09    7.946849450192472e-12
40    1.323715310996322e-08    6.61857655498161e-09    6.110615052151713e-12
41    1.3240017950923166e-08    6.620008975461583e-09    4.678194572178829e-12
42    1.3242242098438634e-08    6.621121049219317e-09    3.5661208144452394e-12
43    1.3243961085804279e-08    6.6219805429021394e-09    2.706627131622563e-12
44    1.3245282700496963e-08    6.6226413502484816e-09    2.045819785280456e-12
45    1.3246295122630938e-08    6.623147561315469e-09    1.5396087182928397e-12
46    1.3247066399987156e-08    6.623533199993578e-09    1.1539700401838604e-12
47    1.324765185463199e-08    6.623825927315995e-09    8.612427177673299e-13
48    1.3248093856318977e-08    6.624046928159488e-09    6.402418742737503e-13
49    1.32484265914605e-08    6.62421329573025e-09    4.738743035123671e-13
50    1.324867551799093e-08    6.624337758995465e-09    3.4941103829733144e-13
51    1.3248861088083208e-08    6.624430544041604e-09    2.566259921579772e-13
52    1.3248998808647328e-08    6.624499404323664e-09    1.8776571009820886e-13
53    1.324910083770961e-08    6.624550418854805e-09    1.3675117895711741e-13
54    1.3249175845417988e-08    6.624587922708994e-09    9.924732476823683e-14
55    1.3249230581364665e-08    6.624615290682333e-09    7.187935142927149e-14
56    1.3249271120551256e-08    6.624635560275628e-09    5.160975813378599e-14
57    1.3249300534305675e-08    6.624650267152837e-09    3.6902880924671866e-14
58    1.3249321337109599e-08    6.624660668554799e-09    2.650147896271493e-14
59    1.3249336785255833e-08    6.6246683926279165e-09    1.87774058454937e-14
60    1.3249347739817743e-08    6.624673869908872e-09    1.330012489031418e-14
61    1.3249355475817085e-08    6.624677737908542e-09    9.432125219754894e-15
62    1.3249360742871238e-08    6.624680371435619e-09    6.798598142787604e-15
63    1.3249364878018324e-08    6.624682439009162e-09    4.731024599857747e-15
64    1.3249367771753923e-08    6.624683885876961e-09    3.2841568006758415e-15
65    1.3249370073298294e-08    6.624685036649147e-09    2.133384614799727e-15
66    1.324937109938723e-08    6.624685549693615e-09    1.6203401467795864e-15
67    1.324937233667875e-08    6.624686168339375e-09    1.0016943871593575e-15
68    1.3249372480443958e-08    6.624686240221979e-09    9.298117831235686e-16
69    1.3249373279500959e-08    6.6246866397504794e-09    5.302832825626602e-16
70    1.3249373736600595e-08    6.624686868300297e-09    3.017334646027159e-16
71    1.3249374202807529e-08    6.6246871014037645e-09    6.862999751833243e-17
72    1.3249374252030308e-08    6.624687126015154e-09    4.401860820291148e-17
73    1.324937416811306e-08    6.62468708405653e-09    8.59772322781005e-17
74    1.3249374350259024e-08    6.624687175129512e-09    5.095750210681871e-18
75    1.3249374576640438e-08    6.624687288320219e-09    1.1828645701816853e-16
76    1.3249374576206757e-08    6.624687288103379e-09    1.1806961658367143e-16
77    1.32493741184566e-08    6.6246870592283e-09    1.1080546202801855e-16
78    1.3249374319901364e-08    6.624687159950682e-09    1.0083080204115191e-17
79    1.3249374241838807e-08    6.624687120919404e-09    4.911435841359335e-17
80    1.3249374208879061e-08    6.6246871044395306e-09    6.559423143537302e-17
81    1.3249374505733616e-08    6.624687252866808e-09    8.283304597789254e-17
82    1.3249374630633706e-08    6.624687315316853e-09    1.452830911130576e-16
83    1.3249374108915621e-08    6.6246870544578104e-09    1.1557595158695477e-16
84    1.3249373856513355e-08    6.6246869282566775e-09    2.417770844642675e-16
85    1.3249374217552679e-08    6.624687108776339e-09    6.1257422745431e-17
86    1.3249374197386518e-08    6.624687098693259e-09    7.134050294954619e-17
87    1.3249374513973552e-08    6.624687256986776e-09    8.695301423333746e-17
88    1.3249374535874436e-08    6.624687267937218e-09    9.790345617544105e-17
89    1.3249374570352065e-08    6.624687285176033e-09    1.1514227071796057e-16
90    1.3249374575773076e-08    6.624687287886538e-09    1.1785277614917433e-16
91    1.3249374058174959e-08    6.6246870290874796e-09    1.4094628242311558e-16
92    1.324937418329189e-08    6.624687091645945e-09    7.838781707070197e-17
93    1.3249374177437198e-08    6.624687088718599e-09    8.131516293641283e-17
94    1.3249374109349302e-08    6.624687054674651e-09    1.1535911115245767e-16
95    1.3249374202590689e-08    6.624687101295344e-09    6.873841773558098e-17
96    1.3249374406854378e-08    6.624687203427189e-09    3.3393426912553537e-17
97    1.3249374608949663e-08    6.624687304474831e-09    1.3444106938820255e-16
98    1.3249374503565212e-08    6.624687251782606e-09    8.174884380540703e-17
99    1.3249374606564418e-08    6.624687303282209e-09    1.332484469984685e-16
100    1.3249374544981735e-08    6.624687272490867e-09    1.0245710529988017e-16
101    1.3249374504432573e-08    6.624687252216287e-09    8.218252467440124e-17
102    1.3249374568834182e-08    6.624687284417091e-09    1.1438332919722072e-16
103    1.32493744278879e-08    6.62468721394395e-09    4.391018798566293e-17
104    1.324937451267251e-08    6.624687256336255e-09    8.630249292984615e-17
105    1.324937401393951e-08    6.624687006969755e-09    1.6306400674181987e-16
106    1.3249374767676861e-08    6.6246873838384304e-09    2.1380466841414147e-16
107    1.324937417331723e-08    6.624687086658615e-09    8.337514706413529e-17
108    1.3249374424201613e-08    6.624687212100806e-09    4.206704429243757e-17
109    1.3249374294531033e-08    6.624687147265516e-09    2.2768245622195593e-17
110    1.3249374355463195e-08    6.6246871777315974e-09    7.697835424647081e-18
111    1.3249374253765031e-08    6.6246871268825155e-09    4.3151246464923076e-17
112    1.3249374290411065e-08    6.624687145205532e-09    2.482822974991805e-17
113    1.3249374658822963e-08    6.624687329411481e-09    1.5937771935536915e-16
114    1.3249374539560724e-08    6.624687269780362e-09    9.974659986866641e-17
115    1.3249374429188943e-08    6.624687214594471e-09    4.456070928915423e-17
116    1.3249374752931711e-08    6.624687376465856e-09    2.0643209364124004e-16
117    1.3249374286507937e-08    6.624687143253968e-09    2.677979366039196e-17
118    1.3249374398831282e-08    6.624687199415641e-09    2.938187887435717e-17
119    1.3249374619791685e-08    6.624687309895842e-09    1.3986208025063007e-16
120    1.324937423815252e-08    6.62468711907626e-09    5.095750210681871e-17
121    1.3249374279785883e-08    6.624687139892942e-09    3.0140820395097023e-17
122    1.3249374265474415e-08    6.624687132737207e-09    3.729655473350135e-17
123    1.3249374310794065e-08    6.624687155397033e-09    1.463672932855431e-17
124    1.3249374278268e-08    6.624687139134e-09    3.0899761915836876e-17
125    1.3249374299301522e-08    6.624687149650761e-09    2.0383000842727483e-17
126    1.3249374363919972e-08    6.624687181959986e-09    1.1926223897340549e-17
127    1.3249374354378993e-08    6.624687177189496e-09    7.15573433840433e-18
128    1.324937436803994e-08    6.62468718401997e-09    1.3986208025063007e-17
129    1.3249374225575775e-08    6.624687112787887e-09    5.724587470723463e-17
130    1.3249374301036246e-08    6.624687150518123e-09    1.951563910473908e-17
131    1.3249374433742592e-08    6.624687216871296e-09    4.683753385137379e-17
132    1.3249374544981735e-08    6.624687272490867e-09    1.0245710529988017e-16
133    1.3249374476026476e-08    6.624687238013238e-09    6.797947621484113e-17
134    1.3249374685060655e-08    6.624687342530328e-09    1.7249656564244376e-16
135    1.324937432315397e-08    6.624687161576985e-09    8.456776945386935e-18
136    1.3249374276750117e-08    6.6246871383750586e-09    3.165870343657673e-17
137    1.3249374214300072e-08    6.624687107150036e-09    6.288372600415926e-17
138    1.3249374585314055e-08    6.624687292657028e-09    1.2262326570811055e-16
139    1.3249374459546603e-08    6.624687229773302e-09    5.97395397039513e-17
140    1.3249374911442069e-08    6.6246874557210345e-09    2.856872724499304e-16
141    1.324937443265839e-08    6.624687216329195e-09    4.629543276513104e-17
142    1.3249374444150933e-08    6.624687222075466e-09    5.204170427930421e-17
143    1.324937461784012e-08    6.62468730892006e-09    1.3888629829539312e-16
144    1.324937475206435e-08    6.624687376032175e-09    2.0599841277224584e-16
145    1.324937394867054e-08    6.62468697433527e-09    1.9569849213363355e-16
146    1.324937448253169e-08    6.624687241265845e-09    7.123208273229764e-17
147    1.324937436283577e-08    6.624687181417885e-09    1.1384122811097797e-17
148    1.3249374635404196e-08    6.624687317702098e-09    1.476683358925257e-16
149    1.32493741785214e-08    6.6246870892607e-09    8.077306185017008e-17
150    1.324937417331723e-08    6.624687086658615e-09    8.337514706413529e-17
151    1.324937406381281e-08    6.624687031906405e-09    1.3812735677465326e-16
152    1.324937436283577e-08    6.624687181417885e-09    1.1384122811097797e-17
153    1.3249374427454219e-08    6.6246872137271096e-09    4.369334755116583e-17
154    1.3249374484700094e-08    6.624687242350047e-09    7.231628490478315e-17
155    1.324937404863398e-08    6.62468702431699e-09    1.457167719820518e-16
156    1.3249374131900707e-08    6.6246870659503534e-09    1.0408340855860843e-16
157    1.3249374390591345e-08    6.624687195295673e-09    2.5261910618912253e-17
158    1.324937431816664e-08    6.62468715908332e-09    1.0950441942103595e-17
159    1.3249374151633186e-08    6.624687075816593e-09    9.421716878899034e-17
160    1.324937449294003e-08    6.624687246470015e-09    7.643625316022806e-17
161    1.3249374312095108e-08    6.624687156047554e-09    1.3986208025063007e-17
162    1.3249374561461608e-08    6.624687280730804e-09    1.1069704181077e-16
163    1.3249374659473484e-08    6.624687329736742e-09    1.597029800071148e-16
164    1.3249374664894495e-08    6.6246873324472474e-09    1.6241348543832856e-16
165    1.3249374090701024e-08    6.624687045350512e-09    1.24683249835833e-16
166    1.3249374368473621e-08    6.6246871842368105e-09    1.4203048459560108e-17
167    1.3249374469738104e-08    6.624687234869052e-09    6.483528991463317e-17
168    1.3249374469521263e-08    6.624687234760632e-09    6.472686969738461e-17
169    1.3249374473858072e-08    6.624687236929036e-09    6.689527404235562e-17
170    1.3249374384302973e-08    6.624687192151486e-09    2.211772431870429e-17
171    1.3249374429622623e-08    6.624687214811312e-09    4.4777549723651333e-17
172    1.3249374497276839e-08    6.6246872486384195e-09    7.860465750519907e-17
173    1.3249374438296241e-08    6.6246872191481204e-09    4.911435841359335e-17
174    1.3249374294964714e-08    6.624687147482357e-09    2.2551405187698492e-17
175    1.3249374347223258e-08    6.624687173611629e-09    3.577867169202165e-18
176    1.3249374296265756e-08    6.624687148132878e-09    2.190088388420719e-17
177    1.3249374348524301e-08    6.6246871742621505e-09    4.228388472693467e-18
178    1.3249374292362628e-08    6.624687146181314e-09    2.3852447794681098e-17
179    1.3249374736451838e-08    6.624687368225919e-09    1.981921571303502e-16
180    1.324937450768518e-08    6.62468725384259e-09    8.380882793312949e-17
181    1.324937455755848e-08    6.62468727877924e-09    1.087454779002961e-16
182    1.3249374610684386e-08    6.624687305342193e-09    1.3530843112619095e-16
183    1.3249374389507143e-08    6.6246871947535715e-09    2.47198095326695e-17
184    1.324937450291469e-08    6.624687251457345e-09    8.142358315366138e-17
185    1.324937437324411e-08    6.624687186622055e-09    1.6588293239028218e-17
186    1.324937420345805e-08    6.624687101729025e-09    6.830473686658678e-17
187    1.3249374181774007e-08    6.6246870908870034e-09    7.914675859144182e-17
188    1.3249374494024233e-08    6.624687247012116e-09    7.697835424647081e-17
189    1.3249374137538558e-08    6.624687068769279e-09    1.0126448291014611e-16
190    1.3249374196735997e-08    6.624687098367998e-09    7.166576360129184e-17
191    1.3249374350475865e-08    6.6246871752379324e-09    5.204170427930421e-18
192    1.3249374364570493e-08    6.6246871822852466e-09    1.22514845490862e-17
193    1.3249374374545153e-08    6.6246871872725765e-09    1.723881454251952e-17
194    1.3249374253765031e-08    6.6246871268825155e-09    4.3151246464923076e-17
195    1.3249374019794202e-08    6.624687009897101e-09    1.60136660876109e-16
196    1.3249374686361698e-08    6.624687343180849e-09    1.7314708694593506e-16
197    1.3249374576857278e-08    6.624687288428639e-09    1.1839487723541708e-16
198    1.3249374740354966e-08    6.624687370177483e-09    2.0014372104082412e-16
199    1.3249374644294654e-08    6.624687322147327e-09    1.5211356479971627e-16
200    1.3249374514840914e-08    6.624687257420457e-09    8.738669510233166e-17
201    1.3249374435477315e-08    6.624687217738658e-09    4.7704895589362195e-17
202    1.324937449250635e-08    6.624687246253175e-09    7.621941272573096e-17
203    1.3249374614370674e-08    6.624687307185337e-09    1.371515748194163e-16
204    1.3249374580109885e-08    6.6246872900549425e-09    1.2002118049414534e-16
205    1.3249374268727021e-08    6.6246871343635105e-09    3.5670251474773096e-17
206    1.3249374356764237e-08    6.624687178382119e-09    8.348356728138384e-18
207    1.324937473233187e-08    6.624687366165935e-09    1.9613217300262775e-16
208    1.3249374749245424e-08    6.624687374622712e-09    2.0458894994801469e-16
209    1.3249374584880375e-08    6.624687292440187e-09    1.2240642527361345e-16
210    1.3249374990155147e-08    6.624687495077573e-09    3.2504381131115423e-16
211    1.3249374641692568e-08    6.624687320846284e-09    1.5081252219273367e-16
212    1.3249374476676998e-08    6.624687238338499e-09    6.830473686658678e-17
213    1.3249374523948212e-08    6.624687261974106e-09    9.194034422677078e-17
214    1.3249374379966164e-08    6.624687189983082e-09    1.9949319973733282e-17
215    1.3249374698721603e-08    6.624687349360801e-09    1.7932703932910243e-16
216    1.3249374565581576e-08    6.624687282790788e-09    1.1275702593849246e-16
217    1.3249374415744836e-08    6.624687207872418e-09    3.7838655819744105e-17
218    1.3249374425285815e-08    6.624687212642907e-09    4.2609145378680324e-17
219    1.3249374655353516e-08    6.624687327676758e-09    1.5764299587939234e-16
220    1.324937431339615e-08    6.624687156698075e-09    1.3335686721571705e-17
221    1.3249374729946625e-08    6.624687364973313e-09    1.949395506128937e-16
222    1.3249374700456326e-08    6.624687350228163e-09    1.8019440106709084e-16
223    1.3249374546282777e-08    6.624687273141389e-09    1.0310762660337147e-16
224    1.324937454237965e-08    6.624687271189825e-09    1.0115606269289756e-16
225    1.3249374199338082e-08    6.624687099669041e-09    7.036472099430924e-17
226    1.3249374534790234e-08    6.624687267395117e-09    9.73613550891983e-17
227    1.3249374500746286e-08    6.624687250373143e-09    8.033938098117588e-17
228    1.3249374445235135e-08    6.624687222617567e-09    5.2583805365546965e-17
229    1.3249374054054991e-08    6.6246870270274955e-09    1.4300626655083803e-16
230    1.3249374461498167e-08    6.624687230749084e-09    6.071532165918825e-17
231    1.3249374159005761e-08    6.624687079502881e-09    9.053088140253962e-17
232    1.3249374330743385e-08    6.624687165371693e-09    4.662069341687669e-18
233    1.3249374305156214e-08    6.624687152578107e-09    1.745565497701662e-17
234    1.3249374420949006e-08    6.624687210474503e-09    4.0440741033709315e-17
235    1.3249374275882755e-08    6.624687137941378e-09    3.209238430557093e-17
236    1.324937453739232e-08    6.62468726869616e-09    9.86623976961809e-17
237    1.3249374313612991e-08    6.6246871568064955e-09    1.3227266504323154e-17
238    1.3249374237068318e-08    6.624687118534159e-09    5.149960319306146e-17
239    1.3249374254198712e-08    6.624687127099356e-09    4.2934406030425976e-17
240    1.324937445802872e-08    6.62468722901436e-09    5.898059818321144e-17
241    1.3249374581627768e-08    6.624687290813884e-09    1.207801220148852e-16
242    1.3249374553655352e-08    6.624687276827676e-09    1.0679391398982219e-16
243    1.3249374650799867e-08    6.624687325399933e-09    1.5536617131717279e-16
244    1.3249374156620516e-08    6.624687078310258e-09    9.172350379227368e-17
245    1.3249374439380443e-08    6.6246872196902215e-09    4.96564594998361e-17
246    1.3249374566015257e-08    6.624687283007628e-09    1.1297386637298956e-16
247    1.3249374588349822e-08    6.624687294174911e-09    1.2414114874959026e-16
248    1.3249374259836563e-08    6.624687129918282e-09    4.0115480381963664e-17
249    1.3249374450439305e-08    6.624687225219653e-09    5.5185890579512176e-17
250    1.3249374340067524e-08    6.624687170033762e-09    0.0
251    1.3249374538259681e-08    6.6246872691298406e-09    9.90960785651751e-17
252    1.3249374132117547e-08    6.624687066058774e-09    1.0397498834135988e-16
253    1.3249374690264826e-08    6.624687345132413e-09    1.7509865085640897e-16
254    1.3249374819284884e-08    6.624687409642442e-09    2.396086801192965e-16
255    1.3249374275015394e-08    6.624687137507697e-09    3.252606517456513e-17
256    1.3249374381050366e-08    6.624687190525183e-09    2.0491421059976034e-17
257    1.3249374415961676e-08    6.624687207980838e-09    3.7947076036992655e-17
258    1.3249374705009975e-08    6.624687352504988e-09    1.824712256293104e-16
259    1.3249374221238966e-08    6.624687110619483e-09    5.941427905220564e-17
260    1.3249374339200162e-08    6.624687169600081e-09    4.336808689942018e-19
261    1.324937435828212e-08    6.62468717914106e-09    9.107298248878237e-18
262    1.3249374274148032e-08    6.624687137074016e-09    3.2959746043559335e-17
263    1.3249374242055648e-08    6.624687121027824e-09    4.90059381963448e-17
264    1.3249374517226159e-08    6.6246872586130795e-09    8.857931749206571e-17
265    1.324937442268373e-08    6.624687211341865e-09    4.130810277169772e-17
266    1.3249374785674617e-08    6.6246873928373085e-09    2.2280354644577116e-16
267    1.3249374400566005e-08    6.624687200283003e-09    3.0249240612345574e-17
268    1.324937450790202e-08    6.62468725395101e-09    8.391724815037804e-17
269    1.3249373997893318e-08    6.624686998946659e-09    1.710871028182126e-16
270    1.32493736492139e-08    6.62468682460695e-09    3.454268121538817e-16
271    1.324937421343271e-08    6.624687106716355e-09    6.331740687315346e-17
272    1.324937429778364e-08    6.62468714889182e-09    2.1141942363467336e-17
273    1.324937414859742e-08    6.62468707429871e-09    9.573505183047004e-17
274    1.3249374306674097e-08    6.6246871533370486e-09    1.6696713456276768e-17
275    1.3249374122576568e-08    6.624687061288284e-09    1.087454779002961e-16
276    1.3249374556907959e-08    6.624687278453979e-09    1.0842021724855044e-16
277    1.324937426287233e-08    6.624687131436165e-09    3.859759734048396e-17
278    1.3249374079208481e-08    6.624687039604241e-09    1.3042952135000618e-16
279    1.3249374399698644e-08    6.624687199849322e-09    2.981555974335137e-17
280    1.3249374252030308e-08    6.624687126015154e-09    4.401860820291148e-17
281    1.3249374164209932e-08    6.624687082104966e-09    8.792879618857441e-17
282    1.324937422817786e-08    6.62468711408893e-09    5.594483210025203e-17
283    1.3249374386037696e-08    6.624687193018848e-09    2.2985086056692694e-17
284    1.3249374301686767e-08    6.6246871508433836e-09    1.919037845299343e-17
285    1.3249374352210588e-08    6.624687176105294e-09    6.071532165918825e-18
286    1.3249374381917728e-08    6.624687190958864e-09    2.0925101928970236e-17
287    1.3249374534356553e-08    6.624687267178277e-09    9.71445146547012e-17
288    1.3249374784373574e-08    6.624687392186787e-09    2.2215302514227986e-16
289    1.3249374605697056e-08    6.624687302848528e-09    1.328147661294743e-16
290    1.3249374656004037e-08    6.6246873280020185e-09    1.57968256531138e-16
291    1.3249374585964577e-08    6.624687292982288e-09    1.229485263598562e-16
292    1.3249374727778221e-08    6.6246873638891104e-09    1.938553484404082e-16
293    1.3249374231213626e-08    6.624687115606813e-09    5.442694905877232e-17
294    1.3249374475375955e-08    6.6246872376879776e-09    6.765421556309548e-17
295    1.3249374946353379e-08    6.6246874731766894e-09    3.0314292742694704e-16
296    1.3249374840535247e-08    6.6246874202676234e-09    2.502338614096544e-16
297    1.3249374438513081e-08    6.624687219256541e-09    4.92227786308419e-17
298    1.3249374315564555e-08    6.6246871577822775e-09    1.22514845490862e-17
299    1.3249374294314192e-08    6.624687147157096e-09    2.2876665839444144e-17
300    1.3249374451523507e-08    6.624687225761754e-09    5.572799166575493e-17
301    1.3249374197603359e-08    6.624687098801679e-09    7.123208273229764e-17
302    1.3249374271979628e-08    6.624687135989814e-09    3.404394821604484e-17
303    1.3249374422250049e-08    6.624687211125024e-09    4.109126233720062e-17
304    1.324937434830746e-08    6.62468717415373e-09    4.119968255444917e-18
305    1.3249374345922216e-08    6.624687172961108e-09    2.927345865710862e-18
306    1.3249374280219564e-08    6.624687140109782e-09    2.992397996059992e-17
307    1.3249374783506213e-08    6.624687391753106e-09    2.2171934427328566e-16
308    1.3249374260920765e-08    6.624687130460383e-09    3.957337929572091e-17
309    1.3249374391241867e-08    6.624687195620933e-09    2.5587171270657905e-17
310    1.3249374414443793e-08    6.6246872072218965e-09    3.71881345162528e-17
311    1.3249374489253743e-08    6.6246872446268715e-09    7.45931094670027e-17
312    1.3249374421165847e-08    6.624687210582923e-09    4.0549161250957866e-17
313    1.3249374555173235e-08    6.6246872775866175e-09    1.0755285551056204e-16
314    1.3249374354812674e-08    6.624687177406337e-09    7.37257477290143e-18
315    1.324937419803704e-08    6.62468709901852e-09    7.101524229780054e-17
316    1.3249374736451838e-08    6.624687368225919e-09    1.981921571303502e-16
317    1.3249374394277633e-08    6.624687197138816e-09    2.710505431213761e-17
318    1.3249374417262719e-08    6.624687208631359e-09    3.859759734048396e-17
319    1.3249373929805422e-08    6.624686964902711e-09    2.0513105103425744e-16
320    1.3249374446753018e-08    6.624687223376509e-09    5.334274688628682e-17
321    1.3249374348741141e-08    6.624687174370571e-09    4.336808689942018e-18
322    1.3249374335730715e-08    6.624687167865358e-09    2.168404344971009e-18
323    1.3249374283689011e-08    6.6246871418445055e-09    2.8189256484623115e-17
324    1.3249374372159908e-08    6.624687186079954e-09    1.6046192152785466e-17
325    1.324937444306673e-08    6.624687221533365e-09    5.149960319306146e-17
326    1.324937447754436e-08    6.62468723877218e-09    6.873841773558098e-17
327    1.3249374500746286e-08    6.624687250373143e-09    8.033938098117588e-17
328    1.3249374569051023e-08    6.6246872845255114e-09    1.1449174941446927e-16
329    1.3249374494241073e-08    6.6246872471205365e-09    7.708677446371937e-17
330    1.324937425810184e-08    6.62468712905092e-09    4.098284211995207e-17
331    1.3249374417262719e-08    6.624687208631359e-09    3.859759734048396e-17
332    1.3249374761822169e-08    6.6246873809110846e-09    2.1087732254843061e-16
333    1.3249374820369086e-08    6.624687410184543e-09    2.4015078120553923e-16
334    1.3249374787843021e-08    6.624687393921511e-09    2.2388774861825667e-16
335    1.3249374590735066e-08    6.624687295367533e-09    1.2533377113932431e-16
336    1.324937463280211e-08    6.624687316401055e-09    1.463672932855431e-16
337    1.3249374189146582e-08    6.624687094573291e-09    7.546047120499111e-17
338    1.3249374195001273e-08    6.624687097500637e-09    7.253312533928025e-17
339    1.3249374105012493e-08    6.6246870525062465e-09    1.1752751549742868e-16
340    1.3249374540644926e-08    6.624687270322463e-09    1.0028870095490916e-16
341    1.3249374721923529e-08    6.6246873609617646e-09    1.9092800257469733e-16
342    1.3249374943968134e-08    6.624687471984067e-09    3.01950305037213e-16
343    1.3249374768327382e-08    6.624687384163691e-09    2.1412992906588713e-16
344    1.3249374423551091e-08    6.624687211775546e-09    4.174178364069192e-17
345    1.324937434830746e-08    6.62468717415373e-09    4.119968255444917e-18
346    1.3249374626513738e-08    6.624687313256869e-09    1.4322310698533514e-16
347    1.3249374430273145e-08    6.624687215136572e-09    4.5102810375396984e-17
348    1.3249374419647963e-08    6.624687209823982e-09    3.979021973021801e-17
349    1.3249374214083232e-08    6.624687107041616e-09    6.299214622140781e-17
350    1.3249374375195674e-08    6.624687187597837e-09    1.7564075194265172e-17
351    1.3249374518527202e-08    6.624687259263601e-09    8.922983879555701e-17
352    1.3249374333779151e-08    6.624687166889576e-09    3.144186300207963e-18
353    1.3249374288676341e-08    6.6246871443381705e-09    2.5695591487906455e-17
354    1.3249374284556373e-08    6.624687142278186e-09    2.7755575615628914e-17
355    1.3249374286074256e-08    6.624687143037128e-09    2.699663409488906e-17
356    1.324937466749658e-08    6.62468733374829e-09    1.6371452804531117e-16
357    1.3249374346355897e-08    6.624687173177948e-09    3.144186300207963e-18
358    1.3249374249645063e-08    6.6246871248225314e-09    4.5211230592645535e-17
359    1.3249374297566799e-08    6.6246871487833994e-09    2.1250362580715887e-17
360    1.32493745978908e-08    6.6246872989454e-09    1.2891163830852648e-16
361    1.3249374432441549e-08    6.6246872162207746e-09    4.618701254788249e-17
362    1.3249374327490779e-08    6.624687163745389e-09    6.288372600415926e-18
363    1.3249374725176136e-08    6.624687362588068e-09    1.9255430583342559e-16
364    1.3249374282387968e-08    6.624687141193984e-09    2.883977778811442e-17
365    1.3249374408372261e-08    6.6246872041861304e-09    3.415236843329339e-17
366    1.3249374504649414e-08    6.624687252324707e-09    8.229094489164979e-17
367    1.3249374394060792e-08    6.624687197030396e-09    2.699663409488906e-17
368    1.3249374369991504e-08    6.624687184995752e-09    1.496198998029996e-17
369    1.324937391375923e-08    6.624686956879615e-09    2.1315414711065017e-16
370    1.3249374665111335e-08    6.624687332555668e-09    1.6252190565557711e-16
371    1.3249374715635157e-08    6.624687357817578e-09    1.8778381627448937e-16
372    1.3249374504432573e-08    6.624687252216287e-09    8.218252467440124e-17
373    1.3249374435260475e-08    6.624687217630237e-09    4.7596475372113645e-17
374    1.3249374610033865e-08    6.6246873050169325e-09    1.349831704744453e-16
375    1.3249374568834182e-08    6.624687284417091e-09    1.1438332919722072e-16
376    1.3249374650366186e-08    6.624687325183093e-09    1.5514933088267568e-16
377    1.3249374558425842e-08    6.624687279212921e-09    1.091791587692903e-16
378    1.3249374763556893e-08    6.624687381778446e-09    2.1174468428641902e-16
379    1.3249374651233548e-08    6.624687325616774e-09    1.5558301175166989e-16
380    1.3249374511154627e-08    6.6246872555773134e-09    8.55435514091063e-17
381    1.324937449792736e-08    6.62468724896368e-09    7.892991815694472e-17
382    1.3249374276099596e-08    6.624687138049798e-09    3.198396408832238e-17
383    1.3249374360667365e-08    6.624687180333683e-09    1.0299920638612292e-17
384    1.3249374276966958e-08    6.624687138483479e-09    3.155028321932818e-17
385    1.3249374487085339e-08    6.624687243542669e-09    7.35089072945172e-17
386    1.3249374716936199e-08    6.6246873584680996e-09    1.8843433757798067e-16
387    1.3249374623477972e-08    6.624687311738986e-09    1.4170522394385543e-16
388    1.3249374575989917e-08    6.624687287994958e-09    1.1796119636642288e-16
389    1.324937444306673e-08    6.624687221533365e-09    5.149960319306146e-17
390    1.3249374351993748e-08    6.624687175996874e-09    5.9631119486702744e-18
391    1.3249374395795516e-08    6.624687197897758e-09    2.7863995832877464e-17
392    1.3249374404685973e-08    6.624687202342987e-09    3.230922474006803e-17
393    1.3249374059259161e-08    6.624687029629581e-09    1.4040418133687282e-16
394    1.3249374191314986e-08    6.624687095657493e-09    7.43762690325056e-17
395    1.324937430298781e-08    6.624687151493905e-09    1.8539857149502126e-17
396    1.3249374560377405e-08    6.624687280188703e-09    1.1015494072452725e-16
397    1.324937412366077e-08    6.624687061830385e-09    1.0820337681405334e-16
398    1.3249374371292547e-08    6.624687185646273e-09    1.5612511283791264e-17
399    1.3249374279785883e-08    6.624687139892942e-09    3.0140820395097023e-17
400    1.324937437779776e-08    6.62468718889888e-09    1.8865117801247777e-17
401    1.3249374369557823e-08    6.6246871847789116e-09    1.474514954580286e-17
402    1.3249374511805148e-08    6.624687255902574e-09    8.586881206085195e-17
403    1.3249374222756849e-08    6.6246871113784245e-09    5.865533753146579e-17
404    1.3249374425719496e-08    6.624687212859748e-09    4.2825985813177425e-17
405    1.3249374236200956e-08    6.624687118100478e-09    5.193328406205566e-17
406    1.3249374576206757e-08    6.624687288103379e-09    1.1806961658367143e-16
407    1.324937458791614e-08    6.62468729395807e-09    1.2392430831509316e-16
408    1.3249374770278946e-08    6.624687385139473e-09    2.1510571102112408e-16
409    1.3249374477110679e-08    6.624687238555339e-09    6.852157730108388e-17
410    1.324937453804284e-08    6.62468726902142e-09    9.898765834792655e-17
411    1.3249374744258094e-08    6.624687372129047e-09    2.0209528495129803e-16
412    1.3249375004683456e-08    6.624687502341728e-09    3.323079658668071e-16
413    1.3249374425502655e-08    6.624687212751328e-09    4.2717565595928875e-17
414    1.324937424812718e-08    6.62468712406359e-09    4.597017211338539e-17
415    1.3249374495542116e-08    6.624687247771058e-09    7.773729576721067e-17
416    1.3249374061644406e-08    6.624687030822203e-09    1.3921155894713877e-16
417    1.3249374597023439e-08    6.6246872985117194e-09    1.2847795743953228e-16
418    1.3249374179388762e-08    6.624687089694381e-09    8.033938098117588e-17
419    1.3249374505299935e-08    6.6246872526499676e-09    8.261620554339544e-17
420    1.32493745673163e-08    6.62468728365815e-09    1.1362438767648086e-16
421    1.3249374534790234e-08    6.624687267395117e-09    9.73613550891983e-17
422    1.3249374202373848e-08    6.624687101186924e-09    6.884683795282953e-17
423    1.3249373974474551e-08    6.624686987237276e-09    1.8279648628105605e-16
424    1.3249374185026613e-08    6.624687092513307e-09    7.752045533271357e-17
425    1.324937417808772e-08    6.62468708904386e-09    8.098990228466718e-17
426    1.3249374126696536e-08    6.624687063348268e-09    1.0668549377257364e-16
427    1.3249373929588582e-08    6.624686964794291e-09    2.05239471251506e-16
428    1.324937325543167e-08    6.624686627715835e-09    5.423179266772493e-16
429    1.3249373418712518e-08    6.624686709356259e-09    4.606775030890908e-16
430    1.3249372576937951e-08    6.6246862884689756e-09    8.815647864479637e-16
431    1.3249372303068482e-08    6.624686151534241e-09    1.0184995208328829e-15
432    1.3249371331406495e-08    6.624685665703248e-09    1.5043305143236374e-15
433    1.324937007611722e-08    6.62468503805861e-09    2.131975151975496e-15
434    1.3249367984040708e-08    6.624683992020354e-09    3.1780134079895106e-15
435    1.3249365023084575e-08    6.6246825115422875e-09    4.658491474518467e-15
436    1.3249361020210154e-08    6.624680510105077e-09    6.659928684926708e-15
437    1.3249355489261191e-08    6.624677744630596e-09    9.425403166285484e-15
438    1.3249347691896007e-08    6.624673845948004e-09    1.332408575832611e-14
439    1.3249336272861886e-08    6.624668136430943e-09    1.9033602818852025e-14
440    1.3249321254710233e-08    6.624660627355117e-09    2.654267864526938e-14
441    1.3249299839332082e-08    6.624649919666041e-09    3.725036772095347e-14
442    1.3249270731539517e-08    6.6246353657697585e-09    5.180426400352989e-14
443    1.3249230639044221e-08    6.6246153195221105e-09    7.185051165148337e-14
444    1.3249175567645391e-08    6.6245877838226955e-09    9.938621106653223e-14
445    1.324910066835723e-08    6.624550334178615e-09    1.3683585514678853e-13
446    1.3248998755738262e-08    6.624499377869131e-09    1.877921646312175e-13
447    1.324886077496562e-08    6.62443038748281e-09    2.567825509516841e-13
448    1.3248675439494692e-08    6.624337719747346e-09    3.494502864159754e-13
449    1.3248426489328655e-08    6.624213244664327e-09    4.739253694346912e-13
450    1.3248093950861406e-08    6.624046975430703e-09    6.4019460305903e-13
451    1.3247651822756445e-08    6.623825911378223e-09    8.612586555392654e-13
452    1.32470668206576e-08    6.6235334103288e-09    1.1537597049623982e-12
453    1.3246295190501994e-08    6.623147595250997e-09    1.539574782764841e-12
454    1.3245283040719605e-08    6.6226415203598024e-09    2.045649673959593e-12
455    1.3243960751436329e-08    6.6219803757181644e-09    2.7067943155975605e-12
456    1.3242241929303095e-08    6.621120964651547e-09    3.5662053822146933e-12
457    1.324001757318713e-08    6.620008786593565e-09    4.678383440197276e-12
458    1.3237152835660071e-08    6.6185764178300355e-09    6.110752203726533e-12
459    1.3233480918289214e-08    6.616740459144607e-09    7.946710889154829e-12
460    1.3228796571628648e-08    6.614398285814324e-09    1.028888421943791e-11
461    1.3222849986173693e-08    6.6114249930868466e-09    1.326217694691545e-11
462    1.3215338209382824e-08    6.607669104691412e-09    1.7018065342350175e-11
463    1.3205896325909836e-08    6.602948162954918e-09    2.173900707884424e-11
464    1.3194088903248705e-08    6.597044451624352e-09    2.7642718409409683e-11
465    1.3179399231460706e-08    6.589699615730353e-09    3.498755430340894e-11
466    1.3161215682176361e-08    6.5806078410881805e-09    4.407932894558153e-11
467    1.3138825888381334e-08    6.569412944190667e-09    5.5274225843095215e-11
468    1.3111399731983303e-08    6.5556998659916516e-09    6.898730404211045e-11
469    1.3077985200641781e-08    6.538992600320891e-09    8.569456971287137e-11
470    1.3037491761527797e-08    6.518745880763899e-09    1.0594128926986329e-10
471    1.2988685582594403e-08    6.4943427912972015e-09    1.3034437873656046e-10
472    1.2930182344533109e-08    6.465091172266554e-09    1.5959599776720762e-10
473    1.2860441506862275e-08    6.430220753431137e-09    1.944664166026247e-10
474    1.2777769562268351e-08    6.388884781134176e-09    2.358023888995864e-10
475    1.2680317789054776e-08    6.340158894527388e-09    2.8452827550637383e-10
476    1.2566098572070958e-08    6.283049286035479e-09    3.416378839982831e-10
477    1.2432992006370866e-08    6.216496003185433e-09    4.08191166848329e-10
478    1.2278769211029189e-08    6.1393846055145945e-09    4.853025645191675e-10
479    1.2101122384960278e-08    6.050561192480139e-09    5.741259775536231e-10
480    1.1897693072719304e-08    5.948846536359652e-09    6.758406336741102e-10
481    1.166611767475581e-08    5.833058837377905e-09    7.916283326558568e-10
482    1.1404071570322166e-08    5.702035785161083e-09    9.226513848726789e-10
483    1.1109323296140325e-08    5.5546616480701624e-09    1.0700255219635996e-09
484    1.0779795598042999e-08    5.389897799021499e-09    1.2347893710122626e-09
485    1.0413623789890317e-08    5.206811894945158e-09    1.4178752750886037e-09
486    1.000922129315747e-08    5.004610646578735e-09    1.6200765234550274e-09
487    9.565345160909844e-09    4.782672580454922e-09    1.84201458957884e-09
488    9.081155822113218e-09    4.540577911056609e-09    2.084109258977153e-09
489    8.556277271984727e-09    4.278138635992364e-09    2.3465485340413983e-09
490    7.990845002619346e-09    3.995422501309673e-09    2.629264668724089e-09
491    7.3855496015781674e-09    3.6927748007890837e-09    2.9319123692446783e-09
492    6.7416642773963226e-09    3.3708321386981613e-09    3.2538550313356007e-09
493    6.061060928326534e-09    3.030530464163267e-09    3.594156705870495e-09
494    5.346212792562907e-09    2.6731063962814536e-09    3.9515807737523084e-09
495    4.600175220782765e-09    2.3000876103913825e-09    4.3245995596423795e-09
496    3.826546772153772e-09    1.913273386076886e-09    4.711413783956876e-09
497    3.0293609595659354e-09    1.5146804797829677e-09    5.110006690250794e-09
498    2.21246150545161e-09    1.106230752725805e-09    5.518456417307957e-09
499    1.373678656284641e-09    6.868393281423205e-10    5.9378478418914415e-09
500    0.0    1.987443571261488e-10    6.425942812907613e-09
501    0.0    7.612082546324533e-11    6.548566344570517e-09
502    0.0    3.029561811921516e-11    6.594391551914547e-09
503    0.0    1.2155440391216354e-11    6.612531729642546e-09
504    0.0    4.886476639986981e-12    6.619800693393775e-09
505    0.0    1.965457202372789e-12    6.622721712831389e-09
506    0.0    7.904503874361923e-13    6.623896719646326e-09
507    0.0    3.180361789895114e-13    6.6243691338547725e-09
508    0.0    1.2781973830061633e-13    6.624559350295461e-09
509    0.0    5.1343044399354554e-14    6.624635826989363e-09
510    0.0    2.0845955170378794e-14    6.624666324078592e-09
511    0.0    8.32320323773672e-15    6.624678846830524e-09
512    0.0    3.302154556739101e-15    6.624683867879205e-09
513    0.0    1.3956934566405899e-15    6.624685774340305e-09
514    0.0    4.726037269864314e-16    6.624686697430035e-09
515    0.0    1.6425662913155392e-16    6.624687005777133e-09
516    0.0    4.391018798566293e-17    6.624687126123574e-09
517    0.0    6.830473686658678e-18    6.624687163203288e-09
518    0.0    2.065405138584886e-16    6.624686963493248e-09
519    0.0    8.348356728138384e-18    6.624687161685405e-09
520    -0.0    -1.702197410802242e-17    6.624687187055736e-09
521    -0.0    -8.120674271916428e-17    6.624687251240505e-09
522    -0.0    -1.951563910473908e-16    6.624687365190153e-09
523    -0.0    -4.141652298894627e-17    6.624687211450285e-09
524    0.0    1.1926223897340549e-17    6.624687158107538e-09
525    -0.0    -1.1167282376600696e-16    6.624687281706586e-09
526    0.0    9.573505183047004e-17    6.62468707429871e-09
527    -0.0    -2.4069288229178198e-17    6.62468719410305e-09
528    0.0    9.085614205428527e-17    6.62468707917762e-09
529    -0.0    -1.1904539853890839e-16    6.6246872890791605e-09
530    -0.0    -2.3201926491189795e-17    6.6246871932356885e-09
531    -0.0    -1.0462550964485118e-16    6.624687274659272e-09
532    0.0    4.2934406030425976e-17    6.624687127099356e-09
533    -0.0    -9.69276742202041e-17    6.624687266961436e-09
534    -0.0    -3.729655473350135e-17    6.624687207330317e-09
535    0.0    1.1817803680091998e-16    6.624687051855725e-09
536    0.0    1.5298092653770468e-16    6.6246870170528355e-09
537    -0.0    -1.723881454251952e-17    6.6246871872725765e-09
538    -0.0    -1.8648277366750676e-17    6.624687188682039e-09
539    0.0    9.551821139597294e-17    6.624687074515551e-09
540    0.0    1.5319776697220178e-16    6.624687016835995e-09
541    -0.0    -3.252606517456513e-17    6.624687202559827e-09
542    -0.0    -5.095750210681871e-18    6.624687175129512e-09
543    -0.0    -1.0408340855860843e-17    6.624687180442103e-09
544    0.0    2.2768245622195593e-17    6.624687147265516e-09
545    -0.0    -1.3617579286417936e-16    6.624687306209555e-09
546    0.0    1.7618285302889447e-16    6.624686993850909e-09
547    -0.0    -3.7947076036992655e-18    6.62468717382847e-09
548    0.0    1.6338926739356552e-16    6.624687006644495e-09
549    -0.0    -5.789639601072594e-17    6.624687227930158e-09
550    0.0    1.0907073855204175e-16    6.6246870609630235e-09
551    0.0    1.119980844177526e-16    6.624687058035678e-09
552    -0.0    -8.651933336434325e-17    6.624687256553095e-09
553    0.0    9.020562075079397e-17    6.624687079828141e-09
554    -0.0    -1.12865446155741e-16    6.624687282899208e-09
555    0.0    5.323432666903827e-17    6.624687116799435e-09
556    0.0    2.5587171270657905e-17    6.624687144446591e-09
557    0.0    7.177418381854039e-17    6.624687098259578e-09
558    0.0    7.806255641895632e-18    6.624687162227506e-09
559    0.0    1.3357370765021415e-16    6.624687036460054e-09
560    0.0    2.0252896582029223e-16    6.624686967504796e-09
561    0.0    1.7780915628762273e-16    6.624686992224606e-09
562    -0.0    -1.119980844177526e-16    6.6246872820318464e-09
563    0.0    4.412702842016003e-17    6.624687125906734e-09
564    -0.0    -3.426078865054194e-17    6.624687204294551e-09
565    -0.0    -1.2793585635328952e-17    6.624687182827348e-09
566    -0.0    -4.336808689942018e-18    6.624687174370571e-09
567    -0.0    -8.239936510889834e-18    6.6246871782736985e-09
568    -0.0    -1.7835125737386548e-16    6.624687348385019e-09
569    -0.0    -1.3205582460873444e-16    6.624687302089587e-09
570    0.0    3.3068166260807885e-17    6.624687136965596e-09
571    0.0    1.6295558652457132e-16    6.6246870070781755e-09
572    0.0    1.0050554138940626e-16    6.624687069528221e-09
573    0.0    4.7704895589362195e-18    6.6246871652632724e-09
574    -0.0    -3.903127820947816e-17    6.62468720906504e-09
575    0.0    6.288372600415926e-18    6.624687163745389e-09
576    0.0    7.48099499014998e-17    6.624687095223812e-09
577    -0.0    -2.905661822261152e-17    6.62468719909038e-09
578    0.0    8.142358315366138e-17    6.624687088610179e-09
579    0.0    7.24247051220317e-17    6.624687097609057e-09
580    0.0    4.206704429243757e-17    6.624687127966718e-09
581    0.0    5.5402731014009277e-17    6.624687114631031e-09
582    0.0    8.478460988836645e-17    6.624687085249152e-09
583    -0.0    -2.5261910618912253e-17    6.624687195295673e-09
584    -0.0    -1.8323016715005025e-17    6.624687188356779e-09
585    -0.0    -2.3960868011929648e-17    6.62468719399463e-09
586    -0.0    -1.6479873021779667e-17    6.624687186513635e-09
587    -0.0    -3.209238430557093e-17    6.624687202126146e-09
588    -0.0    -5.5077470362263625e-17    6.624687225111232e-09
589    0.0    8.46761896711179e-17    6.624687085357572e-09
590    -0.0    -1.584019374001322e-16    6.624687328435699e-09
591    0.0    3.2526065174565133e-19    6.624687169708501e-09
592    0.0    8.901299836105991e-17    6.624687081020764e-09
593    -0.0    -1.2533377113932431e-16    6.624687295367533e-09
594    0.0    4.336808689942018e-17    6.624687126665675e-09
595    0.0    9.237402509576498e-17    6.624687077659737e-09
596    0.0    4.141652298894627e-17    6.624687128617239e-09
597    0.0    2.677979366039196e-17    6.624687143253968e-09
598    0.0    5.811323644522304e-17    6.6246871119205256e-09
599    -0.0    -1.6263032587282567e-18    6.624687171660065e-09
600    -0.0    -1.809533425878307e-16    6.624687350987105e-09
601    0.0    6.581107186987012e-17    6.62468710422269e-09
602    0.0    1.1850329745266563e-16    6.6246870515304646e-09
603    -0.0    -1.0646865333807654e-16    6.624687276502415e-09
604    0.0    1.207801220148852e-16    6.62468704925364e-09
605    -0.0    -1.7889335846010823e-17    6.624687187923098e-09
606    -0.0    -5.724587470723463e-17    6.624687227279637e-09
607    -0.0    -7.35089072945172e-17    6.624687243542669e-09
608    0.0    3.577867169202165e-18    6.624687166455895e-09
609    0.0    6.624475273886432e-17    6.624687103789009e-09
610    0.0    8.673617379884035e-17    6.624687083297588e-09
611    0.0    9.096456227153382e-17    6.6246870790692e-09
612    0.0    9.324138683375338e-17    6.624687076792375e-09
613    0.0    1.0625181290357943e-17    6.624687159408581e-09
614    -0.0    -2.0383000842727483e-17    6.624687190416763e-09
615    -0.0    -1.2739375526704677e-16    6.624687297427517e-09
616    -0.0    -1.0451708942760263e-16    6.6246872745508514e-09
617    -0.0    -3.230922474006803e-17    6.624687202342987e-09
618    0.0    8.185726402265558e-17    6.624687088176498e-09
619    0.0    5.2800645800044066e-17    6.624687117233116e-09
620    -0.0    -6.16911036144252e-17    6.624687231724866e-09
621    -0.0    -5.616167253474913e-17    6.6246872261954345e-09
622    -0.0    -7.188260403578894e-17    6.624687241916366e-09
623    0.0    3.69712940817557e-17    6.624687133062468e-09
624    -0.0    -1.0831179703130189e-16    6.624687278345559e-09
625    -0.0    -8.998878031629687e-17    6.624687260022542e-09
626    -0.0    -2.168404344971009e-19    6.6246871702506024e-09
627    0.0    2.862293735361732e-17    6.624687141410825e-09
628    0.0    4.7813315806610746e-17    6.624687122220446e-09
629    -0.0    -5.854691731421724e-18    6.624687175888454e-09
630    -0.0    -3.5670251474773096e-17    6.6246872057040135e-09
631    0.0    2.8189256484623115e-17    6.6246871418445055e-09
632    0.0    3.3176586478056436e-17    6.6246871368571755e-09
633    -0.0    -1.4094628242311558e-16    6.6246873109800444e-09
634    -0.0    -4.336808689942018e-17    6.624687213401849e-09
635    -0.0    -5.627009275199768e-17    6.624687226303855e-09
636    0.0    1.0538445116559103e-16    6.624687064649311e-09
637    0.0    3.144186300207963e-18    6.624687166889576e-09
638    -0.0    -1.1438332919722072e-16    6.624687284417091e-09
639    0.0    1.5092094240998222e-16    6.62468701911282e-09
640    -0.0    -2.2768245622195593e-16    6.624687397716218e-09
641    -0.0    -2.233456475320139e-17    6.624687192368327e-09
642    -0.0    -2.7321894746634712e-17    6.624687197355657e-09
643    0.0    1.2034644114589099e-17    6.624687157999118e-09
644    0.0    6.797947621484113e-17    6.624687102054286e-09
645    0.0    1.4647571350279165e-16    6.6246870235580485e-09
646    0.0    2.4578863250246386e-16    6.6246869242451295e-09
647    0.0    2.949029909160572e-17    6.624687140543463e-09
648    -0.0    -8.64109131470947e-17    6.624687256444675e-09
649    -0.0    -2.6454533008646308e-17    6.624687196488295e-09
650    0.0    1.702197410802242e-17    6.624687153011788e-09
651    -0.0    -3.5561831257524545e-17    6.624687205595593e-09
652    -0.0    -5.757113535898029e-17    6.624687227604897e-09
653    -0.0    -1.822543851948133e-16    6.624687352288147e-09
654    0.0    4.553649124439119e-18    6.624687165480113e-09
655    0.0    1.691355389077387e-17    6.624687153120208e-09
656    -0.0    -1.0798653637955624e-16    6.624687278020298e-09
657    -0.0    -6.461844948013606e-17    6.6246872346522115e-09
658    -0.0    -1.2847795743953228e-16    6.6246872985117194e-09
659    -0.0    -1.5655879370690684e-16    6.624687326592556e-09
660    0.0    9.725293487194975e-17    6.624687072780827e-09
661    0.0    1.3910313872989022e-16    6.624687030930623e-09
662    0.0    2.8297676701871666e-17    6.624687141736085e-09
663    0.0    8.673617379884035e-17    6.624687083297588e-09
664    0.0    4.336808689942018e-17    6.624687126665675e-09
665    -0.0    -1.478851763270228e-16    6.624687317918938e-09
666    -0.0    -5.822165666247159e-17    6.624687228255419e-09
667    -0.0    -1.0364972768961422e-16    6.62468727368349e-09
668    -0.0    -4.423544863740858e-17    6.624687214269211e-09
669    0.0    1.8865117801247777e-17    6.624687151168644e-09
670    0.0    3.957337929572091e-17    6.624687130460383e-09
671    0.0    1.0614339268633088e-16    6.624687063890369e-09
672    -0.0    -1.57968256531138e-16    6.6246873280020185e-09
673    0.0    4.889751797909625e-17    6.624687121136244e-09
674    0.0    2.0513105103425744e-16    6.624686964902711e-09
675    0.0    1.1384122811097797e-17    6.624687158649639e-09
676    0.0    1.0560129160008813e-16    6.62468706443247e-09
677    -0.0    -6.505213034913027e-17    6.624687235085892e-09
678    -0.0    -8.922983879555701e-17    6.624687259263601e-09
679    -0.0    -3.5019730171281793e-17    6.624687205053492e-09
680    -0.0    -8.131516293641283e-17    6.624687251348925e-09
681    -0.0    -3.436920886779049e-17    6.624687204402971e-09
682    -0.0    -7.188260403578894e-17    6.624687241916366e-09
683    -0.0    -2.2128566340429145e-16    6.624687391319425e-09
684    -0.0    -7.426784881525705e-17    6.624687244301611e-09
685    -0.0    -1.4907779871675686e-16    6.624687319111561e-09
686    -0.0    -7.32920668600201e-17    6.624687243325829e-09
687    -0.0    -5.5077470362263625e-17    6.624687225111232e-09
688    -0.0    -1.5590827240341554e-16    6.624687325942034e-09
689    0.0    7.990570011218168e-17    6.624687090128062e-09
690    0.0    1.3552527156068805e-16    6.6246870345084904e-09
691    0.0    4.2825985813177425e-17    6.624687127207776e-09
692    -0.0    -8.098990228466718e-17    6.624687251023664e-09
693    -0.0    -1.2999584048101198e-16    6.6246873000296025e-09
694    0.0    4.0115480381963664e-18    6.624687166022214e-09
695    -0.0    -7.22078646875346e-17    6.624687242241627e-09
696    -0.0    -9.974659986866641e-18    6.624687180008422e-09
697    0.0    1.5233040523421337e-16    6.624687017703357e-09
698    0.0    1.5178830414797062e-18    6.624687168515879e-09
699    0.0    1.8648277366750676e-17    6.624687151385485e-09
700    0.0    9.86623976961809e-18    6.624687160167522e-09
701    0.0    5.0306980803327406e-17    6.624687119726781e-09
702    -0.0    -1.3335686721571705e-17    6.624687183369449e-09
703    0.0    8.857931749206571e-17    6.6246870814544445e-09
704    -0.0    -6.570265165262157e-17    6.624687235736414e-09
705    -0.0    -7.15573433840433e-18    6.624687177189496e-09
706    0.0    1.3877787807814457e-17    6.624687156155974e-09
707    -0.0    -9.855397747893235e-17    6.6246872685877395e-09
708    0.0    6.028164079019405e-17    6.624687109752121e-09
709    0.0    5.0090140368830305e-17    6.624687119943622e-09
710    -0.0    -5.399326818977812e-17    6.62468722402703e-09
711    0.0    1.739060284666749e-16    6.6246869961277335e-09
712    0.0    7.101524229780054e-17    6.62468709901852e-09
713    0.0    1.8648277366750676e-17    6.624687151385485e-09
714    0.0    8.890457814381136e-18    6.624687161143304e-09
715    -0.0    -4.3151246464923076e-17    6.6246872131850085e-09
716    0.0    9.313296661650483e-17    6.624687076900795e-09
717    0.0    1.1492543028346347e-17    6.624687158541219e-09
718    -0.0    -1.6295558652457132e-16    6.6246873329893485e-09
719    -0.0    -1.0169816377914032e-16    6.624687271731926e-09
720    -0.0    -4.5211230592645535e-17    6.624687215244993e-09
721    -0.0    -4.0007060164715114e-17    6.624687210040822e-09
722    -0.0    -4.7921736023859296e-17    6.624687217955498e-09
723    -0.0    -1.708702623837155e-16    6.624687340904024e-09
724    0.0    3.903127820947816e-17    6.624687131002484e-09
725    -0.0    -1.8865117801247777e-17    6.62468718889888e-09
726    0.0    1.2945373939476923e-16    6.624687040580023e-09
727    -0.0    -1.745565497701662e-17    6.624687187489417e-09
728    -0.0    -7.253312533928025e-17    6.624687242566887e-09
729    0.0    9.595189226496714e-17    6.62468707408187e-09
730    0.0    1.2034644114589099e-17    6.624687157999118e-09
731    0.0    1.2468324983583301e-17    6.624687157565437e-09
732    -0.0    -1.1600963245594897e-16    6.6246872860433945e-09
733    -0.0    -1.3682631416767066e-16    6.624687306860076e-09
734    0.0    9.833713704443525e-17    6.624687071696625e-09
735    -0.0    -1.7032816129747275e-16    6.624687340361923e-09
736    0.0    6.396792817664476e-18    6.624687163636969e-09
737    0.0    6.10405823109339e-17    6.62468710899318e-09
738    0.0    9.508453052697874e-17    6.6246870749492315e-09
739    0.0    3.903127820947816e-17    6.624687131002484e-09
740    -0.0    -4.347650711666873e-17    6.624687213510269e-09
741    -0.0    -1.5027042110649091e-16    6.624687320304183e-09
742    0.0    5.572799166575493e-17    6.62468711430577e-09
743    0.0    3.3176586478056436e-17    6.6246871368571755e-09
744    0.0    4.618701254788249e-17    6.6246871238467495e-09
745    0.0    9.75781955236954e-18    6.6246871602759425e-09
746    0.0    6.537739100087592e-17    6.624687104656371e-09
747    0.0    1.0169816377914032e-16    6.624687068335598e-09
748    -0.0    -1.22514845490862e-17    6.6246871822852466e-09
749    -0.0    -3.7621815385247004e-17    6.624687207655577e-09
750    -0.0    -1.4083786220586703e-16    6.624687310871624e-09
751    0.0    8.46761896711179e-17    6.624687085357572e-09
752    -0.0    -4.7921736023859296e-17    6.624687217955498e-09
753    0.0    1.8431436932253575e-18    6.624687168190618e-09
754    -0.0    -6.711211447685272e-17    6.6246872371458765e-09
755    0.0    1.341158087364569e-16    6.624687035917953e-09
756    -0.0    -8.131516293641283e-18    6.624687178165278e-09
757    0.0    4.662069341687669e-17    6.624687123413069e-09
758    -0.0    -7.32920668600201e-17    6.624687243325829e-09
759    -0.0    -3.252606517456513e-17    6.624687202559827e-09
760    0.0    3.144186300207963e-17    6.624687138591899e-09
761    -0.0    -9.833713704443525e-17    6.624687268370899e-09
762    -0.0    -1.8431436932253575e-17    6.624687188465199e-09
763    0.0    1.0028870095490916e-16    6.624687069745061e-09
764    0.0    2.862293735361732e-17    6.624687141410825e-09
765    0.0    7.079840186330344e-17    6.62468709923536e-09
766    0.0    3.480288973678469e-17    6.624687135230872e-09
767    -0.0    -3.371868756429919e-17    6.6246872037524496e-09
768    -0.0    -7.936359902593892e-17    6.624687249397361e-09
769    -0.0    -1.0625181290357943e-16    6.624687276285575e-09
770    -0.0    -1.0299920638612292e-17    6.624687180333683e-09
771    0.0    9.64939933512099e-18    6.624687160384363e-09
772    0.0    3.5453411040275995e-17    6.624687134580351e-09
773    -0.0    -4.2609145378680324e-17    6.624687212642907e-09
774    0.0    2.2768245622195593e-17    6.624687147265516e-09
775    0.0    7.524363077049401e-17    6.624687094790131e-09
776    0.0    2.647621705209602e-16    6.6246869052715915e-09
777    -0.0    -3.7838655819744105e-17    6.624687207872418e-09
778    -0.0    -6.136584296267955e-17    6.624687231399605e-09
779    0.0    1.0169816377914032e-16    6.624687068335598e-09
780    -0.0    -1.1481701006621492e-16    6.624687284850772e-09
781    0.0    9.020562075079397e-17    6.624687079828141e-09
782    0.0    2.1206994493816467e-16    6.624686957963817e-09
783    0.0    1.0505919051384538e-16    6.6246870649745715e-09
784    0.0    7.405100838075995e-17    6.624687095982754e-09
785    0.0    6.396792817664476e-18    6.624687163636969e-09
786    -0.0    -1.5428196914468728e-16    6.624687324315731e-09
787    -0.0    -1.5178830414797062e-17    6.6246871852125924e-09
788    -0.0    -2.0491421059976034e-17    6.624687190525183e-09
789    0.0    6.440160904563896e-17    6.624687105632153e-09
790    0.0    1.2392430831509316e-16    6.624687046109454e-09
791    0.0    1.2110538266663085e-16    6.624687048928379e-09
792    0.0    2.3418766925686896e-17    6.624687146614995e-09
793    0.0    8.315830662963819e-17    6.624687086875455e-09
794    -0.0    -2.0578157233774874e-16    6.624687375815334e-09
795    0.0    2.1141942363467336e-17    6.62468714889182e-09
796    0.0    5.431852884152377e-17    6.624687115715233e-09
797    0.0    3.3285006695304986e-17    6.624687136748755e-09
798    0.0    8.055622141567298e-17    6.624687089477541e-09
799    0.0    7.903833837419327e-17    6.624687090995424e-09
800    0.0    7.892991815694472e-17    6.624687091103844e-09
801    -0.0    -1.8214596497756474e-17    6.6246871882483585e-09
802    -0.0    -1.1817803680091998e-17    6.624687181851566e-09
803    0.0    2.1250362580715887e-17    6.6246871487833994e-09
804    0.0    6.396792817664476e-18    6.624687163636969e-09
805    0.0    7.621941272573096e-17    6.624687093814349e-09
806    0.0    1.496198998029996e-17    6.624687155071772e-09
807    0.0    1.3986208025063007e-17    6.624687156047554e-09
808    -0.0    -3.7838655819744105e-17    6.624687207872418e-09
809    -0.0    -1.734723475976807e-17    6.624687187380997e-09
810    0.0    8.64109131470947e-17    6.624687083622849e-09
811    0.0    8.44593492366208e-17    6.624687085574413e-09
812    0.0    1.2218958483911635e-16    6.624687047844177e-09
813    -0.0    -5.627009275199768e-17    6.624687226303855e-09
814    -0.0    -1.0310762660337147e-16    6.624687273141389e-09
815    0.0    6.21247844834194e-17    6.6246871079089775e-09
816    0.0    2.2659825404947043e-17    6.624687147373937e-09
817    0.0    2.1358782797964437e-17    6.624687148674979e-09
818    0.0    2.211772431870429e-17    6.624687147916038e-09
819    0.0    1.0104764247564901e-16    6.6246870689861195e-09
820    0.0    1.0842021724855044e-19    6.624687169925342e-09
821    0.0    1.0169816377914032e-16    6.624687068335598e-09
822    -0.0    -9.69276742202041e-17    6.624687266961436e-09
823    -0.0    -8.261620554339544e-17    6.6246872526499676e-09
824    -0.0    -6.505213034913027e-17    6.624687235085892e-09
825    0.0    1.192622389734055e-16    6.624687050771523e-09
826    -0.0    -1.2067170179763664e-16    6.624687290705464e-09
827    -0.0    -1.6425662913155392e-16    6.624687334290391e-09
828    0.0    5.128276275856436e-17    6.624687118750999e-09
829    -0.0    -1.2555061157382141e-16    6.6246872955843736e-09
830    0.0    3.241764495731658e-17    6.624687137616117e-09
831    0.0    3.8163916471489756e-17    6.6246871318698455e-09
832    0.0    3.968179951296946e-17    6.6246871303519625e-09
833    -0.0    -1.485356976305141e-17    6.624687184887332e-09
834    0.0    2.0166160408230382e-17    6.624687149867602e-09
835    -0.0    -2.200930410145574e-17    6.624687192043066e-09
836    0.0    3.7947076036992655e-17    6.624687132086686e-09
837    0.0    2.894819800536297e-17    6.624687141085564e-09
838    -0.0    -1.3747683547116196e-16    6.6246873075105975e-09
839    0.0    1.192622389734055e-16    6.624687050771523e-09
840    0.0    1.5851035761738075e-16    6.624687011523404e-09
841    0.0    9.64939933512099e-18    6.624687160384363e-09
842    -0.0    -4.5102810375396984e-17    6.624687215136572e-09
843    -0.0    -9.812029660993815e-17    6.624687268154059e-09
844    -0.0    -4.336808689942018e-17    6.624687213401849e-09
845    -0.0    -1.8041124150158794e-16    6.6246873504450035e-09
846    -0.0    -8.673617379884035e-19    6.624687170901124e-09
847    -0.0    -1.341158087364569e-16    6.624687304149571e-09
848    -0.0    -1.4203048459560108e-16    6.624687312064247e-09
849    -0.0    -1.0625181290357943e-16    6.624687276285575e-09
850    0.0    1.496198998029996e-17    6.624687155071772e-09
851    -0.0    -1.369347343849192e-16    6.624687306968496e-09
852    -0.0    -2.0816681711721685e-17    6.624687190850444e-09
853    -0.0    -1.691355389077387e-17    6.624687186947316e-09
854    0.0    5.074066167232161e-17    6.6246871192931e-09
855    -0.0    -3.404394821604484e-17    6.62468720407771e-09
856    0.0    1.3595895242968226e-16    6.6246870340748096e-09
857    0.0    4.0115480381963664e-17    6.624687129918282e-09
858    0.0    4.96564594998361e-17    6.6246871203773025e-09
859    -0.0    -3.69712940817557e-17    6.624687207005056e-09
860    0.0    4.2500725161431774e-17    6.624687127533037e-09
861    0.0    1.5070410197548512e-17    6.624687154963352e-09
862    0.0    1.702197410802242e-17    6.624687153011788e-09
863    -0.0    -6.635317295611287e-17    6.624687236386935e-09
864    -0.0    -2.2659825404947043e-17    6.624687192693587e-09
865    -0.0    -7.990570011218168e-17    6.624687249939462e-09
866    0.0    1.3444106938820255e-17    6.624687156589655e-09
867    0.0    4.651227319962814e-17    6.624687123521489e-09
868    0.0    2.5370330836160804e-17    6.624687144663431e-09
869    0.0    4.87890977618477e-17    6.624687121244664e-09
870    0.0    6.049848122469115e-17    6.624687109535281e-09
871    -0.0    -6.938893903907228e-18    6.624687176972656e-09
872    -0.0    -8.61940727125976e-17    6.624687256227835e-09
873    -0.0    -1.1275702593849246e-17    6.624687181309465e-09
874    0.0    9.313296661650483e-17    6.624687076900795e-09
875    -0.0    -7.784571598445922e-17    6.624687247879478e-09
876    -0.0    -1.805196617188365e-16    6.624687350553424e-09
877    -0.0    -5.139118297581291e-17    6.624687221424945e-09
878    -0.0    -5.182486384480711e-17    6.624687221858626e-09
879    -0.0    -1.1405806854547507e-16    6.6246872840918306e-09
880    -0.0    -6.03900610074426e-17    6.624687230423823e-09
881    -0.0    -2.8297676701871666e-17    6.624687198331439e-09
882    -0.0    -9.128982292327947e-17    6.624687261323585e-09
883    0.0    5.822165666247159e-17    6.624687111812105e-09
884    0.0    2.981555974335137e-17    6.624687140218202e-09
885    0.0    1.463672932855431e-17    6.624687155397033e-09
886    -0.0    -3.5128150388530344e-17    6.624687205161912e-09
887    -0.0    -4.618701254788249e-17    6.6246872162207746e-09
888    -0.0    -1.0972125985553305e-16    6.624687279755022e-09
889    0.0    4.92227786308419e-17    6.624687120810983e-09
890    -0.0    -3.2634485391813683e-17    6.624687202668247e-09
891    -0.0    -1.1828645701816853e-16    6.624687288320219e-09
892    0.0    3.903127820947816e-18    6.624687166130634e-09
893    -0.0    -2.905661822261152e-17    6.62468719909038e-09
894    0.0    2.181414771040835e-16    6.624686951892285e-09
895    -0.0    -3.252606517456513e-17    6.624687202559827e-09
896    0.0    4.5644911461639737e-17    6.6246871243888505e-09
897    -0.0    -2.7863995832877464e-17    6.624687197897758e-09
898    0.0    8.500145032286355e-17    6.624687085032312e-09
899    0.0    3.491130995403324e-17    6.624687135122452e-09
900    0.0    3.003240017784847e-17    6.624687140001362e-09
901    0.0    2.862293735361732e-17    6.624687141410825e-09
902    -0.0    -6.396792817664476e-18    6.624687176430555e-09
903    -0.0    -1.680513367352532e-17    6.624687186838896e-09
904    -0.0    -2.3960868011929648e-17    6.62468719399463e-09
905    0.0    6.158268339717665e-17    6.624687108451079e-09
906    -0.0    -2.42861286636753e-17    6.624687194319891e-09
907    0.0    2.5587171270657905e-17    6.624687144446591e-09
908    0.0    7.26415455565288e-17    6.6246870973922165e-09
909    -0.0    -1.4712623480628295e-16    6.624687317159997e-09
910    0.0    4.3151246464923076e-17    6.6246871268825155e-09
911    -0.0    -4.9764879717084654e-17    6.624687219798642e-09
912    -0.0    -4.4994390158148434e-17    6.624687215028152e-09
913    -0.0    -2.168404344971009e-18    6.624687172202166e-09
914    -0.0    -7.134050294954619e-17    6.624687241374265e-09
915    -0.0    -6.581107186987012e-17    6.624687235844834e-09
916    -0.0    -7.26415455565288e-17    6.6246872426753076e-09
917    -0.0    -3.599551212651875e-17    6.624687206029274e-09
918    0.0    4.9873299934333204e-17    6.624687120160462e-09
919    -0.0    -1.5395670849294163e-17    6.624687185429433e-09
920    -0.0    -5.952269926945419e-17    6.624687229556461e-09
921    0.0    2.862293735361732e-17    6.624687141410825e-09
922    0.0    1.235990476633475e-16    6.624687046434714e-09
923    -0.0    -3.8163916471489756e-17    6.6246872081976785e-09
924    -0.0    -1.0408340855860843e-17    6.624687180442103e-09
925    0.0    2.938187887435717e-17    6.624687140651883e-09
926    -0.0    -1.2891163830852648e-16    6.6246872989454e-09
927    -0.0    -5.377642775528102e-17    6.62468722381019e-09
928    0.0    4.445228907190568e-17    6.624687125581473e-09
929    0.0    3.63207727782644e-17    6.624687133712989e-09
930    -0.0    -2.6020852139652106e-17    6.624687196054614e-09
931    0.0    6.472686969738461e-17    6.624687105306892e-09
932    0.0    2.0816681711721685e-17    6.62468714921708e-09
933    0.0    1.1416648876272362e-16    6.624687055867273e-09
934    -0.0    -7.28583859910259e-17    6.624687242892148e-09
935    0.0    1.1188966420050406e-16    6.624687058144098e-09
936    -0.0    -1.1188966420050406e-16    6.624687281923426e-09
937    -0.0    -3.447762908503904e-17    6.624687204511391e-09
938    -0.0    -6.451002926288751e-17    6.624687234543791e-09
939    -0.0    -5.876375774871434e-17    6.62468722879752e-09
940    -0.0    -5.735429492448318e-17    6.624687227388057e-09
941    -0.0    -3.686287386450715e-18    6.624687173720049e-09
942    -0.0    -1.951563910473908e-18    6.624687171985326e-09
943    0.0    7.860465750519907e-17    6.6246870914291045e-09
944    -0.0    -8.55435514091063e-17    6.6246872555773134e-09
945    -0.0    -4.174178364069192e-17    6.624687211775546e-09
946    -0.0    -1.3552527156068805e-17    6.624687183586289e-09
947    0.0    1.360673726469308e-16    6.624687033966389e-09
948    0.0    7.773729576721067e-17    6.624687092296466e-09
949    0.0    1.734723475976807e-18    6.6246871682990385e-09
950    -0.0    -5.377642775528102e-17    6.62468722381019e-09
951    0.0    3.881443777498106e-17    6.624687131219324e-09
952    -0.0    -2.168404344971009e-19    6.6246871702506024e-09
953    0.0    6.08237418764368e-17    6.62468710921002e-09
954    0.0    9.562663161322149e-17    6.62468707440713e-09
955    0.0    1.71954464556201e-16    6.6246869980792975e-09
956    0.0    1.5178830414797062e-18    6.624687168515879e-09
957    0.0    6.808789643208968e-17    6.6246871019458656e-09
958    -0.0    -4.336808689942018e-19    6.624687170467443e-09
959    -0.0    -2.5261910618912253e-17    6.624687195295673e-09
960    0.0    7.112366251504909e-17    6.6246870989100995e-09
961    -0.0    -1.3335686721571705e-17    6.624687183369449e-09
962    -0.0    -1.728218262941894e-16    6.624687342855588e-09
963    -0.0    -5.4643789493269423e-17    6.6246872246775515e-09
964    0.0    3.111660235033398e-17    6.62468713891716e-09
965    -0.0    -3.935653886122381e-17    6.624687209390301e-09
966    -0.0    -1.1915381875615694e-16    6.624687289187581e-09
967    -0.0    -3.5019730171281793e-17    6.624687205053492e-09
968    0.0    5.767955557622884e-17    6.6246871123542064e-09
969    0.0    1.093959992037874e-16    6.624687060637763e-09
970    0.0    9.215718466126788e-18    6.6246871608180435e-09
971    -0.0    -5.5294310796760726e-18    6.624687175563193e-09
972    -0.0    -9.215718466126788e-18    6.6246871792494805e-09
973    -0.0    -7.134050294954619e-17    6.624687241374265e-09
974    -0.0    -4.336808689942018e-17    6.624687213401849e-09
975    -0.0    -6.158268339717665e-17    6.624687231616445e-09
976    0.0    6.201636426617085e-17    6.624687108017398e-09
977    0.0    1.8810907692623502e-16    6.624686981924685e-09
978    0.0    4.597017211338539e-17    6.62468712406359e-09
979    0.0    1.470178145890344e-16    6.6246870230159474e-09
980    0.0    8.55435514091063e-17    6.624687084490211e-09
981    -0.0    -2.905661822261152e-17    6.62468719909038e-09
982    0.0    1.2088854223213374e-16    6.62468704914522e-09
983    0.0    2.596664203102783e-16    6.624686910367342e-09
984    0.0    5.281148782176892e-16    6.624686641918884e-09
985    0.0    1.457384560255015e-15    6.624685712649202e-09
986    0.0    3.3158155041124182e-15    6.624683854218258e-09
987    0.0    8.365270282029158e-15    6.62467880476348e-09
988    0.0    2.0571326760088215e-14    6.624666598707002e-09
989    0.0    5.1456018265727543e-14    6.624635714015496e-09
990    0.0    1.2790083662311824e-13    6.624559269197139e-09
991    0.0    3.180280474732178e-13    6.624369141986289e-09
992    0.0    7.903410998572058e-13    6.623896828933905e-09
993    0.0    1.965516074550755e-12    6.622721653959211e-09
994    0.0    4.886496264046303e-12    6.619800673769716e-09
995    0.0    1.2155732908962491e-11    6.6125314371247995e-09
996    0.0    3.0295513927386386e-11    6.594391656106376e-09
997    0.0    7.612094103919692e-11    6.548566228994565e-09
998    0.0    1.9874422810609027e-10    6.425942941927672e-09
999    1.3736770915640656e-09    6.868385457820328e-10    5.937848624251729e-09
