0    2.5216454133114574e-09    1.2608227066557287e-09    4.858451332651753e-09
1    3.477560156072562e-09    1.738780078036281e-09    4.380493961271201e-09
2    4.397271792999299e-09    2.1986358964996497e-09    3.920638142807832e-09
3    5.273156077805277e-09    2.6365780389026386e-09    3.4826960004048432e-09
4    6.098483210830244e-09    3.049241605415122e-09    3.07003243389236e-09
5    6.8679558956185466e-09    3.4339779478092733e-09    2.6852960914982085e-09
6    7.57781622195454e-09    3.78890811097727e-09    2.3303659283302122e-09
7    8.225842681487683e-09    4.1129213407438414e-09    2.0063526985636404e-09
8    8.811290709218045e-09    4.405645354609022e-09    1.7136286846984594e-09
9    9.334763783133693e-09    4.667381891566846e-09    1.4518921477406355e-09
10    9.79805175145218e-09    4.89902587572609e-09    1.2202481635813917e-09
11    1.0203934595930456e-08    5.101967297965228e-09    1.017306741342254e-09
12    1.0555970327225453e-08    5.2779851636127265e-09    8.412888756947554e-10
13    1.0858284857405767e-08    5.429142428702884e-09    6.901316106045982e-10
14    1.1115363526955843e-08    5.557681763477922e-09    5.615922758295602e-10
15    1.1331863308599796e-08    5.665931654299898e-09    4.533423850075838e-10
16    1.1512451992797337e-08    5.756225996398669e-09    3.6304804290881315e-10
17    1.166166809429478e-08    5.83083404714739e-09    2.8843999216009164e-10
18    1.1783817235357097e-08    5.8919086176785485e-09    2.2736542162893336e-10
19    1.1882894502797739e-08    5.9414472513988695e-09    1.7782678790861234e-10
20    1.196253332003995e-08    5.981266660019975e-09    1.3800737928750667e-10
21    1.2025977077882721e-08    6.012988538941361e-09    1.0628550036612117e-10
22    1.2076078214880506e-08    6.038039107440253e-09    8.123493186722869e-11
23    1.211530095083374e-08    6.05765047541687e-09    6.162356389061152e-11
24    1.2145747483281732e-08    6.072873741640866e-09    4.6400297666615575e-11
25    1.2169184128267563e-08    6.084592064133781e-09    3.468197517370042e-11
26    1.2187076928790036e-08    6.093538464395018e-09    2.573557491246381e-11
27    1.2200626689495842e-08    6.100313344747921e-09    1.8960694559561064e-11
28    1.2210806182594985e-08    6.105403091297493e-09    1.3870948009989115e-11
29    1.221839412350427e-08    6.109197061752135e-09    1.0076977555346922e-11
30    1.2224006853620017e-08    6.112003426810009e-09    7.270612497473072e-12
31    1.2228127520535342e-08    6.114063760267671e-09    5.210279039810639e-12
32    1.2231130160772485e-08    6.115565080386243e-09    3.708958921239125e-12
33    1.223330231515593e-08    6.116651157577965e-09    2.622881729516524e-12
34    1.2234862307959268e-08    6.117431153979634e-09    1.8428853278476542e-12
35    1.2235974854429149e-08    6.1179874272145746e-09    1.2866120929072578e-12
36    1.223676294125585e-08    6.118381470627925e-09    8.925686795571708e-13
37    1.223731698396166e-08    6.11865849198083e-09    6.155473266516998e-13
38    1.223770429979211e-08    6.118852149896055e-09    4.2188941142690117e-13
39    1.2237973291652146e-08    6.118986645826073e-09    2.8739348140877086e-13
40    1.2238158794957571e-08    6.1190793974787855e-09    1.9464182869632918e-13
41    1.2238285910940241e-08    6.119142955470121e-09    1.3108383736110119e-13
42    1.2238372469088044e-08    6.119186234544022e-09    8.780476346004207e-14
43    1.2238431090815308e-08    6.119215545407654e-09    5.84938998279827e-14
44    1.2238470704526924e-08    6.119235352263462e-09    3.868704401971401e-14
45    1.2238496657724848e-08    6.119248328862424e-09    2.5710445057669506e-14
46    1.2238514115114549e-08    6.119257057557274e-09    1.6981750207423207e-14
47    1.2238525827533778e-08    6.119262913766889e-09    1.1125540592960004e-14
48    1.2238533763243159e-08    6.1192668816215795e-09    7.157685902314803e-15
49    1.2238538585991263e-08    6.119269292995631e-09    4.746311850489793e-15
50    1.2238541806505396e-08    6.119270903252698e-09    3.1360547839143216e-15
51    1.2238543996376944e-08    6.119271998188472e-09    2.0411190099212106e-15
52    1.2238545183795163e-08    6.1192725918975815e-09    1.4474099002681484e-15
53    1.2238546083682966e-08    6.119273041841483e-09    9.97465998686664e-16
54    1.2238546850430743e-08    6.119273425215371e-09    6.140921104957897e-16
55    1.22385470191326e-08    6.1192735095663e-09    5.297411814764175e-16
56    1.2238547309698783e-08    6.1192736548493915e-09    3.8445809036335987e-16
57    1.2238547422022128e-08    6.119273711011064e-09    3.2829641782861074e-16
58    1.2238547459318683e-08    6.119273729659341e-09    3.0964814046186007e-16
59    1.2238547769617344e-08    6.119273884808672e-09    1.5449880957918438e-16
60    1.2238547878037562e-08    6.119273939018781e-09    1.0028870095490916e-16
61    1.2238547738826003e-08    6.119273869413001e-09    1.6989448042847854e-16
62    1.2238547827947421e-08    6.119273913973711e-09    1.2533377113932431e-16
63    1.2238547526539217e-08    6.119273763269609e-09    2.7603787311480943e-16
64    1.2238547989276705e-08    6.119273994638352e-09    4.466912950640278e-17
65    1.223854740337385e-08    6.119273701686925e-09    3.376205565119861e-16
66    1.2238547646885659e-08    6.119273823442829e-09    2.1586465254186393e-16
67    1.2238547703914693e-08    6.119273851957346e-09    1.8735013540549517e-16
68    1.2238547676809639e-08    6.119273838404819e-09    2.0090266256156397e-16
69    1.2238548018333323e-08    6.1192740091666614e-09    3.0140820395097023e-17
70    1.2238547699361044e-08    6.119273849680522e-09    1.8962695996771473e-16
71    1.2238547619780604e-08    6.119273809890302e-09    2.2941717969793274e-16
72    1.2238547749884865e-08    6.1192738749424325e-09    1.6436504934880247e-16
73    1.2238547881507009e-08    6.119273940753504e-09    9.855397747893235e-17
74    1.2238547645584616e-08    6.119273822792308e-09    2.1651517384535524e-16
75    1.2238547146634776e-08    6.119273573317388e-09    4.659900937342698e-16
76    1.2238547634525754e-08    6.119273817262877e-09    2.220446049250313e-16
77    1.2238547800191846e-08    6.119273900095923e-09    1.3921155894713877e-16
78    1.223854785722088e-08    6.11927392861044e-09    1.1069704181077e-16
79    1.2238547859606125e-08    6.119273929803062e-09    1.0950441942103595e-16
80    1.2238547841174688e-08    6.119273920587344e-09    1.1872013788716274e-16
81    1.2238547198893321e-08    6.1192735994466604e-09    4.3986082137736915e-16
82    1.2238547548656942e-08    6.119273774328471e-09    2.649790109554573e-16
83    1.2238547396218116e-08    6.119273698109058e-09    3.4119842368118825e-16
84    1.2238547547139059e-08    6.119273773569529e-09    2.6573795247619714e-16
85    1.2238547539115963e-08    6.119273769557981e-09    2.697495005143935e-16
86    1.2238547668136021e-08    6.1192738340680106e-09    2.05239471251506e-16
87    1.223854747297963e-08    6.119273736489815e-09    3.028176667752014e-16
88    1.2238547399253882e-08    6.119273699626941e-09    3.3968054063970854e-16
89    1.2238547539115963e-08    6.119273769557981e-09    2.697495005143935e-16
90    1.2238547648403542e-08    6.119273824201771e-09    2.1510571102112408e-16
91    1.223854780756442e-08    6.11927390378221e-09    1.3552527156068805e-16
92    1.2238547746415418e-08    6.119273873207709e-09    1.6609977282477928e-16
93    1.2238547811033867e-08    6.119273905516934e-09    1.3379054808471125e-16
94    1.223854765230667e-08    6.119273826153335e-09    2.1315414711065017e-16
95    1.2238547657294e-08    6.119273828647e-09    2.106604821139335e-16
96    1.2238547881507009e-08    6.119273940753504e-09    9.855397747893235e-17
97    1.223854774272913e-08    6.119273871364565e-09    1.6794291651800464e-16
98    1.2238547913816233e-08    6.119273956908117e-09    8.239936510889834e-17
99    1.22385476074207e-08    6.11927380371035e-09    2.355971320811001e-16
100    1.2238547361089966e-08    6.119273680544983e-09    3.587624988754534e-16
101    1.2238547525021334e-08    6.119273762510667e-09    2.767968146355493e-16
102    1.2238547422455809e-08    6.1192737112279044e-09    3.2807957739411364e-16
103    1.223854773253763e-08    6.119273866268815e-09    1.730386667286865e-16
104    1.2238547534779154e-08    6.119273767389577e-09    2.719179048593645e-16
105    1.2238547840957847e-08    6.119273920478924e-09    1.1882855810441129e-16
106    1.2238547601566008e-08    6.119273800783004e-09    2.38524477946811e-16
107    1.2238547491194227e-08    6.119273745597113e-09    2.9371036852632315e-16
108    1.2238547709552544e-08    6.119273854776272e-09    1.8453120975703285e-16
109    1.2238547486206897e-08    6.119273743103448e-09    2.962040335230398e-16
110    1.2238547925308776e-08    6.119273962654388e-09    7.665309359472516e-17
111    1.223854784225889e-08    6.119273921129445e-09    1.1817803680091998e-16
112    1.2238547849197784e-08    6.119273924598892e-09    1.1470858984896637e-16
113    1.2238547659679244e-08    6.119273829839622e-09    2.0946785972419946e-16
114    1.2238547435032554e-08    6.119273717516277e-09    3.217912047936977e-16
115    1.2238547384075052e-08    6.119273692037526e-09    3.4726995584710707e-16
116    1.2238547279124282e-08    6.119273639562141e-09    3.997453409954055e-16
117    1.2238548008358663e-08    6.1192740041793314e-09    3.5128150388530344e-17
118    1.223854767247283e-08    6.119273836236415e-09    2.0307106690653498e-16
119    1.2238547913816233e-08    6.119273956908117e-09    8.239936510889834e-17
120    1.2238547684182213e-08    6.119273842091107e-09    1.9721637517511326e-16
121    1.2238547912732031e-08    6.119273956366016e-09    8.294146619514109e-17
122    1.2238547675074915e-08    6.1192738375374575e-09    2.0177002429955238e-16
123    1.2238547700662086e-08    6.119273850331043e-09    1.8897643866422342e-16
124    1.223854785700404e-08    6.11927392850202e-09    1.1080546202801855e-16
125    1.22385477173588e-08    6.1192738586794e-09    1.8062808193608504e-16
126    1.2238547638428882e-08    6.119273819214441e-09    2.200930410145574e-16
127    1.2238547754655354e-08    6.119273877327677e-09    1.6197980456933436e-16
128    1.2238547785880377e-08    6.1192738929401885e-09    1.463672932855431e-16
129    1.2238547578580922e-08    6.119273789290461e-09    2.500170209751573e-16
130    1.2238547642115169e-08    6.1192738210575845e-09    2.1824989732133204e-16
131    1.2238547480352205e-08    6.1192737401761024e-09    2.9913137938875067e-16
132    1.2238547605902816e-08    6.119273802951408e-09    2.3635607360183997e-16
133    1.2238547711720948e-08    6.119273855860474e-09    1.8344700758454735e-16
134    1.2238547850065146e-08    6.119273925032573e-09    1.1427490897997217e-16
135    1.2238547379955084e-08    6.119273689977542e-09    3.4932993997482953e-16
136    1.2238547529358143e-08    6.1192737646790715e-09    2.7462841029057827e-16
137    1.223854774251229e-08    6.119273871256145e-09    1.6805133673525319e-16
138    1.2238547744680695e-08    6.119273872340347e-09    1.6696713456276768e-16
139    1.2238548043920494e-08    6.119274021960247e-09    1.734723475976807e-17
140    1.2238548053027792e-08    6.119274026513896e-09    1.2793585635328952e-17
141    1.2238547799758165e-08    6.1192738998790824e-09    1.3942839938163587e-16
142    1.2238547666401298e-08    6.119273833200649e-09    2.061068329894944e-16
143    1.2238547595494476e-08    6.119273797747238e-09    2.415602440297704e-16
144    1.2238547679628564e-08    6.119273839814282e-09    1.9949319973733282e-16
145    1.2238547416384277e-08    6.119273708192138e-09    3.3111534347707305e-16
146    1.2238547411396947e-08    6.119273705698473e-09    3.336090084737897e-16
147    1.223854725809076e-08    6.11927362904538e-09    4.102621020685149e-16
148    1.2238547577063039e-08    6.119273788531519e-09    2.507759624958972e-16
149    1.2238547836187358e-08    6.119273918093679e-09    1.212138028838794e-16
150    1.2238547789349824e-08    6.119273894674912e-09    1.446325698095663e-16
151    1.2238547490543705e-08    6.119273745271853e-09    2.940356291780688e-16
152    1.2238547574677794e-08    6.119273787338897e-09    2.5196858488563123e-16
153    1.2238547659679244e-08    6.119273829839622e-09    2.0946785972419946e-16
154    1.2238547843343092e-08    6.119273921671546e-09    1.1763593571467723e-16
155    1.2238547695241075e-08    6.119273847620538e-09    1.9168694409543718e-16
156    1.2238547817755921e-08    6.1192739088779605e-09    1.3042952135000618e-16
157    1.2238547796722399e-08    6.119273898361199e-09    1.4094628242311558e-16
158    1.223854798732514e-08    6.11927399366257e-09    4.5644911461639737e-17
159    1.2238547890831147e-08    6.119273945415574e-09    9.389190813724468e-17
160    1.2238547630839466e-08    6.119273815419733e-09    2.2388774861825667e-16
161    1.223854776267845e-08    6.119273881339225e-09    1.57968256531138e-16
162    1.223854758747138e-08    6.11927379373569e-09    2.4557179206796675e-16
163    1.2238547865027136e-08    6.119273932513568e-09    1.0679391398982219e-16
164    1.2238547548656942e-08    6.119273774328471e-09    2.649790109554573e-16
165    1.2238547575328315e-08    6.1192737876641576e-09    2.516433242338856e-16
166    1.2238547574677794e-08    6.119273787338897e-09    2.5196858488563123e-16
167    1.2238547384291892e-08    6.119273692145946e-09    3.471615356298585e-16
168    1.223854780257709e-08    6.119273901288545e-09    1.3801893655740471e-16
169    1.2238547828164262e-08    6.119273914082131e-09    1.2522535092207576e-16
170    1.2238547990577747e-08    6.119273995288874e-09    4.401860820291148e-17
171    1.2238547719310364e-08    6.119273859655182e-09    1.7965229998084808e-16
172    1.2238547672039149e-08    6.1192738360195745e-09    2.0328790734103208e-16
173    1.2238547666834979e-08    6.119273833417489e-09    2.058899925549973e-16
174    1.223854766770234e-08    6.11927383385117e-09    2.054563116860031e-16
175    1.2238547966074778e-08    6.119273983037389e-09    5.627009275199768e-17
176    1.2238547405759095e-08    6.119273702879548e-09    3.3642793412225203e-16
177    1.2238547593542912e-08    6.119273796771456e-09    2.4253602598500734e-16
178    1.2238547906443659e-08    6.119273953221829e-09    8.608565249534905e-17
179    1.2238547575111475e-08    6.119273787555737e-09    2.5175174445113413e-16
180    1.2238548066038218e-08    6.119274033019109e-09    6.288372600415926e-18
181    1.2238547903407893e-08    6.119273951703946e-09    8.760353553682876e-17
182    1.2238547840090486e-08    6.119273920045243e-09    1.192622389734055e-16
183    1.2238547500735206e-08    6.119273750367603e-09    2.8893987896738693e-16
184    1.223854748317113e-08    6.119273741585565e-09    2.977219165645195e-16
185    1.223854782187589e-08    6.119273910937945e-09    1.2836953722228372e-16
186    1.223854790687734e-08    6.11927395343867e-09    8.586881206085195e-17
187    1.2238547887578541e-08    6.1192739437892704e-09    9.551821139597294e-17
188    1.2238547874134434e-08    6.119273937067217e-09    1.0224026486538307e-16
189    1.2238547661630808e-08    6.119273830815404e-09    2.084920777689625e-16
190    1.2238547929645585e-08    6.1192739648227926e-09    7.448468924975415e-17
191    1.2238547696325278e-08    6.119273848162639e-09    1.9114484300919443e-16
192    1.2238547569039943e-08    6.119273784519971e-09    2.5478751053409354e-16
193    1.2238547572075709e-08    6.119273786037854e-09    2.5326962749261384e-16
194    1.2238547524587653e-08    6.119273762293827e-09    2.770136550700464e-16
195    1.2238547375184594e-08    6.119273687592297e-09    3.5171518475429764e-16
196    1.2238547641464648e-08    6.119273820732324e-09    2.185751579730777e-16
197    1.2238547859172444e-08    6.119273929586222e-09    1.0972125985553305e-16
198    1.2238547789349824e-08    6.119273894674912e-09    1.446325698095663e-16
199    1.2238548085987538e-08    6.119274042993769e-09    3.686287386450715e-18
200    1.2238547604168093e-08    6.1192738020840465e-09    2.3722343533982837e-16
201    1.2238547649487744e-08    6.119273824743872e-09    2.1456360993488133e-16
202    1.2238547879121764e-08    6.119273939560882e-09    9.974659986866641e-17
203    1.2238547988409343e-08    6.1192739942046714e-09    4.5102810375396984e-17
204    1.223854772212929e-08    6.119273861064645e-09    1.7824283715661693e-16
205    1.2238547721695608e-08    6.119273860847804e-09    1.7845967759111403e-16
206    1.223854751309511e-08    6.119273756547555e-09    2.8275992658421956e-16
207    1.223854724356245e-08    6.119273621781225e-09    4.1752625662416776e-16
208    1.2238547575111475e-08    6.119273787555737e-09    2.5175174445113413e-16
209    1.2238547600915486e-08    6.119273800457743e-09    2.3884973859855663e-16
210    1.2238547464089172e-08    6.119273732044586e-09    3.0726289568239196e-16
211    1.2238547557113719e-08    6.119273778556859e-09    2.607506224827638e-16
212    1.2238547608721742e-08    6.119273804360871e-09    2.349466107776088e-16
213    1.2238548028091142e-08    6.119274014045571e-09    2.5261910618912253e-17
214    1.2238547829682145e-08    6.1192739148410724e-09    1.244664094013359e-16
215    1.2238547381689807e-08    6.1192736908449036e-09    3.4846257823684113e-16
216    1.2238547321191326e-08    6.119273660595663e-09    3.787118188491867e-16
217    1.2238547578580922e-08    6.119273789290461e-09    2.500170209751573e-16
218    1.2238547969544225e-08    6.1192739847721125e-09    5.453536927602087e-17
219    1.2238547543886452e-08    6.119273771943226e-09    2.673642557349254e-16
220    1.2238547840090486e-08    6.119273920045243e-09    1.192622389734055e-16
221    1.2238547847896741e-08    6.119273923948371e-09    1.1535911115245767e-16
222    1.2238547960003246e-08    6.119273980001623e-09    5.930585883495709e-17
223    1.2238547640814126e-08    6.119273820407063e-09    2.1890041862482335e-16
224    1.2238547516998238e-08    6.119273758499119e-09    2.8080836267374565e-16
225    1.2238547585736656e-08    6.119273792868328e-09    2.4643915380595516e-16
226    1.223854752285293e-08    6.119273761426465e-09    2.778810168080348e-16
227    1.2238547298856761e-08    6.119273649428381e-09    3.898791012257874e-16
228    1.2238547326612337e-08    6.119273663306168e-09    3.7600131341797294e-16
229    1.2238548206984501e-08    6.1192741034922504e-09    6.418476861114186e-17
230    1.2238547864376614e-08    6.119273932188307e-09    1.0711917464156784e-16
231    1.223854744782614e-08    6.11927372391307e-09    3.1539441197603324e-16
232    1.2238547785446696e-08    6.119273892723348e-09    1.465841337200402e-16
233    1.2238547844644135e-08    6.119273922322067e-09    1.1698541441118593e-16
234    1.223854767268967e-08    6.119273836344835e-09    2.0296264668928643e-16
235    1.2238547982771492e-08    6.119273991385746e-09    4.7921736023859296e-17
236    1.2238548040017366e-08    6.119274020008683e-09    1.929879867024198e-17
237    1.2238547558848442e-08    6.119273779424221e-09    2.598832607447754e-16
238    1.2238547648186701e-08    6.1192738240933506e-09    2.1521413123837263e-16
239    1.223854768743482e-08    6.11927384371741e-09    1.95590071916385e-16
240    1.2238547739693365e-08    6.119273869846682e-09    1.6946079955948434e-16
241    1.2238547893866913e-08    6.119273946933457e-09    9.237402509576498e-17
242    1.2238547968893704e-08    6.119273984446852e-09    5.4860629927766524e-17
243    1.2238547860473487e-08    6.119273930236743e-09    1.0907073855204175e-16
244    1.2238547724080853e-08    6.119273862040427e-09    1.7726705520137997e-16
245    1.2238547887578541e-08    6.1192739437892704e-09    9.551821139597294e-17
246    1.2238547713455672e-08    6.119273856727836e-09    1.8257964584655895e-16
247    1.2238547616311157e-08    6.119273808155579e-09    2.3115190317390955e-16
248    1.2238547901239488e-08    6.119273950619744e-09    8.868773770931426e-17
249    1.2238547914466755e-08    6.119273957233377e-09    8.207410445715269e-17
250    1.2238548078614964e-08    6.119274039307482e-09    0.0
251    1.2238547809949665e-08    6.119273904974833e-09    1.34332649170954e-16
252    1.2238547388628701e-08    6.1192736943143505e-09    3.449931312848875e-16
253    1.2238547655559276e-08    6.119273827779638e-09    2.1152784385192192e-16
254    1.2238547557113719e-08    6.119273778556859e-09    2.607506224827638e-16
255    1.2238547910346786e-08    6.119273955173393e-09    8.413408858487514e-17
256    1.2238547766798419e-08    6.119273883399209e-09    1.5590827240341554e-16
257    1.2238547629538424e-08    6.119273814769212e-09    2.2453826992174797e-16
258    1.22385479667253e-08    6.11927398336265e-09    5.594483210025203e-17
259    1.2238547453463991e-08    6.1192737267319955e-09    3.1257548632757093e-16
260    1.2238547595928156e-08    6.119273797964078e-09    2.413434035952733e-16
261    1.223854778718142e-08    6.11927389359071e-09    1.457167719820518e-16
262    1.2238547726682938e-08    6.119273863341469e-09    1.7596601259439737e-16
263    1.2238547760076365e-08    6.119273880038183e-09    1.592692991381206e-16
264    1.2238547776122558e-08    6.119273888061279e-09    1.5124620306172787e-16
265    1.2238547780459366e-08    6.119273890229683e-09    1.4907779871675686e-16
266    1.2238547749884865e-08    6.1192738749424325e-09    1.6436504934880247e-16
267    1.22385475881219e-08    6.11927379406095e-09    2.452465314162211e-16
268    1.2238547684832735e-08    6.119273842416367e-09    1.968911145233676e-16
269    1.2238547878254402e-08    6.119273939127201e-09    1.0018028073766061e-16
270    1.2238547551909548e-08    6.119273775954774e-09    2.6335270769672903e-16
271    1.2238547571425187e-08    6.119273785712594e-09    2.535948881443595e-16
272    1.223854777243627e-08    6.119273886218135e-09    1.5308934675495323e-16
273    1.2238547884542775e-08    6.119273942271387e-09    9.703609443745265e-17
274    1.2238547963255852e-08    6.119273981627926e-09    5.767955557622884e-17
275    1.2238547817972761e-08    6.119273908986381e-09    1.3032110113275763e-16
276    1.2238547590290305e-08    6.1192737951451526e-09    2.441623292437356e-16
277    1.2238547884759615e-08    6.119273942379808e-09    9.69276742202041e-17
278    1.2238547551692708e-08    6.119273775846354e-09    2.634611279139776e-16
279    1.2238547511360387e-08    6.1192737556801935e-09    2.8362728832220796e-16
280    1.2238547550608506e-08    6.119273775304253e-09    2.6400322900022033e-16
281    1.2238547594843954e-08    6.119273797421977e-09    2.4188550468151604e-16
282    1.2238547960653767e-08    6.119273980326884e-09    5.898059818321144e-17
283    1.2238547589422943e-08    6.119273794711472e-09    2.445960101127298e-16
284    1.2238547639513084e-08    6.119273819756542e-09    2.1955093992831465e-16
285    1.2238547529141303e-08    6.119273764570651e-09    2.747368305078268e-16
286    1.2238547830332666e-08    6.119273915166333e-09    1.2414114874959026e-16
287    1.2238547796505558e-08    6.119273898252779e-09    1.4105470264036413e-16
288    1.2238547746198578e-08    6.119273873099289e-09    1.6620819304202783e-16
289    1.2238547821659049e-08    6.119273910829524e-09    1.2847795743953228e-16
290    1.2238547654041393e-08    6.1192738270206964e-09    2.1228678537266177e-16
291    1.2238547500518365e-08    6.119273750259183e-09    2.890482991846355e-16
292    1.2238547417468479e-08    6.1192737087342394e-09    3.305732423908303e-16
293    1.223854764775302e-08    6.11927382387651e-09    2.1543097167286973e-16
294    1.2238547711070427e-08    6.1192738555352136e-09    1.83772268236293e-16
295    1.2238547823176932e-08    6.119273911588466e-09    1.2771901591879242e-16
296    1.2238547624984775e-08    6.119273812492387e-09    2.2681509448396753e-16
297    1.2238547781326728e-08    6.119273890663364e-09    1.4864411784776266e-16
298    1.2238548033512153e-08    6.119274016756077e-09    2.2551405187698492e-17
299    1.2238547900372126e-08    6.119273950186063e-09    8.912141857830846e-17
300    1.2238547205181693e-08    6.119273602590847e-09    4.367166350771612e-16
301    1.223854753304443e-08    6.119273766522215e-09    2.727852665973529e-16
302    1.2238548032427951e-08    6.1192740162139755e-09    2.3093506273941244e-17
303    1.223854787218287e-08    6.119273936091435e-09    1.0321604682062002e-16
304    1.2238547597012359e-08    6.119273798506179e-09    2.4080130250903053e-16
305    1.2238547725815577e-08    6.119273862907788e-09    1.7639969346339157e-16
306    1.2238547742945971e-08    6.1192738714729855e-09    1.6783449630075609e-16
307    1.2238547410312745e-08    6.119273705156372e-09    3.3415110956003247e-16
308    1.2238547580966166e-08    6.119273790483083e-09    2.4882439858542327e-16
309    1.2238547875652317e-08    6.1192739378261585e-09    1.0148132334464322e-16
310    1.2238547979735726e-08    6.119273989867863e-09    4.9439619065339e-17
311    1.2238547861340848e-08    6.119273930670424e-09    1.0863705768304754e-16
312    1.2238547961087448e-08    6.119273980543724e-09    5.876375774871434e-17
313    1.2238547585953496e-08    6.119273792976748e-09    2.463307335887066e-16
314    1.2238547554077953e-08    6.119273777038976e-09    2.622685055242435e-16
315    1.2238547597229199e-08    6.1192737986145995e-09    2.40692882291782e-16
316    1.2238547719310364e-08    6.119273859655182e-09    1.7965229998084808e-16
317    1.2238547514179313e-08    6.119273757089656e-09    2.822178254979768e-16
318    1.223854745758396e-08    6.11927372879198e-09    3.1051550219984847e-16
319    1.2238547755305876e-08    6.119273877652938e-09    1.616545439175887e-16
320    1.2238547744247014e-08    6.119273872123507e-09    1.6718397499726478e-16
321    1.2238548049341505e-08    6.1192740246707525e-09    1.463672932855431e-17
322    1.2238547996215599e-08    6.119273998107799e-09    4.119968255444917e-17
323    1.2238547660546606e-08    6.119273830273303e-09    2.0903417885520525e-16
324    1.2238547325311294e-08    6.119273662655647e-09    3.7665183472146424e-16
325    1.2238547650788786e-08    6.119273825394393e-09    2.1391308863139002e-16
326    1.2238547588338741e-08    6.119273794169371e-09    2.4513811119897255e-16
327    1.223854764276569e-08    6.119273821382845e-09    2.179246366695864e-16
328    1.2238547724948215e-08    6.1192738624741075e-09    1.7683337433238577e-16
329    1.2238547904708935e-08    6.1192739523544676e-09    8.695301423333746e-17
330    1.2238547851149348e-08    6.119273925574674e-09    1.1373280789372942e-16
331    1.2238547981253609e-08    6.119273990626804e-09    4.868067754459915e-17
332    1.2238548093793794e-08    6.119274046896897e-09    7.589415207398531e-18
333    1.2238547706733618e-08    6.119273853366809e-09    1.85940672581264e-16
334    1.2238547999034524e-08    6.119273999517262e-09    3.979021973021801e-17
335    1.223854771237147e-08    6.119273856185735e-09    1.831217469328017e-16
336    1.2238547708468342e-08    6.119273854234171e-09    1.850733108432756e-16
337    1.2238547375618275e-08    6.1192736878091375e-09    3.5149834431980054e-16
338    1.2238547225131013e-08    6.119273612565507e-09    4.2674197509029455e-16
339    1.2238547530876026e-08    6.119273765438013e-09    2.738694687698384e-16
340    1.2238547716491438e-08    6.119273858245719e-09    1.8106176280507924e-16
341    1.2238547895384796e-08    6.119273947692398e-09    9.161508357502512e-17
342    1.2238548069507665e-08    6.119274034753833e-09    4.553649124439119e-18
343    1.2238547553644272e-08    6.119273776822136e-09    2.624853459587406e-16
344    1.2238547599180763e-08    6.1192737995903815e-09    2.3971710033654503e-16
345    1.2238547659245563e-08    6.119273829622782e-09    2.0968470015869656e-16
346    1.2238547771352068e-08    6.119273885676034e-09    1.5363144784119598e-16
347    1.2238547801059207e-08    6.119273900529604e-09    1.3877787807814457e-16
348    1.223854746777546e-08    6.11927373388773e-09    3.054197519891666e-16
349    1.2238548025055376e-08    6.119274012527688e-09    2.677979366039196e-17
350    1.2238548088806464e-08    6.119274044403232e-09    5.095750210681871e-18
351    1.2238548033728994e-08    6.119274016864497e-09    2.2442984970449942e-17
352    1.2238547765931057e-08    6.1192738829655285e-09    1.5634195327240974e-16
353    1.2238547577279879e-08    6.1192737886399395e-09    2.5066754227864863e-16
354    1.2238547681580128e-08    6.119273840790064e-09    1.9851741778209586e-16
355    1.223854754301909e-08    6.119273771509545e-09    2.677979366039196e-16
356    1.223854758248405e-08    6.119273791242025e-09    2.480654570646834e-16
357    1.2238547503770972e-08    6.119273751885486e-09    2.8742199592590723e-16
358    1.2238547391447627e-08    6.119273695723813e-09    3.4358366846065636e-16
359    1.2238547403807531e-08    6.119273701903766e-09    3.37403716077489e-16
360    1.2238547588989263e-08    6.119273794494631e-09    2.448128505472269e-16
361    1.2238547631273147e-08    6.119273815636574e-09    2.2367090818375956e-16
362    1.223854759245871e-08    6.119273796229355e-09    2.430781270712501e-16
363    1.2238547472112268e-08    6.119273736056134e-09    3.032513476441956e-16
364    1.2238547292568389e-08    6.119273646284194e-09    3.9302328752599536e-16
365    1.2238547564703134e-08    6.119273782351567e-09    2.5695591487906455e-16
366    1.223854766271501e-08    6.119273831357505e-09    2.0794997668271975e-16
367    1.2238547659245563e-08    6.119273829622782e-09    2.0968470015869656e-16
368    1.2238547542151729e-08    6.119273771075864e-09    2.682316174729138e-16
369    1.2238547551042187e-08    6.119273775521093e-09    2.6378638856572323e-16
370    1.2238547466257577e-08    6.119273733128788e-09    3.0617869350990645e-16
371    1.2238547828814783e-08    6.1192739144073915e-09    1.249000902703301e-16
372    1.2238547761811089e-08    6.1192738809055444e-09    1.584019374001322e-16
373    1.2238547470594385e-08    6.119273735297193e-09    3.0401028916493544e-16
374    1.2238547428527341e-08    6.1192737142636705e-09    3.2504381131115423e-16
375    1.2238547931163468e-08    6.119273965581734e-09    7.37257477290143e-17
376    1.2238547735790237e-08    6.119273867895118e-09    1.7141236346995825e-16
377    1.2238547711287268e-08    6.119273855643634e-09    1.8366384801904445e-16
378    1.2238547537164399e-08    6.119273768582199e-09    2.7072528246963046e-16
379    1.2238547616094317e-08    6.1192738080471584e-09    2.312603233911581e-16
380    1.2238547875652317e-08    6.1192739378261585e-09    1.0148132334464322e-16
381    1.223854798689146e-08    6.11927399344573e-09    4.586175189613684e-17
382    1.223854837633688e-08    6.11927418816844e-09    1.4886095828225976e-16
383    1.2238547585953496e-08    6.119273792976748e-09    2.463307335887066e-16
384    1.223854745758396e-08    6.11927372879198e-09    3.1051550219984847e-16
385    1.2238547259825483e-08    6.1192736299127415e-09    4.0939474033052647e-16
386    1.2238547719960885e-08    6.1192738599804425e-09    1.7932703932910243e-16
387    1.2238547756173238e-08    6.119273878086619e-09    1.612208630485945e-16
388    1.223854794243917e-08    6.119273971219585e-09    6.808789643208968e-17
389    1.2238547770701547e-08    6.119273885350773e-09    1.5395670849294163e-16
390    1.223854787738704e-08    6.11927393869352e-09    1.0061396160665481e-16
391    1.2238547890614307e-08    6.1192739453071535e-09    9.400032835449323e-17
392    1.2238547780242526e-08    6.119273890121263e-09    1.491862189340054e-16
393    1.2238547549957984e-08    6.119273774978992e-09    2.64328489651966e-16
394    1.2238547858088242e-08    6.119273929044121e-09    1.102633609417758e-16
395    1.2238547770484706e-08    6.119273885242353e-09    1.5406512871019018e-16
396    1.2238547414432713e-08    6.119273707216356e-09    3.3209112543231e-16
397    1.2238547695024235e-08    6.1192738475121175e-09    1.9179536431268573e-16
398    1.2238547499000482e-08    6.119273749500241e-09    2.8980724070537534e-16
399    1.2238547932681351e-08    6.119273966340676e-09    7.296680620827445e-17
400    1.2238547758341642e-08    6.119273879170821e-09    1.60136660876109e-16
401    1.223854759766288e-08    6.11927379883144e-09    2.404760418572849e-16
402    1.223854768223065e-08    6.119273841115325e-09    1.981921571303502e-16
403    1.2238547504204653e-08    6.119273752102326e-09    2.872051554914101e-16
404    1.2238547423540011e-08    6.1192737117700055e-09    3.275374763078709e-16
405    1.2238547796722399e-08    6.119273898361199e-09    1.4094628242311558e-16
406    1.2238547658161361e-08    6.1192738290806806e-09    2.102268012449393e-16
407    1.223854778241093e-08    6.119273891205465e-09    1.481020167615199e-16
408    1.2238547522419249e-08    6.1192737612096246e-09    2.780978572425319e-16
409    1.2238547445657735e-08    6.119273722828868e-09    3.1647861414851874e-16
410    1.2238547261560206e-08    6.119273630780103e-09    4.0852737859253807e-16
411    1.2238547873267072e-08    6.119273936633536e-09    1.0267394573437727e-16
412    1.2238547755089035e-08    6.119273877544518e-09    1.6176296413483726e-16
413    1.2238547550174825e-08    6.119273775087412e-09    2.6422006943471743e-16
414    1.2238548020284887e-08    6.119274010142443e-09    2.916503843986007e-17
415    1.2238547848980943e-08    6.119273924490472e-09    1.1481701006621492e-16
416    1.2238547819490644e-08    6.119273909745322e-09    1.2956215961201778e-16
417    1.223854762281637e-08    6.119273811408185e-09    2.2789929665645303e-16
418    1.2238547785229856e-08    6.119273892614928e-09    1.4669255393728875e-16
419    1.2238547584218773e-08    6.1192737921093865e-09    2.47198095326695e-16
420    1.2238547842909411e-08    6.119273921454706e-09    1.1785277614917433e-16
421    1.2238547563618932e-08    6.119273781809466e-09    2.574980159653073e-16
422    1.223854780734758e-08    6.11927390367379e-09    1.356336917779366e-16
423    1.223854769740948e-08    6.11927384870474e-09    1.9060274192295168e-16
424    1.2238547688735862e-08    6.119273844367931e-09    1.949395506128937e-16
425    1.2238547197592278e-08    6.119273598796139e-09    4.4051134268086045e-16
426    1.2238547544103293e-08    6.119273772051646e-09    2.6725583551767684e-16
427    1.2238547378870882e-08    6.119273689435441e-09    3.498720410610723e-16
428    1.2238547248983461e-08    6.119273624491731e-09    4.14815751192954e-16
429    1.2238547189786023e-08    6.119273594893011e-09    4.444144705018083e-16
430    1.223854779238559e-08    6.119273896192795e-09    1.4311468676808659e-16
431    1.2238547656209797e-08    6.119273828104899e-09    2.1120258320017626e-16
432    1.2238547553210591e-08    6.1192737766052954e-09    2.627021863932377e-16
433    1.223854759766288e-08    6.11927379883144e-09    2.404760418572849e-16
434    1.2238547500735206e-08    6.119273750367603e-09    2.8893987896738693e-16
435    1.2238547618913242e-08    6.119273809456621e-09    2.2985086056692694e-16
436    1.223854762758686e-08    6.11927381379343e-09    2.255140518769849e-16
437    1.2238548001202929e-08    6.119274000601464e-09    3.870601755773251e-17
438    1.2238547865894497e-08    6.119273932947249e-09    1.0636023312082798e-16
439    1.2238547768533142e-08    6.119273884266571e-09    1.5504091066542713e-16
440    1.2238547616744838e-08    6.119273808372419e-09    2.3093506273941244e-16
441    1.2238547586387177e-08    6.119273793193589e-09    2.461138931542095e-16
442    1.2238547368679381e-08    6.1192736843396905e-09    3.5496779127175415e-16
443    1.2238546897918798e-08    6.119273448959399e-09    5.903480829183572e-16
444    1.2238546683246768e-08    6.119273341623384e-09    6.976840979944221e-16
445    1.2238546292066624e-08    6.119273146033312e-09    8.932741699108071e-16
446    1.2238545449858376e-08    6.119272724929188e-09    1.314378293704177e-15
447    1.2238544005050561e-08    6.1192720025252806e-09    2.0367822012312686e-15
448    1.223854221308121e-08    6.119271106540605e-09    2.9327668765732895e-15
449    1.2238538569077709e-08    6.119269284538854e-09    4.75476862743518e-15
450    1.2238533612322217e-08    6.119266806161108e-09    7.233146373519794e-15
451    1.2238525978888401e-08    6.1192629894442005e-09    1.1049863281320516e-14
452    1.2238514843047887e-08    6.119257421523944e-09    1.6617783538119824e-14
453    1.2238496821005695e-08    6.119248410502848e-09    2.5628804634081348e-14
454    1.2238470750930777e-08    6.119235375465389e-09    3.866384209322282e-14
455    1.2238430600755926e-08    6.119215300377963e-09    5.873892951896442e-14
456    1.2238372198471181e-08    6.119186099235591e-09    8.794007189116826e-14
457    1.2238285398329454e-08    6.119142699164727e-09    1.3134014275467676e-13
458    1.223815858462235e-08    6.119079292311175e-09    1.9474699630706027e-13
459    1.2237972826095733e-08    6.118986413047867e-09    2.876262596152035e-13
460    1.2237704076663303e-08    6.118852038331651e-09    4.2200097583044993e-13
461    1.2237316755195002e-08    6.118658377597501e-09    6.15661709980897e-13
462    1.2236762630740347e-08    6.1183813153701735e-09    8.927239373082707e-13
463    1.2235974852694426e-08    6.117987426347213e-09    1.2866129602689957e-12
464    1.2234862405754304e-08    6.117431202877152e-09    1.842836430329675e-12
465    1.2233302527876397e-08    6.116651263938198e-09    2.6227753692834033e-12
466    1.2231130277432639e-08    6.1155651387163196e-09    3.708900591162245e-12
467    1.2228127813269929e-08    6.1140639066349645e-09    5.2101326725173536e-12
468    1.2224006958570788e-08    6.112003479285394e-09    7.270560022087924e-12
469    1.2218394378725461e-08    6.109197189362731e-09    1.007684994475122e-11
470    1.2210806099545099e-08    6.1054030497725495e-09    1.3870989534932321e-11
471    1.2200626286823155e-08    6.100313143411577e-09    1.8960895895904495e-11
472    1.2187076468220953e-08    6.0935382341104766e-09    2.5735805197005246e-11
473    1.2169184030472527e-08    6.0845920152362634e-09    3.46820240712184e-11
474    1.2145747489786946e-08    6.072873744893473e-09    4.640029441400906e-11
475    1.2115300976204071e-08    6.057650488102036e-09    6.16235512054461e-11
476    1.2076078119470715e-08    6.0380390597353575e-09    8.123497957212428e-11
477    1.2025977096747839e-08    6.0129885483739196e-09    1.0628549093356227e-10
478    1.1962533227015404e-08    5.981266613507702e-09    1.3800742579977987e-10
479    1.1882894790111315e-08    5.941447395055657e-09    1.7782664425182448e-10
480    1.1783817513563374e-08    5.891908756781687e-09    2.2736528252579463e-10
481    1.1661668370983175e-08    5.830834185491587e-09    2.8843985381589443e-10
482    1.1512452241079635e-08    5.7562261205398174e-09    3.630479187676644e-10
483    1.1331863507008794e-08    5.665931753504397e-09    4.53342285803085e-10
484    1.1115362922187871e-08    5.557681461093936e-09    5.615925782135461e-10
485    1.0858284797774648e-08    5.429142398887324e-09    6.90131640420158e-10
486    1.0555970049452856e-08    5.277985024726428e-09    8.412890145810537e-10
487    1.020393401956858e-08    5.10196700978429e-09    1.0173070295231915e-09
488    9.798051700494678e-09    4.899025850247339e-09    1.2202481890601427e-09
489    9.334763784217895e-09    4.6673818921089474e-09    1.4518921471985344e-09
490    8.81129051211009e-09    4.405645256055045e-09    1.7136287832524369e-09
491    8.225842677150874e-09    4.112921338575437e-09    2.0063527007320447e-09
492    7.577816052819e-09    3.7889080264095e-09    2.3303660128979817e-09
493    6.867956063886724e-09    3.433978031943362e-09    2.68529600736412e-09
494    6.098483509636363e-09    3.0492417548181813e-09    3.0700322844893005e-09
495    5.273156220052602e-09    2.636578110026301e-09    3.4826959292811807e-09
496    4.397271955412785e-09    2.1986359777063924e-09    3.920638061601089e-09
497    3.477560661093934e-09    1.738780330546967e-09    4.380493708760515e-09
498    2.521646813883824e-09    1.260823406941912e-09    4.85845063236557e-09
499    1.5328931841310928e-09    7.664465920655464e-10    5.3528274472419354e-09
500    0.0    2.0087326344387507e-10    5.918400775863607e-09
501    0.0    6.917044226891628e-11    6.0501035970385655e-09
502    0.0    2.4657003327120675e-11    6.094617035980361e-09
503    0.0    8.848186723239837e-12    6.110425852584242e-09
504    0.0    3.1800064968431907e-12    6.116094032810639e-09
505    0.0    1.1432886972209677e-12    6.118130750610261e-09
506    0.0    4.1103654768032127e-13    6.1188630027598015e-09
507    0.0    1.4781470318581125e-13    6.119126224604296e-09
508    0.0    5.30972835144361e-14    6.119220942023967e-09
509    0.0    1.9001510434546454e-14    6.119255037797047e-09
510    0.0    6.904416274822189e-15    6.119267134891207e-09
511    0.0    2.534973099488358e-15    6.119271504334382e-09
512    0.0    8.630249292984615e-16    6.1192731762825525e-09
513    0.0    3.213575239247035e-16    6.119273717949958e-09
514    -0.0    -1.2977900004651488e-16    6.119274169086482e-09
515    -0.0    -4.4994390158148434e-17    6.119274084301872e-09
516    -0.0    -2.190088388420719e-17    6.119274061208366e-09
517    -0.0    -1.3997050046787862e-16    6.119274179277982e-09
518    -0.0    -1.5720931501039814e-16    6.119274196516797e-09
519    0.0    1.2696007439805257e-16    6.1192739123474074e-09
520    0.0    9.324138683375338e-18    6.119274029983343e-09
521    0.0    9.118140270603092e-17    6.119273948126079e-09
522    0.0    1.4062102177136993e-16    6.11927389868646e-09
523    -0.0    -2.3093506273941244e-17    6.119274062400988e-09
524    0.0    1.6002824065886045e-16    6.119273879279241e-09
525    -0.0    -1.938553484404082e-16    6.11927423316283e-09
526    -0.0    -3.913969842672671e-17    6.11927407844718e-09
527    -0.0    -5.074066167232161e-17    6.1192740900481435e-09
528    -0.0    -5.323432666903827e-17    6.1192740925418085e-09
529    0.0    1.496198998029996e-16    6.119273889687582e-09
530    -0.0    -2.6346112791397758e-17    6.119274065653595e-09
531    0.0    1.0050554138940626e-16    6.1192739388019404e-09
532    -0.0    -4.651227319962814e-17    6.119274085819755e-09
533    -0.0    -7.730361489821647e-17    6.119274116611097e-09
534    -0.0    -6.071532165918825e-17    6.1192741000228035e-09
535    0.0    7.15573433840433e-18    6.1192740321517475e-09
536    -0.0    -8.749511531958021e-17    6.119274126802597e-09
537    0.0    6.320898665590491e-17    6.119273976098495e-09
538    0.0    1.4072944198861848e-16    6.11927389857804e-09
539    0.0    1.349831704744453e-16    6.119273904324311e-09
540    -0.0    -1.8854275779522922e-16    6.11927422785024e-09
541    -0.0    -4.2717565595928875e-17    6.119274082025047e-09
542    0.0    1.1481701006621492e-16    6.119273924490472e-09
543    0.0    5.4969050145015075e-17    6.119273984338432e-09
544    0.0    3.8055496254241206e-17    6.1192740012519856e-09
545    0.0    5.0415401020575956e-17    6.119273988892081e-09
546    0.0    5.193328406205566e-17    6.119273987374198e-09
547    -0.0    -1.8084492237058214e-16    6.119274220152404e-09
548    -0.0    -6.830473686658678e-18    6.1192740461379555e-09
549    0.0    3.892285799222961e-17    6.119274000384624e-09
550    0.0    7.426784881525705e-17    6.119273965039633e-09
551    -0.0    -7.22078646875346e-17    6.1192741115153465e-09
552    0.0    1.9103642279194588e-16    6.119273848271059e-09
553    0.0    1.1427490897997217e-16    6.119273925032573e-09
554    -0.0    -1.0234868508263162e-16    6.119274141656167e-09
555    -0.0    -6.581107186987012e-17    6.119274105118554e-09
556    0.0    6.06069014419397e-17    6.11927397870058e-09
557    0.0    7.806255641895632e-17    6.119273961244925e-09
558    0.0    2.2887507861169e-16    6.119273810432403e-09
559    0.0    7.177418381854039e-17    6.119273967533298e-09
560    0.0    4.586175189613684e-17    6.11927399344573e-09
561    0.0    1.2457482961858446e-16    6.119273914732652e-09
562    -0.0    -8.998878031629687e-17    6.119274129296262e-09
563    -0.0    -6.732895491134983e-17    6.119274106636437e-09
564    -0.0    -1.0722759485881639e-16    6.119274146535077e-09
565    0.0    8.250778532614689e-17    6.1192739567996965e-09
566    0.0    3.5344990823027445e-17    6.119274003962491e-09
567    0.0    1.945058697438995e-16    6.119273844801612e-09
568    -0.0    -4.2392304944183223e-17    6.119274081699787e-09
569    0.0    1.0180658399638887e-16    6.119273937500898e-09
570    0.0    6.06069014419397e-17    6.11927397870058e-09
571    0.0    1.3801893655740471e-16    6.119273901288545e-09
572    0.0    8.023096076392733e-18    6.119274031284386e-09
573    -0.0    -3.7513395167998453e-17    6.119274076820877e-09
574    0.0    1.704365815147213e-16    6.1192738688709e-09
575    0.0    2.4936649967166602e-17    6.119274014370832e-09
576    0.0    9.75781955236954e-19    6.1192740383317e-09
577    0.0    6.602791230436722e-17    6.1192739732795695e-09
578    -0.0    -6.223320470066795e-17    6.1192741015406865e-09
579    0.0    4.2609145378680324e-17    6.1192739966983364e-09
580    -0.0    -1.0842021724855044e-17    6.1192740501495035e-09
581    -0.0    -3.7947076036992655e-18    6.1192740431021894e-09
582    0.0    1.1644331332494318e-16    6.1192739228641685e-09
583    -0.0    -4.597017211338539e-17    6.119274085277654e-09
584    0.0    2.33211887301632e-16    6.1192738060955945e-09
585    0.0    1.8149544367407344e-16    6.119273857812038e-09
586    0.0    1.0592655225183378e-16    6.1192739333809296e-09
587    -0.0    -5.4969050145015075e-17    6.119274094276532e-09
588    -0.0    -9.974659986866641e-17    6.119274139054082e-09
589    0.0    1.5124620306172787e-16    6.119273888061279e-09
590    -0.0    -1.9591533256813065e-16    6.119274235222814e-09
591    -0.0    -9.71445146547012e-17    6.1192741364519965e-09
592    -0.0    -9.443400922348744e-17    6.119274133741491e-09
593    -0.0    -1.126486057212439e-16    6.1192741519560875e-09
594    -0.0    -2.5695591487906455e-17    6.119274065003073e-09
595    0.0    1.0299920638612292e-17    6.119274029007561e-09
596    0.0    1.496198998029996e-17    6.119274024345492e-09
597    -0.0    -1.0950441942103595e-16    6.119274148811901e-09
598    0.0    8.066464163292153e-17    6.11927395864284e-09
599    0.0    3.0682921481339775e-17    6.11927400862456e-09
600    -0.0    -2.927345865710862e-17    6.1192740685809405e-09
601    -0.0    -2.938187887435717e-17    6.119274068689361e-09
602    -0.0    -1.9895109865109006e-16    6.1192742382585805e-09
603    0.0    9.90960785651751e-17    6.119273940211403e-09
604    -0.0    -3.252606517456513e-17    6.119274071833547e-09
605    -0.0    -9.75781955236954e-19    6.119274040283264e-09
606    -0.0    -3.3393426912553537e-17    6.119274072700909e-09
607    -0.0    -7.697835424647081e-17    6.119274116285836e-09
608    -0.0    -1.431146867680866e-17    6.1192740536189505e-09
609    0.0    6.873841773558098e-17    6.119273970569064e-09
610    -0.0    -1.0148132334464322e-16    6.119274140788805e-09
611    -0.0    -1.3953681959888442e-16    6.1192741788443014e-09
612    -0.0    -9.226560487851643e-17    6.119274131573087e-09
613    0.0    9.107298248878237e-18    6.1192740302001836e-09
614    -0.0    -1.5178830414797062e-18    6.119274040825365e-09
615    -0.0    -1.100465205072787e-16    6.119274149354002e-09
616    0.0    3.892285799222961e-17    6.119274000384624e-09
617    -0.0    -3.859759734048396e-17    6.119274077905079e-09
618    -0.0    -1.0679391398982219e-16    6.119274146101396e-09
619    -0.0    -2.3418766925686896e-17    6.119274062726249e-09
620    -0.0    -3.165870343657673e-17    6.119274070966185e-09
621    0.0    6.331740687315346e-17    6.119273975990075e-09
622    0.0    8.066464163292153e-17    6.11927395864284e-09
623    0.0    8.966351966455122e-17    6.119273949643962e-09
624    -0.0    -2.5261910618912253e-17    6.1192740645693924e-09
625    0.0    4.217546450968612e-17    6.119273997132017e-09
626    0.0    5.616167253474913e-17    6.119273983145809e-09
627    0.0    4.933119884809045e-17    6.119273989976283e-09
628    -0.0    -9.540979117872439e-18    6.119274048848461e-09
629    -0.0    -2.927345865710862e-17    6.1192740685809405e-09
630    -0.0    -1.8431436932253575e-18    6.1192740411506255e-09
631    0.0    2.5587171270657905e-17    6.1192740137203105e-09
632    0.0    8.68445940160889e-17    6.119273952462888e-09
633    0.0    2.1347940776239582e-16    6.119273825828074e-09
634    -0.0    -1.457167719820518e-16    6.119274185024254e-09
635    -0.0    -5.908901840045999e-17    6.1192740983965e-09
636    -0.0    -5.757113535898029e-17    6.119274096878617e-09
637    -0.0    -8.51098705401121e-17    6.119274124417352e-09
638    0.0    1.119980844177526e-16    6.119273927309397e-09
639    0.0    1.6989448042847854e-16    6.119273869413001e-09
640    -0.0    -8.61940727125976e-17    6.1192741255015545e-09
641    -0.0    -5.074066167232161e-17    6.1192740900481435e-09
642    -0.0    -2.3093506273941244e-17    6.119274062400988e-09
643    -0.0    -6.505213034913027e-19    6.119274039958003e-09
644    0.0    1.4094628242311558e-17    6.1192740252128536e-09
645    -0.0    -2.0274580625478933e-17    6.1192740595820624e-09
646    0.0    5.388484797252957e-17    6.119273985422634e-09
647    0.0    1.358505322124337e-16    6.11927390345695e-09
648    -0.0    -3.5561831257524545e-17    6.119274074869313e-09
649    -0.0    -1.973247953923618e-17    6.119274059039961e-09
650    -0.0    -1.3780209612290761e-16    6.119274177109578e-09
651    0.0    1.22514845490862e-17    6.119274027055997e-09
652    -0.0    -1.2956215961201778e-16    6.1192741688696414e-09
653    -0.0    -5.2800645800044066e-17    6.119274092108128e-09
654    -0.0    -1.610040226140974e-16    6.1192742003115044e-09
655    -0.0    -7.611099250848241e-17    6.119274115418474e-09
656    -0.0    -2.8297676701871666e-17    6.1192740676051585e-09
657    -0.0    -3.165870343657673e-17    6.119274070966185e-09
658    -0.0    -2.7321894746634712e-17    6.1192740666293766e-09
659    -0.0    -7.513521055324546e-17    6.119274114442692e-09
660    -0.0    -8.857931749206571e-17    6.119274127886799e-09
661    0.0    1.1828645701816853e-16    6.119273921021025e-09
662    0.0    7.578573185673676e-17    6.11927396352175e-09
663    -0.0    -9.833713704443525e-17    6.119274137644619e-09
664    -0.0    -3.2851325826310784e-17    6.119274072158808e-09
665    0.0    1.0842021724855044e-19    6.119274039199062e-09
666    0.0    6.299214622140781e-17    6.119273976315336e-09
667    -0.0    -1.7488181042191187e-16    6.119274214189292e-09
668    -0.0    -5.3017486234541167e-17    6.119274092324968e-09
669    0.0    9.768661574094395e-17    6.119273941620866e-09
670    -0.0    -9.540979117872439e-17    6.119274134717273e-09
671    -0.0    -6.613633252161577e-17    6.119274105443814e-09
672    0.0    1.0007186052041206e-16    6.119273939235621e-09
673    0.0    7.32920668600201e-17    6.119273966015415e-09
674    -0.0    -6.407634839389331e-17    6.11927410338383e-09
675    0.0    1.1579279202145187e-16    6.11927392351469e-09
676    0.0    1.2576745200831851e-17    6.119274026730737e-09
677    0.0    8.250778532614689e-17    6.1192739567996965e-09
678    -0.0    -3.404394821604484e-17    6.11927407335143e-09
679    0.0    1.0364972768961422e-16    6.119273935657754e-09
680    0.0    7.047314121155779e-17    6.119273968834341e-09
681    -0.0    -6.689527404235562e-17    6.119274106202756e-09
682    -0.0    -1.1633489310769463e-16    6.119274155642375e-09
683    -0.0    -2.168404344971009e-19    6.119274039524322e-09
684    0.0    4.174178364069192e-17    6.119273997565698e-09
685    -0.0    -6.396792817664476e-17    6.11927410327541e-09
686    -0.0    -1.0213184464813452e-16    6.1192741414393265e-09
687    -0.0    -7.914675859144182e-18    6.119274047222158e-09
688    -0.0    -6.201636426617085e-17    6.119274101323846e-09
689    0.0    7.37257477290143e-17    6.119273965581734e-09
690    0.0    1.7997756063259374e-16    6.119273859329921e-09
691    0.0    1.0570971181733668e-16    6.11927393359777e-09
692    -0.0    -1.22514845490862e-17    6.119274051558966e-09
693    -0.0    -3.686287386450715e-17    6.119274076170356e-09
694    -0.0    -1.0386656812411132e-16    6.11927414317405e-09
695    -0.0    -5.388484797252957e-17    6.11927409319233e-09
696    0.0    4.3042826247674526e-17    6.1192739962646556e-09
697    0.0    9.75781955236954e-17    6.119273941729286e-09
698    0.0    4.87890977618477e-17    6.119273990518384e-09
699    0.0    8.131516293641283e-17    6.119273957992319e-09
700    0.0    1.1774435593192578e-16    6.119273921563126e-09
701    -0.0    -6.646159317336142e-17    6.119274105769075e-09
702    -0.0    -1.1926223897340549e-18    6.119274040500104e-09
703    -0.0    -2.3418766925686896e-17    6.119274062726249e-09
704    -0.0    -1.472346550235315e-16    6.119274186542137e-09
705    -0.0    -1.2609271266006417e-16    6.1192741654001945e-09
706    -0.0    -3.621235256101585e-17    6.119274075519834e-09
707    0.0    6.451002926288751e-17    6.1192739747974526e-09
708    0.0    7.45931094670027e-17    6.119273964714372e-09
709    -0.0    -1.0809495659680479e-16    6.119274147402438e-09
710    0.0    5.204170427930421e-18    6.119274034103311e-09
711    0.0    1.1188966420050406e-16    6.119273927417818e-09
712    0.0    1.0289078616887437e-16    6.119273936416696e-09
713    -0.0    -1.124317652867468e-16    6.119274151739247e-09
714    -0.0    -1.8214596497756474e-17    6.119274057522078e-09
715    -0.0    -6.19079440489223e-17    6.119274101215426e-09
716    -0.0    -7.578573185673676e-17    6.119274115093214e-09
717    -0.0    -2.5066754227864863e-16    6.119274289975024e-09
718    -0.0    -3.382710778154774e-17    6.11927407313459e-09
719    0.0    9.8879238130678e-17    6.119273940428244e-09
720    0.0    1.1676857397668883e-16    6.119273922538908e-09
721    -0.0    -8.391724815037804e-17    6.11927412322473e-09
722    -0.0    -8.771195575407731e-17    6.1192741270194376e-09
723    0.0    4.9873299934333204e-18    6.119274034320152e-09
724    -0.0    -9.324138683375338e-17    6.119274132548869e-09
725    0.0    4.445228907190568e-18    6.119274034862253e-09
726    -0.0    -2.2638141361497333e-16    6.1192742656888954e-09
727    -0.0    -1.5482407023093003e-16    6.119274194131552e-09
728    -0.0    -8.727827488508311e-17    6.119274126585757e-09
729    0.0    2.0599841277224584e-18    6.119274037247498e-09
730    -0.0    -2.905661822261152e-17    6.1192740683641e-09
731    0.0    1.1709383462843448e-17    6.119274027598098e-09
732    -0.0    -5.561957144850638e-17    6.119274094927053e-09
733    -0.0    -8.294146619514109e-17    6.119274122248948e-09
734    -0.0    -8.543513119185775e-17    6.119274124742613e-09
735    -0.0    -6.25584653524136e-17    6.119274101865947e-09
736    -0.0    -8.7061434450586e-17    6.119274126368916e-09
737    -0.0    -1.102633609417758e-16    6.119274149570843e-09
738    0.0    1.2685165418080402e-17    6.119274026622316e-09
739    -0.0    -1.8648277366750676e-17    6.119274057955759e-09
740    -0.0    -1.093959992037874e-16    6.119274148703481e-09
741    -0.0    -1.431146867680866e-17    6.1192740536189505e-09
742    0.0    9.93129189996722e-17    6.119273939994563e-09
743    -0.0    -4.607859233063394e-17    6.119274085386074e-09
744    0.0    1.242495689668388e-16    6.119273915057913e-09
745    -0.0    -8.64109131470947e-17    6.119274125718395e-09
746    -0.0    -1.571008947931496e-16    6.119274196408377e-09
747    0.0    3.0357660829594124e-17    6.119274008949821e-09
748    -0.0    -1.839891086707901e-16    6.1192742232965905e-09
749    0.0    3.5887091909270197e-17    6.11927400342039e-09
750    0.0    2.216109240560371e-16    6.119273817696558e-09
751    0.0    3.350184712980209e-17    6.119274005805635e-09
752    -0.0    -1.6284716630732277e-16    6.119274202154648e-09
753    -0.0    -5.139118297581291e-17    6.119274090698665e-09
754    -0.0    -1.0625181290357943e-17    6.119274049932663e-09
755    -0.0    -1.235990476633475e-16    6.1192741629065295e-09
756    -0.0    -8.565197162635485e-17    6.1192741249594534e-09
757    0.0    3.903127820947816e-18    6.119274035404354e-09
758    -0.0    -1.2468324983583301e-17    6.119274051775807e-09
759    0.0    2.3960868011929648e-17    6.119274015346614e-09
760    -0.0    -5.421010862427522e-18    6.119274044728493e-09
761    0.0    7.177418381854039e-17    6.119273967533298e-09
762    0.0    9.053088140253962e-17    6.1192739487766004e-09
763    0.0    1.5937771935536915e-17    6.11927402336971e-09
764    -0.0    -7.26415455565288e-18    6.119274046571636e-09
765    0.0    2.316940042601523e-16    6.1192738076134776e-09
766    0.0    4.109126233720062e-17    6.1192739982162195e-09
767    0.0    9.540979117872439e-17    6.119273943897691e-09
768    -0.0    -3.5344990823027445e-17    6.119274074652473e-09
769    -0.0    -2.3310346708438345e-17    6.1192740626178285e-09
770    0.0    7.24247051220317e-17    6.119273966882777e-09
771    -0.0    -6.657001339060997e-17    6.119274105877495e-09
772    0.0    3.5887091909270197e-17    6.11927400342039e-09
773    0.0    1.7564075194265172e-17    6.119274021743407e-09
774    -0.0    -8.218252467440124e-17    6.1192741214900065e-09
775    -0.0    -7.719519468096792e-17    6.1192741165026765e-09
776    0.0    2.7755575615628914e-17    6.119274011551906e-09
777    0.0    6.613633252161577e-17    6.119273973171149e-09
778    -0.0    -2.514264837993885e-16    6.119274290733966e-09
779    -0.0    -4.141652298894627e-17    6.119274080724005e-09
780    0.0    9.486769009248164e-17    6.119273944439792e-09
781    -0.0    -1.3812735677465326e-16    6.119274177434839e-09
782    0.0    2.5370330836160804e-17    6.119274013937151e-09
783    -0.0    -2.2876665839444144e-17    6.119274062184148e-09
784    0.0    3.664603343001005e-17    6.119274002661448e-09
785    -0.0    -6.407634839389331e-17    6.11927410338383e-09
786    -0.0    -3.2526065174565133e-19    6.1192740396327425e-09
787    -0.0    -1.0560129160008813e-16    6.1192741449087734e-09
788    -0.0    -2.5912431922403556e-17    6.119274065219914e-09
789    0.0    1.448494102440634e-16    6.1192738944580716e-09
790    0.0    7.502679033599691e-17    6.1192739642806915e-09
791    0.0    1.8301332671555315e-16    6.119273856294155e-09
792    -0.0    -1.5504091066542713e-17    6.119274054811573e-09
793    0.0    8.7061434450586e-17    6.119273952246047e-09
794    0.0    4.141652298894627e-17    6.119273997890959e-09
795    0.0    9.75781955236954e-19    6.1192740383317e-09
796    0.0    2.0231212538579513e-16    6.1192738369953564e-09
797    -0.0    -6.689527404235562e-17    6.119274106202756e-09
798    -0.0    -4.0115480381963664e-17    6.119274079422962e-09
799    0.0    1.695692197767329e-16    6.119273869738262e-09
800    -0.0    -3.65376132127615e-17    6.119274075845095e-09
801    0.0    1.5514933088267568e-16    6.119273884158151e-09
802    -0.0    -5.952269926945419e-17    6.119274098830181e-09
803    -0.0    -7.882149793969617e-17    6.11927411812898e-09
804    -0.0    -1.4257258568184383e-16    6.1192741818800675e-09
805    0.0    2.4936649967166602e-17    6.119274014370832e-09
806    -0.0    -3.67544536472586e-17    6.1192740760619355e-09
807    0.0    8.239936510889834e-18    6.119274031067545e-09
808    -0.0    -1.9266272605067414e-16    6.119274231970208e-09
809    -0.0    -1.6978606021123e-16    6.119274209093542e-09
810    0.0    1.1600963245594897e-17    6.1192740277065186e-09
811    0.0    7.589415207398531e-19    6.11927403854854e-09
812    0.0    1.7401444868392346e-16    6.119273865293033e-09
813    0.0    4.672911363412524e-17    6.119273992578368e-09
814    0.0    1.1058862159352145e-17    6.11927402824862e-09
815    -0.0    -7.123208273229764e-17    6.1192741105395645e-09
816    0.0    9.64939933512099e-17    6.1192739428134885e-09
817    -0.0    -9.421716878899034e-17    6.119274133524651e-09
818    -0.0    -6.10405823109339e-17    6.119274100348064e-09
819    0.0    6.7220534694101275e-18    6.119274032585428e-09
820    0.0    1.7997756063259374e-17    6.119274021309726e-09
821    0.0    3.61039323437673e-17    6.1192740032035495e-09
822    0.0    1.4083786220586703e-16    6.11927389846962e-09
823    0.0    1.717376241217039e-16    6.119273867569858e-09
824    -0.0    -3.8055496254241206e-17    6.119274077362978e-09
825    0.0    1.0169816377914032e-16    6.119273937609318e-09
826    0.0    2.938187887435717e-17    6.119274009925603e-09
827    0.0    1.3964523981613297e-16    6.119273899662242e-09
828    -0.0    -5.442694905877232e-17    6.119274093734431e-09
829    -0.0    -1.0234868508263162e-16    6.119274141656167e-09
830    0.0    9.746977530644685e-17    6.1192739418377065e-09
831    0.0    8.294146619514109e-17    6.119273956366016e-09
832    0.0    1.5037884132373946e-16    6.1192738889286405e-09
833    -0.0    -1.1600963245594897e-16    6.119274155317114e-09
834    -0.0    -3.7838655819744105e-17    6.119274077146138e-09
835    0.0    1.0495077029659683e-16    6.1192739343567115e-09
836    0.0    4.5644911461639737e-17    6.11927399366257e-09
837    0.0    1.7900177867735678e-16    6.119273860305703e-09
838    -0.0    -9.215718466126788e-17    6.1192741314646665e-09
839    0.0    2.5478751053409354e-17    6.119274013828731e-09
840    0.0    8.64109131470947e-17    6.119273952896569e-09
841    0.0    1.2956215961201778e-16    6.119273909745322e-09
842    0.0    1.0256552551712872e-16    6.119273936741956e-09
843    0.0    1.463672932855431e-17    6.1192740246707525e-09
844    0.0    7.524363077049401e-17    6.119273964063851e-09
845    0.0    8.836247705756861e-17    6.119273950945005e-09
846    -0.0    -7.632783294297951e-17    6.119274115635315e-09
847    0.0    8.283304597789254e-17    6.119273956474436e-09
848    -0.0    -2.1250362580715887e-17    6.119274060557844e-09
849    0.0    6.526897078362737e-17    6.119273974038511e-09
850    -0.0    -1.5178830414797062e-18    6.119274040825365e-09
851    -0.0    -1.0083080204115191e-17    6.119274049390562e-09
852    -0.0    -8.890457814381136e-17    6.11927412821206e-09
853    -0.0    -5.2692225582795515e-17    6.119274091999707e-09
854    0.0    3.133344278483108e-17    6.119274007974039e-09
855    -0.0    -5.811323644522304e-17    6.119274097420718e-09
856    -0.0    -1.6273874609007422e-16    6.119274202046228e-09
857    -0.0    -6.938893903907228e-18    6.119274046246376e-09
858    0.0    5.084908188957016e-17    6.1192739884584e-09
859    -0.0    -4.217546450968612e-17    6.119274081482946e-09
860    0.0    1.0972125985553305e-16    6.119273929586222e-09
861    0.0    2.1597307275911248e-16    6.119273823334409e-09
862    -0.0    -7.795413620170777e-17    6.119274117261618e-09
863    -0.0    -8.988036009904832e-17    6.119274129187842e-09
864    -0.0    -7.3075226425523e-17    6.119274112382708e-09
865    -0.0    -2.8189256484623115e-18    6.1192740421264075e-09
866    0.0    1.5829351718288365e-17    6.11927402347813e-09
867    0.0    2.6020852139652106e-18    6.119274036705397e-09
868    -0.0    -4.4885969940899884e-17    6.119274084193452e-09
869    0.0    7.556889142223966e-17    6.11927396373859e-09
870    -0.0    -3.2526065174565133e-19    6.1192740396327425e-09
871    0.0    3.491130995403324e-17    6.119274004396172e-09
872    0.0    9.540979117872439e-17    6.119273943897691e-09
873    0.0    1.3335686721571705e-17    6.119274025971795e-09
874    0.0    3.599551212651875e-17    6.11927400331197e-09
875    0.0    7.15573433840433e-18    6.1192740321517475e-09
876    0.0    1.7488181042191187e-16    6.119273864425671e-09
877    0.0    1.2858637765678083e-16    6.119273910721104e-09
878    -0.0    -6.830473686658678e-18    6.1192740461379555e-09
879    0.0    3.63207727782644e-17    6.119274002986709e-09
880    -0.0    -1.2435798918408736e-16    6.119274163665471e-09
881    -0.0    -1.1817803680091998e-17    6.1192740511252855e-09
882    0.0    9.75781955236954e-18    6.119274029549662e-09
883    0.0    1.485356976305141e-17    6.119274024453912e-09
884    -0.0    -1.7032816129747275e-16    6.119274209635643e-09
885    -0.0    -3.599551212651875e-17    6.119274075302994e-09
886    -0.0    -8.023096076392733e-18    6.119274047330578e-09
887    -0.0    -1.1384122811097797e-17    6.119274050691605e-09
888    0.0    5.312590645178972e-17    6.119273986181575e-09
889    0.0    5.377642775528102e-17    6.119273985531054e-09
890    0.0    8.792879618857441e-17    6.119273951378686e-09
891    0.0    1.1492543028346347e-17    6.119274027814939e-09
892    -0.0    -3.621235256101585e-17    6.119274075519834e-09
893    0.0    3.838075690598686e-17    6.119274000926725e-09
894    0.0    7.914675859144182e-17    6.119273960160723e-09
895    0.0    1.7564075194265172e-17    6.119274021743407e-09
896    -0.0    -1.6046192152785466e-17    6.119274055353674e-09
897    0.0    1.5319776697220178e-16    6.119273886109715e-09
898    -0.0    -1.6132928326584306e-16    6.119274200636765e-09
899    -0.0    -1.2793585635328952e-17    6.1192740521010675e-09
900    -0.0    -3.209238430557093e-17    6.119274071399866e-09
901    -0.0    -3.458604930228759e-17    6.119274073893531e-09
902    -0.0    -1.0083080204115191e-17    6.119274049390562e-09
903    0.0    1.691355389077387e-17    6.119274022393928e-09
904    0.0    8.586881206085195e-17    6.11927395343867e-09
905    -0.0    -8.196568423990414e-17    6.119274121273166e-09
906    -0.0    -7.936359902593892e-17    6.119274118671081e-09
907    0.0    5.811323644522304e-17    6.119273981194245e-09
908    -0.0    -1.6154612370034016e-17    6.119274055462094e-09
909    0.0    1.1460016963171782e-16    6.119273924707312e-09
910    -0.0    -8.42425088021237e-17    6.119274123549991e-09
911    0.0    2.5869063835504136e-16    6.1192737806168435e-09
912    0.0    3.924811864397526e-17    6.119274000059363e-09
913    -0.0    -4.640385298237959e-17    6.119274085711335e-09
914    -0.0    -1.7444812955291766e-16    6.119274213755611e-09
915    -0.0    -3.382710778154774e-17    6.11927407313459e-09
916    0.0    1.8106176280507924e-17    6.1192740212013055e-09
917    -0.0    -4.933119884809045e-17    6.119274088638681e-09
918    0.0    7.730361489821647e-17    6.119273962003867e-09
919    -0.0    -3.0140820395097023e-17    6.119274069448302e-09
920    0.0    8.521829075736065e-17    6.119273954089191e-09
921    -0.0    -3.3610267347050637e-18    6.1192740426685086e-09
922    -0.0    -9.443400922348744e-17    6.119274133741491e-09
923    0.0    5.702903427273753e-17    6.1192739822784475e-09
924    0.0    8.673617379884035e-19    6.11927403844012e-09
925    -0.0    -1.4051260155412137e-16    6.119274179820083e-09
926    0.0    4.87890977618477e-18    6.119274034428572e-09
927    0.0    1.8257964584655895e-16    6.119273856727836e-09
928    -0.0    -9.107298248878237e-18    6.11927404841478e-09
929    -0.0    -5.0415401020575956e-17    6.119274089722883e-09
930    -0.0    -9.139824314052802e-17    6.119274130705725e-09
931    0.0    5.453536927602087e-17    6.1192739847721125e-09
932    -0.0    -1.0451708942760263e-16    6.119274143824571e-09
933    -0.0    -1.4094628242311558e-17    6.11927405340211e-09
934    -0.0    -1.0842021724855044e-19    6.119274039415902e-09
935    -0.0    -8.012254054667878e-17    6.119274119430022e-09
936    0.0    1.680513367352532e-17    6.119274022502348e-09
937    -0.0    -1.5959455978986625e-16    6.119274198902042e-09
938    0.0    1.3010426069826053e-17    6.119274026297056e-09
939    -0.0    -5.4752209710517974e-17    6.1192740940596915e-09
940    -0.0    -7.535205098774256e-17    6.119274114659533e-09
941    -0.0    -1.207801220148852e-16    6.119274160087604e-09
942    -0.0    -6.993104012531504e-17    6.119274109238522e-09
943    0.0    5.551115123125783e-17    6.1192739837963306e-09
944    0.0    1.22514845490862e-17    6.119274027055997e-09
945    -0.0    -1.1926223897340549e-18    6.119274040500104e-09
946    -0.0    -1.1492543028346347e-17    6.119274050800025e-09
947    0.0    2.168404344971009e-17    6.119274017623438e-09
948    -0.0    -3.382710778154774e-17    6.11927407313459e-09
949    -0.0    -8.012254054667878e-17    6.119274119430022e-09
950    0.0    8.164042358815848e-17    6.119273957667058e-09
951    -0.0    -7.968885967768458e-17    6.1192741189963415e-09
952    -0.0    -4.87890977618477e-18    6.119274044186392e-09
953    -0.0    -1.098296800727816e-16    6.119274149137162e-09
954    -0.0    -4.152494320619482e-17    6.119274080832425e-09
955    -0.0    -1.119980844177526e-16    6.119274151305566e-09
956    -0.0    -2.873135757086587e-17    6.119274068038839e-09
957    0.0    2.1033522146218786e-17    6.11927401827396e-09
958    -0.0    -9.75781955236954e-17    6.119274136885677e-09
959    -0.0    -2.1141942363467336e-17    6.119274060449424e-09
960    -0.0    -3.209238430557093e-17    6.119274071399866e-09
961    -0.0    -4.96564594998361e-17    6.119274088963941e-09
962    0.0    6.071532165918825e-17    6.11927397859216e-09
963    -0.0    -1.22514845490862e-17    6.119274051558966e-09
964    0.0    1.1210650463500116e-16    6.119273927200977e-09
965    0.0    5.2909066017292616e-17    6.119273986398416e-09
966    0.0    1.2023802092864244e-16    6.119273919069461e-09
967    0.0    1.3986208025063007e-17    6.119274025321274e-09
968    -0.0    -2.5804011705155006e-17    6.1192740651114935e-09
969    -0.0    -2.6346112791397758e-17    6.119274065653595e-09
970    -0.0    -6.548581121812447e-17    6.119274104793293e-09
971    0.0    5.345116710353537e-17    6.119273985856315e-09
972    -0.0    -9.75781955236954e-19    6.119274040283264e-09
973    0.0    8.435092901937224e-17    6.119273954956553e-09
974    -0.0    -9.519295074422729e-17    6.1192741345004326e-09
975    0.0    1.0202342443088597e-16    6.119273937284057e-09
976    -0.0    -9.75781955236954e-18    6.119274049065301e-09
977    -0.0    -1.0928757898653885e-16    6.119274148595061e-09
978    0.0    1.8973538018496328e-17    6.119274020333944e-09
979    0.0    3.165870343657673e-17    6.119274007648778e-09
980    0.0    2.3310346708438345e-17    6.119274015997135e-09
981    0.0    5.594483210025203e-17    6.11927398336265e-09
982    -0.0    -5.833007687972014e-17    6.119274097637559e-09
983    0.0    3.5887091909270197e-17    6.11927400342039e-09
984    0.0    2.770136550700464e-16    6.119273762293827e-09
985    0.0    3.382710778154774e-16    6.119273701036404e-09
986    0.0    9.449906135383657e-16    6.119273094316868e-09
987    0.0    2.584629558988194e-15    6.119271454677923e-09
988    0.0    6.84305043185951e-15    6.11926719625705e-09
989    0.0    1.9213038278398376e-14    6.1192548262692034e-09
990    0.0    5.3215786811888766e-14    6.11922082352067e-09
991    0.0    1.47889187875061e-13    6.119126150119607e-09
992    0.0    4.1097843444387605e-13    6.118863060873038e-09
993    0.0    1.143441027626202e-12    6.118130598279856e-09
994    0.0    3.1802341792994127e-12    6.116093805128182e-09
995    0.0    8.848631354550773e-12    6.110425407952931e-09
996    0.0    2.4657232635880155e-11    6.094616806671602e-09
997    0.0    6.917061975281191e-11    6.05010341955467e-09
998    0.0    2.0087316857618498e-10    5.918400870731297e-09
999    1.5328919711257022e-09    7.664459855628511e-10    5.352828053744631e-09
