0    2.605013490293226e-09    1.302506745146613e-09    4.487195436942738e-09
1    3.6014965996457315e-09    1.8007482998228658e-09    3.9889538822664855e-09
2    4.5521421415326e-09    2.2760710707663e-09    3.513631111323051e-09
3    5.44743674994741e-09    2.723718374973705e-09    3.0659838071156464e-09
4    6.279564985405342e-09    3.139782492702671e-09    2.6499196893866803e-09
5    7.042902677723006e-09    3.521451338861503e-09    2.268250843227848e-09
6    7.734077019224891e-09    3.867038509612446e-09    1.9226636724769056e-09
7    8.35188256010852e-09    4.17594128005426e-09    1.6137609020350913e-09
8    8.897097626562114e-09    4.448548813281057e-09    1.3411533688082941e-09
9    9.372208208515212e-09    4.686104104257606e-09    1.1035980778317453e-09
10    9.781091488180252e-09    4.890545744090126e-09    8.991564379992253e-10
11    1.0128666742999226e-08    5.064333371499613e-09    7.253688105897382e-10
12    1.0420557335208067e-08    5.210278667604033e-09    5.79423514485318e-10
13    1.0662764180066273e-08    5.331382090033136e-09    4.58320092056215e-10
14    1.0861387392561636e-08    5.430693696280818e-09    3.5900848580853323e-10
15    1.1022389940443938e-08    5.511194970221969e-09    2.7850721186738203e-10
16    1.1151414796130646e-08    5.575707398065323e-09    2.1399478402402833e-10
17    1.1253660601702811e-08    5.626830300851406e-09    1.6287188123794566e-10
18    1.133379687128476e-08    5.66689843564238e-09    1.228037464469714e-10
19    1.1395927488125346e-08    5.697963744062673e-09    9.173843802667836e-11
20    1.1443590701345346e-08    5.721795350672673e-09    6.790683141667808e-11
21    1.1479775573718098e-08    5.739887786859049e-09    4.9814395230302067e-11
22    1.150696721740306e-08    5.75348360870153e-09    3.621857338782092e-11
23    1.152719706232902e-08    5.76359853116451e-09    2.610365092484135e-11
24    1.154210035273634e-08    5.77105017636817e-09    1.865200572118142e-11
25    1.1552974736595001e-08    5.7764873682975004e-09    1.3214813791850855e-11
26    1.1560835185648807e-08    5.780417592824404e-09    9.284589264947629e-12
27    1.156646435270317e-08    5.783232176351585e-09    6.470005737765905e-12
28    1.1570459880570066e-08    5.785229940285033e-09    4.4722418043180445e-12
29    1.1573270027216698e-08    5.786635013608349e-09    3.0671684810024136e-12
30    1.1575230347577598e-08    5.787615173788799e-09    2.0870083005525286e-12
31    1.1576585646697057e-08    5.788292823348529e-09    1.4093587408225972e-12
32    1.1577514976443895e-08    5.7887574882219475e-09    9.446938674037564e-13
33    1.157814715413083e-08    5.789073577065415e-09    6.286050239362462e-13
34    1.1578574116198961e-08    5.789287058099481e-09    4.1512398987059163e-13
35    1.1578859764006452e-08    5.789429882003226e-09    2.7230008612516565e-13
36    1.1579049448645976e-08    5.789524724322988e-09    1.7745776636352018e-13
37    1.1579174681803153e-08    5.789587340901577e-09    1.1484118777466135e-13
38    1.1579256872567764e-08    5.789628436283882e-09    7.374580546920528e-14
39    1.1579310074802049e-08    5.7896550374010244e-09    4.7144688326838935e-14
40    1.157934466995865e-08    5.789672334979325e-09    2.98471100265707e-14
41    1.1579366245581882e-08    5.789683122790941e-09    1.905929841033993e-14
42    1.1579380634679434e-08    5.789690317339717e-09    1.186474963416062e-14
43    1.1579389432980064e-08    5.789694716490032e-09    7.465599319300686e-15
44    1.1579395208958718e-08    5.789697604479359e-09    4.577609992451048e-15
45    1.1579398684043521e-08    5.7896993420217605e-09    2.840067590825779e-15
46    1.1579400775686352e-08    5.789700387843176e-09    1.7942461752462613e-15
47    1.1579401961153007e-08    5.789700980576504e-09    1.201512847548436e-15
48    1.1579403019984849e-08    5.7897015099924246e-09    6.720969267237642e-16
49    1.1579403410514472e-08    5.789701705257236e-09    4.7683211545912485e-16
50    1.1579403606321384e-08    5.789701803160692e-09    3.789286592836838e-16
51    1.1579403791936796e-08    5.789701895968398e-09    2.861209533189246e-16
52    1.1579403820559733e-08    5.789701910279867e-09    2.7180948464211596e-16
53    1.1579403972781718e-08    5.789701986390859e-09    1.9569849213363355e-16
54    1.1579404459805334e-08    5.789702229902667e-09    4.7813315806610746e-17
55    1.1579404467177909e-08    5.7897022335889545e-09    5.149960319306146e-17
56    1.1579404250771155e-08    5.789702125385578e-09    5.670377362099188e-17
57    1.1579403898188609e-08    5.789701949094304e-09    2.329950468671349e-16
58    1.1579404535048965e-08    5.7897022675244825e-09    8.543513119185775e-17
59    1.1579404206535707e-08    5.789702103267853e-09    7.882149793969617e-17
60    1.1579404414702524e-08    5.789702207351262e-09    2.5261910618912253e-17
61    1.157940409854917e-08    5.789702049274585e-09    1.328147661294743e-16
62    1.1579404361576617e-08    5.789702180788309e-09    1.3010426069826053e-18
63    1.157940414863931e-08    5.789702074319655e-09    1.0776969594505914e-16
64    1.1579403746617145e-08    5.7897018733085726e-09    3.0878077872387166e-16
65    1.1579403575530042e-08    5.789701787765021e-09    3.9432433013297796e-16
66    1.1579404261830017e-08    5.789702130915009e-09    5.117434254131581e-17
67    1.1579404208704111e-08    5.7897021043520555e-09    7.773729576721067e-17
68    1.1579403985792144e-08    5.789701992896072e-09    1.8919327909872052e-16
69    1.1579404091827117e-08    5.7897020459135584e-09    1.3617579286417936e-16
70    1.1579404124136342e-08    5.789702062068171e-09    1.2002118049414534e-16
71    1.1579404101584936e-08    5.789702050792468e-09    1.3129688308799459e-16
72    1.1579403908163269e-08    5.789701954081634e-09    2.280077168737016e-16
73    1.157940395348292e-08    5.78970197674146e-09    2.0534789146875454e-16
74    1.1579404024389742e-08    5.789702012194871e-09    1.6989448042847854e-16
75    1.15794037737222e-08    5.7897018868611e-09    2.9522825156780286e-16
76    1.1579403955651324e-08    5.789701977825662e-09    2.0426368929626904e-16
77    1.157940373881089e-08    5.789701869405445e-09    3.126839065448195e-16
78    1.1579404298909732e-08    5.789702149454866e-09    3.2634485391813683e-17
79    1.1579404154277162e-08    5.789702077138581e-09    1.0495077029659683e-16
80    1.1579404301945498e-08    5.789702150972749e-09    3.111660235033398e-17
81    1.1579403991213155e-08    5.789701995606578e-09    1.8648277366750676e-16
82    1.1579403907079067e-08    5.789701953539533e-09    2.2854981795994433e-16
83    1.1579403962373377e-08    5.789701981186689e-09    2.0090266256156397e-16
84    1.1579404056265286e-08    5.789702028132643e-09    1.5395670849294163e-16
85    1.1579404198946291e-08    5.789702099473146e-09    8.261620554339544e-17
86    1.1579404044772743e-08    5.789702022386371e-09    1.597029800071148e-16
87    1.1579404280044614e-08    5.789702140022307e-09    4.206704429243757e-17
88    1.1579403852652118e-08    5.789701926326059e-09    2.557632924893305e-16
89    1.1579403941556696e-08    5.789701970778348e-09    2.1131100341742481e-16
90    1.1579404338591531e-08    5.789702169295766e-09    1.2793585635328952e-17
91    1.1579404206969388e-08    5.789702103484694e-09    7.860465750519907e-17
92    1.157940432818319e-08    5.789702164091595e-09    1.7997756063259374e-17
93    1.1579404256842687e-08    5.789702128421344e-09    5.366800753803247e-17
94    1.1579404159264492e-08    5.789702079632246e-09    1.0245710529988017e-16
95    1.1579404292187678e-08    5.789702146093839e-09    3.599551212651875e-17
96    1.1579404313438041e-08    5.7897021567190204e-09    2.5370330836160804e-17
97    1.1579404596414808e-08    5.789702298207404e-09    1.1611805267319752e-16
98    1.157940397364908e-08    5.78970198682454e-09    1.9526481126463935e-16
99    1.1579404248819591e-08    5.789702124409796e-09    5.767955557622884e-17
100    1.1579404152542438e-08    5.789702076271219e-09    1.0581813203458523e-16
101    1.1579403993164719e-08    5.7897019965823596e-09    1.855069917122698e-16
102    1.1579404039785413e-08    5.789702019892706e-09    1.6219664500383146e-16
103    1.157940398882791e-08    5.789701994413955e-09    1.8767539605724082e-16
104    1.1579404074263042e-08    5.789702037131521e-09    1.4495783046131194e-16
105    1.1579404190272674e-08    5.789702095136337e-09    8.695301423333746e-17
106    1.1579404216076686e-08    5.789702108038343e-09    7.405100838075995e-17
107    1.157940408857451e-08    5.789702044287255e-09    1.3780209612290761e-16
108    1.1579403910765354e-08    5.789701955382677e-09    2.26706674266719e-16
109    1.1579404131292076e-08    5.789702065646038e-09    1.1644331332494318e-16
110    1.1579404360058734e-08    5.789702180029367e-09    2.0599841277224584e-18
111    1.1579404194392642e-08    5.789702097196321e-09    8.4893030105615e-17
112    1.157940424795223e-08    5.789702123976115e-09    5.811323644522304e-17
113    1.1579404010511954e-08    5.789702005255977e-09    1.7683337433238577e-16
114    1.1579404105921745e-08    5.7897020529608725e-09    1.2912847874302358e-16
115    1.157940399836889e-08    5.789701999184445e-09    1.829049064983046e-16
116    1.1579404278743571e-08    5.789702139371786e-09    4.2717565595928875e-17
117    1.1579404030678114e-08    5.789702015339057e-09    1.6675029412827058e-16
118    1.1579403934184121e-08    5.7897019670920605e-09    2.1499729080387553e-16
119    1.1579403800393573e-08    5.7897019001967864e-09    2.8189256484623115e-16
120    1.1579404084671382e-08    5.789702042335691e-09    1.3975366003338152e-16
121    1.1579403884527661e-08    5.789701942263831e-09    2.398255205537936e-16
122    1.1579404045206423e-08    5.789702022603212e-09    1.594861395726177e-16
123    1.1579404030244433e-08    5.789702015122217e-09    1.6696713456276768e-16
124    1.1579404150590875e-08    5.789702075295437e-09    1.0679391398982219e-16
125    1.1579403981238495e-08    5.789701990619248e-09    1.9147010366094008e-16
126    1.1579404027425508e-08    5.789702013712754e-09    1.6837659738699884e-16
127    1.1579404013981401e-08    5.7897020069907004e-09    1.7509865085640897e-16
128    1.1579404302379179e-08    5.789702151189589e-09    3.0899761915836876e-17
129    1.1579404030678114e-08    5.789702015339057e-09    1.6675029412827058e-16
130    1.157940414820563e-08    5.789702074102815e-09    1.0798653637955624e-16
131    1.1579404175527525e-08    5.789702087763762e-09    9.432558900623889e-17
132    1.1579404218895611e-08    5.789702109447806e-09    7.26415455565288e-17
133    1.1579404141266736e-08    5.789702070633368e-09    1.1145598333150986e-16
134    1.1579404054964243e-08    5.7897020274821215e-09    1.5460722979643293e-16
135    1.1579404052795839e-08    5.789702026397919e-09    1.5569143196891844e-16
136    1.1579404214775643e-08    5.789702107387822e-09    7.470152968425126e-17
137    1.1579403882142417e-08    5.789701941071208e-09    2.4101814294352764e-16
138    1.1579404449180153e-08    5.7897022245900764e-09    4.2500725161431774e-17
139    1.1579404136496246e-08    5.789702068248123e-09    1.1384122811097797e-16
140    1.1579404146470906e-08    5.789702073235453e-09    1.0885389811754465e-16
141    1.1579403801477775e-08    5.7897019007388875e-09    2.813504637599884e-16
142    1.1579404244916464e-08    5.789702122458232e-09    5.963111948670274e-17
143    1.1579403924209461e-08    5.7897019621047305e-09    2.1998462079730885e-16
144    1.1579404120233214e-08    5.789702060116607e-09    1.2197274440461925e-16
145    1.1579403835304883e-08    5.789701917652441e-09    2.6443690986921453e-16
146    1.1579403946110345e-08    5.7897019730551724e-09    2.0903417885520525e-16
147    1.157940441275096e-08    5.78970220637548e-09    2.42861286636753e-17
148    1.1579404034147561e-08    5.789702017073781e-09    1.6501557065229377e-16
149    1.1579404195476845e-08    5.789702097738422e-09    8.435092901937224e-17
150    1.1579404186152706e-08    5.789702093076353e-09    8.901299836105991e-17
151    1.157940433273684e-08    5.78970216636842e-09    1.5720931501039814e-17
152    1.1579404125003703e-08    5.789702062501852e-09    1.1958749962515114e-16
153    1.157940385395316e-08    5.78970192697658e-09    2.551127711858392e-16
154    1.1579403941339855e-08    5.789701970669928e-09    2.1141942363467336e-16
155    1.1579404059084211e-08    5.789702029542106e-09    1.5254724566871047e-16
156    1.1579404052145317e-08    5.789702026072659e-09    1.560166926206641e-16
157    1.157940408835767e-08    5.789702044178835e-09    1.3791051634015616e-16
158    1.1579403935918844e-08    5.789701967959422e-09    2.1412992906588713e-16
159    1.1579404059084211e-08    5.789702029542106e-09    1.5254724566871047e-16
160    1.1579404142134098e-08    5.789702071067049e-09    1.1102230246251565e-16
161    1.1579404120666895e-08    5.789702060333447e-09    1.2175590397012215e-16
162    1.1579404159481332e-08    5.789702079740666e-09    1.0234868508263162e-16
163    1.1579403987093187e-08    5.7897019935465935e-09    1.8854275779522922e-16
164    1.1579403912283237e-08    5.7897019561416185e-09    2.259477327459791e-16
165    1.15794037544234e-08    5.7897018772117e-09    3.0487765090292385e-16
166    1.1579404117414288e-08    5.789702058707144e-09    1.233822072288504e-16
167    1.1579404489295633e-08    5.789702244647817e-09    6.25584653524136e-17
168    1.1579404514449124e-08    5.789702257224562e-09    7.513521055324546e-17
169    1.1579404403426821e-08    5.789702201713411e-09    1.962405932198763e-17
170    1.1579404146904587e-08    5.789702073452294e-09    1.0863705768304754e-16
171    1.1579404290236114e-08    5.789702145118057e-09    3.69712940817557e-17
172    1.1579404295006604e-08    5.789702147503302e-09    3.458604930228759e-17
173    1.1579404264865784e-08    5.789702132432892e-09    4.96564594998361e-17
174    1.1579404150374034e-08    5.789702075187017e-09    1.0690233420707074e-16
175    1.1579404017234007e-08    5.789702008617004e-09    1.734723475976807e-16
176    1.1579403984274261e-08    5.789701992137131e-09    1.8995222061946038e-16
177    1.1579404129991033e-08    5.789702064995517e-09    1.1709383462843448e-16
178    1.1579404002055177e-08    5.7897020010275885e-09    1.8106176280507924e-16
179    1.1579404135845725e-08    5.7897020679228625e-09    1.1416648876272362e-16
180    1.1579404141917257e-08    5.789702070958629e-09    1.111307226797642e-16
181    1.157940385872365e-08    5.789701929361825e-09    2.527275264063711e-16
182    1.157940402330554e-08    5.78970201165277e-09    1.704365815147213e-16
183    1.1579403971263835e-08    5.789701985631918e-09    1.964574336543734e-16
184    1.15794041829001e-08    5.78970209145005e-09    9.063930161978817e-17
185    1.1579404376104926e-08    5.789702188052463e-09    5.9631119486702744e-18
186    1.1579404093345e-08    5.7897020466725e-09    1.354168513434395e-16
187    1.1579404318425371e-08    5.7897021592126854e-09    2.2876665839444144e-17
188    1.1579403885178183e-08    5.789701942589091e-09    2.3950025990204793e-16
189    1.1579404150807715e-08    5.7897020754038575e-09    1.0668549377257364e-16
190    1.157940398839423e-08    5.789701994197115e-09    1.8789223649173792e-16
191    1.157940410375334e-08    5.78970205187667e-09    1.3021268091550908e-16
192    1.1579404270937316e-08    5.789702135468658e-09    4.662069341687669e-17
193    1.1579404200030494e-08    5.789702100015247e-09    8.207410445715269e-17
194    1.1579404242097538e-08    5.789702121048769e-09    6.10405823109339e-17
195    1.1579404386079586e-08    5.789702193039793e-09    1.0950441942103595e-17
196    1.1579404188971631e-08    5.789702094485816e-09    8.760353553682876e-17
197    1.1579404060168413e-08    5.789702030084207e-09    1.5200514458246772e-16
198    1.1579404105054383e-08    5.789702052527192e-09    1.2956215961201778e-16
199    1.1579404067324148e-08    5.789702033662074e-09    1.4842727741326556e-16
200    1.157940447259892e-08    5.78970223629946e-09    5.421010862427522e-17
201    1.1579404193958961e-08    5.789702096979481e-09    8.51098705401121e-17
202    1.1579404025907625e-08    5.789702012953812e-09    1.691355389077387e-16
203    1.1579404142567779e-08    5.789702071283889e-09    1.1080546202801855e-16
204    1.1579403802778818e-08    5.789701901389409e-09    2.806999424564971e-16
205    1.1579404037617008e-08    5.789702018808504e-09    1.6328084717631697e-16
206    1.157940387910665e-08    5.789701939553325e-09    2.4253602598500734e-16
207    1.157940390903063e-08    5.789701954515315e-09    2.275740360047074e-16
208    1.1579403870216193e-08    5.789701935108096e-09    2.469812548921979e-16
209    1.1579404057132647e-08    5.789702028566324e-09    1.5352302762394743e-16
210    1.1579404245566985e-08    5.7897021227834924e-09    5.930585883495709e-17
211    1.1579404329050552e-08    5.789702164525276e-09    1.7564075194265172e-17
212    1.1579404392151119e-08    5.789702196075559e-09    1.3986208025063007e-17
213    1.1579404015716124e-08    5.789702007858062e-09    1.7423128911842056e-16
214    1.1579403977985889e-08    5.789701988992944e-09    1.9309640691966834e-16
215    1.1579404321027456e-08    5.789702160513728e-09    2.1575623232461538e-17
216    1.1579404400391055e-08    5.7897022001955276e-09    1.8106176280507924e-17
217    1.1579403979070091e-08    5.7897019895350454e-09    1.9255430583342559e-16
218    1.1579403996417326e-08    5.789701998208663e-09    1.8388068845354155e-16
219    1.1579403782612657e-08    5.789701891306329e-09    2.907830226606123e-16
220    1.1579404114161682e-08    5.789702057080841e-09    1.2500851048757866e-16
221    1.1579403895152843e-08    5.789701947576421e-09    2.345129299086146e-16
222    1.1579404094646042e-08    5.789702047323021e-09    1.347663300399482e-16
223    1.157940430801703e-08    5.789702154008515e-09    2.8080836267374565e-17
224    1.1579404313654881e-08    5.789702156827441e-09    2.5261910618912253e-17
225    1.1579404491464038e-08    5.789702245732019e-09    6.364266752489911e-17
226    1.1579403994899443e-08    5.789701997449721e-09    1.846396299742814e-16
227    1.157940395868709e-08    5.789701979343545e-09    2.0274580625478933e-16
228    1.1579404054313722e-08    5.789702027156861e-09    1.5493249044817858e-16
229    1.1579404107005947e-08    5.789702053502974e-09    1.2858637765678083e-16
230    1.157940424795223e-08    5.789702123976115e-09    5.811323644522304e-17
231    1.1579404003139379e-08    5.7897020015696896e-09    1.805196617188365e-16
232    1.1579404174443322e-08    5.789702087221661e-09    9.486769009248164e-17
233    1.1579404159698173e-08    5.789702079849086e-09    1.0224026486538307e-16
234    1.1579404405812066e-08    5.789702202906033e-09    2.0816681711721685e-17
235    1.1579404121100575e-08    5.789702060550288e-09    1.2153906353562505e-16
236    1.1579404154710843e-08    5.7897020773554214e-09    1.0473392986209973e-16
237    1.1579404268768911e-08    5.789702134384456e-09    4.7704895589362195e-17
238    1.1579404045423264e-08    5.789702022711632e-09    1.5937771935536915e-16
239    1.1579403980804814e-08    5.789701990402407e-09    1.9168694409543718e-16
240    1.157940417791277e-08    5.789702088956385e-09    9.313296661650483e-17
241    1.1579403871734076e-08    5.789701935867038e-09    2.4622231337145806e-16
242    1.157940411329432e-08    5.78970205664716e-09    1.2544219135657286e-16
243    1.1579403837690128e-08    5.789701918845064e-09    2.632442874794805e-16
244    1.157940426790155e-08    5.789702133950775e-09    4.8138576458356397e-17
245    1.1579404335989446e-08    5.789702167994723e-09    1.4094628242311558e-17
246    1.1579404042821179e-08    5.789702021410589e-09    1.6067876196235176e-16
247    1.1579404164902343e-08    5.789702082451172e-09    9.963817965141786e-17
248    1.1579404290236114e-08    5.789702145118057e-09    3.69712940817557e-17
249    1.1579404357239809e-08    5.789702178619904e-09    3.469446951953614e-18
250    1.1579404364178703e-08    5.789702182089351e-09    0.0
251    1.1579404094212362e-08    5.789702047106181e-09    1.349831704744453e-16
252    1.1579404067974669e-08    5.7897020339873345e-09    1.481020167615199e-16
253    1.1579403698695409e-08    5.7897018493477045e-09    3.327416467358013e-16
254    1.1579404170973875e-08    5.789702085486938e-09    9.660241356845845e-17
255    1.157940418311694e-08    5.78970209155847e-09    9.053088140253962e-17
256    1.1579404405595226e-08    5.789702202797613e-09    2.0708261494473135e-17
257    1.1579404286983508e-08    5.789702143491754e-09    3.859759734048396e-17
258    1.1579404057349488e-08    5.789702028674744e-09    1.5341460740669888e-16
259    1.1579403718644729e-08    5.7897018593223645e-09    3.2276698674893467e-16
260    1.1579404072961999e-08    5.7897020364809995e-09    1.4560835176480325e-16
261    1.1579404096163926e-08    5.789702048081963e-09    1.3400738851920835e-16
262    1.1579404044989583e-08    5.7897020224947915e-09    1.5959455978986625e-16
263    1.1579404355938766e-08    5.789702177969383e-09    4.119968255444917e-18
264    1.1579403747484507e-08    5.7897018737422534e-09    3.0834709785487746e-16
265    1.1579403954350281e-08    5.789701977175141e-09    2.0491421059976034e-16
266    1.157940403371388e-08    5.78970201685694e-09    1.6523241108679088e-16
267    1.1579404190489515e-08    5.789702095244757e-09    8.68445940160889e-17
268    1.1579403906862226e-08    5.789701953431113e-09    2.286582381771929e-16
269    1.1579403894936002e-08    5.789701947468001e-09    2.3462135012586316e-16
270    1.1579404009210911e-08    5.789702004605456e-09    1.7748389563587708e-16
271    1.1579404121317416e-08    5.789702060658708e-09    1.214306433183765e-16
272    1.1579404247518549e-08    5.789702123759274e-09    5.833007687972014e-17
273    1.1579404011812997e-08    5.789702005906498e-09    1.7618285302889447e-16
274    1.157940410375334e-08    5.78970205187667e-09    1.3021268091550908e-16
275    1.1579404180731695e-08    5.7897020903658475e-09    9.172350379227368e-17
276    1.1579404291753997e-08    5.789702145876999e-09    3.621235256101585e-17
277    1.1579404124353182e-08    5.789702062176591e-09    1.199127602768968e-16
278    1.1579404079467212e-08    5.789702039733606e-09    1.4235574524734673e-16
279    1.1579404237543889e-08    5.789702118771944e-09    6.331740687315346e-17
280    1.1579404479104133e-08    5.7897022395520664e-09    5.746271514173174e-17
281    1.1579403991646836e-08    5.789701995823418e-09    1.8626593323300966e-16
282    1.1579404329484233e-08    5.7897021647421165e-09    1.734723475976807e-17
283    1.1579404147555108e-08    5.789702073777554e-09    1.0831179703130189e-16
284    1.1579404111776437e-08    5.789702055888218e-09    1.2620113287731272e-16
285    1.1579404193742121e-08    5.7897020968710605e-09    8.521829075736065e-17
286    1.1579404301945498e-08    5.789702150972749e-09    3.111660235033398e-17
287    1.1579404330785276e-08    5.789702165392638e-09    1.6696713456276768e-17
288    1.1579404035448604e-08    5.789702017724302e-09    1.6436504934880247e-16
289    1.157940414842247e-08    5.789702074211235e-09    1.0787811616230769e-16
290    1.157940435810717e-08    5.789702179053585e-09    3.0357660829594124e-18
291    1.157940422323242e-08    5.78970211161621e-09    7.047314121155779e-17
292    1.1579404201765217e-08    5.7897021008826086e-09    8.120674271916428e-17
293    1.1579403827064946e-08    5.789701913532473e-09    2.6855687812465945e-16
294    1.1579404035882285e-08    5.789702017941142e-09    1.6414820891430537e-16
295    1.1579403877588768e-08    5.789701938794384e-09    2.432949675057472e-16
296    1.1579403830317553e-08    5.789701915158776e-09    2.669305748659312e-16
297    1.157940411828165e-08    5.789702059140825e-09    1.229485263598562e-16
298    1.1579404075997765e-08    5.7897020379988826e-09    1.4409046872332354e-16
299    1.1579404396054246e-08    5.789702198027123e-09    1.5937771935536915e-17
300    1.157940453266372e-08    5.78970226633186e-09    8.42425088021237e-17
301    1.1579404202632579e-08    5.7897021013162894e-09    8.077306185017008e-17
302    1.1579404003139379e-08    5.7897020015696896e-09    1.805196617188365e-16
303    1.1579404026124465e-08    5.789702013062233e-09    1.6902711869049014e-16
304    1.1579403910114833e-08    5.789701955057416e-09    2.2703193491846463e-16
305    1.1579404156879247e-08    5.789702078439624e-09    1.0364972768961422e-16
306    1.1579404216293526e-08    5.789702108146763e-09    7.39425881635114e-17
307    1.157940379909253e-08    5.789701899546265e-09    2.8254308614972246e-16
308    1.1579404196561047e-08    5.789702098280523e-09    8.380882793312949e-17
309    1.157940396367442e-08    5.78970198183721e-09    2.0025214125807267e-16
310    1.1579404035231763e-08    5.789702017615882e-09    1.6447346956605102e-16
311    1.157940408835767e-08    5.789702044178835e-09    1.3791051634015616e-16
312    1.1579404375454405e-08    5.7897021877272026e-09    5.637851296924623e-18
313    1.157940405821685e-08    5.789702029108425e-09    1.5298092653770468e-16
314    1.1579404144953023e-08    5.789702072476512e-09    1.096128396382845e-16
315    1.1579404263564741e-08    5.7897021317823705e-09    5.0306980803327406e-17
316    1.1579404284815104e-08    5.789702142407552e-09    3.968179951296946e-17
317    1.1579403983190059e-08    5.7897019915950296e-09    1.9049432170570313e-16
318    1.157940435810717e-08    5.789702179053585e-09    3.0357660829594124e-18
319    1.1579404201548377e-08    5.789702100774188e-09    8.131516293641283e-17
320    1.1579404059951573e-08    5.7897020299757865e-09    1.5211356479971627e-16
321    1.1579404030461274e-08    5.789702015230637e-09    1.6685871434551913e-16
322    1.1579404192657919e-08    5.7897020963289594e-09    8.57603918436034e-17
323    1.1579404075780925e-08    5.789702037890462e-09    1.441988889405721e-16
324    1.1579404057349488e-08    5.789702028674744e-09    1.5341460740669888e-16
325    1.1579404189838993e-08    5.789702094919497e-09    8.716985466783456e-17
326    1.1579404075347244e-08    5.789702037673622e-09    1.444157293750692e-16
327    1.1579403886045544e-08    5.789701943022772e-09    2.3906657903305373e-16
328    1.1579403990562634e-08    5.789701995281317e-09    1.8680803431925241e-16
329    1.15794041330268e-08    5.7897020665134e-09    1.1557595158695477e-16
330    1.1579403742714017e-08    5.789701871357009e-09    3.1073234263434557e-16
331    1.1579403992731038e-08    5.789701996365519e-09    1.857238321467669e-16
332    1.157940392854627e-08    5.789701964273135e-09    2.1781621645233784e-16
333    1.157940397885325e-08    5.789701989426625e-09    1.9266272605067414e-16
334    1.1579404114812203e-08    5.7897020574061014e-09    1.24683249835833e-16
335    1.1579403940255653e-08    5.7897019701278266e-09    2.1196152472091612e-16
336    1.1579404049543232e-08    5.789702024771616e-09    1.573177352276467e-16
337    1.157940409811549e-08    5.789702049057745e-09    1.330316065639714e-16
338    1.1579403734690921e-08    5.789701867345461e-09    3.1474389067254194e-16
339    1.1579403806465105e-08    5.7897019032325525e-09    2.7885679876327174e-16
340    1.1579403829450191e-08    5.7897019147250955e-09    2.673642557349254e-16
341    1.1579403959988133e-08    5.789701979994066e-09    2.0209528495129803e-16
342    1.1579404012246677e-08    5.789702006123339e-09    1.7596601259439737e-16
343    1.1579404227352388e-08    5.789702113676194e-09    6.841315708383533e-17
344    1.1579404313871722e-08    5.789702156935861e-09    2.5153490401663703e-17
345    1.1579404411666758e-08    5.789702205833379e-09    2.3744027577432547e-17
346    1.1579404089441872e-08    5.789702044720936e-09    1.373684152539134e-16
347    1.1579403794755722e-08    5.789701897377861e-09    2.8471149049469346e-16
348    1.157940377437272e-08    5.78970188718636e-09    2.949029909160572e-16
349    1.1579403617597087e-08    5.789701808798543e-09    3.732908079867592e-16
350    1.1579404344229383e-08    5.789702172114691e-09    9.974659986866641e-18
351    1.157940446804527e-08    5.789702234022635e-09    5.193328406205566e-17
352    1.1579404232339718e-08    5.789702116169859e-09    6.591949208711867e-17
353    1.1579404305848626e-08    5.789702152924313e-09    2.916503843986007e-17
354    1.1579403887346587e-08    5.7897019436732935e-09    2.3841605772956243e-16
355    1.1579404146037225e-08    5.789702073018613e-09    1.0907073855204175e-16
356    1.1579404289585593e-08    5.7897021447927965e-09    3.729655473350135e-17
357    1.1579404094862883e-08    5.7897020474314415e-09    1.3465790982269965e-16
358    1.157940431777485e-08    5.789702158887425e-09    2.3201926491189795e-17
359    1.1579403726017304e-08    5.789701863008652e-09    3.1908069936248395e-16
360    1.1579403965409144e-08    5.789701982704572e-09    1.9938477952008427e-16
361    1.1579404070576754e-08    5.789702035288377e-09    1.468009741545373e-16
362    1.1579404381092256e-08    5.789702190546128e-09    8.456776945386935e-18
363    1.1579404076865127e-08    5.7897020384325634e-09    1.4365678785432934e-16
364    1.1579403951314515e-08    5.789701975657258e-09    2.0643209364124004e-16
365    1.1579403820342893e-08    5.7897019101714464e-09    2.719179048593645e-16
366    1.157940428828455e-08    5.789702144142275e-09    3.7947076036992655e-17
367    1.157940477682605e-08    5.789702388413025e-09    2.063236734239915e-16
368    1.1579404311486477e-08    5.7897021557432385e-09    2.6346112791397758e-17
369    1.1579404431182397e-08    5.789702215591198e-09    3.350184712980209e-17
370    1.157940425272272e-08    5.78970212636136e-09    5.572799166575493e-17
371    1.157940406342102e-08    5.78970203171051e-09    1.5037884132373946e-16
372    1.1579404174877003e-08    5.789702087438502e-09    9.465084965798454e-17
373    1.157940432276218e-08    5.78970216138109e-09    2.0708261494473135e-17
374    1.15794043925848e-08    5.7897021962924e-09    1.4203048459560108e-17
375    1.1579404129991033e-08    5.789702064995517e-09    1.1709383462843448e-16
376    1.1579404197211568e-08    5.789702098605784e-09    8.348356728138384e-17
377    1.157940398362374e-08    5.78970199181187e-09    1.9027748127120603e-16
378    1.1579404141700417e-08    5.789702070850208e-09    1.1123914289701275e-16
379    1.1579404332303159e-08    5.789702166151579e-09    1.5937771935536915e-17
380    1.1579404241663857e-08    5.7897021208319285e-09    6.1257422745431e-17
381    1.157940408337034e-08    5.78970204168517e-09    1.4040418133687282e-16
382    1.1579404278960412e-08    5.789702139480206e-09    4.2609145378680324e-17
383    1.1579403986659506e-08    5.789701993329753e-09    1.8875959822972632e-16
384    1.1579404408847832e-08    5.789702204423916e-09    2.233456475320139e-17
385    1.1579404025690784e-08    5.789702012845392e-09    1.6924395912498724e-16
386    1.1579404107873309e-08    5.7897020539366545e-09    1.2815269678778662e-16
387    1.1579403920523174e-08    5.789701960261587e-09    2.218277644905342e-16
388    1.157940402829287e-08    5.789702014146435e-09    1.6794291651800464e-16
389    1.1579403917487407e-08    5.789701958743704e-09    2.233456475320139e-16
390    1.1579404122184778e-08    5.789702061092389e-09    1.209969624493823e-16
391    1.1579404364178703e-08    5.789702182089351e-09    0.0
392    1.1579404006608826e-08    5.789702003304413e-09    1.7878493824285968e-16
393    1.1579404224099782e-08    5.789702112049891e-09    7.003946034256359e-17
394    1.1579404041086455e-08    5.7897020205432276e-09    1.6154612370034016e-16
395    1.1579403780877934e-08    5.789701890438967e-09    2.916503843986007e-16
396    1.1579404000754134e-08    5.789702000377067e-09    1.8171228410857054e-16
397    1.1579403961289175e-08    5.789701980644588e-09    2.0144476364780672e-16
398    1.1579404322545339e-08    5.7897021612726696e-09    2.0816681711721685e-17
399    1.1579403931365195e-08    5.789701965682598e-09    2.1640675362810669e-16
400    1.157940402373922e-08    5.78970201186961e-09    1.702197410802242e-16
401    1.1579404071660956e-08    5.789702035830478e-09    1.4625887306829455e-16
402    1.1579404369166033e-08    5.789702184583016e-09    2.4936649967166602e-18
403    1.1579404391500597e-08    5.789702195750299e-09    1.3660947373317356e-17
404    1.1579404381742778e-08    5.789702190871389e-09    8.782037597132586e-18
405    1.1579404115245884e-08    5.789702057622942e-09    1.244664094013359e-16
406    1.1579404023956061e-08    5.7897020119780304e-09    1.7011132086297565e-16
407    1.1579404254023762e-08    5.789702127011881e-09    5.5077470362263625e-17
408    1.157940415818029e-08    5.789702079090145e-09    1.0299920638612292e-16
409    1.1579403820342893e-08    5.7897019101714464e-09    2.719179048593645e-16
410    1.1579404202198898e-08    5.789702101099449e-09    8.098990228466718e-17
411    1.1579404175527525e-08    5.789702087763762e-09    9.432558900623889e-17
412    1.1579404275707805e-08    5.789702137853903e-09    4.423544863740858e-17
413    1.157940399381524e-08    5.78970199690762e-09    1.8518173106052416e-16
414    1.1579404250771155e-08    5.789702125385578e-09    5.670377362099188e-17
415    1.1579403937436727e-08    5.789701968718364e-09    2.1337098754514727e-16
416    1.1579404399957374e-08    5.789702199978687e-09    1.7889335846010823e-17
417    1.1579404130424714e-08    5.789702065212357e-09    1.1687699419393738e-16
418    1.1579404508811272e-08    5.789702254405636e-09    7.231628490478315e-17
419    1.1579404495367165e-08    5.789702247683583e-09    6.559423143537302e-17
420    1.157940420848727e-08    5.789702104243635e-09    7.784571598445922e-17
421    1.157940429262136e-08    5.78970214631068e-09    3.5778671692021646e-17
422    1.157940416316762e-08    5.78970208158381e-09    1.0050554138940626e-16
423    1.15794039335336e-08    5.7897019667668e-09    2.1532255145562118e-16
424    1.1579404205668345e-08    5.7897021028341725e-09    7.925517880869037e-17
425    1.1579404357239809e-08    5.789702178619904e-09    3.469446951953614e-18
426    1.157940437783965e-08    5.789702188919825e-09    6.830473686658678e-18
427    1.1579404362227139e-08    5.789702181113569e-09    9.75781955236954e-19
428    1.1579404340759936e-08    5.789702170379968e-09    1.1709383462843448e-17
429    1.1579404404077343e-08    5.789702202038671e-09    1.9949319973733282e-17
430    1.1579404087273468e-08    5.789702043636734e-09    1.3845261742639892e-16
431    1.1579404135628885e-08    5.789702067814442e-09    1.1427490897997217e-16
432    1.1579403570976393e-08    5.7897017854881966e-09    3.966011546951975e-16
433    1.1579404107873309e-08    5.7897020539366545e-09    1.2815269678778662e-16
434    1.157940399381524e-08    5.78970199690762e-09    1.8518173106052416e-16
435    1.157940352955987e-08    5.789701764779935e-09    4.1730941618967066e-16
436    1.1579403621717055e-08    5.7897018108585274e-09    3.712308238590367e-16
437    1.1579403830968074e-08    5.789701915484037e-09    2.6660531421418554e-16
438    1.1579404196777887e-08    5.7897020983889436e-09    8.370040771588094e-17
439    1.1579404122835299e-08    5.7897020614176495e-09    1.2067170179763664e-16
440    1.1579404409064672e-08    5.789702204532336e-09    2.2442984970449942e-17
441    1.1579404540253135e-08    5.789702270126568e-09    8.803721640582296e-17
442    1.15794039539166e-08    5.7897019769583e-09    2.0513105103425744e-16
443    1.1579403881925576e-08    5.789701940962788e-09    2.411265631607762e-16
444    1.1579404057349488e-08    5.789702028674744e-09    1.5341460740669888e-16
445    1.1579403957819728e-08    5.789701978909864e-09    2.0317948712378353e-16
446    1.1579403887563428e-08    5.789701943781714e-09    2.3830763751231387e-16
447    1.1579403750737113e-08    5.789701875368557e-09    3.067207945961492e-16
448    1.1579403805164062e-08    5.789701902582031e-09    2.7950732006676304e-16
449    1.1579403363026416e-08    5.789701681513208e-09    5.005761430365574e-16
450    1.1579402848464065e-08    5.789701424232033e-09    7.578573185673676e-16
451    1.1579401903039771e-08    5.7897009515198855e-09    1.2305694657710475e-15
452    1.1579400517646235e-08    5.7897002588231175e-09    1.9232662337720363e-15
453    1.1579398496042864e-08    5.789699248021432e-09    2.934067919180272e-15
454    1.1579395033101125e-08    5.789697516550563e-09    4.665538788639623e-15
455    1.1579389228065853e-08    5.789694614032927e-09    7.568056424600567e-15
456    1.157938042759682e-08    5.78969021379841e-09    1.1968290941632986e-14
457    1.1579366769468372e-08    5.789683384734186e-09    1.8797355165467433e-14
458    1.1579344886148563e-08    5.789672443074281e-09    2.9739015069973895e-14
459    1.1579310194714809e-08    5.7896550973574046e-09    4.7084731946700487e-14
460    1.1579256889047637e-08    5.7896284445238186e-09    7.373756553269439e-14
461    1.1579174928133887e-08    5.789587464066943e-09    1.14718022407867e-13
462    1.1579049751788903e-08    5.7895248758944515e-09    1.773061948998067e-13
463    1.1578859696352237e-08    5.789429848176118e-09    2.723339132329472e-13
464    1.1578574094731758e-08    5.789287047365879e-09    4.1513472347209923e-13
465    1.1578147256696356e-08    5.789073628348178e-09    6.285537411734876e-13
466    1.1577515322738069e-08    5.7887576613690345e-09    9.445207203168104e-13
467    1.1576585275466234e-08    5.788292637733117e-09    1.4095443562345267e-12
468    1.1575230251300445e-08    5.787615125650222e-09    2.087056439128987e-12
469    1.1573270116554957e-08    5.786635058277478e-09    3.067123811872907e-12
470    1.157045965787494e-08    5.78522982893747e-09    4.472353151881159e-12
471    1.1566464341644309e-08    5.783232170822154e-09    6.4700112671969845e-12
472    1.1560834915248785e-08    5.780417457624393e-09    9.284724464958538e-12
473    1.1552975223401776e-08    5.776487611700888e-09    1.3214570388463132e-11
474    1.1542100748036452e-08    5.771050374018226e-09    1.8651808071125375e-11
475    1.1527196765040784e-08    5.763598382520392e-09    2.6103799568959196e-11
476    1.150696716709608e-08    5.75348358354804e-09    3.621859854131132e-11
477    1.1479775171262252e-08    5.739887585631126e-09    4.981459645822528e-11
478    1.1443590811283447e-08    5.721795405641723e-09    6.790677644762794e-11
479    1.1395928057765167e-08    5.697964028882584e-09    9.173815320676765e-11
480    1.133379666680423e-08    5.666898333402115e-09    1.2280384868723626e-10
481    1.1253660525374978e-08    5.626830262687489e-09    1.6287191940186213e-10
482    1.1151414958977812e-08    5.575707479488906e-09    2.1399470260044517e-10
483    1.102238989599165e-08    5.511194947995825e-09    2.7850723409352657e-10
484    1.0861387626315624e-08    5.430693813157812e-09    3.5900836893153903e-10
485    1.0662764345515524e-08    5.331382172757762e-09    4.5832000933158923e-10
486    1.0420557383563483e-08    5.210278691781742e-09    5.794234903076095e-10
487    1.0128666865730912e-08    5.064333432865456e-09    7.253687492238953e-10
488    9.781091430283856e-09    4.890545715141928e-09    8.991564669474233e-10
489    9.3722088015738e-09    4.6861044007869e-09    1.1035977813024511e-09
490    8.89709815825486e-09    4.44854907912743e-09    1.3411531029619214e-09
491    8.351882576805233e-09    4.175941288402617e-09    1.6137608936867345e-09
492    7.734076320998692e-09    3.867038160499346e-09    1.922664021590005e-09
493    7.042903042014936e-09    3.521451521007468e-09    2.268250661081883e-09
494    6.279565891798358e-09    3.139782945899179e-09    2.649919236190172e-09
495    5.4474372339352595e-09    2.7237186169676297e-09    3.0659835651217215e-09
496    4.55214243101458e-09    2.27607121550729e-09    3.513630966582061e-09
497    3.601496743194099e-09    1.8007483715970496e-09    3.988953810492302e-09
498    2.6050142006624893e-09    1.3025071003312447e-09    4.487195081758107e-09
499    1.5691704055922906e-09    7.845852027961453e-10    5.005116979293206e-09
500    0.0    1.9581196744351131e-10    5.59389021464584e-09
501    0.0    6.397286075442848e-11    5.725729321334923e-09
502    0.0    2.1600127177341666e-11    5.76810205491201e-09
503    0.0    7.338154281270881e-12    5.78236402780808e-09
504    0.0    2.495939761294752e-12    5.7872062423280565e-09
505    0.0    8.49152779341944e-13    5.788853029310009e-09
506    0.0    2.8905025074854596e-13    5.789413131838603e-09
507    0.0    9.833464337943854e-14    5.789603847445972e-09
508    0.0    3.340513629601638e-14    5.789668776953055e-09
509    0.0    1.1302807648161384e-14    5.789690879281703e-09
510    0.0    3.9709988769454085e-15    5.789698211090474e-09
511    0.0    1.189695043868344e-15    5.789700992394307e-09
512    0.0    5.281148782176892e-16    5.789701653974473e-09
513    0.0    2.3993394077104213e-16    5.7897019421554105e-09
514    0.0    4.651227319962814e-17    5.789702135577078e-09
515    -0.0    -1.0364972768961422e-16    5.789702285739079e-09
516    -0.0    -7.15573433840433e-18    5.789702189245086e-09
517    0.0    1.8604909279851256e-16    5.7897019960402585e-09
518    -0.0    -1.1839487723541708e-16    5.7897023004842285e-09
519    -0.0    -3.5887091909270197e-17    5.789702217976443e-09
520    -0.0    -1.2034644114589099e-17    5.789702194123995e-09
521    -0.0    -6.364266752489911e-17    5.789702245732019e-09
522    -0.0    -1.951563910473908e-18    5.789702184040915e-09
523    -0.0    -5.355958732078392e-17    5.789702235648939e-09
524    0.0    8.890457814381136e-17    5.789702093184773e-09
525    -0.0    -1.584019374001322e-16    5.789702340491289e-09
526    -0.0    -5.204170427930421e-17    5.7897022341310556e-09
527    0.0    2.0383000842727483e-17    5.7897021617063504e-09
528    0.0    1.0364972768961422e-16    5.789702078439624e-09
529    0.0    1.1232334506949826e-16    5.789702069766006e-09
530    0.0    8.673617379884035e-18    5.789702173415734e-09
531    -0.0    -1.2576745200831851e-17    5.7897021946660965e-09
532    -0.0    -9.226560487851643e-17    5.789702274354956e-09
533    0.0    3.3176586478056436e-17    5.789702148912765e-09
534    -0.0    -1.2034644114589099e-17    5.789702194123995e-09
535    0.0    1.3270634591222574e-16    5.789702049383005e-09
536    0.0    1.4821043697876846e-16    5.789702033878914e-09
537    -0.0    -3.71881345162528e-17    5.789702219277486e-09
538    -0.0    -8.836247705756861e-17    5.789702270451828e-09
539    -0.0    -4.8030156241107846e-17    5.7897022301195075e-09
540    0.0    1.962405932198763e-17    5.789702162465292e-09
541    -0.0    -1.3660947373317356e-16    5.789702318698825e-09
542    -0.0    -5.833007687972014e-17    5.789702240419428e-09
543    -0.0    -9.75781955236954e-17    5.789702279667547e-09
544    -0.0    -1.1785277614917433e-16    5.7897022999421274e-09
545    -0.0    -8.066464163292153e-17    5.789702262753993e-09
546    -0.0    -2.7321894746634712e-17    5.789702209411246e-09
547    0.0    6.646159317336142e-17    5.789702115627758e-09
548    0.0    4.217546450968612e-17    5.789702139913887e-09
549    -0.0    -4.83554168928535e-17    5.789702230444768e-09
550    0.0    9.584347204771859e-17    5.789702086245879e-09
551    -0.0    -1.7759231585312563e-16    5.789702359681667e-09
552    -0.0    -1.0018028073766061e-16    5.789702282269632e-09
553    -0.0    -2.0686577451023425e-16    5.789702388955126e-09
554    -0.0    -1.6132928326584306e-16    5.7897023434186345e-09
555    -0.0    -5.3017486234541167e-17    5.7897022351068375e-09
556    0.0    3.8163916471489756e-17    5.789702143925435e-09
557    0.0    3.621235256101585e-17    5.789702145876999e-09
558    0.0    1.5894403848637495e-16    5.789702023145313e-09
559    0.0    6.299214622140781e-17    5.789702119097205e-09
560    -0.0    -2.8080836267374565e-17    5.7897022101701875e-09
561    0.0    2.0816681711721685e-17    5.7897021612726696e-09
562    -0.0    -8.359198749863239e-17    5.789702265681339e-09
563    -0.0    -4.9439619065339e-17    5.78970223152897e-09
564    0.0    9.421716878899034e-17    5.7897020878721825e-09
565    0.0    3.469446951953614e-18    5.789702178619904e-09
566    -0.0    -6.646159317336142e-17    5.7897022485509445e-09
567    -0.0    -7.491837011874836e-17    5.789702257007721e-09
568    -0.0    -1.1926223897340549e-17    5.789702194015575e-09
569    -0.0    -2.1890041862482335e-16    5.78970240098977e-09
570    -0.0    -1.734723475976807e-16    5.789702355561699e-09
571    0.0    7.697835424647081e-17    5.789702105110997e-09
572    -0.0    -6.516055056637882e-17    5.789702247249902e-09
573    -0.0    -2.8406096919120216e-17    5.789702210495448e-09
574    0.0    1.5124620306172787e-16    5.789702030843148e-09
575    0.0    2.688821387764051e-17    5.789702155201137e-09
576    0.0    1.7997756063259374e-17    5.789702164091595e-09
577    0.0    2.0599841277224584e-18    5.789702180029367e-09
578    0.0    5.2692225582795515e-17    5.789702129397126e-09
579    0.0    1.452830911130576e-16    5.78970203680626e-09
580    -0.0    -4.217546450968612e-17    5.789702224264816e-09
581    0.0    2.1250362580715887e-17    5.789702160838989e-09
582    -0.0    -2.981555974335137e-17    5.789702211904911e-09
583    -0.0    -4.553649124439119e-18    5.789702186643e-09
584    -0.0    -2.0437210951351759e-16    5.789702386461461e-09
585    -0.0    -1.3877787807814457e-16    5.789702320867229e-09
586    0.0    8.944667923005412e-17    5.789702092642672e-09
587    -0.0    -1.7455654977016621e-16    5.789702356645901e-09
588    -0.0    -5.0523821237824507e-17    5.7897022326131725e-09
589    0.0    8.749511531958021e-17    5.789702094594236e-09
590    -0.0    -5.5294310796760726e-18    5.789702187618782e-09
591    -0.0    -7.578573185673676e-17    5.789702257875083e-09
592    0.0    4.228388472693467e-17    5.7897021398054666e-09
593    0.0    6.14742631799281e-17    5.789702120615088e-09
594    0.0    1.34332649170954e-16    5.789702047756702e-09
595    0.0    1.0158974356189177e-16    5.789702080499608e-09
596    -0.0    -9.389190813724468e-17    5.7897022759812594e-09
597    -0.0    -2.329950468671349e-16    5.789702415084398e-09
598    -0.0    -3.924811864397526e-17    5.78970222133747e-09
599    0.0    3.892285799222961e-17    5.789702143166493e-09
600    0.0    1.6263032587282567e-17    5.789702165826319e-09
601    -0.0    -5.833007687972014e-17    5.789702240419428e-09
602    -0.0    -4.911435841359335e-17    5.78970223120371e-09
603    0.0    8.153200337090993e-17    5.789702100557348e-09
604    0.0    1.0570971181733668e-16    5.7897020763796395e-09
605    0.0    4.109126233720062e-17    5.789702140998089e-09
606    0.0    7.914675859144182e-18    5.7897021741746754e-09
607    -0.0    -1.2587587222556706e-16    5.7897023079652235e-09
608    -0.0    -6.602791230436722e-17    5.7897022481172636e-09
609    0.0    8.61940727125976e-17    5.7897020958952786e-09
610    -0.0    -5.399326818977812e-17    5.7897022360826195e-09
611    -0.0    -2.894819800536297e-17    5.789702211037549e-09
612    -0.0    -2.6346112791397758e-17    5.789702208435464e-09
613    -0.0    -8.64109131470947e-17    5.7897022685002644e-09
614    -0.0    -8.955509944730267e-17    5.789702271644451e-09
615    0.0    6.537739100087592e-17    5.78970211671196e-09
616    -0.0    -5.334274688628682e-17    5.789702235432098e-09
617    0.0    4.152494320619482e-17    5.789702140564408e-09
618    0.0    4.0223900599212215e-17    5.789702141865451e-09
619    0.0    3.0249240612345574e-17    5.789702151840111e-09
620    0.0    3.371868756429919e-17    5.789702148370664e-09
621    0.0    7.936359902593892e-17    5.789702102725752e-09
622    0.0    4.4885969940899884e-17    5.789702137203381e-09
623    -0.0    -1.1427490897997217e-16    5.78970229636426e-09
624    -0.0    -8.023096076392733e-17    5.789702262320312e-09
625    -0.0    -1.0592655225183378e-16    5.7897022880159035e-09
626    -0.0    -1.6295558652457132e-16    5.789702345044938e-09
627    0.0    1.1709383462843448e-16    5.789702064995517e-09
628    0.0    1.6718397499726478e-16    5.789702014905376e-09
629    -0.0    -2.8189256484623115e-17    5.789702210278608e-09
630    -0.0    -6.613633252161577e-18    5.7897021887029845e-09
631    -0.0    -1.3335686721571705e-17    5.789702195425038e-09
632    -0.0    -4.228388472693467e-18    5.78970218631774e-09
633    0.0    2.1250362580715887e-17    5.789702160838989e-09
634    0.0    1.0169816377914032e-16    5.7897020803911875e-09
635    0.0    3.9898639947466563e-17    5.789702142190711e-09
636    0.0    9.215718466126788e-17    5.789702089932167e-09
637    0.0    6.10405823109339e-17    5.789702121048769e-09
638    0.0    4.5644911461639737e-17    5.78970213644444e-09
639    -0.0    -8.283304597789254e-17    5.789702264922397e-09
640    -0.0    -4.456070928915423e-17    5.7897022266500606e-09
641    0.0    5.9631119486702744e-18    5.789702176126239e-09
642    0.0    1.734723475976807e-18    5.789702180354628e-09
643    -0.0    -9.75781955236954e-18    5.789702191847171e-09
644    -0.0    -4.228388472693467e-17    5.789702224373236e-09
645    -0.0    -1.6458188978329957e-16    5.789702346671241e-09
646    0.0    1.231653667943533e-16    5.7897020589239845e-09
647    0.0    1.7997756063259374e-17    5.789702164091595e-09
648    -0.0    -1.3682631416767066e-16    5.7897023189156654e-09
649    0.0    1.468009741545373e-16    5.789702035288377e-09
650    0.0    1.7943545954635098e-16    5.789702002653892e-09
651    0.0    4.8030156241107846e-17    5.789702134059195e-09
652    0.0    2.3418766925686896e-17    5.789702158670584e-09
653    -0.0    -1.3314002678121994e-16    5.789702315229378e-09
654    -0.0    -3.968179951296946e-17    5.789702221771151e-09
655    0.0    1.3986208025063007e-16    5.789702042227271e-09
656    0.0    3.2742905609062234e-17    5.789702149346446e-09
657    0.0    1.713039432527097e-17    5.789702164958957e-09
658    0.0    5.171644362755856e-17    5.789702130372908e-09
659    -0.0    -7.28583859910259e-17    5.789702254947737e-09
660    -0.0    -1.597029800071148e-16    5.789702341792331e-09
661    -0.0    -4.141652298894627e-17    5.789702223505874e-09
662    0.0    1.3997050046787862e-16    5.789702042118851e-09
663    0.0    1.431146867680866e-17    5.789702167777883e-09
664    -0.0    -1.2934531917752068e-16    5.7897023114346705e-09
665    0.0    7.513521055324546e-17    5.789702106954141e-09
666    -0.0    -8.521829075736065e-17    5.789702267307642e-09
667    -0.0    -2.4936649967166602e-18    5.789702184583016e-09
668    0.0    8.814563662307151e-17    5.789702093943715e-09
669    0.0    5.5294310796760726e-18    5.78970217655992e-09
670    -0.0    -1.0213184464813452e-16    5.789702284221196e-09
671    -0.0    -1.5937771935536915e-17    5.789702198027123e-09
672    -0.0    -2.0101108277881252e-16    5.789702383100434e-09
673    0.0    4.90059381963448e-17    5.789702133083413e-09
674    0.0    4.4994390158148434e-17    5.789702137094961e-09
675    0.0    7.589415207398531e-19    5.78970218133041e-09
676    -0.0    -1.2023802092864244e-16    5.789702302327372e-09
677    0.0    1.5070410197548512e-17    5.789702167018941e-09
678    0.0    7.166576360129184e-17    5.789702110423588e-09
679    0.0    4.87890977618477e-18    5.7897021772104415e-09
680    -0.0    -3.7947076036992655e-17    5.789702220036427e-09
681    0.0    9.725293487194975e-17    5.789702084836416e-09
682    0.0    4.358492733391728e-17    5.789702138504424e-09
683    0.0    1.8539857149502126e-17    5.789702163549494e-09
684    -0.0    -8.088148206741863e-17    5.789702262970833e-09
685    0.0    1.098296800727816e-16    5.789702072259671e-09
686    0.0    9.291612618200773e-17    5.789702089173225e-09
687    -0.0    -1.2598429244281562e-16    5.789702308073644e-09
688    0.0    4.662069341687669e-17    5.789702135468658e-09
689    -0.0    -1.5059568175823657e-16    5.789702332685033e-09
690    -0.0    -1.126486057212439e-16    5.789702294737957e-09
691    0.0    9.139824314052802e-17    5.789702090691108e-09
692    0.0    1.614377034830916e-16    5.789702020651648e-09
693    -0.0    -3.0357660829594124e-17    5.789702212447012e-09
694    -0.0    -5.2692225582795515e-17    5.789702234781577e-09
695    0.0    5.702903427273753e-17    5.789702125060317e-09
696    -0.0    -7.383416794626285e-17    5.789702255923519e-09
697    -0.0    -3.0574501264091225e-17    5.7897022126638525e-09
698    0.0    3.0899761915836876e-17    5.789702151189589e-09
699    -0.0    -4.423544863740858e-17    5.7897022263248e-09
700    -0.0    -2.329950468671349e-16    5.789702415084398e-09
701    0.0    1.0364972768961422e-16    5.789702078439624e-09
702    0.0    1.0549287138283958e-16    5.78970207659648e-09
703    0.0    1.242495689668388e-16    5.789702057839782e-09
704    -0.0    -1.2034644114589099e-17    5.789702194123995e-09
705    -0.0    -3.2526065174565133e-19    5.789702182414612e-09
706    0.0    2.8406096919120216e-17    5.789702153683254e-09
707    -0.0    -9.400032835449323e-17    5.78970227608968e-09
708    -0.0    -3.144186300207963e-17    5.789702213531214e-09
709    -0.0    -3.61039323437673e-17    5.789702218193284e-09
710    -0.0    -6.917209860457518e-17    5.78970225126145e-09
711    -0.0    -4.109126233720062e-17    5.789702223180614e-09
712    -0.0    -1.1546753136970622e-16    5.789702297556883e-09
713    -0.0    -8.771195575407731e-17    5.789702269801307e-09
714    -0.0    -1.2977900004651488e-16    5.789702311868351e-09
715    -0.0    -5.193328406205566e-17    5.789702234022635e-09
716    -0.0    -7.892991815694472e-17    5.7897022610192694e-09
717    0.0    1.4907779871675686e-16    5.7897020330115526e-09
718    0.0    1.6588293239028218e-17    5.789702165501058e-09
719    0.0    2.461138931542095e-17    5.789702157477962e-09
720    0.0    1.2414114874959026e-16    5.7897020579482025e-09
721    -0.0    -2.1152784385192192e-16    5.789702393617195e-09
722    0.0    6.429318882839041e-17    5.7897021177961625e-09
723    0.0    2.233456475320139e-17    5.7897021597547865e-09
724    -0.0    -6.938893903907228e-17    5.78970225147829e-09
725    0.0    1.0863705768304754e-16    5.789702073452294e-09
726    0.0    8.998878031629687e-18    5.789702173090473e-09
727    -0.0    -3.5344990823027445e-17    5.789702217434342e-09
728    -0.0    -5.0415401020575956e-17    5.789702232504752e-09
729    0.0    2.0177002429955238e-16    5.789701980319327e-09
730    0.0    1.22514845490862e-16    5.789702059574506e-09
731    0.0    7.383416794626285e-17    5.789702108255183e-09
732    0.0    1.5178830414797062e-17    5.789702166910521e-09
733    -0.0    -8.001412032943023e-17    5.789702262103472e-09
734    -0.0    -6.320898665590491e-17    5.789702245298338e-09
735    0.0    8.044780119842443e-17    5.78970210164155e-09
736    -0.0    -9.877081791342945e-17    5.789702280860169e-09
737    0.0    1.5363144784119598e-16    5.7897020284579034e-09
738    -0.0    -1.3227266504323154e-17    5.789702195316618e-09
739    -0.0    -6.16911036144252e-17    5.789702243780455e-09
740    -0.0    -9.898765834792655e-17    5.78970228107701e-09
741    0.0    5.366800753803247e-17    5.789702128421344e-09
742    0.0    5.117434254131581e-17    5.789702130915009e-09
743    -0.0    -1.2034644114589099e-17    5.789702194123995e-09
744    -0.0    -3.5344990823027445e-17    5.789702217434342e-09
745    -0.0    -8.066464163292153e-17    5.789702262753993e-09
746    0.0    1.1275702593849246e-17    5.789702170813649e-09
747    0.0    1.4181364416110398e-16    5.789702040275707e-09
748    0.0    1.0776969594505914e-16    5.789702074319655e-09
749    -0.0    -9.269928574751063e-17    5.789702274788637e-09
750    -0.0    -2.0556473190325164e-16    5.789702387654083e-09
751    0.0    3.0357660829594124e-18    5.789702179053585e-09
752    0.0    1.0083080204115191e-17    5.789702172006271e-09
753    0.0    8.782037597132586e-18    5.789702173307314e-09
754    0.0    1.0842021724855044e-17    5.7897021712473296e-09
755    0.0    1.2750217548429532e-16    5.789702054587176e-09
756    -0.0    -2.482822974991805e-17    5.789702206917581e-09
757    -0.0    -9.638557313396134e-17    5.789702278474924e-09
758    0.0    7.697835424647081e-18    5.789702174391516e-09
759    0.0    7.708677446371937e-17    5.789702105002577e-09
760    -0.0    -7.209944447028604e-17    5.789702254188796e-09
761    -0.0    -4.119968255444917e-17    5.789702223289034e-09
762    0.0    9.259086553026208e-17    5.789702089498486e-09
763    -0.0    -1.2565903179106996e-16    5.789702307748383e-09
764    -0.0    -4.7704895589362195e-17    5.789702229794247e-09
765    0.0    1.3010426069826053e-17    5.789702169078925e-09
766    -0.0    -2.1250362580715887e-17    5.789702203339714e-09
767    -0.0    -6.136584296267955e-17    5.789702243455194e-09
768    0.0    9.681925400295555e-17    5.789702085270097e-09
769    0.0    2.0274580625478933e-17    5.789702161814771e-09
770    0.0    4.9873299934333204e-17    5.789702132216051e-09
771    0.0    2.413434035952733e-16    5.789701940745948e-09
772    0.0    1.7715863498413142e-16    5.789702004930716e-09
773    0.0    3.686287386450715e-17    5.7897021452264774e-09
774    -0.0    -8.456776945386935e-18    5.789702190546128e-09
775    0.0    2.940356291780688e-16    5.789701888053722e-09
776    0.0    1.7488181042191187e-16    5.789702007207541e-09
777    -0.0    -1.575345756621438e-16    5.789702339623927e-09
778    -0.0    -1.9992688060632702e-16    5.789702382016232e-09
779    0.0    7.914675859144182e-18    5.7897021741746754e-09
780    0.0    1.3010426069826053e-18    5.789702180788309e-09
781    -0.0    -1.104802013762729e-16    5.789702292569553e-09
782    0.0    1.485356976305141e-17    5.7897021672357815e-09
783    -0.0    -4.4885969940899884e-17    5.789702226975321e-09
784    -0.0    -1.2327378701160185e-16    5.789702305363138e-09
785    -0.0    -6.700369425960417e-17    5.7897022490930455e-09
786    0.0    1.3877787807814457e-17    5.7897021682115635e-09
787    0.0    3.469446951953614e-18    5.789702178619904e-09
788    -0.0    -4.185020385794047e-17    5.789702223939555e-09
789    -0.0    -1.1384122811097797e-17    5.789702193473474e-09
790    0.0    6.1257422745431e-17    5.7897021208319285e-09
791    -0.0    -8.131516293641283e-18    5.7897021902208676e-09
792    0.0    5.908901840045999e-17    5.789702123000333e-09
793    -0.0    -2.677979366039196e-17    5.789702208869145e-09
794    -0.0    -1.5070410197548512e-17    5.7897021971597615e-09
795    0.0    1.5135462327897642e-16    5.789702030734728e-09
796    -0.0    -3.003240017784847e-17    5.7897022121217515e-09
797    -0.0    -1.6263032587282567e-17    5.789702198352384e-09
798    -0.0    -1.0278236595162582e-16    5.789702284871717e-09
799    0.0    1.3639263329867646e-16    5.789702045696718e-09
800    0.0    1.5720931501039814e-16    5.789702024880036e-09
801    0.0    1.1362438767648086e-16    5.789702068464964e-09
802    0.0    6.407634839389331e-17    5.789702118013003e-09
803    -0.0    -3.7947076036992655e-17    5.789702220036427e-09
804    -0.0    -1.5027042110649091e-16    5.789702332359772e-09
805    0.0    3.968179951296946e-17    5.789702142407552e-09
806    0.0    1.2576745200831851e-17    5.789702169512606e-09
807    -0.0    -5.312590645178972e-17    5.789702235215258e-09
808    -0.0    -4.96564594998361e-17    5.789702231745811e-09
809    -0.0    -1.0842021724855044e-17    5.789702192931373e-09
810    -0.0    -3.913969842672671e-17    5.78970222122905e-09
811    -0.0    -1.984089975648473e-17    5.789702201930251e-09
812    -0.0    -5.822165666247159e-17    5.789702240311008e-09
813    0.0    1.3845261742639892e-16    5.789702043636734e-09
814    0.0    4.9764879717084654e-17    5.7897021323244716e-09
815    0.0    3.458604930228759e-17    5.789702147503302e-09
816    0.0    1.5178830414797062e-18    5.789702180571468e-09
817    0.0    6.526897078362737e-17    5.7897021168203805e-09
818    0.0    1.0408340855860843e-16    5.789702078005943e-09
819    -0.0    -9.746977530644685e-17    5.7897022795591266e-09
820    -0.0    -5.0306980803327406e-17    5.789702232396332e-09
821    -0.0    -1.2002118049414534e-16    5.789702302110532e-09
822    -0.0    -1.966742740888705e-16    5.789702378763625e-09
823    0.0    6.819631664933823e-17    5.789702113893035e-09
824    -0.0    -1.6154612370034016e-17    5.789702198243964e-09
825    -0.0    -4.7488055154865094e-17    5.7897022295774064e-09
826    0.0    4.336808689942018e-17    5.789702138721264e-09
827    -0.0    -5.800481622797449e-17    5.7897022400941675e-09
828    -0.0    -1.1394964832822652e-16    5.789702296039e-09
829    0.0    2.8406096919120216e-17    5.789702153683254e-09
830    0.0    6.754579534584693e-17    5.789702114543556e-09
831    0.0    2.76146293332058e-16    5.789701905943058e-09
832    0.0    1.5395670849294163e-17    5.7897021666936804e-09
833    0.0    1.1145598333150986e-16    5.789702070633368e-09
834    0.0    1.0148132334464322e-16    5.789702080608028e-09
835    -0.0    -4.92227786308419e-17    5.78970223131213e-09
836    -0.0    -2.3527187142935446e-17    5.7897022056165384e-09
837    -0.0    -7.231628490478315e-17    5.789702254405636e-09
838    0.0    1.4018734090237572e-16    5.78970204190201e-09
839    0.0    2.200930410145574e-17    5.789702160080047e-09
840    -0.0    -7.589415207398531e-18    5.7897021896787665e-09
841    0.0    2.938187887435717e-17    5.789702152707472e-09
842    0.0    8.68445940160889e-17    5.789702095244757e-09
843    -0.0    -3.7947076036992655e-17    5.789702220036427e-09
844    -0.0    -1.6208822478658291e-16    5.789702344177576e-09
845    -0.0    -3.3068166260807885e-17    5.7897022151575175e-09
846    -0.0    -8.42425088021237e-17    5.78970226633186e-09
847    -0.0    -5.323432666903827e-17    5.789702235323678e-09
848    -0.0    -5.789639601072594e-17    5.789702239985747e-09
849    0.0    1.3129688308799459e-16    5.789702050792468e-09
850    -0.0    -2.4936649967166602e-18    5.789702184583016e-09
851    0.0    1.1503385050071202e-16    5.789702067055501e-09
852    -0.0    -7.849623728795052e-17    5.7897022605855886e-09
853    0.0    1.1958749962515114e-16    5.789702062501852e-09
854    0.0    1.20346441145891e-16    5.78970206174291e-09
855    -0.0    -6.08237418764368e-17    5.789702242913093e-09
856    -0.0    -1.0126448291014611e-16    5.789702283353834e-09
857    -0.0    -1.1416648876272362e-16    5.78970229625584e-09
858    -0.0    -1.734723475976807e-18    5.789702183824075e-09
859    -0.0    -8.760353553682876e-17    5.789702269692887e-09
860    0.0    1.8539857149502126e-17    5.789702163549494e-09
861    -0.0    -3.252606517456513e-17    5.7897022146154165e-09
862    0.0    1.8323016715005025e-16    5.789701998859184e-09
863    -0.0    -4.705437428587089e-17    5.7897022291437256e-09
864    0.0    6.5052130349130266e-18    5.789702175584138e-09
865    0.0    1.0299920638612292e-16    5.789702079090145e-09
866    0.0    1.1460016963171782e-16    5.789702067489182e-09
867    0.0    2.3201926491189795e-17    5.789702158887425e-09
868    -0.0    -5.887217796596289e-17    5.789702240961529e-09
869    0.0    5.095750210681871e-17    5.789702131131849e-09
870    0.0    1.7780915628762273e-17    5.789702164308436e-09
871    -0.0    -3.8055496254241206e-17    5.7897022201448475e-09
872    -0.0    -1.6696713456276768e-17    5.789702198786065e-09
873    0.0    1.1709383462843448e-17    5.789702170379968e-09
874    0.0    1.7314708694593506e-16    5.789702008942264e-09
875    0.0    1.5829351718288365e-17    5.7897021662599996e-09
876    -0.0    -6.375108774214766e-17    5.789702245840439e-09
877    -0.0    -9.681925400295555e-17    5.789702278908605e-09
878    -0.0    -1.3942839938163587e-16    5.789702321517751e-09
879    -0.0    -2.373318555570769e-16    5.789702419421207e-09
880    0.0    3.0682921481339775e-17    5.78970215140643e-09
881    0.0    7.806255641895632e-18    5.789702174283096e-09
882    -0.0    -1.1449174941446927e-16    5.789702296581101e-09
883    0.0    9.790345617544105e-17    5.789702084185895e-09
884    -0.0    -4.85722573273506e-17    5.789702230661609e-09
885    -0.0    -1.4387362828882644e-16    5.7897023259629796e-09
886    0.0    7.524363077049401e-17    5.7897021068457205e-09
887    -0.0    -5.865533753146579e-17    5.789702240744689e-09
888    -0.0    -1.2717691483254967e-16    5.789702309266266e-09
889    -0.0    -7.470152968425126e-17    5.789702256790881e-09
890    -0.0    -6.5052130349130266e-18    5.789702188594564e-09
891    0.0    5.334274688628682e-17    5.789702128746604e-09
892    -0.0    -3.436920886779049e-17    5.78970221645856e-09
893    -0.0    -2.168404344971009e-19    5.789702182306192e-09
894    0.0    2.5695591487906455e-17    5.78970215639376e-09
895    -0.0    -3.7621815385247004e-17    5.789702219711167e-09
896    -0.0    -4.0332320816460765e-17    5.789702222421672e-09
897    0.0    6.071532165918825e-18    5.789702176017819e-09
898    0.0    8.380882793312949e-17    5.789702098280523e-09
899    0.0    6.613633252161577e-17    5.789702115953019e-09
900    0.0    1.3118846287074604e-17    5.789702168970505e-09
901    0.0    8.478460988836645e-17    5.789702097304741e-09
902    0.0    2.883977778811442e-17    5.7897021532495735e-09
903    0.0    6.700369425960417e-17    5.789702115085657e-09
904    0.0    3.686287386450715e-18    5.789702178403064e-09
905    -0.0    -8.370040771588094e-17    5.789702265789759e-09
906    -0.0    -8.326672684688674e-17    5.789702265356078e-09
907    0.0    2.0816681711721685e-17    5.7897021612726696e-09
908    0.0    3.69712940817557e-17    5.789702145118057e-09
909    0.0    3.69712940817557e-17    5.789702145118057e-09
910    0.0    1.4311468676808659e-16    5.7897020389746645e-09
911    0.0    9.226560487851643e-17    5.789702089823746e-09
912    0.0    5.605325231750058e-17    5.789702126036099e-09
913    -0.0    -3.686287386450715e-18    5.789702185775639e-09
914    -0.0    -4.716279450311944e-17    5.789702229252146e-09
915    0.0    1.0083080204115191e-16    5.789702081258549e-09
916    0.0    1.1806961658367143e-16    5.789702064019735e-09
917    -0.0    -1.0072238182390336e-16    5.789702282811733e-09
918    0.0    2.3744027577432547e-17    5.789702158345324e-09
919    -0.0    -1.111307226797642e-16    5.789702293220074e-09
920    -0.0    -1.0636023312082798e-16    5.789702288449584e-09
921    -0.0    -8.261620554339544e-17    5.789702264705557e-09
922    0.0    8.229094489164979e-17    5.789702099798406e-09
923    -0.0    -7.524363077049401e-17    5.789702257332982e-09
924    0.0    4.412702842016003e-17    5.789702137962323e-09
925    -0.0    -1.616545439175887e-16    5.789702343743895e-09
926    0.0    1.951563910473908e-18    5.789702180137787e-09
927    -0.0    -5.876375774871434e-17    5.789702240853109e-09
928    -0.0    -1.0993810029003015e-16    5.7897022920274516e-09
929    -0.0    -1.951563910473908e-18    5.789702184040915e-09
930    0.0    4.228388472693467e-18    5.789702177860963e-09
931    -0.0    -2.168404344971009e-19    5.789702182306192e-09
932    -0.0    -1.940721888749053e-17    5.78970220149657e-09
933    0.0    1.1275702593849246e-16    5.789702069332325e-09
934    0.0    3.8272336688738307e-17    5.789702143817015e-09
935    0.0    8.456776945386935e-18    5.789702173632574e-09
936    -0.0    -5.355958732078392e-17    5.789702235648939e-09
937    -0.0    -3.241764495731658e-17    5.789702214506996e-09
938    0.0    1.4203048459560108e-16    5.789702040058867e-09
939    -0.0    -2.8297676701871666e-17    5.789702210387028e-09
940    0.0    1.489693784995083e-16    5.789702033119973e-09
941    -0.0    -6.288372600415926e-18    5.789702188377724e-09
942    0.0    1.2815269678778662e-16    5.7897020539366545e-09
943    0.0    4.445228907190568e-17    5.789702137637062e-09
944    -0.0    -1.0625181290357943e-17    5.7897021927145326e-09
945    -0.0    -3.2742905609062234e-17    5.789702214832257e-09
946    0.0    4.629543276513104e-17    5.7897021357939185e-09
947    -0.0    -9.877081791342945e-17    5.789702280860169e-09
948    -0.0    -3.5128150388530344e-17    5.789702217217502e-09
949    0.0    9.410874857174178e-17    5.789702087980603e-09
950    -0.0    -1.5514933088267568e-16    5.789702337238682e-09
951    0.0    5.355958732078392e-17    5.789702128529764e-09
952    -0.0    -9.215718466126788e-17    5.789702274246536e-09
953    -0.0    -3.426078865054194e-17    5.78970221635014e-09
954    -0.0    -2.8406096919120216e-17    5.789702210495448e-09
955    -0.0    -1.8008598084984229e-16    5.789702362175332e-09
956    -0.0    -3.220080452281948e-17    5.789702214290156e-09
957    0.0    6.732895491134983e-17    5.789702114760396e-09
958    0.0    2.3353714795337766e-16    5.789701948552203e-09
959    -0.0    -8.229094489164979e-17    5.789702264380296e-09
960    -0.0    -2.5153490401663703e-17    5.789702207242842e-09
961    -0.0    -5.128276275856436e-17    5.789702233372114e-09
962    -0.0    -1.3010426069826053e-18    5.789702183390394e-09
963    0.0    1.6263032587282567e-16    5.789702019459025e-09
964    0.0    1.119980844177526e-16    5.789702070091267e-09
965    -0.0    -2.45029690981724e-17    5.78970220659232e-09
966    0.0    2.1868357819032624e-16    5.789701963405773e-09
967    -0.0    -1.0711917464156784e-16    5.789702289208526e-09
968    -0.0    -4.119968255444917e-18    5.7897021862093195e-09
969    -0.0    -1.6241348543832856e-16    5.789702344502837e-09
970    0.0    4.228388472693467e-17    5.7897021398054666e-09
971    -0.0    -1.214306433183765e-16    5.789702303519995e-09
972    -0.0    -1.2522535092207576e-16    5.789702307314702e-09
973    -0.0    -6.071532165918825e-17    5.789702242804673e-09
974    0.0    2.5912431922403556e-17    5.789702156176919e-09
975    -0.0    -4.716279450311944e-17    5.789702229252146e-09
976    0.0    9.790345617544105e-17    5.789702084185895e-09
977    0.0    2.721347452938616e-17    5.789702154875877e-09
978    0.0    7.849623728795052e-17    5.789702103593114e-09
979    0.0    1.334652874329656e-16    5.789702048624064e-09
980    -0.0    -1.940721888749053e-17    5.78970220149657e-09
981    -0.0    -6.006480035569695e-17    5.789702242154152e-09
982    -0.0    -5.822165666247159e-17    5.789702240311008e-09
983    -0.0    -8.250778532614689e-17    5.789702264597137e-09
984    -0.0    -9.042246118529107e-17    5.7897022725118125e-09
985    0.0    2.379823768605682e-16    5.7897019441069744e-09
986    0.0    5.643272307787051e-16    5.7897016177621205e-09
987    0.0    1.391573488385145e-15    5.789700790515863e-09
988    0.0    3.905621485944533e-15    5.789698276467865e-09
989    0.0    1.1430092983211182e-14    5.789690751996368e-09
990    0.0    3.324521647557477e-14    5.789668936872876e-09
991    0.0    9.82025875548298e-14    5.7896039795017964e-09
992    0.0    2.89122241772799e-13    5.7894130598475785e-09
993    0.0    8.48907207549876e-13    5.788853274881801e-09
994    0.0    2.4959931040416383e-12    5.78720618898531e-09
995    0.0    7.338223344949268e-12    5.782363958744402e-09
996    0.0    2.1600114709016682e-11    5.768102067380335e-09
997    0.0    6.397296028418792e-11    5.725729221805163e-09
998    0.0    1.95811846012868e-10    5.593890336076483e-09
999    1.5691693860085676e-09    7.845846930042838e-10    5.0051174890850675e-09
