0    3.181487644296141e-09    1.5907438221480705e-09    4.902189571919131e-09
1    4.405758560711501e-09    2.2028792803557504e-09    4.2900541137114515e-09
2    5.561986447365913e-09    2.7809932236829565e-09    3.7119401703842453e-09
3    6.636596662197916e-09    3.318298331098958e-09    3.1746350629682438e-09
4    7.619321548690827e-09    3.809660774345414e-09    2.6832726197217882e-09
5    8.503704567765225e-09    4.251852283882612e-09    2.2410811101845896e-09
6    9.287043644312307e-09    4.643521822156153e-09    1.8494115719110485e-09
7    9.970077477147732e-09    4.985038738573866e-09    1.507894655493336e-09
8    1.0556500360924675e-08    5.278250180462338e-09    1.214683213604864e-09
9    1.1052354037619644e-08    5.526177018809822e-09    9.667563752573799e-10
10    1.1465379088195296e-08    5.732689544097648e-09    7.602438499695538e-10
11    1.1804371897062432e-08    5.902185948531216e-09    5.907474455359857e-10
12    1.2078600421933094e-08    6.039300210966547e-09    4.536331831006546e-10
13    1.2297307042238512e-08    6.148653521119256e-09    3.44279872947946e-10
14    1.2469319534596027e-08    6.234659767298013e-09    2.5827362676918847e-10
15    1.2602774349937049e-08    6.301387174968524e-09    1.9154621909867747e-10
16    1.2704941378029883e-08    6.352470689014941e-09    1.4046270505226055e-10
17    1.278214037023738e-08    6.39107018511869e-09    1.0186320894851192e-10
18    1.2839733348583848e-08    6.419866674291924e-09    7.306671977527768e-11
19    1.2882167191264823e-08    6.441083595632412e-09    5.184979843479015e-11
20    1.2913052963069507e-08    6.456526481534754e-09    3.6406912532448155e-11
21    1.2935267561936525e-08    6.467633780968263e-09    2.5299613098939133e-11
22    1.2951061459159571e-08    6.475530729579786e-09    1.7402664487416175e-11
23    1.2962162557932436e-08    6.481081278966218e-09    1.1852115100983995e-11
24    1.2969880582936258e-08    6.484940291468129e-09    7.993102599072877e-12
25    1.2975188237642626e-08    6.487594118821313e-09    5.3392752458886195e-12
26    1.2978800473153335e-08    6.489400236576667e-09    3.533157490534511e-12
27    1.2981233229189884e-08    6.490616614594942e-09    2.316779472259778e-12
28    1.2982856005105264e-08    6.491428002552632e-09    1.5053915145696317e-12
29    1.2983927639639847e-08    6.491963819819924e-09    9.69574247278171e-13
30    1.2984628407859342e-08    6.492314203929671e-09    6.191901375310338e-13
31    1.2985082371548898e-08    6.492541185774449e-09    3.92208292752938e-13
32    1.2985374291899637e-08    6.492687145949819e-09    2.462481173831632e-13
33    1.2985559956317505e-08    6.4927799781587525e-09    1.5341590844930586e-13
34    1.2985677603528922e-08    6.492838801764461e-09    9.459230274067032e-14
35    1.2985750751180053e-08    6.4928753755900265e-09    5.80184771753478e-14
36    1.2985796471768826e-08    6.492898235884413e-09    3.515818278870819e-14
37    1.2985824358966586e-08    6.492912179483293e-09    2.1214583909023865e-14
38    1.2985841500636613e-08    6.492920750318307e-09    1.2643748895091456e-14
39    1.2985851975981164e-08    6.492925987990582e-09    7.406076620031232e-15
40    1.2985857846502247e-08    6.492928923251123e-09    4.470816078461226e-15
41    1.2985861869542828e-08    6.492930934771414e-09    2.4592957878488697e-15
42    1.2985864008673714e-08    6.492932004336857e-09    1.3897303446919196e-15
43    1.2985865261794585e-08    6.492932630897293e-09    7.631699092125466e-16
44    1.2985865996883658e-08    6.492932998441829e-09    3.9562537273996057e-16
45    1.298586656175299e-08    6.492933280876495e-09    1.1319070680748666e-16
46    1.298586705072817e-08    6.492933525364085e-09    1.3129688308799459e-16
47    1.2985866753873615e-08    6.4929333769368075e-09    1.713039432527097e-17
48    1.2985866782496552e-08    6.492933391248276e-09    2.8189256484623115e-18
49    1.2985867006926402e-08    6.492933503463201e-09    1.093959992037874e-16
50    1.2985867029260967e-08    6.492933514630483e-09    1.205632815803881e-16
51    1.298586729575786e-08    6.49293364787893e-09    2.538117285788566e-16
52    1.2985867007360083e-08    6.4929335036800415e-09    1.096128396382845e-16
53    1.2985867063738596e-08    6.492933531869298e-09    1.3780209612290761e-16
54    1.2985867056799702e-08    6.492933528399851e-09    1.34332649170954e-16
55    1.2985867176929303e-08    6.492933588464651e-09    1.9439744952665095e-16
56    1.2985867203817517e-08    6.492933601908758e-09    2.078415564654712e-16
57    1.2985867173459856e-08    6.492933586729928e-09    1.9266272605067414e-16
58    1.298586709106049e-08    6.492933545530245e-09    1.5146304349622497e-16
59    1.2985866977219263e-08    6.492933488609631e-09    9.454242944073599e-17
60    1.2985867093662576e-08    6.492933546831288e-09    1.5276408610320757e-16
61    1.2985866815022618e-08    6.492933407511309e-09    1.3444106938820255e-17
62    1.2985867181266111e-08    6.492933590633056e-09    1.9656585387162195e-16
63    1.2985867015383179e-08    6.4929335076915895e-09    1.1362438767648086e-16
64    1.298586698610972e-08    6.49293349305486e-09    9.898765834792655e-17
65    1.2985867261713913e-08    6.492933630856956e-09    2.3678975447083417e-16
66    1.2985867146571642e-08    6.492933573285821e-09    1.7921861911185388e-16
67    1.2985866932983814e-08    6.492933466491907e-09    7.24247051220317e-17
68    1.2985867308334606e-08    6.492933654167303e-09    2.601001011792725e-16
69    1.2985866690122527e-08    6.492933345061264e-09    4.90059381963448e-17
70    1.2985866963341475e-08    6.492933481670737e-09    8.760353553682876e-17
71    1.2985867098433065e-08    6.492933549216533e-09    1.5514933088267568e-16
72    1.2985867072195373e-08    6.4929335360976864e-09    1.4203048459560108e-16
73    1.2985866780111308e-08    6.492933390055654e-09    4.0115480381963664e-18
74    1.2985867079351107e-08    6.492933539675554e-09    1.4560835176480325e-16
75    1.2985867232006773e-08    6.4929336160033865e-09    2.2193618470778276e-16
76    1.2985867012130572e-08    6.492933506065286e-09    1.119980844177526e-16
77    1.2985867262581274e-08    6.492933631290637e-09    2.3722343533982837e-16
78    1.2985867088892086e-08    6.492933544446043e-09    1.5037884132373946e-16
79    1.2985867008877966e-08    6.492933504438983e-09    1.1037178115902435e-16
80    1.2985867218996347e-08    6.4929336094981735e-09    2.1543097167286973e-16
81    1.2985866914118696e-08    6.492933457059348e-09    6.299214622140781e-17
82    1.2985866987844444e-08    6.492933493922222e-09    9.985502008591496e-17
83    1.2985866848632885e-08    6.4929334243164424e-09    3.0249240612345574e-17
84    1.2985866855571779e-08    6.492933427785889e-09    3.371868756429919e-17
85    1.2985866935585899e-08    6.4929334677929496e-09    7.37257477290143e-17
86    1.29858670953973e-08    6.49293354769865e-09    1.5363144784119598e-16
87    1.2985866838658225e-08    6.4929334193291124e-09    2.5261910618912253e-17
88    1.2985867001939072e-08    6.492933500969536e-09    1.0690233420707074e-16
89    1.2985867096698342e-08    6.492933548349171e-09    1.5428196914468728e-16
90    1.2985867149607408e-08    6.492933574803704e-09    1.807365021533336e-16
91    1.2985867356256342e-08    6.492933678128171e-09    2.8406096919120216e-16
92    1.298586727017069e-08    6.492933635085345e-09    2.4101814294352764e-16
93    1.2985866996734902e-08    6.492933498367451e-09    1.0430024899310553e-16
94    1.2985867068509085e-08    6.492933534254543e-09    1.4018734090237572e-16
95    1.2985867153076855e-08    6.4929335765384275e-09    1.824712256293104e-16
96    1.2985867083471075e-08    6.492933541735538e-09    1.476683358925257e-16
97    1.2985867005191679e-08    6.492933502595839e-09    1.08528637465799e-16
98    1.298586699109705e-08    6.492933495548525e-09    1.0148132334464322e-16
99    1.2985867169556728e-08    6.492933584778364e-09    1.9071116214020023e-16
100    1.298586724566772e-08    6.49293362283386e-09    2.2876665839444144e-16
101    1.2985866970280369e-08    6.492933485140184e-09    9.107298248878237e-17
102    1.2985866959655187e-08    6.492933479827594e-09    8.57603918436034e-17
103    1.2985866804614277e-08    6.492933402307138e-09    8.239936510889834e-18
104    1.2985866983724476e-08    6.492933491862238e-09    9.77950359581925e-17
105    1.2985867015383179e-08    6.4929335076915895e-09    1.1362438767648086e-16
106    1.2985867058751266e-08    6.492933529375633e-09    1.3530843112619095e-16
107    1.2985867179097707e-08    6.4929335895488535e-09    1.9548165169913645e-16
108    1.298586743496942e-08    6.49293371748471e-09    3.2341750805242597e-16
109    1.2985866677328942e-08    6.492933338664471e-09    5.5402731014009277e-17
110    1.2985867118599226e-08    6.492933559299613e-09    1.6523241108679088e-16
111    1.2985866813721575e-08    6.4929334068607875e-09    1.2793585635328952e-17
112    1.2985867094529938e-08    6.492933547264969e-09    1.5319776697220178e-16
113    1.29858673651468e-08    6.4929336825734e-09    2.8850619809839273e-16
114    1.298586739008345e-08    6.492933695041725e-09    3.0097452308197603e-16
115    1.2985867214876379e-08    6.492933607438189e-09    2.1337098754514727e-16
116    1.2985866780328148e-08    6.492933390164074e-09    3.903127820947816e-18
117    1.2985866962690953e-08    6.492933481345477e-09    8.727827488508311e-17
118    1.2985867073930096e-08    6.492933536965048e-09    1.4289784633358948e-16
119    1.2985867126622322e-08    6.492933563311161e-09    1.6924395912498724e-16
120    1.2985866999553827e-08    6.492933499776914e-09    1.0570971181733668e-16
121    1.2985867033597775e-08    6.492933516798888e-09    1.227316859253591e-16
122    1.2985866800494308e-08    6.492933400247154e-09    6.179952383167375e-18
123    1.2985867138982227e-08    6.492933569491113e-09    1.7542391150815462e-16
124    1.2985867083904756e-08    6.492933541952378e-09    1.478851763270228e-16
125    1.2985867102769874e-08    6.492933551384937e-09    1.573177352276467e-16
126    1.2985867277976945e-08    6.492933638988473e-09    2.4492127076447545e-16
127    1.2985867077182703e-08    6.4929335385913514e-09    1.4452414959231774e-16
128    1.2985866948596325e-08    6.492933474298163e-09    8.023096076392733e-17
129    1.2985866908914526e-08    6.492933454457263e-09    6.03900610074426e-17
130    1.2985866909565047e-08    6.4929334547825235e-09    6.071532165918825e-17
131    1.2985866897205142e-08    6.492933448602571e-09    5.453536927602087e-17
132    1.2985867112744534e-08    6.492933556372267e-09    1.6230506522108001e-16
133    1.2985866924527037e-08    6.4929334622635185e-09    6.819631664933823e-17
134    1.2985867042271393e-08    6.4929335211356964e-09    1.2706849461530112e-16
135    1.298586697114773e-08    6.492933485573865e-09    9.150666335777657e-17
136    1.2985867071544852e-08    6.492933535772426e-09    1.4170522394385543e-16
137    1.2985867460773431e-08    6.492933730386716e-09    3.363195139050035e-16
138    1.2985867592395575e-08    6.492933796197788e-09    4.021305857748736e-16
139    1.2985867174327217e-08    6.492933587163609e-09    1.9309640691966834e-16
140    1.2985867149390568e-08    6.492933574695284e-09    1.8062808193608504e-16
141    1.2985866890049408e-08    6.492933445024704e-09    5.095750210681871e-17
142    1.2985867196011261e-08    6.4929335980056305e-09    2.0393842864452338e-16
143    1.2985867215960581e-08    6.4929336079802905e-09    2.1391308863139002e-16
144    1.2985866957486783e-08    6.4929334787433915e-09    8.46761896711179e-17
145    1.298586677642502e-08    6.49293338821251e-09    5.854691731421724e-18
146    1.2985866953800496e-08    6.492933476900248e-09    8.283304597789254e-17
147    1.2985867078050065e-08    6.492933539025032e-09    1.4495783046131194e-16
148    1.2985867046391361e-08    6.4929335231956806e-09    1.2912847874302358e-16
149    1.2985867004974838e-08    6.492933502487419e-09    1.0842021724855044e-16
150    1.2985866819793107e-08    6.4929334098965535e-09    1.5829351718288365e-17
151    1.2985867048559765e-08    6.492933524279883e-09    1.3021268091550908e-16
152    1.2985867115129779e-08    6.4929335575648894e-09    1.6349768761081407e-16
153    1.2985866690339368e-08    6.492933345169684e-09    4.889751797909625e-17
154    1.2985867024056796e-08    6.492933512028398e-09    1.1796119636642288e-16
155    1.298586704617452e-08    6.49293352308726e-09    1.2902005852577503e-16
156    1.2985866930381729e-08    6.492933465190864e-09    7.112366251504909e-17
157    1.29858671758451e-08    6.49293358792255e-09    1.938553484404082e-16
158    1.2985866808951085e-08    6.492933404475543e-09    1.0408340855860843e-17
159    1.2985867252172933e-08    6.492933626086467e-09    2.3201926491189795e-16
160    1.2985867236343582e-08    6.492933618171791e-09    2.2410458905275377e-16
161    1.2985867308117766e-08    6.492933654058883e-09    2.5999168096202396e-16
162    1.2985867063521755e-08    6.492933531760878e-09    1.3769367590565906e-16
163    1.298586693103225e-08    6.492933465516125e-09    7.144892316679474e-17
164    1.2985866812854213e-08    6.492933406427107e-09    1.235990476633475e-17
165    1.298586703121253e-08    6.492933515606265e-09    1.2153906353562505e-16
166    1.2985867151125291e-08    6.4929335755626455e-09    1.8149544367407344e-16
167    1.2985867103420395e-08    6.492933551710198e-09    1.5764299587939234e-16
168    1.2985866934284856e-08    6.492933467142428e-09    7.3075226425523e-17
169    1.2985866947078442e-08    6.492933473539221e-09    7.947201924318748e-17
170    1.2985866892651493e-08    6.4929334463257465e-09    5.2258544713801314e-17
171    1.2985867043572435e-08    6.492933521786218e-09    1.2771901591879242e-16
172    1.2985867277326424e-08    6.492933638663212e-09    2.445960101127298e-16
173    1.2985867074363777e-08    6.492933537181889e-09    1.4311468676808659e-16
174    1.2985866762547232e-08    6.492933381273616e-09    1.2793585635328952e-17
175    1.2985867292288414e-08    6.492933646144207e-09    2.520770051028798e-16
176    1.298586735040165e-08    6.492933675200825e-09    2.811336233254913e-16
177    1.2985867148523206e-08    6.492933574261603e-09    1.8019440106709084e-16
178    1.2985867005191679e-08    6.492933502595839e-09    1.08528637465799e-16
179    1.2985867081736352e-08    6.492933540868176e-09    1.468009741545373e-16
180    1.2985867214659538e-08    6.492933607329769e-09    2.1326256732789872e-16
181    1.2985866985459199e-08    6.4929334927295995e-09    9.86623976961809e-17
182    1.2985867382277194e-08    6.492933691138597e-09    2.970713952610282e-16
183    1.2985866997168583e-08    6.492933498584291e-09    1.0451708942760263e-16
184    1.298586706547332e-08    6.49293353273666e-09    1.3866945786089602e-16
185    1.2985867030128329e-08    6.492933515064164e-09    1.209969624493823e-16
186    1.2985867122068673e-08    6.492933561034336e-09    1.6696713456276768e-16
187    1.2985866883761035e-08    6.492933441880518e-09    4.7813315806610746e-17
188    1.2985867186903963e-08    6.492933593451981e-09    1.9938477952008427e-16
189    1.2985867241547752e-08    6.492933620773876e-09    2.26706674266719e-16
190    1.298586712076763e-08    6.492933560383815e-09    1.6631661325927638e-16
191    1.298586718061559e-08    6.492933590307795e-09    1.962405932198763e-16
192    1.2985866968762486e-08    6.492933484381243e-09    9.031404096804252e-17
193    1.2985867260846551e-08    6.4929336304232754e-09    2.3635607360183997e-16
194    1.2985867418489547e-08    6.492933709244773e-09    3.1517757154153614e-16
195    1.2985867237210943e-08    6.492933618605472e-09    2.2453826992174797e-16
196    1.298586700605904e-08    6.49293350302952e-09    1.089623183347932e-16
197    1.2985867002155912e-08    6.492933501077956e-09    1.0701075442431929e-16
198    1.2985866974617177e-08    6.492933487308589e-09    9.324138683375338e-17
199    1.2985867012781094e-08    6.492933506390547e-09    1.1232334506949826e-16
200    1.2985867125104439e-08    6.4929335625522194e-09    1.684850176042474e-16
201    1.2985867009962168e-08    6.492933504981084e-09    1.109138822452671e-16
202    1.298586718538608e-08    6.49293359269304e-09    1.986258379993444e-16
203    1.298586680157851e-08    6.492933400789255e-09    6.7220534694101275e-18
204    1.2985867060052309e-08    6.492933530026154e-09    1.3595895242968226e-16
205    1.2985866810035288e-08    6.492933405017644e-09    1.0950441942103595e-17
206    1.2985866947728963e-08    6.492933473864482e-09    7.979727989493313e-17
207    1.2985866909565047e-08    6.4929334547825235e-09    6.071532165918825e-17
208    1.2985867060269149e-08    6.4929335301345745e-09    1.360673726469308e-16
209    1.2985867074580618e-08    6.492933537290309e-09    1.4322310698533514e-16
210    1.2985867222682634e-08    6.492933611341317e-09    2.172741153660951e-16
211    1.2985867136163301e-08    6.4929335680816505e-09    1.7401444868392346e-16
212    1.2985867242848795e-08    6.492933621424397e-09    2.273571955702103e-16
213    1.2985867153944217e-08    6.492933576972108e-09    1.829049064983046e-16
214    1.2985867062871234e-08    6.492933531435617e-09    1.373684152539134e-16
215    1.2985866561319309e-08    6.4929332806596546e-09    1.1340754724198376e-16
216    1.2985866901975632e-08    6.492933450987816e-09    5.692061405548898e-17
217    1.2985866855138098e-08    6.492933427569049e-09    3.350184712980209e-17
218    1.2985866952933134e-08    6.492933476466567e-09    8.239936510889834e-17
219    1.2985866879641067e-08    6.4929334398205335e-09    4.575333167888829e-17
220    1.2985867088675246e-08    6.492933544337623e-09    1.5027042110649091e-16
221    1.2985867042271393e-08    6.4929335211356964e-09    1.2706849461530112e-16
222    1.2985867257160263e-08    6.492933628580132e-09    2.345129299086146e-16
223    1.2985866962690953e-08    6.492933481345477e-09    8.727827488508311e-17
224    1.2985866820443628e-08    6.492933410221814e-09    1.6154612370034016e-17
225    1.2985866933417495e-08    6.492933466708747e-09    7.26415455565288e-17
226    1.2985867205985921e-08    6.4929336029929605e-09    2.089257586379567e-16
227    1.2985866974617177e-08    6.492933487308589e-09    9.324138683375338e-17
228    1.2985867143535876e-08    6.492933571767938e-09    1.7770073607037418e-16
229    1.2985866924527037e-08    6.4929334622635185e-09    6.819631664933823e-17
230    1.298586711035929e-08    6.492933555179645e-09    1.6111244283134596e-16
231    1.2985867142234833e-08    6.492933571117417e-09    1.7705021476688287e-16
232    1.2985866939705867e-08    6.492933469852934e-09    7.578573185673676e-17
233    1.2985866967244603e-08    6.492933483622301e-09    8.955509944730267e-17
234    1.2985867067858564e-08    6.492933533929282e-09    1.3986208025063007e-16
235    1.2985867272772775e-08    6.492933636386387e-09    2.4231918555051024e-16
236    1.2985867172592494e-08    6.492933586296247e-09    1.9222904518167994e-16
237    1.298586691129977e-08    6.492933455649885e-09    6.158268339717665e-17
238    1.298586682087731e-08    6.492933410438655e-09    1.6371452804531117e-17
239    1.2985866667787963e-08    6.492933333893981e-09    6.01732205729455e-17
240    1.2985867060052309e-08    6.492933530026154e-09    1.3595895242968226e-16
241    1.2985867164786238e-08    6.492933582393119e-09    1.8832591736073212e-16
242    1.2985867302263074e-08    6.492933651131537e-09    2.570643350963131e-16
243    1.2985867224417358e-08    6.492933612208679e-09    2.181414771040835e-16
244    1.2985867044873478e-08    6.492933522436739e-09    1.2836953722228372e-16
245    1.2985867136813822e-08    6.492933568406911e-09    1.7433970933566911e-16
246    1.2985866834538257e-08    6.492933417269128e-09    2.3201926491189795e-17
247    1.2985866819576267e-08    6.492933409788133e-09    1.5720931501039814e-17
248    1.2985867184952399e-08    6.492933592476199e-09    1.984089975648473e-16
249    1.2985867164569398e-08    6.492933582284699e-09    1.8821749714348357e-16
250    1.2985866788134404e-08    6.492933394067202e-09    0.0
251    1.2985866652825973e-08    6.492933326412986e-09    6.765421556309548e-17
252    1.2985866900240908e-08    6.492933450120454e-09    5.605325231750058e-17
253    1.2985867171941973e-08    6.492933585970986e-09    1.9190378452993428e-16
254    1.298586727017069e-08    6.492933635085345e-09    2.4101814294352764e-16
255    1.2985866924743877e-08    6.492933462371939e-09    6.830473686658678e-17
256    1.2985867214659538e-08    6.492933607329769e-09    2.1326256732789872e-16
257    1.2985866964859358e-08    6.492933482429679e-09    8.836247705756861e-17
258    1.2985866866847481e-08    6.492933433423741e-09    3.935653886122381e-17
259    1.298586686619696e-08    6.49293343309848e-09    3.903127820947816e-17
260    1.298586703099569e-08    6.492933515497845e-09    1.214306433183765e-16
261    1.2985867093879416e-08    6.492933546939708e-09    1.5287250632045613e-16
262    1.2985867020153669e-08    6.492933510076834e-09    1.1600963245594897e-16
263    1.298586699630122e-08    6.49293349815061e-09    1.0408340855860843e-16
264    1.2985866808083724e-08    6.492933404041862e-09    9.974659986866641e-18
265    1.2985867084338437e-08    6.4929335421692186e-09    1.481020167615199e-16
266    1.2985867211190091e-08    6.492933605595046e-09    2.1152784385192192e-16
267    1.2985866924960718e-08    6.492933462480359e-09    6.841315708383533e-17
268    1.2985866597748502e-08    6.492933298874251e-09    9.519295074422729e-17
269    1.2985867161533632e-08    6.492933580766816e-09    1.8669961410200386e-16
270    1.2985867189722888e-08    6.492933594861444e-09    2.0079424234431542e-16
271    1.2985867212924815e-08    6.4929336064624074e-09    2.1239520558991032e-16
272    1.2985867094746778e-08    6.492933547373389e-09    1.5330618718945033e-16
273    1.2985867068725926e-08    6.492933534362963e-09    1.4029576111962427e-16
274    1.2985867166304121e-08    6.492933583152061e-09    1.8908485888147197e-16
275    1.2985867144620078e-08    6.492933572310039e-09    1.7824283715661693e-16
276    1.298586691129977e-08    6.492933455649885e-09    6.158268339717665e-17
277    1.298586706547332e-08    6.49293353273666e-09    1.3866945786089602e-16
278    1.2985866848849725e-08    6.492933424424863e-09    3.0357660829594124e-17
279    1.2985867146137961e-08    6.4929335730689805e-09    1.7900177867735678e-16
280    1.298586731570718e-08    6.49293365785359e-09    2.6378638856572323e-16
281    1.2985867154161057e-08    6.4929335770805285e-09    1.8301332671555315e-16
282    1.2985867094529938e-08    6.492933547264969e-09    1.5319776697220178e-16
283    1.298586707588166e-08    6.49293353794083e-09    1.4387362828882644e-16
284    1.2985867018202105e-08    6.492933509101052e-09    1.1503385050071202e-16
285    1.298586736536364e-08    6.49293368268182e-09    2.886146183156413e-16
286    1.2985867268869647e-08    6.4929336344348235e-09    2.4036762164003633e-16
287    1.2985867287084243e-08    6.492933643542122e-09    2.4947491988891457e-16
288    1.2985867088675246e-08    6.492933544337623e-09    1.5027042110649091e-16
289    1.2985866793338574e-08    6.492933396669287e-09    2.6020852139652106e-18
290    1.2985867219213187e-08    6.492933609606594e-09    2.1553939189011828e-16
291    1.298586725542554e-08    6.49293362771277e-09    2.336455681706262e-16
292    1.2985867230922571e-08    6.4929336154612854e-09    2.2139408362154e-16
293    1.2985867252389774e-08    6.492933626194887e-09    2.321276851291465e-16
294    1.2985866916937622e-08    6.492933458468811e-09    6.440160904563896e-17
295    1.298586745990607e-08    6.492933729953035e-09    3.3588583303600927e-16
296    1.2985867103203555e-08    6.4929335516017775e-09    1.575345756621438e-16
297    1.2985867162184153e-08    6.4929335810920766e-09    1.8702487475374951e-16
298    1.2985867147439004e-08    6.492933573719502e-09    1.7965229998084808e-16
299    1.2985866700530868e-08    6.492933350265434e-09    4.380176776841438e-17
300    1.2985866887664163e-08    6.4929334438320815e-09    4.9764879717084654e-17
301    1.2985867231573092e-08    6.492933615786546e-09    2.2171934427328566e-16
302    1.2985867128357045e-08    6.492933564178523e-09    1.7011132086297565e-16
303    1.2985867028393605e-08    6.4929335141968025e-09    1.201296007113939e-16
304    1.2985866937320623e-08    6.492933468660311e-09    7.45931094670027e-17
305    1.29858668664138e-08    6.4929334332069e-09    3.913969842672671e-17
306    1.298586710081831e-08    6.492933550409155e-09    1.5634195327240974e-16
307    1.2985867192324974e-08    6.492933596162487e-09    2.0209528495129803e-16
308    1.2985867192108133e-08    6.4929335960540666e-09    2.0198686473404948e-16
309    1.2985866981989752e-08    6.492933490994876e-09    9.69276742202041e-17
310    1.2985867272989615e-08    6.492933636494808e-09    2.424276057677588e-16
311    1.2985866854921257e-08    6.492933427460629e-09    3.3393426912553537e-17
312    1.2985867207503804e-08    6.492933603751902e-09    2.0968470015869656e-16
313    1.2985866908480845e-08    6.492933454240422e-09    6.01732205729455e-17
314    1.2985867151558972e-08    6.492933575779486e-09    1.8171228410857054e-16
315    1.2985866901975632e-08    6.492933450987816e-09    5.692061405548898e-17
316    1.2985867020153669e-08    6.492933510076834e-09    1.1600963245594897e-16
317    1.2985867104287757e-08    6.4929335521438786e-09    1.5807667674838655e-16
318    1.2985866911733451e-08    6.492933455866726e-09    6.179952383167375e-17
319    1.2985867001505391e-08    6.492933500752696e-09    1.0668549377257364e-16
320    1.2985867259979189e-08    6.4929336299895946e-09    2.3592239273284576e-16
321    1.2985866553946734e-08    6.492933276973367e-09    1.1709383462843448e-16
322    1.2985867054197617e-08    6.492933527098808e-09    1.330316065639714e-16
323    1.2985866973749816e-08    6.492933486874908e-09    9.280770596475918e-17
324    1.298586739008345e-08    6.492933695041725e-09    3.0097452308197603e-16
325    1.2985867209672208e-08    6.492933604836104e-09    2.1076890233118206e-16
326    1.2985867291854733e-08    6.4929336459273665e-09    2.518601646683827e-16
327    1.2985867214225857e-08    6.492933607112929e-09    2.1304572689340162e-16
328    1.2985866898072504e-08    6.492933449036252e-09    5.4969050145015075e-17
329    1.2985867174977739e-08    6.492933587488869e-09    1.93421667571414e-16
330    1.2985867101685672e-08    6.492933550842836e-09    1.5677563414140394e-16
331    1.2985866898072504e-08    6.492933449036252e-09    5.4969050145015075e-17
332    1.298586720555224e-08    6.49293360277612e-09    2.087089182034596e-16
333    1.2985867217695304e-08    6.492933608847652e-09    2.1478045036937843e-16
334    1.2985867067641724e-08    6.492933533820862e-09    1.3975366003338152e-16
335    1.2985867087807884e-08    6.492933543903942e-09    1.4983674023749671e-16
336    1.2985866733924295e-08    6.4929333669621475e-09    2.710505431213761e-17
337    1.2985866659764866e-08    6.492933329882433e-09    6.418476861114186e-17
338    1.2985867263014955e-08    6.492933631507478e-09    2.3744027577432547e-16
339    1.2985866883327354e-08    6.492933441663677e-09    4.7596475372113645e-17
340    1.298586726019603e-08    6.492933630098015e-09    2.360308129500943e-16
341    1.2985867037500903e-08    6.492933518750452e-09    1.24683249835833e-16
342    1.2985867094529938e-08    6.492933547264969e-09    1.5319776697220178e-16
343    1.298586712553812e-08    6.49293356276906e-09    1.687018580387445e-16
344    1.2985867172592494e-08    6.492933586296247e-09    1.9222904518167994e-16
345    1.2985867251305572e-08    6.492933625652786e-09    2.3158558404290375e-16
346    1.2985867525825562e-08    6.492933762912781e-09    3.688455790795686e-16
347    1.2985867149607408e-08    6.492933574803704e-09    1.807365021533336e-16
348    1.2985867224200517e-08    6.492933612100259e-09    2.1803305688683494e-16
349    1.2985867161750472e-08    6.492933580875236e-09    1.8680803431925241e-16
350    1.298586697570138e-08    6.49293348785069e-09    9.378348791999613e-17
351    1.2985867113611896e-08    6.492933556805948e-09    1.6273874609007422e-16
352    1.2985867050077649e-08    6.492933525038824e-09    1.3097162243624894e-16
353    1.2985867147222163e-08    6.492933573611082e-09    1.7954387976359953e-16
354    1.2985866877472663e-08    6.492933438736331e-09    4.466912950640278e-17
355    1.2985866889398887e-08    6.492933444699443e-09    5.063224145507306e-17
356    1.2985867128573886e-08    6.492933564286943e-09    1.702197410802242e-16
357    1.2985866919106026e-08    6.492933459553013e-09    6.548581121812447e-17
358    1.2985867129658088e-08    6.492933564829044e-09    1.7076184216646695e-16
359    1.2985866609457886e-08    6.492933304728943e-09    8.933825901280557e-17
360    1.2985867174327217e-08    6.492933587163609e-09    1.9309640691966834e-16
361    1.2985867082386873e-08    6.492933541193437e-09    1.4712623480628295e-16
362    1.2985867251956093e-08    6.4929336259780465e-09    2.319108446946494e-16
363    1.2985867059401787e-08    6.492933529700894e-09    1.356336917779366e-16
364    1.2985867475735421e-08    6.492933737867711e-09    3.4380050889515346e-16
365    1.2985867092144693e-08    6.492933546072346e-09    1.5200514458246772e-16
366    1.2985867153727376e-08    6.492933576863688e-09    1.8279648628105605e-16
367    1.2985866919756547e-08    6.492933459878274e-09    6.581107186987012e-17
368    1.2985866900240908e-08    6.492933450120454e-09    5.605325231750058e-17
369    1.2985866947945804e-08    6.492933473972902e-09    7.990570011218168e-17
370    1.2985867102119353e-08    6.492933551059676e-09    1.5699247457590104e-16
371    1.2985867332620735e-08    6.492933666310367e-09    2.7224316551111016e-16
372    1.2985867208804847e-08    6.492933604402423e-09    2.1033522146218786e-16
373    1.2985866930164888e-08    6.492933465082444e-09    7.101524229780054e-17
374    1.2985867012997934e-08    6.492933506498967e-09    1.124317652867468e-16
375    1.298586682109415e-08    6.492933410547075e-09    1.6479873021779667e-17
376    1.29858672257184e-08    6.4929336128592e-09    2.187919984075748e-16
377    1.2985867282096913e-08    6.492933641048457e-09    2.469812548921979e-16
378    1.2985867187554484e-08    6.492933593777242e-09    1.9971004017182992e-16
379    1.2985866970280369e-08    6.492933485140184e-09    9.107298248878237e-17
380    1.2985867177362984e-08    6.492933588681492e-09    1.9461428996114805e-16
381    1.2985867152209493e-08    6.4929335761047466e-09    1.820375447603162e-16
382    1.2985867197095463e-08    6.4929335985477316e-09    2.0448052973076614e-16
383    1.2985866997385423e-08    6.4929334986927115e-09    1.0462550964485118e-16
384    1.2985867042488233e-08    6.492933521244117e-09    1.2717691483254967e-16
385    1.2985866919106026e-08    6.492933459553013e-09    6.548581121812447e-17
386    1.2985867231139411e-08    6.492933615569706e-09    2.2150250383878856e-16
387    1.2985867242415114e-08    6.492933621207557e-09    2.271403551357132e-16
388    1.298586711534662e-08    6.49293355767331e-09    1.6360610782806262e-16
389    1.2985867196444942e-08    6.492933598222471e-09    2.0415526907902048e-16
390    1.2985867453184016e-08    6.492933726592008e-09    3.325248063013042e-16
391    1.298586739485394e-08    6.49293369742697e-09    3.0335976786144414e-16
392    1.2985867189289207e-08    6.492933594644604e-09    2.0057740190981832e-16
393    1.2985867219646868e-08    6.492933609823434e-09    2.1575623232461538e-16
394    1.2985867473783858e-08    6.492933736891929e-09    3.428247269399165e-16
395    1.2985867240897231e-08    6.4929336204486154e-09    2.2638141361497333e-16
396    1.2985866693808815e-08    6.492933346904407e-09    4.716279450311944e-17
397    1.2985866873352694e-08    6.492933436676347e-09    4.2609145378680324e-17
398    1.2985867207070123e-08    6.4929336035350615e-09    2.0946785972419946e-16
399    1.2985867528210807e-08    6.492933764105403e-09    3.7003820146930266e-16
400    1.2985867178664026e-08    6.492933589332013e-09    1.9526481126463935e-16
401    1.2985867417622185e-08    6.4929337088110925e-09    3.1474389067254194e-16
402    1.2985867317225064e-08    6.492933658612532e-09    2.645453300864631e-16
403    1.2985866997168583e-08    6.492933498584291e-09    1.0451708942760263e-16
404    1.2985867019503147e-08    6.492933509751574e-09    1.1568437180420332e-16
405    1.2985867162834674e-08    6.492933581417337e-09    1.8735013540549517e-16
406    1.2985866963558315e-08    6.4929334817791576e-09    8.771195575407731e-17
407    1.2985866880291588e-08    6.492933440145794e-09    4.607859233063394e-17
408    1.298586692626176e-08    6.49293346313088e-09    6.906367838732663e-17
409    1.2985866819142586e-08    6.492933409571293e-09    1.5504091066542713e-17
410    1.2985866988711806e-08    6.492933494355903e-09    1.0028870095490916e-16
411    1.2985866964208836e-08    6.492933482104418e-09    8.803721640582296e-17
412    1.29858671157803e-08    6.49293355789015e-09    1.6382294826255972e-16
413    1.2985866783147074e-08    6.492933391573537e-09    2.4936649967166602e-18
414    1.2985866999336987e-08    6.4929334996684934e-09    1.0560129160008813e-16
415    1.2985866880508429e-08    6.492933440254214e-09    4.618701254788249e-17
416    1.2985867046391361e-08    6.4929335231956806e-09    1.2912847874302358e-16
417    1.2985867178447186e-08    6.492933589223593e-09    1.951563910473908e-16
418    1.2985867233524656e-08    6.492933616762328e-09    2.226951262285226e-16
419    1.2985867024924158e-08    6.492933512462079e-09    1.1839487723541708e-16
420    1.2985866937537463e-08    6.4929334687687315e-09    7.470152968425126e-17
421    1.2985866848199204e-08    6.492933424099602e-09    3.003240017784847e-17
422    1.298586699131389e-08    6.492933495656945e-09    1.0158974356189177e-16
423    1.298586677664186e-08    6.49293338832093e-09    5.7462715141731735e-18
424    1.298586710537196e-08    6.49293355268598e-09    1.586187778346293e-16
425    1.2985866793772255e-08    6.4929333968861275e-09    2.8189256484623115e-18
426    1.2985866924743877e-08    6.492933462371939e-09    6.830473686658678e-17
427    1.2985867282530594e-08    6.492933641265297e-09    2.47198095326695e-16
428    1.2985867284048477e-08    6.492933642024239e-09    2.4795703684743486e-16
429    1.2985867333704937e-08    6.4929336668524684e-09    2.727852665973529e-16
430    1.2985867150041089e-08    6.492933575020544e-09    1.809533425878307e-16
431    1.2985867173459856e-08    6.492933586729928e-09    1.9266272605067414e-16
432    1.2985866975484539e-08    6.4929334877422695e-09    9.367506770274758e-17
433    1.2985867213358496e-08    6.492933606679248e-09    2.1261204602440742e-16
434    1.2985867307033563e-08    6.492933653516782e-09    2.594495798757812e-16
435    1.2985867043572435e-08    6.492933521786218e-09    1.2771901591879242e-16
436    1.2985866842778193e-08    6.4929334213890966e-09    2.7321894746634712e-17
437    1.2985866818492064e-08    6.492933409246032e-09    1.5178830414797062e-17
438    1.2985866886796801e-08    6.492933443398401e-09    4.933119884809045e-17
439    1.2985866878340024e-08    6.492933439170012e-09    4.5102810375396984e-17
440    1.2985866777942903e-08    6.492933388971452e-09    5.095750210681871e-18
441    1.2985866672558452e-08    6.492933336279226e-09    5.778797579347739e-17
442    1.2985866887013642e-08    6.492933443506821e-09    4.9439619065339e-17
443    1.298586713052545e-08    6.492933565262725e-09    1.7119552303546115e-16
444    1.2985867047041882e-08    6.492933523520941e-09    1.2945373939476923e-16
445    1.298586722550156e-08    6.49293361275078e-09    2.1868357819032624e-16
446    1.298586720013123e-08    6.492933600065615e-09    2.0599841277224584e-16
447    1.2985867052679734e-08    6.492933526339867e-09    1.3227266504323154e-16
448    1.2985867142234833e-08    6.492933571117417e-09    1.7705021476688287e-16
449    1.2985867307900925e-08    6.4929336539504626e-09    2.598832607447754e-16
450    1.2985867354738459e-08    6.4929336773692295e-09    2.833020276704623e-16
451    1.298586685643914e-08    6.49293342821957e-09    3.415236843329339e-17
452    1.2985866739995827e-08    6.492933369997914e-09    2.4069288229178198e-17
453    1.2985866454850656e-08    6.492933227425328e-09    1.6664187391102203e-16
454    1.2985866429697165e-08    6.492933214848583e-09    1.7921861911185388e-16
455    1.2985865537181937e-08    6.4929327685909685e-09    6.254762333068875e-16
456    1.2985863973762404e-08    6.492931986881202e-09    1.4071859996689362e-15
457    1.2985861727946024e-08    6.492930863973012e-09    2.530094189712173e-15
458    1.2985858060523756e-08    6.492929030261878e-09    4.363805324036907e-15
459    1.2985851826144423e-08    6.492925913072212e-09    7.48099499014998e-15
460    1.2985841541619456e-08    6.492920770809728e-09    1.262325747403148e-14
461    1.2985824364604437e-08    6.4929121823022184e-09    2.1211764983375403e-14
462    1.2985796226522295e-08    6.492898113261147e-09    3.52808060544163e-14
463    1.2985751345756524e-08    6.492875672878262e-09    5.772118893965228e-14
464    1.298567760721521e-08    6.492838803607605e-09    9.45904595969771e-14
465    1.2985559663582918e-08    6.492779831791459e-09    1.535622757425914e-13
466    1.298537456750383e-08    6.492687283751915e-09    2.461103152870403e-13
467    1.2985082930563538e-08    6.492541465281769e-09    3.9192878543287124e-13
468    1.2984628558780284e-08    6.492314279390142e-09    6.191146770598288e-13
469    1.2983927952323754e-08    6.491963976161877e-09    9.694179053248986e-13
470    1.2982855945040464e-08    6.491427972520232e-09    1.5054215469698096e-12
471    1.298123383135577e-08    6.490616915677885e-09    2.3164783893164786e-12
472    1.2978800822266434e-08    6.489400411133217e-09    3.5329829339847407e-12
473    1.2975188357121706e-08    6.487594178560853e-09    5.3392155063489155e-12
474    1.2969880845746865e-08    6.484940422873432e-09    7.992971193769571e-12
475    1.296216252996002e-08    6.48108126498001e-09    1.185212908719202e-11
476    1.2951061245354903e-08    6.4755306226774514e-09    1.7402771389750382e-11
477    1.2935267551094504e-08    6.467633775547252e-09    2.5299618519949996e-11
478    1.291305318359623e-08    6.456526591798115e-09    3.640680226908721e-11
479    1.2882167330693223e-08    6.441083665346611e-09    5.184972872059046e-11
480    1.2839733829102251e-08    6.4198669145511256e-09    7.306647951607625e-11
481    1.2782140536770834e-08    6.391070268385417e-09    1.0186312568178507e-10
482    1.2704941406002299e-08    6.352470703001149e-09    1.4046269106605253e-10
483    1.2602774955355542e-08    6.301387477677771e-09    1.9154591638943091e-10
484    1.246932018533417e-08    6.234660092667085e-09    2.582733014001165e-10
485    1.2297306583404152e-08    6.148653291702076e-09    3.442801023651257e-10
486    1.2078600313296037e-08    6.039300156648018e-09    4.5363323741918343e-10
487    1.1804372113035505e-08    5.9021860565177525e-09    5.907473375494493e-10
488    1.1465379426032693e-08    5.7326897130163465e-09    7.602436810508553e-10
489    1.1052354173795437e-08    5.526177086897718e-09    9.667563071694835e-10
490    1.0556500808049651e-08    5.278250404024826e-09    1.2146829900423761e-09
491    9.970078151521483e-09    4.9850390757607416e-09    1.5078943183064603e-09
492    9.287043761189301e-09    4.6435218805946504e-09    1.8494115134725514e-09
493    8.50370484987463e-09    4.251852424937315e-09    2.241080969129887e-09
494    7.619321434849599e-09    3.8096607174247996e-09    2.6832726766424023e-09
495    6.63659609516018e-09    3.31829804758009e-09    3.174635346487112e-09
496    5.5619862769293316e-09    2.7809931384646658e-09    3.711940255602536e-09
497    4.405756601991856e-09    2.202878300995928e-09    4.290055093071274e-09
498    3.181488041981498e-09    1.590744020990749e-09    4.902189373076453e-09
499    1.9008824111120537e-09    9.504412055560268e-10    5.542492188511175e-09
500    0.0    2.2596690783718149e-10    6.26696648623002e-09
501    0.0    7.007462069375664e-11    6.422858773373445e-09
502    0.0    2.2424950893613904e-11    6.470508443173588e-09
503    0.0    7.216944706775474e-12    6.485716449360426e-09
504    0.0    2.3252683415894704e-12    6.490608125725612e-09
505    0.0    7.492656668717235e-13    6.49218412840033e-09
506    0.0    2.415088528467946e-13    6.492691885214355e-09
507    0.0    7.774098205459712e-14    6.492855653085147e-09
508    0.0    2.5071741557858296e-14    6.492908322325644e-09
509    0.0    8.140840432324659e-15    6.4929252532267695e-09
510    0.0    2.454633718507182e-15    6.492930939433483e-09
511    0.0    7.466900361907669e-16    6.492932647377166e-09
512    0.0    2.5326962749261384e-16    6.492933140797574e-09
513    0.0    4.586175189613684e-17    6.49293334820545e-09
514    -0.0    -3.144186300207963e-18    6.492933397211388e-09
515    -0.0    -9.128982292327947e-17    6.492933485357025e-09
516    0.0    2.3201926491189795e-16    6.492933162047937e-09
517    -0.0    -5.182486384480711e-17    6.492933445892066e-09
518    0.0    3.447762908503904e-17    6.492933359589573e-09
519    0.0    7.546047120499111e-17    6.492933318606731e-09
520    -0.0    -8.760353553682876e-17    6.492933481670737e-09
521    0.0    1.3866945786089602e-16    6.492933255397744e-09
522    0.0    7.448468924975415e-17    6.4929333195825126e-09
523    0.0    2.0599841277224584e-18    6.492933392007218e-09
524    0.0    1.0484235007934828e-16    6.492933289224852e-09
525    0.0    9.75781955236954e-18    6.492933384309382e-09
526    0.0    1.2088854223213374e-16    6.49293327317866e-09
527    -0.0    -1.0863705768304754e-16    6.4929335027042595e-09
528    0.0    1.3986208025063007e-17    6.492933380080994e-09
529    -0.0    -1.1492543028346347e-17    6.492933405559745e-09
530    -0.0    -6.667843360785852e-17    6.4929334607456354e-09
531    -0.0    -4.2609145378680324e-17    6.492933436676347e-09
532    -0.0    -1.1210650463500116e-16    6.4929335061737065e-09
533    -0.0    -4.456070928915423e-17    6.492933438627911e-09
534    0.0    8.304988641238964e-17    6.492933311017315e-09
535    0.0    2.3310346708438345e-16    6.492933160963735e-09
536    -0.0    -1.220811646218678e-16    6.4929335161483664e-09
537    -0.0    -1.4148838350935833e-16    6.492933535555585e-09
538    0.0    2.2876665839444144e-17    6.492933371190536e-09
539    0.0    1.2641797331180982e-16    6.4929332676492285e-09
540    -0.0    -2.190088388420719e-17    6.492933415968086e-09
541    0.0    1.0733601507606494e-16    6.492933286731187e-09
542    -0.0    -7.079840186330344e-17    6.492933464865604e-09
543    -0.0    -1.6783449630075609e-16    6.492933561901698e-09
544    0.0    2.959871930885427e-17    6.4929333644684825e-09
545    0.0    5.941427905220564e-17    6.492933334652923e-09
546    -0.0    -4.391018798566293e-17    6.49293343797739e-09
547    0.0    1.2685165418080402e-17    6.492933381382036e-09
548    -0.0    -5.355958732078392e-17    6.492933447626789e-09
549    -0.0    -7.45931094670027e-17    6.492933468660311e-09
550    -0.0    -3.729655473350135e-17    6.4929334313637566e-09
551    -0.0    -6.765421556309548e-17    6.492933461721417e-09
552    -0.0    -1.3801893655740471e-16    6.492933532086138e-09
553    -0.0    -9.410874857174178e-17    6.49293348817595e-09
554    -0.0    -5.084908188957016e-17    6.492933444916284e-09
555    -0.0    -4.0440741033709315e-17    6.492933434507943e-09
556    -0.0    -9.75781955236954e-19    6.492933395042984e-09
557    0.0    8.922983879555701e-17    6.492933304837363e-09
558    0.0    1.9873425821659296e-16    6.492933195332944e-09
559    0.0    8.391724815037804e-17    6.492933310149954e-09
560    -0.0    -7.047314121155779e-18    6.492933401114516e-09
561    0.0    3.729655473350135e-17    6.492933356770647e-09
562    -0.0    -1.973247953923618e-17    6.492933413799681e-09
563    -0.0    -3.7838655819744105e-17    6.492933431905858e-09
564    -0.0    -5.97395397039513e-17    6.4929334538067415e-09
565    -0.0    -1.115644035487584e-16    6.492933505631605e-09
566    0.0    6.25584653524136e-17    6.4929333315087365e-09
567    -0.0    -5.355958732078392e-17    6.492933447626789e-09
568    0.0    4.358492733391728e-17    6.4929333504822745e-09
569    -0.0    -9.324138683375338e-18    6.4929334033913405e-09
570    -0.0    -1.0863705768304754e-16    6.4929335027042595e-09
571    0.0    1.2067170179763664e-16    6.4929332733955e-09
572    0.0    2.2193618470778276e-16    6.492933172131017e-09
573    0.0    1.6642503347652493e-16    6.492933227642168e-09
574    -0.0    -1.1492543028346347e-16    6.492933508992632e-09
575    -0.0    -6.743737512859838e-17    6.492933461504577e-09
576    0.0    4.163336342344337e-17    6.492933352433838e-09
577    0.0    2.211772431870429e-17    6.4929333719494775e-09
578    0.0    1.951563910473908e-17    6.492933374551563e-09
579    -0.0    -5.843849709696869e-17    6.492933452505699e-09
580    0.0    1.8648277366750676e-16    6.492933207584428e-09
581    0.0    5.193328406205566e-17    6.492933342133918e-09
582    -0.0    -1.476683358925257e-16    6.492933541735538e-09
583    -0.0    -8.901299836105991e-17    6.4929334830802e-09
584    -0.0    -1.1709383462843448e-17    6.492933405776585e-09
585    0.0    3.382710778154774e-17    6.492933360240094e-09
586    0.0    2.168404344971009e-19    6.492933393850361e-09
587    -0.0    -6.993104012531504e-17    6.492933463998242e-09
588    -0.0    -1.929879867024198e-17    6.4929334133660005e-09
589    -0.0    -9.855397747893235e-17    6.492933492621179e-09
590    -0.0    -1.087454779002961e-16    6.49293350281268e-09
591    -0.0    -1.6046192152785466e-17    6.492933410113394e-09
592    0.0    2.4600547293696096e-16    6.492933148061729e-09
593    0.0    1.1882855810441129e-16    6.492933275238644e-09
594    0.0    8.64109131470947e-17    6.492933307656289e-09
595    0.0    6.797947621484113e-17    6.492933326087726e-09
596    -0.0    -1.5287250632045613e-16    6.492933546939708e-09
597    -0.0    -6.353424730765056e-17    6.492933457601449e-09
598    -0.0    -2.905661822261152e-17    6.49293342312382e-09
599    -0.0    -4.2934406030425976e-17    6.492933437001608e-09
600    -0.0    -9.80118763926896e-17    6.492933492079078e-09
601    0.0    1.4203048459560108e-17    6.492933379864153e-09
602    0.0    5.941427905220564e-17    6.492933334652923e-09
603    0.0    1.9960161995458137e-16    6.492933194465582e-09
604    0.0    4.336808689942018e-17    6.492933350699115e-09
605    -0.0    -5.421010862427522e-18    6.492933399488213e-09
606    -0.0    -2.7755575615628914e-17    6.4929334218227774e-09
607    -0.0    -3.241764495731658e-17    6.492933426484847e-09
608    -0.0    -1.1384122811097797e-17    6.492933405451325e-09
609    -0.0    -2.5587171270657905e-17    6.492933419654373e-09
610    -0.0    -3.957337929572091e-17    6.492933433640581e-09
611    -0.0    -1.745565497701662e-17    6.492933411522857e-09
612    -0.0    -2.0144476364780672e-16    6.4929335955119655e-09
613    0.0    7.361732751176575e-17    6.492933320449874e-09
614    0.0    1.2565903179106996e-16    6.49293326840817e-09
615    -0.0    -9.616873269946424e-17    6.4929334902359345e-09
616    -0.0    -1.6479873021779667e-17    6.492933410547075e-09
617    -0.0    -4.163336342344337e-17    6.492933435700565e-09
618    0.0    2.3852447794681098e-17    6.492933370214754e-09
619    0.0    3.361026734705064e-17    6.4929333604569345e-09
620    0.0    6.16911036144252e-17    6.492933332376098e-09
621    -0.0    -1.734723475976807e-18    6.492933395801925e-09
622    -0.0    -6.548581121812447e-17    6.492933459553013e-09
623    -0.0    -1.231653667943533e-16    6.492933517232569e-09
624    -0.0    -7.556889142223966e-17    6.492933469636093e-09
625    -0.0    -1.4311468676808659e-16    6.492933537181889e-09
626    -0.0    -1.3769367590565906e-17    6.4929334078365694e-09
627    -0.0    -7.318364664277155e-17    6.4929334672508485e-09
628    0.0    1.1449174941446927e-16    6.492933279575452e-09
629    0.0    4.391018798566293e-17    6.492933350157014e-09
630    -0.0    -1.1470858984896637e-16    6.492933508775792e-09
631    0.0    1.5178830414797062e-16    6.492933242278898e-09
632    0.0    1.3010426069826053e-18    6.492933392766159e-09
633    -0.0    -1.5829351718288365e-17    6.4929334098965535e-09
634    -0.0    -4.380176776841438e-17    6.49293343786897e-09
635    -0.0    -1.7856809780836258e-16    6.4929335726353e-09
636    0.0    8.792879618857441e-17    6.492933306138406e-09
637    -0.0    -2.0144476364780672e-16    6.4929335955119655e-09
638    -0.0    -1.5916087892087205e-16    6.492933553228081e-09
639    -0.0    -5.204170427930421e-18    6.492933399271372e-09
640    0.0    7.036472099430924e-17    6.492933323702481e-09
641    0.0    2.168404344971009e-19    6.492933393850361e-09
642    -0.0    -3.3393426912553537e-17    6.492933427460629e-09
643    -0.0    -3.0791341698588326e-17    6.4929334248585435e-09
644    -0.0    -1.5308934675495323e-16    6.4929335471565486e-09
645    -0.0    -1.8659119388475531e-16    6.492933580658396e-09
646    -0.0    -2.8080836267374565e-17    6.492933422148038e-09
647    0.0    8.695301423333746e-17    6.492933307114188e-09
648    -0.0    -4.889751797909625e-17    6.49293344296472e-09
649    0.0    8.055622141567298e-17    6.49293331351098e-09
650    -0.0    -1.4886095828225976e-16    6.49293354292816e-09
651    -0.0    -1.842059491052872e-16    6.492933578273151e-09
652    0.0    1.7889335846010823e-17    6.492933376177866e-09
653    -0.0    -1.4018734090237572e-16    6.492933534254543e-09
654    -0.0    -3.664603343001005e-17    6.492933430713235e-09
655    0.0    6.23416249179165e-17    6.492933331725577e-09
656    -0.0    -4.87890977618477e-18    6.492933398946112e-09
657    0.0    5.865533753146579e-17    6.492933335411864e-09
658    0.0    1.5384828827569308e-16    6.4929332402189135e-09
659    0.0    1.7509865085640897e-16    6.492933218968551e-09
660    0.0    1.1351596745923231e-16    6.492933280551234e-09
661    0.0    6.223320470066795e-17    6.492933331833997e-09
662    0.0    2.992397996059992e-17    6.492933364143222e-09
663    0.0    1.2685165418080402e-16    6.492933267215548e-09
664    0.0    1.5981140022436335e-16    6.492933234255802e-09
665    -0.0    -1.122149248522497e-16    6.492933506282127e-09
666    -0.0    -1.3010426069826053e-18    6.4929333953682444e-09
667    -0.0    -1.3021268091550908e-16    6.492933524279883e-09
668    0.0    1.951563910473908e-18    6.492933392115638e-09
669    0.0    1.2902005852577503e-16    6.492933265047143e-09
670    -0.0    -7.209944447028604e-17    6.492933466166646e-09
671    0.0    2.721347452938616e-17    6.492933366853727e-09
672    -0.0    -1.111307226797642e-16    6.4929335051979245e-09
673    -0.0    -8.413408858487514e-17    6.49293347820129e-09
674    -0.0    -6.906367838732663e-17    6.49293346313088e-09
675    -0.0    -2.6129272356900657e-17    6.492933420196474e-09
676    0.0    3.187554387107383e-17    6.492933362191658e-09
677    -0.0    -1.334652874329656e-16    6.492933527532489e-09
678    -0.0    -1.4094628242311558e-18    6.492933395476665e-09
679    0.0    7.15573433840433e-18    6.4929333869114675e-09
680    0.0    7.26415455565288e-18    6.492933386803047e-09
681    -0.0    -2.280077168737016e-16    6.492933622074919e-09
682    0.0    2.1575623232461538e-17    6.492933372491579e-09
683    -0.0    -2.5695591487906455e-17    6.492933419762793e-09
684    -0.0    -5.2150124496552763e-17    6.492933446217326e-09
685    -0.0    -1.7629127324614302e-16    6.492933570358475e-09
686    -0.0    -1.0473392986209973e-16    6.492933498801132e-09
687    0.0    8.261620554339544e-17    6.492933311450996e-09
688    0.0    6.971419969081794e-17    6.492933324353002e-09
689    -0.0    -1.1123914289701275e-16    6.492933505306345e-09
690    0.0    3.122502256758253e-17    6.492933362842179e-09
691    0.0    5.692061405548898e-17    6.492933337146588e-09
692    0.0    4.174178364069192e-17    6.492933352325418e-09
693    -0.0    -2.2442984970449942e-17    6.492933416510187e-09
694    0.0    1.437652080715779e-16    6.492933250301994e-09
695    -0.0    -1.0603497246908233e-16    6.492933500102174e-09
696    0.0    7.068998164605489e-17    6.49293332337722e-09
697    -0.0    -4.0332320816460765e-17    6.492933434399523e-09
698    -0.0    -1.2175590397012215e-16    6.492933515823106e-09
699    -0.0    -1.6046192152785466e-17    6.492933410113394e-09
700    0.0    4.2825985813177425e-17    6.492933351241216e-09
701    0.0    1.7780915628762273e-16    6.4929332162580455e-09
702    0.0    4.152494320619482e-17    6.492933352542259e-09
703    0.0    4.7379634937616544e-17    6.492933346687567e-09
704    0.0    5.0090140368830305e-17    6.4929333439770615e-09
705    0.0    2.445960101127298e-16    6.492933149471192e-09
706    -0.0    -1.6696713456276768e-17    6.492933410763915e-09
707    -0.0    -4.597017211338539e-17    6.492933440037374e-09
708    -0.0    -8.272462576064399e-17    6.4929334767918276e-09
709    0.0    2.3960868011929648e-17    6.492933370106334e-09
710    0.0    7.112366251504909e-17    6.492933322943539e-09
711    -0.0    -1.3823577699190182e-16    6.492933532302979e-09
712    -0.0    -5.5294310796760726e-17    6.492933449361513e-09
713    -0.0    -1.496198998029996e-17    6.492933409029192e-09
714    0.0    5.421010862427522e-19    6.492933393525101e-09
715    0.0    9.855397747893235e-17    6.492933295513224e-09
716    0.0    1.2067170179763664e-16    6.4929332733955e-09
717    0.0    7.068998164605489e-17    6.49293332337722e-09
718    0.0    6.23416249179165e-17    6.492933331725577e-09
719    0.0    5.908901840045999e-17    6.4929333349781834e-09
720    -0.0    -1.8648277366750676e-17    6.492933412715479e-09
721    0.0    5.616167253474913e-17    6.492933337905529e-09
722    -0.0    -2.093594395069509e-16    6.492933603426641e-09
723    -0.0    -3.63207727782644e-17    6.492933430387975e-09
724    0.0    1.115644035487584e-16    6.492933282502798e-09
725    0.0    1.104802013762729e-16    6.4929332835870004e-09
726    -0.0    -5.7462715141731735e-18    6.492933399813473e-09
727    0.0    3.0140820395097023e-17    6.4929333639263814e-09
728    -0.0    -2.3418766925686896e-17    6.492933417485969e-09
729    0.0    7.914675859144182e-17    6.492933314920443e-09
730    0.0    1.8756697583999227e-17    6.492933375310504e-09
731    0.0    1.4907779871675686e-16    6.492933244989403e-09
732    0.0    6.353424730765056e-17    6.4929333305329545e-09
733    -0.0    -7.513521055324546e-17    6.492933469202412e-09
734    0.0    2.8189256484623115e-18    6.492933391248276e-09
735    0.0    5.692061405548898e-17    6.492933337146588e-09
736    -0.0    -2.916503843986007e-17    6.49293342323224e-09
737    0.0    9.475926987523309e-17    6.492933299307932e-09
738    0.0    7.697835424647081e-18    6.492933386369366e-09
739    0.0    3.686287386450715e-18    6.4929333903809144e-09
740    0.0    1.5547459153442134e-16    6.49293323859261e-09
741    0.0    1.5308934675495323e-16    6.492933240977855e-09
742    0.0    6.7220534694101275e-18    6.492933387345148e-09
743    -0.0    -8.033938098117588e-17    6.492933474406583e-09
744    -0.0    -3.393552799879629e-17    6.49293342800273e-09
745    0.0    9.64939933512099e-18    6.4929333844178025e-09
746    -0.0    -1.708702623837155e-16    6.492933564937464e-09
747    -0.0    -6.830473686658678e-18    6.4929334008976755e-09
748    0.0    1.1460016963171782e-16    6.492933279467032e-09
749    0.0    1.4083786220586703e-16    6.49293325322934e-09
750    0.0    9.313296661650483e-17    6.492933300934235e-09
751    -0.0    -9.627715291671279e-17    6.492933490344355e-09
752    -0.0    -4.119968255444917e-17    6.492933435266884e-09
753    -0.0    -7.144892316679474e-17    6.492933465516125e-09
754    -0.0    -5.963111948670274e-17    6.492933453698321e-09
755    0.0    3.0140820395097023e-17    6.4929333639263814e-09
756    -0.0    -1.369347343849192e-16    6.492933531001936e-09
757    0.0    1.6046192152785466e-17    6.49293337802101e-09
758    -0.0    -1.0430024899310553e-16    6.492933498367451e-09
759    0.0    1.8756697583999227e-16    6.492933206500226e-09
760    0.0    2.892651396191326e-16    6.492933104802062e-09
761    0.0    3.913969842672671e-17    6.492933354927503e-09
762    -0.0    -3.469446951953614e-17    6.492933428761671e-09
763    -0.0    -1.5460722979643293e-16    6.492933548674432e-09
764    0.0    6.613633252161577e-18    6.4929333874535686e-09
765    -0.0    -2.8297676701871666e-17    6.4929334223648785e-09
766    -0.0    -1.2002118049414534e-16    6.492933514088382e-09
767    -0.0    -2.461138931542095e-17    6.492933418678591e-09
768    -0.0    -1.723881454251952e-17    6.492933411306016e-09
769    -0.0    -2.0816681711721685e-17    6.4929334148838835e-09
770    0.0    6.472686969738461e-17    6.492933329340332e-09
771    0.0    7.817097663620487e-17    6.492933315896225e-09
772    -0.0    -6.787105599759258e-17    6.492933461938258e-09
773    -0.0    -1.22514845490862e-17    6.492933406318686e-09
774    -0.0    -6.960577947356938e-17    6.492933463672981e-09
775    0.0    7.405100838075995e-17    6.4929333200161934e-09
776    0.0    1.1058862159352145e-17    6.49293338300834e-09
777    0.0    1.7564075194265172e-17    6.492933376503127e-09
778    0.0    1.3931997916438732e-16    6.492933254747223e-09
779    0.0    7.762887554996212e-17    6.492933316438326e-09
780    0.0    1.0701075442431929e-16    6.492933287056447e-09
781    -0.0    -8.55435514091063e-17    6.492933479610753e-09
782    0.0    6.949735925632083e-17    6.4929333245698426e-09
783    -0.0    -5.431852884152377e-17    6.492933448385731e-09
784    -0.0    -7.741203511546502e-17    6.492933471479237e-09
785    0.0    6.028164079019405e-17    6.492933333785561e-09
786    0.0    8.380882793312949e-17    6.492933310258374e-09
787    -0.0    -7.318364664277155e-17    6.4929334672508485e-09
788    -0.0    -8.261620554339544e-17    6.492933476683407e-09
789    -0.0    -1.7076184216646695e-16    6.492933564829044e-09
790    0.0    3.61039323437673e-17    6.4929333579632695e-09
791    -0.0    -1.680513367352532e-17    6.4929334108723355e-09
792    -0.0    -1.603535013106061e-16    6.492933554420703e-09
793    -0.0    -9.80118763926896e-17    6.492933492079078e-09
794    0.0    8.998878031629687e-18    6.492933385068324e-09
795    -0.0    -6.483528991463317e-17    6.492933458902492e-09
796    0.0    9.877081791342945e-17    6.492933295296384e-09
797    0.0    1.8214596497756474e-17    6.492933375852605e-09
798    0.0    1.4777675610977425e-16    6.492933246290446e-09
799    0.0    4.683753385137379e-17    6.492933347229668e-09
800    -0.0    -4.130810277169772e-17    6.492933435375305e-09
801    -0.0    -1.2685165418080402e-17    6.492933406752367e-09
802    -0.0    -2.248635305734936e-16    6.492933618930732e-09
803    -0.0    -4.694595406862234e-17    6.492933441013156e-09
804    -0.0    -2.190088388420719e-17    6.492933415968086e-09
805    -0.0    -5.833007687972014e-17    6.492933452397279e-09
806    0.0    1.1633489310769463e-16    6.492933277732309e-09
807    0.0    6.841315708383533e-17    6.492933325654045e-09
808    -0.0    -7.676151381197371e-17    6.492933470828716e-09
809    0.0    2.200930410145574e-17    6.492933372057898e-09
810    0.0    3.848917712323541e-17    6.492933355578025e-09
811    0.0    2.1250362580715887e-17    6.492933372816839e-09
812    -0.0    -1.0603497246908233e-16    6.492933500102174e-09
813    -0.0    -9.096456227153382e-17    6.492933485031764e-09
814    0.0    5.0415401020575956e-17    6.492933343651801e-09
815    0.0    1.1525069093520912e-16    6.492933278816511e-09
816    -0.0    -1.1058862159352145e-16    6.4929335046558234e-09
817    -0.0    -6.006480035569695e-17    6.492933454132002e-09
818    0.0    5.095750210681871e-18    6.492933388971452e-09
819    -0.0    -5.551115123125783e-17    6.492933449578353e-09
820    0.0    5.800481622797449e-17    6.492933336062386e-09
821    0.0    7.762887554996212e-17    6.492933316438326e-09
822    0.0    3.2959746043559335e-17    6.492933361107456e-09
823    0.0    1.463672932855431e-17    6.4929333794304725e-09
824    0.0    9.93129189996722e-17    6.492933294754283e-09
825    -0.0    -3.469446951953614e-18    6.492933397536649e-09
826    -0.0    -1.0191500421363742e-17    6.492933404258702e-09
827    0.0    1.1394964832822652e-16    6.4929332801175535e-09
828    -0.0    -5.854691731421724e-17    6.492933452614119e-09
829    0.0    1.0516761073109393e-17    6.492933383550441e-09
830    0.0    1.0701075442431929e-16    6.492933287056447e-09
831    -0.0    -2.721347452938616e-17    6.492933421280676e-09
832    0.0    9.64939933512099e-18    6.4929333844178025e-09
833    0.0    8.218252467440124e-17    6.492933311884677e-09
834    0.0    8.304988641238964e-17    6.492933311017315e-09
835    0.0    1.2912847874302358e-16    6.492933264938723e-09
836    -0.0    -2.699663409488906e-17    6.492933421063836e-09
837    0.0    2.6020852139652106e-18    6.492933391465117e-09
838    0.0    2.688821387764051e-17    6.492933367178988e-09
839    0.0    5.204170427930421e-17    6.4929333420254975e-09
840    -0.0    -2.907830226606123e-16    6.4929336848502245e-09
841    0.0    1.9081958235744878e-17    6.492933374985244e-09
842    -0.0    -1.2500851048757866e-16    6.492933519075712e-09
843    -0.0    -6.808789643208968e-17    6.492933462155098e-09
844    -0.0    -1.1882855810441129e-16    6.49293351289576e-09
845    -0.0    -2.409097227262791e-16    6.4929336349769246e-09
846    -0.0    -8.792879618857441e-17    6.492933481995998e-09
847    -0.0    -6.320898665590491e-17    6.4929334572761885e-09
848    0.0    4.434386885465713e-17    6.492933349723333e-09
849    0.0    4.5428071027142636e-17    6.492933348639131e-09
850    0.0    1.1080546202801855e-16    6.49293328326174e-09
851    0.0    1.6067876196235176e-16    6.49293323338844e-09
852    -0.0    -1.362842130814279e-16    6.492933530351415e-09
853    0.0    5.930585883495709e-17    6.492933334761343e-09
854    0.0    6.722053469410127e-17    6.492933326846667e-09
855    -0.0    -6.396792817664476e-18    6.492933400463995e-09
856    -0.0    -1.0560129160008813e-16    6.4929334996684934e-09
857    0.0    2.47198095326695e-17    6.492933369347392e-09
858    0.0    1.2110538266663085e-16    6.492933272961819e-09
859    -0.0    -1.8062808193608504e-16    6.492933574695284e-09
860    -0.0    -9.248244531301353e-17    6.492933486549647e-09
861    -0.0    -3.7947076036992655e-18    6.4929333978619094e-09
862    -0.0    -2.05239471251506e-16    6.492933599306673e-09
863    0.0    1.2630955309456127e-16    6.492933267757649e-09
864    -0.0    -1.1904539853890839e-16    6.4929335131126e-09
865    -0.0    -1.1817803680091998e-16    6.492933512245239e-09
866    0.0    4.651227319962814e-17    6.492933347554929e-09
867    -0.0    -1.5287250632045613e-17    6.4929334093544525e-09
868    -0.0    -1.3769367590565906e-16    6.492933531760878e-09
869    -0.0    -1.0614339268633088e-16    6.4929335002105945e-09
870    0.0    2.1033522146218786e-17    6.49293337303368e-09
871    0.0    5.800481622797449e-17    6.492933336062386e-09
872    0.0    4.662069341687669e-17    6.492933347446508e-09
873    0.0    1.0191500421363742e-17    6.492933383875701e-09
874    -0.0    -1.5720931501039814e-17    6.492933409788133e-09
875    0.0    2.168404344971009e-17    6.492933372383158e-09
876    0.0    5.345116710353537e-17    6.492933340616035e-09
877    -0.0    -2.883977778811442e-17    6.49293342290698e-09
878    -0.0    -3.707971429900425e-17    6.492933431146916e-09
879    0.0    1.1481701006621492e-16    6.492933279250192e-09
880    0.0    5.4969050145015075e-17    6.492933339098152e-09
881    0.0    8.586881206085195e-17    6.49293330819839e-09
882    -0.0    -2.6129272356900657e-17    6.492933420196474e-09
883    0.0    1.1470858984896637e-16    6.492933279358612e-09
884    -0.0    -1.0570971181733668e-16    6.492933499776914e-09
885    0.0    6.787105599759258e-17    6.492933326196146e-09
886    0.0    5.5402731014009277e-17    6.492933338664471e-09
887    -0.0    -6.689527404235562e-17    6.492933460962476e-09
888    -0.0    -1.474514954580286e-17    6.492933408812351e-09
889    0.0    3.8163916471489756e-17    6.492933355903285e-09
890    -0.0    -8.478460988836645e-17    6.492933478851812e-09
891    -0.0    -3.5887091909270197e-17    6.492933429954294e-09
892    0.0    1.2826111700503517e-16    6.492933265806085e-09
893    -0.0    -5.5402731014009277e-17    6.492933449469933e-09
894    -0.0    -8.988036009904832e-17    6.492933483947562e-09
895    -0.0    -5.2150124496552763e-17    6.492933446217326e-09
896    -0.0    -1.2956215961201778e-16    6.4929335236293614e-09
897    0.0    2.3744027577432547e-17    6.492933370323174e-09
898    0.0    2.417770844642675e-17    6.492933369889493e-09
899    -0.0    -4.109126233720062e-17    6.492933435158464e-09
900    -0.0    -4.336808689942018e-17    6.492933437435289e-09
901    -0.0    -3.350184712980209e-17    6.492933427569049e-09
902    -0.0    -6.787105599759258e-17    6.492933461938258e-09
903    -0.0    -4.401860820291148e-17    6.49293343808581e-09
904    0.0    8.055622141567298e-17    6.49293331351098e-09
905    0.0    1.2587587222556706e-16    6.49293326819133e-09
906    0.0    1.0440866921035408e-16    6.492933289658533e-09
907    0.0    2.0274580625478933e-17    6.492933373792621e-09
908    -0.0    -1.6154612370034016e-17    6.492933410221814e-09
909    0.0    1.1958749962515114e-16    6.492933274479702e-09
910    0.0    6.266688556966216e-17    6.492933331400316e-09
911    0.0    3.1008182133085427e-17    6.49293336305902e-09
912    -0.0    -1.3823577699190182e-16    6.492933532302979e-09
913    -0.0    -6.320898665590491e-17    6.4929334572761885e-09
914    0.0    7.405100838075995e-17    6.4929333200161934e-09
915    0.0    1.0733601507606494e-17    6.4929333833336e-09
916    0.0    1.0766127572781059e-16    6.492933286405926e-09
917    -0.0    -3.003240017784847e-17    6.492933424099602e-09
918    -0.0    -9.432558900623889e-17    6.492933488392791e-09
919    -0.0    -3.1008182133085427e-17    6.492933425075384e-09
920    -0.0    -2.1033522146218786e-17    6.492933415100724e-09
921    -0.0    -3.198396408832238e-17    6.492933426051166e-09
922    -0.0    -5.128276275856436e-17    6.4929334453499646e-09
923    -0.0    -1.2793585635328952e-17    6.4929334068607875e-09
924    0.0    6.201636426617085e-17    6.4929333320508376e-09
925    -0.0    -3.686287386450715e-18    6.492933397753489e-09
926    0.0    6.841315708383533e-17    6.492933325654045e-09
927    0.0    1.6046192152785466e-16    6.49293323360528e-09
928    -0.0    -4.0115480381963664e-17    6.492933434182682e-09
929    -0.0    -5.2909066017292616e-17    6.492933446976268e-09
930    -0.0    -4.7704895589362195e-18    6.492933398837691e-09
931    -0.0    -1.2685165418080402e-17    6.492933406752367e-09
932    0.0    1.5981140022436335e-16    6.492933234255802e-09
933    0.0    9.128982292327947e-17    6.492933302777379e-09
934    -0.0    -1.0842021724855044e-17    6.4929334049092235e-09
935    0.0    5.0523821237824507e-17    6.492933343543381e-09
936    0.0    1.3010426069826053e-17    6.492933381056776e-09
937    -0.0    -1.1275702593849246e-17    6.4929334053429044e-09
938    0.0    5.095750210681871e-17    6.4929333431097e-09
939    -0.0    -1.6718397499726478e-16    6.492933561251177e-09
940    0.0    7.686993402922226e-17    6.492933317197268e-09
941    -0.0    -2.42861286636753e-17    6.4929334183533305e-09
942    0.0    9.90960785651751e-17    6.492933294971123e-09
943    0.0    2.1250362580715887e-16    6.492933181563576e-09
944    0.0    3.5344990823027445e-17    6.492933358722211e-09
945    0.0    5.388484797252957e-17    6.492933340182354e-09
946    -0.0    -1.0842021724855044e-17    6.4929334049092235e-09
947    0.0    8.792879618857441e-17    6.492933306138406e-09
948    0.0    1.8539857149502126e-17    6.492933375527345e-09
949    -0.0    -7.762887554996212e-17    6.492933471696077e-09
950    -0.0    -5.2150124496552763e-17    6.492933446217326e-09
951    -0.0    -6.776263578034403e-17    6.492933461829838e-09
952    0.0    3.393552799879629e-17    6.492933360131674e-09
953    0.0    8.207410445715269e-17    6.492933311993097e-09
954    0.0    1.6740081543176188e-16    6.492933226666386e-09
955    0.0    4.2717565595928875e-17    6.492933351349636e-09
956    -0.0    -1.5298092653770468e-16    6.492933547048128e-09
957    0.0    9.530137096147584e-17    6.492933298765831e-09
958    0.0    9.942133921692076e-17    6.492933294645863e-09
959    -0.0    -5.930585883495709e-17    6.492933453373061e-09
960    -0.0    -1.6675029412827058e-16    6.492933560817496e-09
961    0.0    7.903833837419327e-17    6.4929333150288635e-09
962    0.0    5.095750210681871e-18    6.492933388971452e-09
963    -0.0    -4.2717565595928875e-17    6.4929334367847674e-09
964    -0.0    -3.9898639947466563e-17    6.492933433965842e-09
965    -0.0    -5.0415401020575956e-17    6.492933444482603e-09
966    -0.0    -3.74049749507499e-17    6.492933431472177e-09
967    -0.0    -5.421010862427522e-18    6.492933399488213e-09
968    0.0    2.927345865710862e-18    6.492933391139856e-09
969    -0.0    -5.171644362755856e-17    6.4929334457836455e-09
970    -0.0    -7.405100838075995e-17    6.49293346811821e-09
971    0.0    1.702197410802242e-17    6.492933377045228e-09
972    -0.0    -6.353424730765056e-17    6.492933457601449e-09
973    -0.0    -5.5294310796760726e-17    6.492933449361513e-09
974    -0.0    -4.347650711666873e-17    6.492933437543709e-09
975    -0.0    -1.235990476633475e-17    6.492933406427107e-09
976    0.0    1.0191500421363742e-17    6.492933383875701e-09
977    -0.0    -1.5612511283791264e-17    6.492933409679713e-09
978    0.0    1.7531549129090607e-16    6.4929332187517105e-09
979    0.0    2.3700659490533127e-16    6.492933157060607e-09
980    0.0    1.0158974356189177e-16    6.492933292477458e-09
981    -0.0    -5.4860629927766524e-17    6.492933448927832e-09
982    -0.0    -5.388484797252957e-17    6.49293344795205e-09
983    -0.0    -1.4929463915125396e-16    6.492933543361841e-09
984    -0.0    -4.7704895589362195e-18    6.492933398837691e-09
985    -0.0    -3.0357660829594124e-18    6.492933397102968e-09
986    0.0    2.45029690981724e-16    6.492933149037511e-09
987    0.0    8.567365566980456e-16    6.492932537330645e-09
988    0.0    2.6327681354465504e-15    6.492930761299066e-09
989    0.0    8.084028238486418e-15    6.492925310038963e-09
990    0.0    2.522786667069621e-14    6.492908166200531e-09
991    0.0    7.781481622254338e-14    6.492855579250979e-09
992    0.0    2.4148424145747915e-13    6.492691909825744e-09
993    0.0    7.493456809920529e-13    6.49218404838621e-09
994    0.0    2.3251605718935253e-12    6.490608233495308e-09
995    0.0    7.217058981684454e-12    6.485716335085517e-09
996    0.0    2.2424978540769303e-11    6.4705084155264325e-09
997    0.0    7.007513406348531e-11    6.4228582600037165e-09
998    0.0    2.2596673490693497e-10    6.266966659160267e-09
999    1.900881008804964e-09    9.50440504402482e-10    5.54249288966472e-09
