0    3.17042993551106e-09    1.58521496775553e-09    4.430350902221054e-09
1    4.395633171902849e-09    2.1978165859514245e-09    3.81774928402516e-09
2    5.540663208835131e-09    2.7703316044175655e-09    3.245234265559019e-09
3    6.590350762510078e-09    3.295175381255039e-09    2.7203904887215455e-09
4    7.534249536972695e-09    3.767124768486348e-09    2.2484411014902367e-09
5    8.366979345909159e-09    4.1834896729545795e-09    1.8320761970220048e-09
6    9.087935916611209e-09    4.5439679583056045e-09    1.4715979116709799e-09
7    9.70066330627066e-09    4.85033165313533e-09    1.1652342168412544e-09
8    1.0212012433157697e-08    5.106006216578848e-09    9.09559653397736e-10
9    1.0631199667994473e-08    5.3155998339972366e-09    6.999660359793478e-10
10    1.0968872889410147e-08    5.484436444705074e-09    5.311294252715107e-10
11    1.1236262282806123e-08    5.618131141403061e-09    3.97434728573523e-10
12    1.1444482058212135e-08    5.722241029106068e-09    2.9332484087051663e-10
13    1.1603996042264947e-08    5.8019980211324734e-09    2.135678488441109e-10
14    1.1724264830032319e-08    5.862132415016159e-09    1.5343345496042493e-10
15    1.1813544141189847e-08    5.906772070594923e-09    1.0879379938166095e-10
16    1.1878824137875887e-08    5.939412068937944e-09    7.615380103864061e-11
17    1.1925856774775562e-08    5.962928387387781e-09    5.2637482588803464e-11
18    1.1959260074866779e-08    5.979630037433389e-09    3.5935832543194934e-11
19    1.1982655344746143e-08    5.9913276723730716e-09    2.4238197603512757e-11
20    1.199881925068036e-08    5.99940962534018e-09    1.6156244636404693e-11
21    1.2009841668684726e-08    6.004920834342363e-09    1.0645035634221367e-11
22    1.201726159034966e-08    6.00863079517483e-09    6.935074801754648e-12
23    1.202219503072463e-08    6.011097515362315e-09    4.468354614269032e-12
24    1.20254350771936e-08    6.0127175385968e-09    2.8483313797844634e-12
25    1.2027538526335896e-08    6.013769263167948e-09    1.796606808636414e-12
26    1.2028888556883319e-08    6.014444278441659e-09    1.1215915349249705e-12
27    1.202974507009437e-08    6.014872535047185e-09    6.933349293997138e-13
28    1.2030283025408345e-08    6.015141512704172e-09    4.243572724119127e-13
29    1.2030617270626653e-08    6.015308635313327e-09    2.5723466325761057e-13
30    1.2030823103590174e-08    6.015411551795087e-09    1.543181814972483e-13
31    1.2030947724389965e-08    6.0154738621949824e-09    9.200778160189937e-14
32    1.2031023715469713e-08    6.0155118577348565e-09    5.401224172779662e-14
33    1.2031068470684872e-08    6.015534235342436e-09    3.163463414834755e-14
34    1.2031095216000903e-08    6.015547608000452e-09    1.826197613269409e-14
35    1.203111083458372e-08    6.01555541729186e-09    1.04526847247155e-14
36    1.2031119980262725e-08    6.0155599901313625e-09    5.879845221823388e-15
37    1.2031125119597863e-08    6.0155625597989315e-09    3.3101776528154936e-15
38    1.2031128143004041e-08    6.015564071502021e-09    1.7984745637189548e-15
39    1.2031129975088872e-08    6.015564987544436e-09    8.824321481859521e-16
40    1.2031130810791907e-08    6.015565405395953e-09    4.6458063091003865e-16
41    1.2031131273746234e-08    6.015565636873117e-09    2.3310346708438345e-16
42    1.2031131579708088e-08    6.015565789854044e-09    8.012254054667878e-17
43    1.2031132017075244e-08    6.015566008537622e-09    1.3856103764364747e-16
44    1.203113243948041e-08    6.015566219740205e-09    3.4976362084382373e-16
45    1.2031131869840589e-08    6.0155659349202945e-09    6.494371013188172e-17
46    1.2031131824087257e-08    6.015565912043629e-09    4.206704429243757e-17
47    1.2031131518992766e-08    6.015565759496383e-09    1.104802013762729e-16
48    1.2031132051336033e-08    6.015566025668016e-09    1.5569143196891844e-16
49    1.2031131975658721e-08    6.0155659878293605e-09    1.1785277614917433e-16
50    1.203113192036441e-08    6.015565960182205e-09    9.020562075079397e-17
51    1.2031131873526876e-08    6.015565936763438e-09    6.678685382510707e-17
52    1.2031131911690793e-08    6.015565955845396e-09    8.586881206085195e-17
53    1.203113198042921e-08    6.015565990214605e-09    1.2023802092864244e-16
54    1.2031131856396482e-08    6.015565928198241e-09    5.822165666247159e-17
55    1.2031131642158133e-08    6.015565821079066e-09    4.889751797909625e-17
56    1.2031132151082632e-08    6.015566075541316e-09    2.0556473190325164e-16
57    1.2031132231530434e-08    6.015566115765217e-09    2.4578863250246386e-16
58    1.2031132070851672e-08    6.015566035425836e-09    1.6544925152128798e-16
59    1.2031132048300267e-08    6.015566024150133e-09    1.5417354892743873e-16
60    1.2031132127663866e-08    6.015566063831933e-09    1.938553484404082e-16
61    1.2031132065647501e-08    6.015566032823751e-09    1.6284716630732277e-16
62    1.2031131603560535e-08    6.015565801780268e-09    6.819631664933823e-17
63    1.2031131843386056e-08    6.015565921693028e-09    5.171644362755856e-17
64    1.2031132266008063e-08    6.015566133004031e-09    2.630274470449834e-16
65    1.2031131957444124e-08    6.015565978722062e-09    1.087454779002961e-16
66    1.2031131943783177e-08    6.0155659718915885e-09    1.0191500421363742e-16
67    1.2031131916244442e-08    6.015565958122221e-09    8.814563662307151e-17
68    1.2031132100558811e-08    6.015566050279406e-09    1.8030282128433939e-16
69    1.2031132194017038e-08    6.015566097008519e-09    2.2703193491846463e-16
70    1.20311321246281e-08    6.01556606231405e-09    1.9233746539892849e-16
71    1.2031132157587845e-08    6.015566078793923e-09    2.0881733842070815e-16
72    1.2031131906486622e-08    6.015565953243311e-09    8.326672684688674e-17
73    1.2031132099257769e-08    6.015566049628884e-09    1.7965229998084808e-16
74    1.2031131997342764e-08    6.015565998671382e-09    1.2869479787402938e-16
75    1.203113170048821e-08    6.015565850244105e-09    1.973247953923618e-17
76    1.2031131903234016e-08    6.015565951617008e-09    8.164042358815848e-17
77    1.2031132120941812e-08    6.015566060470906e-09    1.9049432170570313e-16
78    1.203113209015047e-08    6.015566045075235e-09    1.7509865085640897e-16
79    1.2031132127663866e-08    6.015566063831933e-09    1.938553484404082e-16
80    1.2031132220688412e-08    6.015566110344206e-09    2.4036762164003633e-16
81    1.2031132087765226e-08    6.015566043882613e-09    1.739060284666749e-16
82    1.2031131892391994e-08    6.015565946195997e-09    7.621941272573096e-17
83    1.2031131914509718e-08    6.015565957254859e-09    8.727827488508311e-17
84    1.2031132117255525e-08    6.015566058627762e-09    1.8865117801247777e-16
85    1.2031132051552873e-08    6.0155660257764365e-09    1.5579985218616699e-16
86    1.2031132060443331e-08    6.0155660302216654e-09    1.6024508109335756e-16
87    1.2031132225458901e-08    6.015566112729451e-09    2.4275286641950444e-16
88    1.2031131869623748e-08    6.015565934811874e-09    6.483528991463317e-17
89    1.2031131963515657e-08    6.015565981757828e-09    1.117812439832555e-16
90    1.203113231414664e-08    6.01556615707332e-09    2.8709673527416157e-16
91    1.2031132480680093e-08    6.0155662403400464e-09    3.703634621210483e-16
92    1.2031132055672841e-08    6.015566027836421e-09    1.5785983631388945e-16
93    1.2031132035073e-08    6.0155660175365e-09    1.4755991567527715e-16
94    1.2031132083211576e-08    6.015566041605788e-09    1.7162920390445535e-16
95    1.2031131968502987e-08    6.015565984251493e-09    1.1427490897997217e-16
96    1.2031132026182542e-08    6.015566013091271e-09    1.4311468676808659e-16
97    1.2031131989319668e-08    6.015565994659834e-09    1.24683249835833e-16
98    1.2031132038108766e-08    6.015566019054383e-09    1.4907779871675686e-16
99    1.203113207497164e-08    6.01556603748582e-09    1.6750923564901044e-16
100    1.2031131707860784e-08    6.015565853930392e-09    1.6046192152785466e-17
101    1.2031131822786215e-08    6.015565911393107e-09    4.141652298894627e-17
102    1.2031131572118672e-08    6.015565786059336e-09    8.391724815037804e-17
103    1.2031131976309242e-08    6.015565988154621e-09    1.1817803680091998e-16
104    1.2031131802403214e-08    6.015565901201607e-09    3.122502256758253e-17
105    1.2031131999294328e-08    6.015565999647164e-09    1.2967057982926633e-16
106    1.2031132016858403e-08    6.015566008429202e-09    1.3845261742639892e-16
107    1.2031131957444124e-08    6.015565978722062e-09    1.087454779002961e-16
108    1.203113179524748e-08    6.01556589762374e-09    2.7647155398380363e-17
109    1.2031131771611872e-08    6.015565885805936e-09    1.5829351718288365e-17
110    1.2031132030519351e-08    6.0155660152596754e-09    1.452830911130576e-16
111    1.2031131928821187e-08    6.0155659644105935e-09    9.443400922348744e-17
112    1.2031131774864479e-08    6.015565887432239e-09    1.745565497701662e-17
113    1.2031132014039478e-08    6.015566007019739e-09    1.3704315460216776e-16
114    1.2031131587731184e-08    6.015565793865592e-09    7.611099250848241e-17
115    1.2031131703957657e-08    6.015565851978828e-09    1.7997756063259374e-17
116    1.2031131992572275e-08    6.0155659962861374e-09    1.2630955309456127e-16
117    1.203113213503644e-08    6.01556606751822e-09    1.975416358268589e-16
118    1.2031132001245892e-08    6.015566000622946e-09    1.3064636178450328e-16
119    1.2031131917111804e-08    6.015565958555902e-09    8.857931749206571e-17
120    1.2031131822569374e-08    6.015565911284687e-09    4.130810277169772e-17
121    1.203113195007155e-08    6.015565975035775e-09    1.0505919051384538e-16
122    1.2031132348407428e-08    6.015566174203714e-09    3.0422712959943254e-16
123    1.2031132347973747e-08    6.0155661739868735e-09    3.0401028916493544e-16
124    1.2031132197920166e-08    6.015566098960083e-09    2.2898349882893854e-16
125    1.203113182517146e-08    6.01556591258573e-09    4.2609145378680324e-17
126    1.203113191060659e-08    6.015565955303295e-09    8.53267109746092e-17
127    1.2031131962431454e-08    6.015565981215727e-09    1.1123914289701275e-16
128    1.2031132162575175e-08    6.015566081287588e-09    2.1131100341742481e-16
129    1.2031131813028395e-08    6.0155659065141975e-09    3.65376132127615e-17
130    1.203113198541654e-08    6.01556599270827e-09    1.227316859253591e-16
131    1.2031132197052805e-08    6.015566098526402e-09    2.2854981795994433e-16
132    1.2031131677719964e-08    6.015565838859982e-09    3.111660235033398e-17
133    1.2031131689646188e-08    6.015565844823094e-09    2.5153490401663703e-17
134    1.2031131986934424e-08    6.015565993467212e-09    1.2349062744609896e-16
135    1.2031131993439637e-08    6.015565996719818e-09    1.2674323396355547e-16
136    1.2031132076706363e-08    6.015566038353182e-09    1.6837659738699884e-16
137    1.2031132062394895e-08    6.015566031197447e-09    1.612208630485945e-16
138    1.2031131990837551e-08    6.015565995418776e-09    1.2544219135657286e-16
139    1.2031132236734604e-08    6.015566118367302e-09    2.4839071771642907e-16
140    1.2031132311110873e-08    6.0155661555554366e-09    2.8557885223268187e-16
141    1.203113213460276e-08    6.01556606730138e-09    1.973247953923618e-16
142    1.2031132057841246e-08    6.015566028920623e-09    1.5894403848637495e-16
143    1.2031131893909877e-08    6.0155659469549386e-09    7.697835424647081e-17
144    1.2031132297666766e-08    6.015566148833383e-09    2.7885679876327174e-16
145    1.2031132076923204e-08    6.015566038461602e-09    1.684850176042474e-16
146    1.2031132265574382e-08    6.015566132787191e-09    2.6281060661048627e-16
147    1.2031132059142288e-08    6.015566029571144e-09    1.5959455978986625e-16
148    1.2031131937061124e-08    6.015565968530562e-09    9.855397747893235e-17
149    1.2031131991488073e-08    6.015565995744036e-09    1.2576745200831851e-16
150    1.2031131841868173e-08    6.0155659209340864e-09    5.095750210681871e-17
151    1.2031131913642357e-08    6.015565956821178e-09    8.68445940160889e-17
152    1.2031131912558155e-08    6.015565956279077e-09    8.630249292984615e-17
153    1.2031131827556704e-08    6.015565913778352e-09    4.380176776841438e-17
154    1.2031131976309242e-08    6.015565988154621e-09    1.1817803680091998e-16
155    1.2031132189029708e-08    6.015566094514854e-09    2.2453826992174797e-16
156    1.2031132011871074e-08    6.015566005935537e-09    1.3595895242968226e-16
157    1.203113198021237e-08    6.015565990106185e-09    1.201296007113939e-16
158    1.2031132193366517e-08    6.015566096683259e-09    2.26706674266719e-16
159    1.2031131887187824e-08    6.015565943593912e-09    7.361732751176575e-17
160    1.2031131803921097e-08    6.015565901960548e-09    3.198396408832238e-17
161    1.2031131955926241e-08    6.015565977963121e-09    1.0798653637955624e-16
162    1.2031132065647501e-08    6.015566032823751e-09    1.6284716630732277e-16
163    1.2031131918846527e-08    6.0155659594232636e-09    8.944667923005412e-17
164    1.2031131948770507e-08    6.0155659743852535e-09    1.0440866921035408e-16
165    1.2031131929471708e-08    6.015565964735854e-09    9.475926987523309e-17
166    1.2031132486751625e-08    6.0155662433758125e-09    3.7339922820400773e-16
167    1.2031132263839658e-08    6.015566131919829e-09    2.6194324487249787e-16
168    1.2031132185560262e-08    6.015566092780131e-09    2.2280354644577116e-16
169    1.2031131983898657e-08    6.015565991949329e-09    1.2197274440461925e-16
170    1.2031131952239954e-08    6.015565976119977e-09    1.0614339268633088e-16
171    1.2031131918196006e-08    6.015565959098003e-09    8.912141857830846e-17
172    1.203113179047699e-08    6.015565895238495e-09    2.5261910618912253e-17
173    1.2031132116388163e-08    6.0155660581940815e-09    1.8821749714348357e-16
174    1.2031132053070756e-08    6.015566026535378e-09    1.5655879370690684e-16
175    1.2031131824304098e-08    6.015565912152049e-09    4.217546450968612e-17
176    1.2031131851409152e-08    6.015565925704576e-09    5.572799166575493e-17
177    1.2031132123977578e-08    6.015566061988789e-09    1.9201220474718284e-16
178    1.2031132198353847e-08    6.015566099176924e-09    2.2920033926343564e-16
179    1.2031132108798748e-08    6.015566054399374e-09    1.844227895397843e-16
180    1.203113214978159e-08    6.015566074890795e-09    2.0491421059976034e-16
181    1.2031132307858267e-08    6.015566153929133e-09    2.839525489739536e-16
182    1.20311319851997e-08    6.01556599259985e-09    1.2262326570811055e-16
183    1.2031132047216064e-08    6.015566023608032e-09    1.5363144784119598e-16
184    1.203113193988005e-08    6.015565969940025e-09    9.996344030316351e-17
185    1.203113174082053e-08    6.015565870410265e-09    4.336808689942018e-19
186    1.2031132091885194e-08    6.015566045942597e-09    1.7596601259439737e-16
187    1.203113212961543e-08    6.015566064807715e-09    1.9483113039564515e-16
188    1.2031132019026808e-08    6.015566009513404e-09    1.3953681959888442e-16
189    1.2031132116388163e-08    6.0155660581940815e-09    1.8821749714348357e-16
190    1.2031131829941949e-08    6.0155659149709745e-09    4.4994390158148434e-17
191    1.2031132151733154e-08    6.015566075866577e-09    2.058899925549973e-16
192    1.2031132009052148e-08    6.015566004526074e-09    1.345494896054511e-16
193    1.2031131896728803e-08    6.015565948364401e-09    7.838781707070197e-17
194    1.2031131862901695e-08    6.0155659314508475e-09    6.14742631799281e-17
195    1.2031132049601309e-08    6.0155660248006546e-09    1.5482407023093003e-16
196    1.2031132139373249e-08    6.0155660696866245e-09    1.9971004017182992e-16
197    1.2031132260587052e-08    6.015566130293526e-09    2.603169416137696e-16
198    1.2031131592935354e-08    6.015565796467677e-09    7.35089072945172e-17
199    1.2031131654734878e-08    6.015565827367439e-09    4.2609145378680324e-17
200    1.203113183037563e-08    6.015565915187815e-09    4.5211230592645535e-17
201    1.2031132135686962e-08    6.015566067843481e-09    1.9786689647860456e-16
202    1.2031132065647501e-08    6.015566032823751e-09    1.6284716630732277e-16
203    1.203113192036441e-08    6.015565960182205e-09    9.020562075079397e-17
204    1.20311321552026e-08    6.0155660776013e-09    2.076247160309741e-16
205    1.203113220442538e-08    6.01556610221269e-09    2.3223610534639505e-16
206    1.2031131698102965e-08    6.015565849051482e-09    2.0925101928970236e-17
207    1.203113187569528e-08    6.01556593784764e-09    6.787105599759258e-17
208    1.2031132163008856e-08    6.015566081504428e-09    2.1152784385192192e-16
209    1.2031132333662278e-08    6.015566166831139e-09    2.968545548265311e-16
210    1.2031131814979959e-08    6.0155659074899795e-09    3.7513395167998453e-17
211    1.203113181042631e-08    6.015565905213155e-09    3.5236570605778894e-17
212    1.2031132280970053e-08    6.015566140485026e-09    2.7050844203513336e-16
213    1.2031132169297229e-08    6.0155660846486145e-09    2.1467203015212988e-16
214    1.2031131668829506e-08    6.015565834414753e-09    3.5561831257524545e-17
215    1.2031131762504574e-08    6.015565881252287e-09    1.1275702593849246e-17
216    1.203113214024061e-08    6.015566070120305e-09    2.0014372104082412e-16
217    1.2031131729544828e-08    6.015565864772414e-09    5.204170427930421e-18
218    1.2031132088415747e-08    6.0155660442078734e-09    1.7423128911842056e-16
219    1.2031131906052941e-08    6.015565953026471e-09    8.304988641238964e-17
220    1.203113205523916e-08    6.01556602761958e-09    1.5764299587939234e-16
221    1.2031131762721414e-08    6.015565881360707e-09    1.1384122811097797e-17
222    1.2031132332144395e-08    6.015566166072198e-09    2.9609561330579126e-16
223    1.2031132190330751e-08    6.0155660951653755e-09    2.2518879122523927e-16
224    1.203113196546722e-08    6.01556598273361e-09    1.1275702593849246e-16
225    1.2031132280319531e-08    6.015566140159766e-09    2.701831813833877e-16
226    1.2031132243456658e-08    6.015566121728329e-09    2.5175174445113413e-16
227    1.2031131961347252e-08    6.015565980673626e-09    1.1069704181077e-16
228    1.2031132102944056e-08    6.015566051472028e-09    1.8149544367407344e-16
229    1.2031131839699769e-08    6.015565919849884e-09    4.9873299934333204e-17
230    1.2031132067165384e-08    6.015566033582692e-09    1.6360610782806262e-16
231    1.2031131979128168e-08    6.015565989564084e-09    1.1958749962515114e-16
232    1.2031132072369555e-08    6.015566036184777e-09    1.6620819304202783e-16
233    1.203113194985471e-08    6.015565974927355e-09    1.0495077029659683e-16
234    1.2031131796331682e-08    6.015565898165841e-09    2.8189256484623115e-17
235    1.2031131736700562e-08    6.015565868350281e-09    1.6263032587282567e-18
236    1.2031131881766813e-08    6.015565940883406e-09    7.090682208055199e-17
237    1.2031131900848771e-08    6.0155659504243855e-09    8.044780119842443e-17
238    1.2031132099257769e-08    6.015566049628884e-09    1.7965229998084808e-16
239    1.203113182560514e-08    6.01556591280257e-09    4.2825985813177425e-17
240    1.2031131889789909e-08    6.0155659448949544e-09    7.491837011874836e-17
241    1.2031132245191381e-08    6.0155661225956905e-09    2.5261910618912253e-16
242    1.2031132265357541e-08    6.015566132678771e-09    2.627021863932377e-16
243    1.203113231956765e-08    6.015566159783825e-09    2.8980724070537534e-16
244    1.203113201512368e-08    6.01556600756184e-09    1.3758525568841051e-16
245    1.2031131794380118e-08    6.015565897190059e-09    2.721347452938616e-17
246    1.2031131893476196e-08    6.015565946738098e-09    7.676151381197371e-17
247    1.2031131856830163e-08    6.0155659284150814e-09    5.843849709696869e-17
248    1.2031132262972297e-08    6.015566131486148e-09    2.6150956400350367e-16
249    1.2031132079091608e-08    6.015566039545804e-09    1.695692197767329e-16
250    1.2031131739953169e-08    6.015565869976584e-09    0.0
251    1.2031132030953032e-08    6.015566015476516e-09    1.454999315475547e-16
252    1.2031132243022977e-08    6.015566121511488e-09    2.5153490401663703e-16
253    1.2031131843819737e-08    6.015565921909868e-09    5.193328406205566e-17
254    1.2031131854661758e-08    6.015565927330879e-09    5.735429492448318e-17
255    1.2031131758384606e-08    6.015565879192303e-09    9.215718466126788e-18
256    1.2031131919713889e-08    6.0155659598569444e-09    8.988036009904832e-17
257    1.2031131962431454e-08    6.015565981215727e-09    1.1123914289701275e-16
258    1.2031132100558811e-08    6.015566050279406e-09    1.8030282128433939e-16
259    1.203113198476602e-08    6.01556599238301e-09    1.2240642527361345e-16
260    1.2031132034639319e-08    6.0155660173196596e-09    1.4734307524078005e-16
261    1.2031131953540997e-08    6.015565976770498e-09    1.0679391398982219e-16
262    1.2031131906052941e-08    6.015565953026471e-09    8.304988641238964e-17
263    1.2031131899764569e-08    6.0155659498822844e-09    7.990570011218168e-17
264    1.2031132080826332e-08    6.015566040413166e-09    1.704365815147213e-16
265    1.2031131902583495e-08    6.015565951291747e-09    8.131516293641283e-17
266    1.2031131931423272e-08    6.015565965711636e-09    9.573505183047004e-17
267    1.2031131672949474e-08    6.015565836474737e-09    3.350184712980209e-17
268    1.2031132361201013e-08    6.015566180600507e-09    3.10623922417097e-16
269    1.2031132575222522e-08    6.015566287611261e-09    4.176346768414163e-16
270    1.203113253423968e-08    6.01556626711984e-09    3.9714325578144027e-16
271    1.203113188068261e-08    6.015565940341305e-09    7.036472099430924e-17
272    1.2031131814112597e-08    6.015565907056299e-09    3.707971429900425e-17
273    1.2031131911907633e-08    6.015565955953817e-09    8.59772322781005e-17
274    1.2031131721955413e-08    6.015565860977706e-09    8.998878031629687e-18
275    1.2031131532653713e-08    6.015565766326857e-09    1.0364972768961422e-16
276    1.2031131734315317e-08    6.015565867157659e-09    2.8189256484623115e-18
277    1.2031131914076038e-08    6.015565957038019e-09    8.7061434450586e-17
278    1.2031131712197593e-08    6.0155658560987965e-09    1.3877787807814457e-17
279    1.2031131853360716e-08    6.015565926680358e-09    5.670377362099188e-17
280    1.203113190041509e-08    6.015565950207545e-09    8.023096076392733e-17
281    1.2031131803704256e-08    6.015565901852128e-09    3.187554387107383e-17
282    1.2031132184259219e-08    6.0155660921296095e-09    2.2215302514227986e-16
283    1.2031132190981272e-08    6.015566095490636e-09    2.255140518769849e-16
284    1.2031132102510375e-08    6.0155660512551876e-09    1.8127860323957634e-16
285    1.2031131689646188e-08    6.015565844823094e-09    2.5153490401663703e-17
286    1.203113182083465e-08    6.015565910417325e-09    4.0440741033709315e-17
287    1.2031132170815112e-08    6.015566085407556e-09    2.1543097167286973e-16
288    1.203113206000965e-08    6.015566030004825e-09    1.6002824065886045e-16
289    1.2031132065647501e-08    6.015566032823751e-09    1.6284716630732277e-16
290    1.203113226947751e-08    6.015566134738755e-09    2.647621705209602e-16
291    1.2031131921014931e-08    6.015565960507466e-09    9.053088140253962e-17
292    1.2031132011437393e-08    6.015566005718696e-09    1.3574211199518516e-16
293    1.2031131730195349e-08    6.0155658650976745e-09    4.87890977618477e-18
294    1.2031131964166178e-08    6.015565982083089e-09    1.1210650463500116e-16
295    1.2031132195534922e-08    6.015566097767461e-09    2.277908764392045e-16
296    1.2031132183825538e-08    6.015566091912769e-09    2.2193618470778276e-16
297    1.2031131674901038e-08    6.015565837450519e-09    3.252606517456513e-17
298    1.203113181042631e-08    6.015565905213155e-09    3.5236570605778894e-17
299    1.2031132061310693e-08    6.015566030655346e-09    1.6067876196235176e-16
300    1.2031132256900764e-08    6.015566128450382e-09    2.5847379792054426e-16
301    1.2031132102944056e-08    6.015566051472028e-09    1.8149544367407344e-16
302    1.2031131999294328e-08    6.015565999647164e-09    1.2967057982926633e-16
303    1.2031132072586395e-08    6.0155660362931976e-09    1.6631661325927638e-16
304    1.2031131831676672e-08    6.015565915838336e-09    4.586175189613684e-17
305    1.2031131662757974e-08    6.015565831378987e-09    3.859759734048396e-17
306    1.2031131853360716e-08    6.015565926680358e-09    5.670377362099188e-17
307    1.2031131677503124e-08    6.015565838751562e-09    3.122502256758253e-17
308    1.2031132493473679e-08    6.015566246736839e-09    3.767602549387128e-16
309    1.2031132041144532e-08    6.015566020572266e-09    1.5059568175823657e-16
310    1.2031132258201807e-08    6.0155661291009035e-09    2.5912431922403556e-16
311    1.203113210511246e-08    6.01556605255623e-09    1.8257964584655895e-16
312    1.2031132134385919e-08    6.0155660671929595e-09    1.9721637517511326e-16
313    1.2031132077140044e-08    6.015566038570022e-09    1.6859343782149594e-16
314    1.2031132069550629e-08    6.0155660347753145e-09    1.6479873021779667e-16
315    1.2031132078657927e-08    6.015566039328964e-09    1.693523793422358e-16
316    1.2031131796114841e-08    6.015565898057421e-09    2.8080836267374565e-17
317    1.2031131720003849e-08    6.015565860001924e-09    9.974659986866641e-18
318    1.2031131901499292e-08    6.015565950749646e-09    8.077306185017008e-17
319    1.2031131942482134e-08    6.015565971241067e-09    1.0126448291014611e-16
320    1.2031131611583631e-08    6.015565805791816e-09    6.418476861114186e-17
321    1.2031131626545621e-08    6.015565813272811e-09    5.670377362099188e-17
322    1.2031131926002261e-08    6.015565963001131e-09    9.302454639925628e-17
323    1.2031132176236123e-08    6.0155660881180614e-09    2.181414771040835e-16
324    1.203113189998141e-08    6.015565949990705e-09    8.001412032943023e-17
325    1.2031131778767606e-08    6.015565889383803e-09    1.940721888749053e-17
326    1.2031131818449406e-08    6.015565909224703e-09    3.924811864397526e-17
327    1.2031131782453894e-08    6.015565891226947e-09    2.1250362580715887e-17
328    1.2031131812594714e-08    6.015565906297357e-09    3.63207727782644e-17
329    1.2031132505833583e-08    6.015566252916792e-09    3.8294020732188017e-16
330    1.2031132255816562e-08    6.015566127908281e-09    2.579316968343015e-16
331    1.203113192036441e-08    6.015565960182205e-09    9.020562075079397e-17
332    1.2031132138505887e-08    6.015566069252944e-09    1.9927635930283571e-16
333    1.203113197977869e-08    6.015565989889345e-09    1.199127602768968e-16
334    1.2031132036590883e-08    6.0155660182954415e-09    1.48318857196017e-16
335    1.2031131946602103e-08    6.015565973301051e-09    1.0332446703786857e-16
336    1.2031132009052148e-08    6.015566004526074e-09    1.345494896054511e-16
337    1.203113209535464e-08    6.01556604767732e-09    1.7770073607037418e-16
338    1.2031132043312937e-08    6.015566021656468e-09    1.5167988393072207e-16
339    1.2031131518775925e-08    6.015565759387963e-09    1.1058862159352145e-16
340    1.2031131553253555e-08    6.015565776626777e-09    9.334980705100193e-17
341    1.2031131903017175e-08    6.015565951508588e-09    8.153200337090993e-17
342    1.2031132105979822e-08    6.015566052989911e-09    1.8301332671555315e-16
343    1.2031131967418784e-08    6.015565983709392e-09    1.1373280789372942e-16
344    1.2031131724774338e-08    6.015565862387169e-09    7.589415207398531e-18
345    1.2031131958745167e-08    6.0155659793725835e-09    1.093959992037874e-16
346    1.203113194031373e-08    6.015565970156865e-09    1.0018028073766061e-16
347    1.2031131832110353e-08    6.015565916055177e-09    4.607859233063394e-17
348    1.203113192036441e-08    6.015565960182205e-09    9.020562075079397e-17
349    1.2031131927953825e-08    6.015565963976913e-09    9.400032835449323e-17
350    1.2031132084295779e-08    6.015566042147889e-09    1.721713049906981e-16
351    1.203113198541654e-08    6.01556599270827e-09    1.227316859253591e-16
352    1.203113188024893e-08    6.015565940124465e-09    7.014788055981214e-17
353    1.2031131724557498e-08    6.015565862278749e-09    7.697835424647081e-18
354    1.2031131500344489e-08    6.015565750172244e-09    1.1980434005964824e-16
355    1.2031131849891269e-08    6.0155659249456345e-09    5.4969050145015075e-17
356    1.2031131900848771e-08    6.0155659504243855e-09    8.044780119842443e-17
357    1.2031131888922547e-08    6.0155659444612736e-09    7.448468924975415e-17
358    1.2031131896945643e-08    6.015565948472822e-09    7.849623728795052e-17
359    1.2031131868539546e-08    6.015565934269773e-09    6.429318882839041e-17
360    1.2031132034422479e-08    6.015566017211239e-09    1.472346550235315e-16
361    1.2031131931423272e-08    6.015565965711636e-09    9.573505183047004e-17
362    1.2031132202040135e-08    6.015566101020067e-09    2.31043482956661e-16
363    1.2031132410640633e-08    6.015566205320316e-09    3.353437319497665e-16
364    1.2031131971321912e-08    6.015565985660956e-09    1.1568437180420332e-16
365    1.2031131904535058e-08    6.015565952267529e-09    8.229094489164979e-17
366    1.203113180522214e-08    6.01556590261107e-09    3.2634485391813683e-17
367    1.2031131512921234e-08    6.015565756460617e-09    1.1351596745923231e-16
368    1.203113195484204e-08    6.01556597742102e-09    1.0744443529331349e-16
369    1.2031131607029982e-08    6.015565803514991e-09    6.646159317336142e-17
370    1.2031131814546278e-08    6.015565907273139e-09    3.729655473350135e-17
371    1.2031132094053598e-08    6.015566047026799e-09    1.7705021476688287e-16
372    1.2031132208762188e-08    6.015566104381094e-09    2.3440450969136606e-16
373    1.2031132131783834e-08    6.015566065891917e-09    1.9591533256813065e-16
374    1.2031131889356228e-08    6.015565944678114e-09    7.470152968425126e-17
375    1.2031131911907633e-08    6.015565955953817e-09    8.59772322781005e-17
376    1.2031131662974814e-08    6.015565831487407e-09    3.848917712323541e-17
377    1.203113183080931e-08    6.015565915404655e-09    4.5428071027142636e-17
378    1.2031132332794917e-08    6.015566166397458e-09    2.964208739575369e-16
379    1.2031132177537165e-08    6.015566088768583e-09    2.187919984075748e-16
380    1.2031132308942469e-08    6.015566154471234e-09    2.8449465006019636e-16
381    1.2031132042662415e-08    6.015566021331208e-09    1.5135462327897642e-16
382    1.2031132054588639e-08    6.0155660272943196e-09    1.573177352276467e-16
383    1.2031132148914228e-08    6.015566074457114e-09    2.0448052973076614e-16
384    1.2031132048517107e-08    6.0155660242585535e-09    1.5428196914468728e-16
385    1.2031131922966495e-08    6.015565961483248e-09    9.150666335777657e-17
386    1.2031132118990248e-08    6.015566059495124e-09    1.8951853975046618e-16
387    1.2031132039409809e-08    6.015566019704904e-09    1.4972832002024816e-16
388    1.20311323048225e-08    6.01556615241125e-09    2.824346659324739e-16
389    1.2031131970671391e-08    6.0155659853356955e-09    1.1535911115245767e-16
390    1.2031132068683267e-08    6.015566034341634e-09    1.6436504934880247e-16
391    1.2031132113569237e-08    6.015566056784619e-09    1.8680803431925241e-16
392    1.203113180543898e-08    6.01556590271949e-09    3.2742905609062234e-17
393    1.2031131882200494e-08    6.015565941100247e-09    7.112366251504909e-17
394    1.2031131978694487e-08    6.0155659893472435e-09    1.1937065919065404e-16
395    1.2031131999077488e-08    6.015565999538744e-09    1.2956215961201778e-16
396    1.2031131916461282e-08    6.015565958230641e-09    8.825405684032006e-17
397    1.2031132223290497e-08    6.0155661116452486e-09    2.4166866424701894e-16
398    1.2031132043963458e-08    6.015566021981729e-09    1.5200514458246772e-16
399    1.20311317154502e-08    6.0155658577251e-09    1.22514845490862e-17
400    1.2031131973923997e-08    6.015565986961999e-09    1.1698541441118593e-16
401    1.2031132074537959e-08    6.0155660372689795e-09    1.6729239521451333e-16
402    1.2031131908438186e-08    6.015565954219093e-09    8.42425088021237e-17
403    1.2031132072369555e-08    6.015566036184777e-09    1.6620819304202783e-16
404    1.203113188501942e-08    6.01556594250971e-09    7.253312533928025e-17
405    1.2031131633918196e-08    6.015565816959098e-09    5.3017486234541167e-17
406    1.2031132007751105e-08    6.015566003875553e-09    1.338989683019598e-16
407    1.2031131780068649e-08    6.0155658900343245e-09    2.0057740190981832e-17
408    1.2031132210930592e-08    6.015566105465296e-09    2.3548871186385156e-16
409    1.2031132296365724e-08    6.015566148182862e-09    2.7820627745978044e-16
410    1.2031132257984967e-08    6.015566128992483e-09    2.59015899006787e-16
411    1.2031132106413503e-08    6.0155660532067515e-09    1.8323016715005025e-16
412    1.2031131993873317e-08    6.015565996936659e-09    1.2696007439805257e-16
413    1.2031132202040135e-08    6.015566101020067e-09    2.31043482956661e-16
414    1.2031132051552873e-08    6.0155660257764365e-09    1.5579985218616699e-16
415    1.2031132057407565e-08    6.015566028703782e-09    1.5872719805187785e-16
416    1.2031132036157202e-08    6.015566018078601e-09    1.481020167615199e-16
417    1.2031131951372592e-08    6.015565975686296e-09    1.0570971181733668e-16
418    1.203113190995607e-08    6.015565954978035e-09    8.500145032286355e-17
419    1.2031131823219895e-08    6.015565911609948e-09    4.163336342344337e-17
420    1.2031131642158133e-08    6.015565821079066e-09    4.889751797909625e-17
421    1.2031131848807067e-08    6.015565924403533e-09    5.442694905877232e-17
422    1.203113176033617e-08    6.015565880168085e-09    1.0191500421363742e-17
423    1.2031131761637212e-08    6.015565880818606e-09    1.0842021724855044e-17
424    1.2031131988235466e-08    6.015565994117733e-09    1.2414114874959026e-16
425    1.2031131917328644e-08    6.015565958664322e-09    8.868773770931426e-17
426    1.203113224432402e-08    6.01556612216201e-09    2.5218542532012833e-16
427    1.2031132241288253e-08    6.015566120644127e-09    2.5066754227864863e-16
428    1.203113231436348e-08    6.01556615718174e-09    2.872051554914101e-16
429    1.2031132001679573e-08    6.0155660008397865e-09    1.3086320221900039e-16
430    1.2031132248227147e-08    6.0155661241135736e-09    2.5413698923060224e-16
431    1.203113224497454e-08    6.01556612248727e-09    2.52510685971874e-16
432    1.2031132032687755e-08    6.015566016343878e-09    1.463672932855431e-16
433    1.2031132049384469e-08    6.015566024692234e-09    1.5471565001368148e-16
434    1.203113222936203e-08    6.015566114681015e-09    2.4470443032997835e-16
435    1.2031132318483448e-08    6.015566159241724e-09    2.892651396191326e-16
436    1.2031132280753212e-08    6.015566140376606e-09    2.704000218178848e-16
437    1.2031131732797434e-08    6.015565866398717e-09    3.577867169202165e-18
438    1.2031131803487416e-08    6.015565901743708e-09    3.176712365382528e-17
439    1.2031132037891926e-08    6.015566018945963e-09    1.489693784995083e-16
440    1.2031132042879256e-08    6.015566021439628e-09    1.5146304349622497e-16
441    1.2031131869406908e-08    6.015565934703454e-09    6.472686969738461e-17
442    1.203113164606126e-08    6.01556582303063e-09    4.694595406862234e-17
443    1.2031131644760218e-08    6.015565822380109e-09    4.7596475372113645e-17
444    1.2031132276850084e-08    6.015566138425042e-09    2.684484579074109e-16
445    1.2031131976742923e-08    6.0155659883714616e-09    1.1839487723541708e-16
446    1.2031132238035647e-08    6.015566119017823e-09    2.4904123901992037e-16
447    1.2031132413242718e-08    6.015566206621359e-09    3.3664477455674913e-16
448    1.2031131916678123e-08    6.015565958339061e-09    8.836247705756861e-17
449    1.2031131938362166e-08    6.015565969181083e-09    9.920449878242366e-17
450    1.2031131808257906e-08    6.015565904128953e-09    3.415236843329339e-17
451    1.2031131742988935e-08    6.015565871494467e-09    1.5178830414797062e-18
452    1.2031132076055842e-08    6.015566038027921e-09    1.6805133673525319e-16
453    1.203113180023481e-08    6.015565900117405e-09    3.0140820395097023e-17
454    1.2031131765106659e-08    6.0155658825533295e-09    1.2576745200831851e-17
455    1.2031131682924134e-08    6.015565841462067e-09    2.8514517136368767e-17
456    1.2031131507717063e-08    6.015565753858532e-09    1.1611805267319752e-16
457    1.2031131162290251e-08    6.0155655811451256e-09    2.888314587501384e-16
458    1.2031130813827673e-08    6.0155654069138365e-09    4.630627478685589e-16
459    1.2031130135984475e-08    6.015565067992237e-09    8.019843469875276e-16
460    1.2031127939607714e-08    6.015563969803857e-09    1.900172727498095e-15
461    1.203112513282513e-08    6.015562566412565e-09    3.303564019563332e-15
462    1.2031119964650214e-08    6.015559982325107e-09    5.887651477465283e-15
463    1.2031110732018194e-08    6.015555366009097e-09    1.0503967487474064e-14
464    1.2031094961863914e-08    6.015547480931957e-09    1.8389044627309392e-14
465    1.203106825015815e-08    6.015534125079075e-09    3.174489750928933e-14
466    1.2031023406255253e-08    6.015511703127627e-09    5.416684895759305e-14
467    1.2030947848856374e-08    6.015473924428187e-09    9.194554839719871e-14
468    1.203082284186377e-08    6.015411420931885e-09    1.544490446994673e-13
469    1.2030617542110877e-08    6.015308771055439e-09    2.570989211456154e-13
470    1.2030283404228584e-08    6.015141702114292e-09    4.2416786229237946e-13
471    1.2029745169407288e-08    6.014872584703644e-09    6.932852729402139e-13
472    1.2028888424610654e-08    6.014444212305327e-09    1.1216576712574922e-12
473    1.2027538650368624e-08    6.013769325184312e-09    1.7965447922721478e-12
474    1.2025435070905227e-08    6.0127175354526136e-09    2.8483345239707636e-12
475    1.2022194958083085e-08    6.0110974790415425e-09    4.4683909350418105e-12
476    1.2017261479327357e-08    6.0086307396636784e-09    6.9351303129058794e-12
477    1.2009841462469473e-08    6.004920731234736e-09    1.064513874184797e-11
478    1.1998819484651188e-08    5.999409742325594e-09    1.6156127650990282e-11
479    1.1982654872033996e-08    5.991327436016998e-09    2.423843395958636e-11
480    1.195925985585794e-08    5.97962992792897e-09    3.5935942047614355e-11
481    1.1925856478571528e-08    5.962928239285764e-09    5.2637630690820225e-11
482    1.1878824128551749e-08    5.939412064275874e-09    7.615380570070995e-11
483    1.1813544343501972e-08    5.906772171750986e-09    1.0879369822559826e-10
484    1.172426499049424e-08    5.86213249524712e-09    1.5343337472946417e-10
485    1.1603996305292394e-08    5.801998152646197e-09    2.1356771733038737e-10
486    1.1444482486688834e-08    5.722241243344417e-09    2.9332462663216735e-10
487    1.1236262442834363e-08    5.618131221417182e-09    3.974346485594027e-10
488    1.0968872560246368e-08    5.484436280123184e-09    5.311295898534005e-10
489    1.0631199880281259e-08    5.315599940140629e-09    6.999659298359551e-10
490    1.0212012002295753e-08    5.106006001147877e-09    9.095598688287077e-10
491    9.70066292224625e-09    4.850331461123125e-09    1.1652344088534591e-09
492    9.087935801252098e-09    4.543967900626049e-09    1.4715979693505354e-09
493    8.366979015010656e-09    4.183489507505328e-09    1.8320763624712563e-09
494    7.534249909721402e-09    3.767124954860701e-09    2.2484409151158832e-09
495    6.590350573425219e-09    3.2951752867126094e-09    2.720390583263975e-09
496    5.5406630613836355e-09    2.7703315306918178e-09    3.2452343392847666e-09
497    4.395633328027962e-09    2.197816664013981e-09    3.817749205962603e-09
498    3.1704309084740895e-09    1.5852154542370447e-09    4.4303504157395396e-09
499    1.8803136220355704e-09    9.401568110177852e-10    5.075409058958799e-09
500    0.0    2.130256576606676e-10    5.802540212315917e-09
501    0.0    6.273808686105276e-11    5.9528277831155316e-09
502    0.0    1.9041115038864742e-11    5.9965247549377196e-09
503    0.0    5.809178550524041e-12    6.00975669142606e-09
504    0.0    1.7740808821997689e-12    6.0137917890943846e-09
505    0.0    5.419577547155496e-13    6.015023912221869e-09
506    0.0    1.655642853717887e-13    6.0154003056912125e-09
507    0.0    5.043404929794271e-14    6.015515435927286e-09
508    0.0    1.5492923784166113e-14    6.0155503770528e-09
509    0.0    4.763659085249561e-15    6.015561106317499e-09
510    0.0    1.382140929484521e-15    6.015564487835655e-09
511    0.0    6.860831347488272e-16    6.0155651838934496e-09
512    0.0    1.6512399086954233e-16    6.0155657048525935e-09
513    -0.0    -1.734723475976807e-18    6.015565871711308e-09
514    0.0    7.090682208055199e-17    6.015565799069762e-09
515    -0.0    -7.958043946043603e-17    6.015565949557024e-09
516    0.0    3.7947076036992655e-18    6.015565866181877e-09
517    -0.0    -3.67544536472586e-17    6.015565906731038e-09
518    0.0    5.778797579347739e-17    6.0155658121886085e-09
519    -0.0    -6.505213034913027e-17    6.015565935028715e-09
520    0.0    1.336821278674627e-16    6.0155657362944565e-09
521    -0.0    -5.366800753803247e-17    6.015565923644592e-09
522    -0.0    -3.2851325826310784e-17    6.01556590282791e-09
523    -0.0    -5.5294310796760726e-18    6.015565875506015e-09
524    -0.0    -6.418476861114186e-17    6.015565934161353e-09
525    0.0    2.087089182034596e-16    6.015565661267666e-09
526    -0.0    -4.434386885465713e-17    6.015565914320453e-09
527    -0.0    -1.332484469984685e-16    6.015566003225031e-09
528    -0.0    -7.578573185673676e-17    6.015565945762316e-09
529    -0.0    -2.1532255145562118e-16    6.015566085299136e-09
530    -0.0    -3.0357660829594124e-18    6.01556587301235e-09
531    0.0    1.6881027825599304e-16    6.015565701166306e-09
532    0.0    1.5298092653770468e-16    6.015565716995658e-09
533    0.0    8.782037597132586e-18    6.015565861194547e-09
534    0.0    6.245004513516506e-17    6.015565807526539e-09
535    0.0    2.4296970685400154e-16    6.0155656270068775e-09
536    0.0    7.903833837419327e-17    6.015565790938246e-09
537    -0.0    -1.1123914289701275e-16    6.015565981215727e-09
538    -0.0    -7.817097663620487e-17    6.015565948147561e-09
539    0.0    3.913969842672671e-17    6.015565830836886e-09
540    -0.0    -6.700369425960417e-17    6.0155659369802786e-09
541    -0.0    -1.330316065639714e-16    6.015566003008191e-09
542    -0.0    -6.353424730765056e-17    6.015565933510832e-09
543    0.0    9.269928574751063e-17    6.0155657772772986e-09
544    -0.0    -7.26415455565288e-18    6.015565877240739e-09
545    0.0    1.4268100589909238e-16    6.0155657272955784e-09
546    -0.0    -2.2985086056692694e-17    6.01556589296167e-09
547    0.0    9.172350379227368e-17    6.0155657782530805e-09
548    0.0    1.1037178115902435e-16    6.015565759604803e-09
549    0.0    8.695301423333746e-17    6.01556578302357e-09
550    0.0    1.3118846287074604e-17    6.015565856857738e-09
551    -0.0    -5.0090140368830305e-17    6.015565920066725e-09
552    -0.0    -3.8272336688738307e-17    6.015565908248921e-09
553    0.0    2.862293735361732e-17    6.015565841353647e-09
554    -0.0    -1.2457482961858446e-16    6.015565994551414e-09
555    0.0    1.7770073607037418e-16    6.015565692275848e-09
556    -0.0    -3.69712940817557e-17    6.015565906947878e-09
557    0.0    4.90059381963448e-17    6.015565820970646e-09
558    0.0    2.5034228162690297e-16    6.015565619634303e-09
559    0.0    6.266688556966216e-17    6.015565807309699e-09
560    -0.0    -1.4213890481284963e-16    6.015566012115489e-09
561    0.0    2.981555974335137e-17    6.0155658401610246e-09
562    0.0    9.952975943416931e-17    6.015565770446825e-09
563    0.0    8.521829075736065e-17    6.0155657847582936e-09
564    -0.0    -5.5294310796760726e-17    6.015565925270895e-09
565    -0.0    -9.378348791999613e-17    6.015565963760072e-09
566    -0.0    -1.1308228659023811e-16    6.015565983058871e-09
567    -0.0    -4.683753385137379e-17    6.015565916814118e-09
568    0.0    8.337514706413529e-17    6.015565786601437e-09
569    -0.0    -9.812029660993815e-17    6.015565968096881e-09
570    0.0    1.1817803680091998e-17    6.015565858158781e-09
571    0.0    3.436920886779049e-17    6.0155658356073755e-09
572    -0.0    -1.452830911130576e-16    6.0155660152596754e-09
573    0.0    3.436920886779049e-17    6.0155658356073755e-09
574    0.0    6.483528991463317e-17    6.015565805141294e-09
575    0.0    7.925517880869037e-17    6.0155657907214055e-09
576    0.0    9.486769009248164e-17    6.015565775108894e-09
577    -0.0    -7.274996577377735e-17    6.01556594272655e-09
578    0.0    7.665309359472516e-17    6.015565793323491e-09
579    0.0    7.892991815694472e-17    6.015565791046666e-09
580    -0.0    -5.421010862427522e-18    6.015565875397595e-09
581    0.0    3.426078865054194e-17    6.015565835715796e-09
582    0.0    5.074066167232161e-17    6.015565819235923e-09
583    -0.0    -3.5561831257524545e-17    6.0155659055384156e-09
584    -0.0    -2.0393842864452338e-16    6.015566073915013e-09
585    0.0    4.412702842016003e-17    6.015565825849556e-09
586    0.0    1.1188966420050406e-16    6.01556575808692e-09
587    -0.0    -3.209238430557093e-17    6.015565902068969e-09
588    -0.0    -2.8189256484623115e-17    6.015565898165841e-09
589    -0.0    -4.445228907190568e-17    6.015565914428873e-09
590    -0.0    -7.730361489821647e-17    6.015565947280199e-09
591    -0.0    -2.0816681711721685e-17    6.015565890793266e-09
592    0.0    2.7972416050126014e-17    6.015565842004168e-09
593    -0.0    -1.8257964584655895e-16    6.01556605255623e-09
594    0.0    5.930585883495709e-17    6.0155658106707255e-09
595    0.0    4.2392304944183223e-17    6.015565827584279e-09
596    0.0    1.0907073855204175e-16    6.015565760905846e-09
597    -0.0    -6.310056643865636e-17    6.015565933077151e-09
598    -0.0    -4.185020385794047e-17    6.015565911826788e-09
599    0.0    1.7564075194265172e-17    6.015565852412509e-09
600    -0.0    -1.356336917779366e-16    6.015566005610276e-09
601    -0.0    -3.903127820947816e-18    6.015565873879712e-09
602    -0.0    -1.9765005604410746e-16    6.01556606762664e-09
603    -0.0    -4.087442190270352e-17    6.015565910851006e-09
604    -0.0    -4.824699667560495e-17    6.015565918223581e-09
605    -0.0    -7.340048707726865e-17    6.015565943377071e-09
606    -0.0    -9.031404096804252e-17    6.015565960290625e-09
607    0.0    2.168404344971009e-19    6.015565869759744e-09
608    0.0    2.8189256484623115e-18    6.015565867157659e-09
609    0.0    7.426784881525705e-17    6.0155657957087355e-09
610    0.0    2.461138931542095e-17    6.015565845365195e-09
611    -0.0    -6.396792817664476e-17    6.0155659339445125e-09
612    -0.0    -1.1655173354219173e-16    6.015565986528318e-09
613    -0.0    -2.0838365755171395e-16    6.015566078360242e-09
614    -0.0    -2.1185310450366757e-16    6.015566081829689e-09
615    0.0    9.042246118529107e-17    6.015565779554123e-09
616    0.0    2.314771638256552e-16    6.0155656384994205e-09
617    0.0    1.1839487723541708e-16    6.015565751581707e-09
618    -0.0    -5.106592232406726e-17    6.015565921042507e-09
619    -0.0    -5.9631119486702744e-18    6.015565875939696e-09
620    0.0    1.0375814790686277e-16    6.0155657662184364e-09
621    0.0    3.686287386450715e-18    6.015565866290297e-09
622    -0.0    -1.485356976305141e-17    6.015565884830154e-09
623    0.0    5.724587470723463e-17    6.01556581273071e-09
624    -0.0    -7.426784881525705e-17    6.015565944244433e-09
625    0.0    1.5937771935536915e-17    6.015565854038812e-09
626    -0.0    -8.51098705401121e-17    6.015565955086455e-09
627    -0.0    -7.491837011874836e-17    6.0155659448949544e-09
628    -0.0    -8.359198749863239e-17    6.015565953568572e-09
629    -0.0    -2.07407875596477e-16    6.01556607738446e-09
630    -0.0    -9.421716878899034e-17    6.015565964193753e-09
631    0.0    1.6772607608350754e-16    6.015565702250508e-09
632    0.0    9.660241356845845e-17    6.015565773374171e-09
633    -0.0    -8.131516293641283e-18    6.015565878108101e-09
634    0.0    1.3877787807814457e-17    6.0155658560987965e-09
635    -0.0    -4.466912950640278e-17    6.015565914645714e-09
636    0.0    1.7531549129090607e-16    6.015565694661093e-09
637    0.0    2.5652223401007035e-16    6.01556561345435e-09
638    0.0    8.651933336434325e-17    6.015565783457251e-09
639    -0.0    -1.216474837528736e-16    6.015565991624068e-09
640    -0.0    -8.586881206085195e-17    6.015565955845396e-09
641    0.0    1.2218958483911635e-16    6.0155657477869995e-09
642    0.0    4.92227786308419e-17    6.015565820753806e-09
643    0.0    1.4300626655083803e-16    6.015565726970318e-09
644    0.0    1.1720225484568303e-16    6.0155657527743295e-09
645    -0.0    -1.1492543028346347e-17    6.015565881469127e-09
646    0.0    2.0599841277224584e-16    6.0155656639781716e-09
647    0.0    2.3852447794681098e-18    6.0155658675913395e-09
648    -0.0    -4.96564594998361e-17    6.015565919633044e-09
649    0.0    1.807365021533336e-16    6.015565689240082e-09
650    -0.0    -1.8756697583999227e-17    6.015565888733282e-09
651    -0.0    -1.0191500421363742e-17    6.015565880168085e-09
652    -0.0    -1.441988889405721e-16    6.015566014175473e-09
653    -0.0    -5.605325231750058e-17    6.015565926029837e-09
654    -0.0    -7.22078646875346e-17    6.015565942184449e-09
655    -0.0    -1.0787811616230769e-16    6.0155659778547005e-09
656    -0.0    -7.925517880869037e-17    6.015565949231763e-09
657    0.0    1.8323016715005025e-17    6.015565851653568e-09
658    -0.0    -5.0090140368830305e-17    6.015565920066725e-09
659    0.0    1.560166926206641e-16    6.015565713959892e-09
660    0.0    2.4210234511601314e-16    6.015565627874239e-09
661    0.0    7.903833837419327e-17    6.015565790938246e-09
662    -0.0    -4.466912950640278e-17    6.015565914645714e-09
663    0.0    7.361732751176575e-17    6.015565796359257e-09
664    0.0    5.833007687972014e-17    6.0155658116465074e-09
665    -0.0    -1.1123914289701275e-16    6.015565981215727e-09
666    -0.0    -5.984795992119984e-17    6.015565929824544e-09
667    -0.0    -5.637851296924623e-17    6.015565926355097e-09
668    -0.0    -5.692061405548898e-17    6.015565926897198e-09
669    -0.0    -8.066464163292153e-17    6.015565950641226e-09
670    -0.0    -2.422107653332617e-16    6.01556611218735e-09
671    -0.0    -1.8106176280507924e-17    6.015565888082761e-09
672    -0.0    -5.323432666903827e-17    6.015565923210911e-09
673    0.0    1.1460016963171782e-16    6.015565755376415e-09
674    0.0    3.9898639947466563e-17    6.015565830077944e-09
675    0.0    1.57968256531138e-16    6.015565712008328e-09
676    0.0    2.927345865710862e-17    6.015565840703126e-09
677    -0.0    -9.107298248878237e-18    6.0155658790838826e-09
678    0.0    8.250778532614689e-17    6.015565787468799e-09
679    0.0    2.2551405187698492e-17    6.015565847425179e-09
680    -0.0    -1.1958749962515114e-16    6.015565989564084e-09
681    -0.0    -5.561957144850638e-17    6.015565925596156e-09
682    0.0    3.122502256758253e-17    6.015565838751562e-09
683    -0.0    -1.2750217548429532e-16    6.01556599747876e-09
684    -0.0    -1.8930169931596907e-16    6.015566059278284e-09
685    -0.0    -5.204170427930421e-18    6.015565875180755e-09
686    -0.0    -6.884683795282953e-17    6.015565938823422e-09
687    -0.0    -6.16911036144252e-17    6.015565931667688e-09
688    -0.0    -1.1384122811097797e-16    6.0155659838178124e-09
689    -0.0    -1.2088854223213374e-16    6.0155659908651266e-09
690    -0.0    -4.9764879717084654e-17    6.015565919741464e-09
691    -0.0    -1.1232334506949826e-16    6.015565982299929e-09
692    -0.0    -2.6660531421418554e-16    6.0155661365818985e-09
693    -0.0    -1.5027042110649091e-16    6.0155660202470054e-09
694    -0.0    -4.369334755116583e-17    6.015565913669932e-09
695    -0.0    -1.3552527156068805e-17    6.0155658835291115e-09
696    0.0    8.337514706413529e-17    6.015565786601437e-09
697    0.0    1.0722759485881639e-16    6.0155657627489895e-09
698    0.0    6.884683795282953e-17    6.015565801129746e-09
699    -0.0    -1.1763593571467723e-16    6.01556598761252e-09
700    -0.0    -2.1629833341085813e-16    6.015566086274918e-09
701    -0.0    -1.5189672436521917e-16    6.015566021873309e-09
702    -0.0    -4.2500725161431774e-17    6.0155659124773095e-09
703    0.0    1.0083080204115191e-17    6.015565859893504e-09
704    -0.0    -8.283304597789254e-17    6.01556595280963e-09
705    -0.0    -6.5052130349130266e-18    6.015565876481797e-09
706    0.0    2.0046898169256977e-16    6.015565669507603e-09
707    -0.0    -3.187554387107383e-17    6.015565901852128e-09
708    -0.0    -9.974659986866641e-17    6.015565969723184e-09
709    -0.0    -8.771195575407731e-17    6.01556595768854e-09
710    0.0    1.3552527156068805e-17    6.015565856424057e-09
711    -0.0    -3.8055496254241206e-17    6.0155659080320806e-09
712    -0.0    -5.453536927602087e-17    6.015565924511954e-09
713    -0.0    -1.8973538018496328e-17    6.015565888950122e-09
714    -0.0    -1.2479167005308156e-16    6.015565994768254e-09
715    0.0    1.0798653637955624e-16    6.015565761990048e-09
716    -0.0    -1.2685165418080402e-17    6.01556588266175e-09
717    0.0    1.0354130747236567e-16    6.015565766435277e-09
718    0.0    1.691355389077387e-17    6.0155658530630304e-09
719    -0.0    -2.168404344971009e-17    6.015565891660628e-09
720    0.0    1.734723475976807e-18    6.015565868241861e-09
721    -0.0    -1.5612511283791264e-16    6.015566026101697e-09
722    -0.0    -1.9992688060632702e-16    6.015566069903465e-09
723    -0.0    -9.400032835449323e-17    6.015565963976913e-09
724    -0.0    -9.128982292327947e-17    6.015565961266407e-09
725    0.0    1.1937065919065404e-16    6.015565750605925e-09
726    0.0    7.383416794626285e-17    6.015565796142416e-09
727    0.0    9.378348791999613e-17    6.015565776193096e-09
728    0.0    1.0972125985553305e-16    6.0155657602553245e-09
729    0.0    4.0657581468206416e-17    6.015565829319003e-09
730    0.0    2.1141942363467336e-17    6.015565848834642e-09
731    -0.0    -5.4643789493269423e-17    6.015565924620374e-09
732    -0.0    -6.331740687315346e-17    6.015565933293991e-09
733    -0.0    -1.6588293239028218e-17    6.0155658865648776e-09
734    0.0    3.491130995403324e-17    6.015565835065274e-09
735    -0.0    -6.277530578691071e-17    6.01556593275189e-09
736    -0.0    -4.434386885465713e-17    6.015565914320453e-09
737    -0.0    -3.003240017784847e-17    6.0155659000089845e-09
738    0.0    1.0516761073109393e-17    6.015565859459823e-09
739    -0.0    -8.565197162635485e-18    6.0155658785417815e-09
740    -0.0    -8.164042358815848e-17    6.015565951617008e-09
741    -0.0    -1.984089975648473e-17    6.015565889817484e-09
742    0.0    3.220080452281948e-17    6.01556583777578e-09
743    0.0    3.5670251474773096e-17    6.015565834306333e-09
744    -0.0    -1.3845261742639892e-16    6.015566008429202e-09
745    0.0    7.209944447028604e-17    6.01556579787714e-09
746    -0.0    -1.7358076781492926e-16    6.015566043557352e-09
747    0.0    5.4969050145015075e-17    6.015565815007534e-09
748    0.0    9.877081791342945e-17    6.015565771205766e-09
749    0.0    1.1741909528018013e-16    6.015565752557489e-09
750    0.0    1.5590827240341554e-16    6.015565714068312e-09
751    -0.0    -1.6371452804531117e-17    6.015565886348037e-09
752    0.0    4.954803928258755e-17    6.015565820428545e-09
753    -0.0    -3.3393426912553537e-17    6.015565903370011e-09
754    -0.0    -2.3852447794681098e-17    6.015565893829032e-09
755    -0.0    -4.7704895589362195e-18    6.015565874747074e-09
756    0.0    8.239936510889834e-17    6.015565787577219e-09
757    0.0    1.4821043697876846e-16    6.015565721766147e-09
758    0.0    6.353424730765056e-17    6.015565806442337e-09
759    0.0    1.5124620306172787e-16    6.015565718730381e-09
760    0.0    1.4094628242311558e-17    6.015565855881956e-09
761    -0.0    -2.097931203759451e-16    6.015566079769705e-09
762    -0.0    -1.5363144784119598e-16    6.015566023608032e-09
763    0.0    5.692061405548898e-17    6.01556581305597e-09
764    -0.0    -8.630249292984615e-17    6.015565956279077e-09
765    0.0    2.0925101928970236e-17    6.015565849051482e-09
766    0.0    3.2526065174565133e-18    6.015565866723978e-09
767    0.0    1.0299920638612292e-17    6.015565859676664e-09
768    -0.0    -1.1633489310769463e-16    6.0155659863114774e-09
769    0.0    7.827939685345342e-17    6.0155657916971875e-09
770    0.0    1.6512399086954233e-16    6.0155657048525935e-09
771    0.0    4.2392304944183223e-17    6.015565827584279e-09
772    0.0    3.155028321932818e-17    6.015565838426301e-09
773    -0.0    -7.535205098774256e-17    6.015565945328635e-09
774    0.0    5.637851296924623e-18    6.015565864338733e-09
775    -0.0    -9.107298248878237e-18    6.0155658790838826e-09
776    -0.0    -4.9439619065339e-17    6.015565919416203e-09
777    0.0    2.190088388420719e-17    6.0155658480757004e-09
778    -0.0    -2.0491421059976034e-17    6.015565890468005e-09
779    0.0    1.358505322124337e-16    6.015565734126052e-09
780    0.0    8.7061434450586e-17    6.01556578291515e-09
781    -0.0    -1.2197274440461925e-16    6.015565991949329e-09
782    -0.0    -9.486769009248164e-17    6.0155659648442744e-09
783    0.0    7.318364664277155e-17    6.015565796792938e-09
784    0.0    6.093216209368535e-17    6.015565809044422e-09
785    -0.0    -1.951563910473908e-18    6.015565871928148e-09
786    -0.0    -4.380176776841438e-17    6.015565913778352e-09
787    -0.0    -1.5395670849294163e-17    6.015565885372255e-09
788    -0.0    -2.7863995832877464e-17    6.01556589784058e-09
789    0.0    5.735429492448318e-17    6.015565812622289e-09
790    -0.0    -1.32164244825983e-16    6.015566002140829e-09
791    -0.0    -1.1438332919722072e-16    6.0155659843599135e-09
792    -0.0    -6.754579534584693e-17    6.01556593752238e-09
793    -0.0    -3.7730235602495554e-17    6.01556590770682e-09
794    -0.0    -1.7509865085640897e-16    6.015566045075235e-09
795    -0.0    -3.8055496254241206e-17    6.0155659080320806e-09
796    -0.0    -1.2284010614260765e-16    6.0155659928166905e-09
797    -0.0    -1.0516761073109393e-17    6.015565880493345e-09
798    0.0    7.39425881635114e-17    6.015565796033996e-09
799    0.0    8.239936510889834e-17    6.015565787577219e-09
800    -0.0    -1.0169816377914032e-16    6.015565971674748e-09
801    0.0    4.716279450311944e-17    6.01556582281379e-09
802    0.0    1.0332446703786857e-16    6.015565766652117e-09
803    0.0    7.502679033599691e-17    6.015565794949794e-09
804    -0.0    -1.5048726154098802e-16    6.015566020463846e-09
805    0.0    4.85722573273506e-17    6.015565821404327e-09
806    0.0    2.1575623232461538e-17    6.015565848400961e-09
807    -0.0    -6.884683795282953e-17    6.015565938823422e-09
808    -0.0    -6.179952383167375e-18    6.015565876156537e-09
809    0.0    2.699663409488906e-17    6.01556584297995e-09
810    -0.0    -1.85940672581264e-16    6.015566055917257e-09
811    0.0    7.209944447028604e-17    6.01556579787714e-09
812    0.0    1.2392430831509316e-16    6.015565746052276e-09
813    -0.0    -4.683753385137379e-17    6.015565916814118e-09
814    -0.0    -1.7997756063259374e-17    6.01556588797434e-09
815    -0.0    -8.61940727125976e-17    6.015565956170657e-09
816    -0.0    -9.053088140253962e-17    6.015565960507466e-09
817    -0.0    -4.7704895589362195e-17    6.01556591768148e-09
818    -0.0    -1.7672495411513722e-17    6.01556588764908e-09
819    0.0    1.437652080715779e-16    6.015565726211376e-09
820    0.0    6.158268339717665e-17    6.015565808393901e-09
821    0.0    1.3379054808471125e-16    6.015565736186036e-09
822    0.0    1.7650811368064012e-16    6.015565693468471e-09
823    0.0    5.2366964931049864e-17    6.015565817609619e-09
824    -0.0    -6.993104012531504e-17    6.0155659399076244e-09
825    0.0    7.37257477290143e-18    6.0155658626040096e-09
826    -0.0    -3.848917712323541e-17    6.0155659084657614e-09
827    -0.0    -5.724587470723463e-17    6.015565927222459e-09
828    -0.0    -4.152494320619482e-17    6.0155659115015275e-09
829    -0.0    -5.128276275856436e-17    6.015565921259347e-09
830    -0.0    -2.2833297752544723e-16    6.015566098309562e-09
831    -0.0    -7.37257477290143e-18    6.015565877349159e-09
832    0.0    6.158268339717665e-17    6.015565808393901e-09
833    -0.0    -8.912141857830846e-17    6.015565959098003e-09
834    0.0    5.160802341031001e-17    6.015565818368561e-09
835    -0.0    -3.69712940817557e-17    6.015565906947878e-09
836    -0.0    -1.6067876196235176e-16    6.015566030655346e-09
837    -0.0    -2.1456360993488133e-16    6.015566084540194e-09
838    -0.0    -9.248244531301353e-17    6.01556596245903e-09
839    -0.0    -4.824699667560495e-17    6.015565918223581e-09
840    -0.0    -8.391724815037804e-17    6.0155659538938325e-09
841    -0.0    -1.1796119636642288e-16    6.015565987937781e-09
842    -0.0    -5.876375774871434e-17    6.015565928740342e-09
843    -0.0    -2.656295322589486e-17    6.0155658965395375e-09
844    0.0    6.906367838732663e-17    6.015565800912906e-09
845    -0.0    -2.1141942363467336e-17    6.015565891118527e-09
846    0.0    6.01732205729455e-17    6.015565809803364e-09
847    0.0    3.3068166260807885e-17    6.015565836908418e-09
848    0.0    2.222614453595284e-17    6.01556584775044e-09
849    -0.0    -1.3227266504323154e-16    6.015566002249249e-09
850    -0.0    -3.198396408832238e-17    6.015565901960548e-09
851    0.0    1.3129688308799459e-16    6.015565738679701e-09
852    -0.0    -1.8214596497756474e-17    6.015565888191181e-09
853    -0.0    -5.572799166575493e-17    6.015565925704576e-09
854    0.0    1.244664094013359e-16    6.015565745510175e-09
855    0.0    2.7863995832877464e-17    6.0155658421125885e-09
856    0.0    4.911435841359335e-17    6.015565820862226e-09
857    -0.0    -8.7061434450586e-17    6.015565957038019e-09
858    -0.0    -1.0863705768304754e-16    6.015565978613642e-09
859    0.0    5.583641188300348e-17    6.0155658141401724e-09
860    0.0    9.345822726825048e-17    6.015565776518357e-09
861    0.0    8.174884380540703e-17    6.0155657882277405e-09
862    0.0    9.540979117872439e-18    6.015565860435605e-09
863    0.0    9.378348791999613e-17    6.015565776193096e-09
864    0.0    8.185726402265558e-17    6.01556578811932e-09
865    -0.0    -2.0816681711721685e-17    6.015565890793266e-09
866    -0.0    -4.5211230592645535e-17    6.015565915187815e-09
867    -0.0    -8.196568423990414e-17    6.0155659519422686e-09
868    -0.0    -6.765421556309548e-17    6.0155659376308e-09
869    0.0    6.873841773558098e-17    6.015565801238167e-09
870    -0.0    -1.36501053515925e-16    6.015566006477638e-09
871    -0.0    -5.887217796596289e-17    6.015565928848762e-09
872    -0.0    -2.6129272356900657e-17    6.015565896105857e-09
873    -0.0    -6.158268339717665e-17    6.015565931559268e-09
874    -0.0    -9.204876444401933e-17    6.015565962025349e-09
875    -0.0    -2.7972416050126014e-17    6.015565897949e-09
876    0.0    5.345116710353537e-17    6.015565816525417e-09
877    0.0    1.0928757898653885e-16    6.015565760689005e-09
878    -0.0    -2.417770844642675e-17    6.015565894154293e-09
879    -0.0    -1.6902711869049014e-16    6.015566039003703e-09
880    -0.0    -4.575333167888829e-17    6.015565915729916e-09
881    0.0    7.795413620170777e-17    6.015565792022448e-09
882    -0.0    -2.6129272356900657e-17    6.015565896105857e-09
883    0.0    4.868067754459915e-17    6.015565821295907e-09
884    -0.0    -2.0057740190981832e-17    6.0155658900343245e-09
885    0.0    5.887217796596289e-17    6.015565811104406e-09
886    0.0    6.028164079019405e-17    6.0155658096949435e-09
887    0.0    1.2902005852577503e-16    6.015565740956526e-09
888    0.0    2.1033522146218786e-17    6.015565848943062e-09
889    -0.0    -1.3010426069826053e-17    6.01556588298701e-09
890    0.0    2.0057740190981832e-17    6.015565849918844e-09
891    0.0    1.5016200088924236e-16    6.0155657198145834e-09
892    0.0    2.0816681711721685e-16    6.015565661809767e-09
893    -0.0    -3.187554387107383e-17    6.015565901852128e-09
894    0.0    1.0364972768961422e-16    6.015565766326857e-09
895    0.0    1.494030593685025e-16    6.015565720573525e-09
896    -0.0    -1.1015494072452725e-16    6.015565980131525e-09
897    -0.0    -8.998878031629687e-17    6.015565959965365e-09
898    -0.0    -1.2761059570154387e-16    6.01556599758718e-09
899    0.0    3.7621815385247004e-17    6.015565832354769e-09
900    -0.0    -4.868067754459915e-17    6.015565918657262e-09
901    0.0    2.4795703684743486e-16    6.0155656220195475e-09
902    0.0    1.124317652867468e-16    6.015565757544819e-09
903    0.0    1.235990476633475e-16    6.015565746377537e-09
904    0.0    5.670377362099188e-17    6.015565813272811e-09
905    0.0    1.5504091066542713e-17    6.015565854472493e-09
906    0.0    1.57968256531138e-16    6.015565712008328e-09
907    0.0    8.207410445715269e-17    6.01556578790248e-09
908    -0.0    -7.979727989493313e-17    6.015565949773864e-09
909    0.0    6.602791230436722e-17    6.015565803948672e-09
910    0.0    1.4821043697876846e-16    6.015565721766147e-09
911    -0.0    -5.128276275856436e-17    6.015565921259347e-09
912    -0.0    -8.57603918436034e-17    6.015565955736976e-09
913    0.0    9.942133921692076e-17    6.015565770555245e-09
914    0.0    7.513521055324546e-17    6.015565794841374e-09
915    -0.0    -6.10405823109339e-17    6.015565931017167e-09
916    -0.0    -1.8409752888803865e-16    6.015566054074113e-09
917    -0.0    -2.3960868011929648e-17    6.015565893937452e-09
918    0.0    2.5587171270657905e-17    6.015565844389413e-09
919    0.0    3.7947076036992655e-18    6.015565866181877e-09
920    0.0    4.7488055154865094e-17    6.015565822488529e-09
921    0.0    4.575333167888829e-17    6.015565824223253e-09
922    0.0    1.2902005852577503e-17    6.0155658570745785e-09
923    -0.0    -4.5319650809894085e-17    6.015565915296235e-09
924    -0.0    -8.673617379884035e-19    6.015565870843946e-09
925    -0.0    -1.196959198423997e-16    6.015565989672504e-09
926    -0.0    -1.0224026486538307e-16    6.015565972216849e-09
927    -0.0    -1.680513367352532e-17    6.015565886781718e-09
928    -0.0    -7.43762690325056e-17    6.015565944352853e-09
929    -0.0    -9.519295074422729e-17    6.015565965169535e-09
930    -0.0    -1.0440866921035408e-16    6.0155659743852535e-09
931    -0.0    -3.2526065174565133e-19    6.015565870301845e-09
932    -0.0    -1.4051260155412137e-16    6.015566010489186e-09
933    0.0    9.64939933512099e-18    6.015565860327185e-09
934    0.0    4.7704895589362195e-17    6.015565822271689e-09
935    -0.0    -8.608565249534905e-17    6.015565956062237e-09
936    0.0    1.8973538018496328e-16    6.015565680241204e-09
937    -0.0    -5.2909066017292616e-17    6.01556592288565e-09
938    -0.0    -5.095750210681871e-18    6.0155658750723345e-09
939    -0.0    -2.168404344971009e-19    6.015565870193425e-09
940    -0.0    -9.183192400952223e-17    6.015565961808508e-09
941    -0.0    -2.4069288229178198e-17    6.0155658940458726e-09
942    -0.0    -2.862293735361732e-17    6.015565898599522e-09
943    0.0    3.5453411040275995e-17    6.015565834523173e-09
944    0.0    6.14742631799281e-17    6.015565808502321e-09
945    -0.0    -5.063224145507306e-17    6.015565920608826e-09
946    -0.0    -1.24683249835833e-16    6.015565994659834e-09
947    -0.0    -8.391724815037804e-17    6.0155659538938325e-09
948    -0.0    -7.676151381197371e-17    6.015565946738098e-09
949    -0.0    -2.873135757086587e-17    6.015565898707942e-09
950    0.0    7.806255641895632e-18    6.015565862170329e-09
951    0.0    4.2392304944183223e-17    6.015565827584279e-09
952    0.0    7.611099250848241e-17    6.015565793865592e-09
953    0.0    1.919037845299343e-17    6.015565850786206e-09
954    0.0    3.241764495731658e-17    6.015565837558939e-09
955    -0.0    -8.977193988179977e-17    6.015565959748524e-09
956    0.0    1.2912847874302358e-16    6.0155657408481056e-09
957    -0.0    -8.901299836105991e-17    6.015565958989583e-09
958    0.0    7.37257477290143e-18    6.0155658626040096e-09
959    -0.0    -3.7947076036992655e-17    6.01556590792366e-09
960    0.0    6.602791230436722e-17    6.015565803948672e-09
961    -0.0    -7.144892316679474e-17    6.0155659414255075e-09
962    -0.0    -9.638557313396134e-17    6.0155659663621575e-09
963    0.0    4.7271214720367993e-17    6.01556582270537e-09
964    0.0    8.944667923005412e-17    6.015565780529905e-09
965    -0.0    -1.5764299587939234e-16    6.01556602761958e-09
966    0.0    3.187554387107383e-17    6.0155658381010405e-09
967    0.0    1.2392430831509316e-16    6.015565746052276e-09
968    -0.0    -1.235990476633475e-17    6.015565882336489e-09
969    0.0    6.114900252818245e-17    6.015565808827582e-09
970    0.0    8.088148206741863e-17    6.015565789095102e-09
971    -0.0    -6.006480035569695e-17    6.015565930041385e-09
972    0.0    1.0397498834135988e-16    6.015565766001596e-09
973    -0.0    -3.979021973021801e-17    6.015565909766804e-09
974    0.0    1.1297386637298956e-16    6.015565757002718e-09
975    0.0    3.5778671692021646e-17    6.015565834197913e-09
976    0.0    6.581107186987012e-17    6.0155658041655125e-09
977    -0.0    -2.0816681711721685e-17    6.015565890793266e-09
978    0.0    3.577867169202165e-18    6.015565866398717e-09
979    -0.0    -5.2800645800044066e-17    6.01556592277723e-09
980    -0.0    -1.7249656564244376e-16    6.01556604247315e-09
981    0.0    1.362842130814279e-16    6.015565733692371e-09
982    0.0    2.6237692574149207e-17    6.015565843738892e-09
983    0.0    2.667137344314341e-17    6.015565843305211e-09
984    -0.0    -1.5178830414797062e-18    6.015565871494467e-09
985    0.0    3.5670251474773096e-17    6.015565834306333e-09
986    0.0    1.6349768761081407e-16    6.015565706478897e-09
987    0.0    4.3086194334573946e-16    6.015565439114641e-09
988    0.0    1.4169438192213057e-15    6.015564453032765e-09
989    0.0    4.671935581457287e-15    6.015561198041003e-09
990    0.0    1.557304632471279e-14    6.01555029693026e-09
991    0.0    5.0630940412466074e-14    6.015515239036172e-09
992    0.0    1.655589727811435e-13    6.015400311003803e-09
993    0.0    5.420430814265242e-13    6.015023826895158e-09
994    0.0    1.7741656668096573e-12    6.013791704309775e-09
995    0.0    5.809207823982698e-12    6.009756662152602e-09
996    0.0    1.9041167622670108e-11    5.996524702353914e-09
997    0.0    6.273910948054184e-11    5.9528267604960425e-09
998    0.0    2.130260799574138e-10    5.8025397900191705e-09
999    1.8803116032511252e-09    9.401558016255626e-10    5.075410068351022e-09
