0.001 0.0 nan 
0.001 0.005 nan 
0.001 0.01 nan 
0.001 0.015 2.354092282236961 
0.001 0.02 49.999999999999794 
0.01075 0.0 nan 
0.01075 0.005 120.82548653445096 
0.01075 0.01 99.99999559317705 
0.01075 0.015 66.66666666666315 
0.01075 0.02 49.999999999999226 
0.0205 0.0 nan 
0.0205 0.005 91.43890604092879 
0.0205 0.01 36.88288610284209 
0.0205 0.015 40.2913715038155 
0.0205 0.02 27.113594855418075 
0.03025 0.0 nan 
0.03025 0.005 nan 
0.03025 0.01 nan 
0.03025 0.015 nan 
0.03025 0.02 nan 
0.04 0.0 nan 
0.04 0.005 48.81500146143508 
0.04 0.01 nan 
0.04 0.015 9.179392348186338 
0.04 0.02 nan 
