0.01 0.34043048087236305 
0.01191919191919192 0.340430480872302 
0.013838383838383839 0.34043048086889643 
0.01575757575757576 0.34043048079838173 
0.017676767676767676 0.34043048005482435 
0.019595959595959597 0.3404304751997349 
0.021515151515151515 0.34043045289347773 
0.023434343434343433 0.3404303742347939 
0.025353535353535354 0.3404301479586568 
0.027272727272727275 0.3404295931090383 
0.029191919191919193 0.34042839524468754 
0.03111111111111111 0.3404260623389756 
0.03303030303030303 0.34042188668349094 
0.03494949494949495 0.3404149176600993 
0.03686868686868687 0.34040394801441864 
0.03878787878787879 0.34038751401146544 
0.040707070707070706 0.3403639080726385 
0.04262626262626263 0.34033120137500095 
0.04454545454545455 0.34028727341504283 
0.046464646464646465 0.3402298455605912 
0.04838383838383838 0.3401565159628961 
0.05030303030303031 0.3400647937175871 
0.052222222222222225 0.33995213072677827 
0.05414141414141414 0.33981595024494105 
0.05606060606060606 0.3396536714395001 
0.05797979797979798 0.3394627303791534 
0.0598989898989899 0.33924059597518214 
0.06181818181818182 0.33898478313170344 
0.06373737373737373 0.3386928619493711 
0.06565656565656565 0.3383624638660996 
0.06757575757575758 0.3379912857066179 
0.0694949494949495 0.3375770904434704 
0.07141414141414142 0.3371177070324634 
0.07333333333333333 0.33661102877124993 
0.07525252525252525 0.33605500938089505 
0.07717171717171717 0.335447659663816 
0.07909090909090909 0.3347870418217959 
0.081010101010101 0.3340712647548801 
0.08292929292929292 0.3332984773865022 
0.08484848484848484 0.3324668632062338 
0.08676767676767676 0.3315746330037372 
0.08868686868686868 0.3306200189230455 
0.0906060606060606 0.3296012673421699 
0.09252525252525252 0.3285166316627697 
0.09444444444444444 0.32736436589334517 
0.09636363636363636 0.3261427170876683 
0.09828282828282828 0.3248499181799091 
0.1002020202020202 0.32348418055884615 
0.10212121212121211 0.3220436864548751 
0.10404040404040403 0.32052658109735105 
0.10595959595959595 0.3189309645911844 
0.10787878787878788 0.31725488345278147 
0.1097979797979798 0.31549632163343416 
0.11171717171717171 0.3136531915558305 
0.11363636363636363 0.3117233235823014 
0.11555555555555555 0.3097044556601622 
0.11747474747474747 0.30759422221712623 
0.11939393939393939 0.30539014105425805 
0.1213131313131313 0.3030896006020396 
0.12323232323232322 0.30068984473198984 
0.12515151515151515 0.29818795660396163 
0.12707070707070708 0.29558084065067863 
0.128989898989899 0.29286520251280534 
0.13090909090909092 0.290037526470492 
0.13282828282828282 0.28709405055096904 
0.13474747474747475 0.2840307372288693 
0.1366666666666667 0.28084324156521895 
0.1385858585858586 0.2775268735978706 
0.14050505050505052 0.27407655565555833 
0.14242424242424243 0.27048677278315625 
0.14434343434343436 0.2667515155165712 
0.14626262626262626 0.2628642122698751 
0.1481818181818182 0.2588176501873106 
0.1501010101010101 0.2546038810744384 
0.15202020202020203 0.25021410940638605 
0.15393939393939396 0.24563855738599127 
0.15585858585858586 0.24086630038364165 
0.1577777777777778 0.235885067227302 
0.1596969696969697 0.23068099115134597 
0.16161616161616163 0.2252382998399247 
0.16353535353535353 0.21953892200227376 
0.16545454545454547 0.21356198393145356 
0.16737373737373737 0.20728315281499857 
0.1692929292929293 0.20067376755031133 
0.17121212121212123 0.19369966621951035 
0.17313131313131314 0.18631956649510206 
0.17505050505050507 0.1784827754524557 
0.17696969696969697 0.17012584792756094 
0.1788888888888889 0.16116753784899845 
0.1808080808080808 0.1515008341361538 
0.18272727272727274 0.14097970543690627 
0.18464646464646464 0.1293954874881228 
0.18656565656565657 0.11643084957945281 
0.1884848484848485 0.10155799630329299 
0.1904040404040404 0.08376600449799836 
0.19232323232323234 0.06053259601873585 
0.19424242424242424 0.016009036216498292 
0.19616161616161618 3.39036115855744e-08 
0.19808080808080808 1.6364060860729767e-08 
0.2 1.0826659537621063e-08 
