##q-DeltaF
0.001 4.027062060813751 
0.00301010101010101 4.027062062948746 
0.00502020202020202 4.027062061881248 
0.00703030303030303 4.027062061881248 
0.00904040404040404 4.027062061881248 
0.01105050505050505 4.027061782201739 
0.01306060606060606 4.027061921586569 
0.015070707070707071 4.0270619176524916 
0.017080808080808082 4.02706159158706 
0.019090909090909092 4.027061697662357 
0.021101010101010103 4.027062148944343 
0.023111111111111114 4.027062139929194 
0.02512121212121212 4.027063657215079 
0.02713131313131313 4.027067525279417 
0.02914141414141414 4.027077278475195 
0.031151515151515152 4.027097843936158 
0.03316161616161616 4.027135635434944 
0.03517171717171717 4.027202877302662 
0.037181818181818184 4.027312927544253 
0.039191919191919194 4.027483256231104 
0.041202020202020205 4.0277351640311085 
0.043212121212121216 4.028093288355876 
0.045222222222222226 4.028583816411598 
0.04723232323232324 4.02923628482797 
0.04924242424242424 4.030081651059694 
0.05125252525252525 4.0311533626311595 
0.05326262626262626 4.032485568955363 
0.05527272727272727 4.034112778699517 
0.05728282828282828 4.036070850785103 
0.05929292929292929 4.038392863285686 
0.061303030303030304 4.041117019346927 
0.06331313131313131 4.0442769105260155 
0.06532323232323232 4.047908068576229 
0.06733333333333333 4.052046520975261 
0.06934343434343435 4.056725997941083 
0.07135353535353535 4.0619805509935825 
0.07336363636363637 4.067846888890305 
0.07537373737373737 4.07435761949086 
0.07738383838383839 4.081549493334766 
0.07939393939393939 4.089457450360059 
0.08140404040404041 4.09811775948678 
0.08341414141414141 4.107566796508883 
0.08542424242424243 4.1178426445985625 
0.08743434343434343 4.128983799128195 
0.08944444444444445 4.141032535197535 
0.09145454545454546 4.154029268915311 
0.09346464646464647 4.1680188097148685 
0.09547474747474748 4.183048072133452 
0.09748484848484848 4.19916551842203 
0.0994949494949495 4.216423083429483 
0.1015050505050505 4.234877562412811 
0.10351515151515152 4.25458677785958 
0.10552525252525252 4.275615034908662 
0.10753535353535354 4.298031415431568 
0.10954545454545454 4.321907741036914 
0.11155555555555556 4.347324962292827 
0.11356565656565656 4.374369808740453 
0.11557575757575758 4.40313590756075 
0.11758585858585859 4.433724801843279 
0.1195959595959596 4.466249870591547 
0.1216060606060606 4.500832721284508 
0.12361616161616162 4.537610475573283 
0.1256262626262626 4.5767304049292035 
0.12763636363636363 4.618357705324485 
0.12964646464646465 4.662674579918573 
0.13165656565656567 4.709887152422318 
0.13366666666666666 4.760218439713566 
0.13567676767676767 4.813926055979312 
0.1376868686868687 4.8712933074342395 
0.1396969696969697 4.93264561035062 
0.1417070707070707 4.998348367797153 
0.14371717171717172 5.068818248282382 
0.14572727272727273 5.144532674249809 
0.14773737373737375 5.226041621571828 
0.14974747474747474 5.3139809566739205 
0.15175757575757576 5.409090563277409 
0.15376767676767678 5.512236721287781 
0.1557777777777778 5.624449615908591 
0.15778787878787878 5.74694934807524 
0.1597979797979798 5.881201299619802 
0.16180808080808082 6.028986666073639 
0.1638181818181818 6.192500677437695 
0.16582828282828282 6.374452858945352 
0.16783838383838384 6.578287854211983 
0.16984848484848486 6.808394375409645 
0.17185858585858585 7.070537428858608 
0.17386868686868687 7.372391381575888 
0.17587878787878788 7.72450836048406 
0.1778888888888889 8.141817363597355 
0.1798989898989899 8.646297646480608 
0.1819090909090909 9.271882538332267 
0.18391919191919193 10.074466900052487 
0.18592929292929294 11.154156401331193 
0.18793939393939393 12.713728463203 
0.18994949494949495 15.25055354157704 
0.19195959595959597 20.515755336809875 
0.19396969696969696 46.88945715458213 
0.19597979797979798 35.42819663458624 
0.197989898989899 nan 
0.2 nan 
