0    0.8146215219314858    0.2715405073104953    0.03534529685113408
1    0.879636566925649    0.29321218897521634    0.013673615186413024
2    0.9040614650781673    0.30135382169272246    0.005531982468906904
3    0.9141472587768781    0.304715752925626    0.002170051236003334
4    0.9180438929951223    0.3060146309983741    0.0008711731632552455
5    0.9196241638546736    0.3065413879515579    0.00034441621007147427
6    0.9202441510844803    0.30674805036149344    0.0001377538001359202
7    0.9204934158239505    0.3068311386079835    5.4665553645860676e-05
8    0.9205919518582601    0.3068639839527534    2.1820208875977798e-05
9    0.9206313885212731    0.30687712950709106    8.674654538298743e-06
10    0.9206470359581587    0.30688234531938624    3.458842243120319e-06
11    0.9206532835680973    0.3068844278560324    1.3763055969340243e-06
12    0.9206557670546803    0.30688525568489344    5.484767359176246e-07
13    0.9206567574361044    0.3068855858120348    2.1834959457178726e-07
14    0.920657151499872    0.306885717166624    8.699500536613058e-08
15    0.9206573085539851    0.306885769517995    3.464363435012885e-08
16    0.9206573710778203    0.30688579035927344    1.380235592485235e-08
17    0.9206573959908002    0.30688579866360005    5.49802930960297e-09
18    0.9206574059123905    0.30688580197079685    2.190832515402974e-09
19    0.920657409865749    0.306885803288583    8.730463574302405e-10
20    0.9206574114407603    0.30688580381358677    3.4804259474441324e-10
21    0.9206574120685068    0.3068858040228356    1.387937542673967e-10
22    0.9206574123187393    0.30688580410624644    5.538292047191362e-11
23    0.9206574124185396    0.3068858041395132    2.21161422508942e-11
24    0.9206574124583622    0.3068858041527874    8.84198270156844e-12
25    0.920657412474267    0.306885804158089    3.5403346920759304e-12
26    0.9206574124806262    0.3068858041602087    1.4206413823103503e-12
27    0.9206574124831723    0.30688580416105743    5.719313911356494e-13
28    0.9206574124841949    0.30688580416139827    2.3109292257572633e-13
29    0.9206574124846056    0.3068858041615352    9.414691248821327e-14
30    0.9206574124847728    0.30688580416159095    3.8413716652030416e-14
31    0.9206574124848399    0.3068858041616133    1.6042722705833512e-14
32    0.9206574124848691    0.30688580416162303    6.328271240363392e-15
33    0.9206574124848791    0.30688580416162636    2.9976021664879227e-15
34    0.9206574124848845    0.3068858041616282    1.1657341758564144e-15
35    0.9206574124848871    0.306885804161629    3.3306690738754696e-16
36    0.9206574124848881    0.30688580416162936    0.0
37    0.9206574124848872    0.3068858041616291    2.7755575615628914e-16
38    0.9206574124848874    0.30688580416162914    2.220446049250313e-16
39    0.9206574124848884    0.30688580416162947    1.1102230246251565e-16
40    0.9206574124848894    0.3068858041616298    4.440892098500626e-16
41    0.9206574124848884    0.30688580416162947    1.1102230246251565e-16
42    0.9206574124848879    0.3068858041616293    5.551115123125783e-17
43    0.920657412484889    0.30688580416162964    2.7755575615628914e-16
44    0.9206574124848885    0.3068858041616295    1.6653345369377348e-16
45    0.9206574124848887    0.3068858041616296    2.220446049250313e-16
46    0.9206574124848887    0.3068858041616296    2.220446049250313e-16
47    0.9206574124848884    0.30688580416162947    1.1102230246251565e-16
48    0.920657412484889    0.30688580416162964    2.7755575615628914e-16
49    0.920657412484889    0.30688580416162964    2.7755575615628914e-16
50    0.9206574124848887    0.3068858041616296    2.220446049250313e-16
51    0.9206574124848881    0.30688580416162936    0.0
52    0.9206574124848887    0.3068858041616296    2.220446049250313e-16
53    0.9206574124848891    0.3068858041616297    3.3306690738754696e-16
54    0.9206574124848894    0.3068858041616298    4.440892098500626e-16
55    0.9206574124848884    0.30688580416162947    1.1102230246251565e-16
56    0.9206574124848897    0.3068858041616299    5.551115123125783e-16
57    0.9206574124848887    0.3068858041616296    2.220446049250313e-16
58    0.9206574124848887    0.3068858041616296    2.220446049250313e-16
59    0.9206574124848884    0.30688580416162947    1.1102230246251565e-16
60    0.9206574124848891    0.3068858041616297    3.3306690738754696e-16
61    0.9206574124848887    0.3068858041616296    2.220446049250313e-16
62    0.9206574124848887    0.3068858041616296    2.220446049250313e-16
63    0.9206574124848884    0.30688580416162947    1.1102230246251565e-16
64    0.9206574124848885    0.3068858041616295    1.6653345369377348e-16
65    0.9206574124848879    0.3068858041616293    5.551115123125783e-17
66    0.9206574124848885    0.3068858041616295    1.6653345369377348e-16
67    0.9206574124848887    0.3068858041616296    2.220446049250313e-16
68    0.9206574124848881    0.30688580416162936    0.0
69    0.9206574124848881    0.30688580416162936    0.0
70    0.9206574124848881    0.30688580416162936    0.0
71    0.9206574124848874    0.30688580416162914    2.220446049250313e-16
72    0.9206574124848884    0.30688580416162947    1.1102230246251565e-16
73    0.9206574124848887    0.3068858041616296    2.220446049250313e-16
74    0.9206574124848897    0.3068858041616299    5.551115123125783e-16
75    0.9206574124848884    0.30688580416162947    1.1102230246251565e-16
76    0.9206574124848881    0.30688580416162936    0.0
77    0.9206574124848883    0.3068858041616294    5.551115123125783e-17
78    0.9206574124848879    0.3068858041616293    5.551115123125783e-17
79    0.9206574124848884    0.30688580416162947    1.1102230246251565e-16
80    0.9206574124848881    0.30688580416162936    0.0
81    0.9206574124848877    0.30688580416162925    1.1102230246251565e-16
82    0.9206574124848883    0.3068858041616294    5.551115123125783e-17
83    0.9206574124848876    0.3068858041616292    1.6653345369377348e-16
84    0.9206574124848891    0.3068858041616297    3.3306690738754696e-16
85    0.9206574124848881    0.30688580416162936    0.0
86    0.9206574124848879    0.3068858041616293    5.551115123125783e-17
87    0.9206574124848881    0.30688580416162936    0.0
88    0.9206574124848884    0.30688580416162947    1.1102230246251565e-16
89    0.9206574124848884    0.30688580416162947    1.1102230246251565e-16
90    0.9206574124848877    0.30688580416162925    1.1102230246251565e-16
91    0.9206574124848887    0.3068858041616296    2.220446049250313e-16
92    0.9206574124848884    0.30688580416162947    1.1102230246251565e-16
93    0.9206574124848887    0.3068858041616296    2.220446049250313e-16
94    0.9206574124848887    0.3068858041616296    2.220446049250313e-16
95    0.9206574124848887    0.3068858041616296    2.220446049250313e-16
96    0.9206574124848892    0.30688580416162975    3.885780586188048e-16
97    0.9206574124848891    0.3068858041616297    3.3306690738754696e-16
98    0.9206574124848891    0.3068858041616297    3.3306690738754696e-16
99    0.9206574124848887    0.3068858041616296    2.220446049250313e-16
100    0.9206574124848879    0.3068858041616293    5.551115123125783e-17
101    0.9206574124848884    0.30688580416162947    1.1102230246251565e-16
102    0.9206574124848894    0.3068858041616298    4.440892098500626e-16
103    0.9206574124848891    0.3068858041616297    3.3306690738754696e-16
104    0.9206574124848896    0.30688580416162986    4.996003610813204e-16
105    0.9206574124848891    0.3068858041616297    3.3306690738754696e-16
106    0.9206574124848899    0.30688580416162997    6.106226635438361e-16
107    0.9206574124848887    0.3068858041616296    2.220446049250313e-16
108    0.9206574124848884    0.30688580416162947    1.1102230246251565e-16
109    0.9206574124848887    0.3068858041616296    2.220446049250313e-16
110    0.9206574124848884    0.30688580416162947    1.1102230246251565e-16
111    0.9206574124848883    0.3068858041616294    5.551115123125783e-17
112    0.9206574124848887    0.3068858041616296    2.220446049250313e-16
113    0.9206574124848884    0.30688580416162947    1.1102230246251565e-16
114    0.9206574124848887    0.3068858041616296    2.220446049250313e-16
115    0.9206574124848885    0.3068858041616295    1.6653345369377348e-16
116    0.9206574124848887    0.3068858041616296    2.220446049250313e-16
117    0.9206574124848891    0.3068858041616297    3.3306690738754696e-16
118    0.9206574124848894    0.3068858041616298    4.440892098500626e-16
119    0.9206574124848891    0.3068858041616297    3.3306690738754696e-16
120    0.9206574124848899    0.30688580416162997    6.106226635438361e-16
121    0.9206574124848885    0.3068858041616295    1.6653345369377348e-16
122    0.9206574124848877    0.30688580416162925    1.1102230246251565e-16
123    0.9206574124848881    0.30688580416162936    0.0
124    0.9206574124848883    0.3068858041616294    5.551115123125783e-17
125    0.9206574124848881    0.30688580416162936    0.0
126    0.9206574124848887    0.3068858041616296    2.220446049250313e-16
127    0.9206574124848887    0.3068858041616296    2.220446049250313e-16
128    0.9206574124848887    0.3068858041616296    2.220446049250313e-16
129    0.9206574124848884    0.30688580416162947    1.1102230246251565e-16
130    0.9206574124848877    0.30688580416162925    1.1102230246251565e-16
131    0.9206574124848884    0.30688580416162947    1.1102230246251565e-16
132    0.9206574124848887    0.3068858041616296    2.220446049250313e-16
133    0.9206574124848885    0.3068858041616295    1.6653345369377348e-16
134    0.9206574124848884    0.30688580416162947    1.1102230246251565e-16
135    0.9206574124848891    0.3068858041616297    3.3306690738754696e-16
136    0.920657412484889    0.30688580416162964    2.7755575615628914e-16
137    0.920657412484889    0.30688580416162964    2.7755575615628914e-16
138    0.920657412484889    0.30688580416162964    2.7755575615628914e-16
139    0.9206574124848887    0.3068858041616296    2.220446049250313e-16
140    0.9206574124848884    0.30688580416162947    1.1102230246251565e-16
141    0.9206574124848885    0.3068858041616295    1.6653345369377348e-16
142    0.9206574124848884    0.30688580416162947    1.1102230246251565e-16
143    0.9206574124848892    0.30688580416162975    3.885780586188048e-16
144    0.9206574124848885    0.3068858041616295    1.6653345369377348e-16
145    0.9206574124848884    0.30688580416162947    1.1102230246251565e-16
146    0.9206574124848884    0.30688580416162947    1.1102230246251565e-16
147    0.920657412484889    0.30688580416162964    2.7755575615628914e-16
148    0.9206574124848894    0.3068858041616298    4.440892098500626e-16
149    0.9206574124848891    0.3068858041616297    3.3306690738754696e-16
150    0.9206574124848887    0.3068858041616296    2.220446049250313e-16
151    0.9206574124848891    0.3068858041616297    3.3306690738754696e-16
152    0.9206574124848881    0.30688580416162936    0.0
153    0.9206574124848883    0.3068858041616294    5.551115123125783e-17
154    0.9206574124848874    0.30688580416162914    2.220446049250313e-16
155    0.9206574124848883    0.3068858041616294    5.551115123125783e-17
156    0.9206574124848885    0.3068858041616295    1.6653345369377348e-16
157    0.9206574124848891    0.3068858041616297    3.3306690738754696e-16
158    0.9206574124848884    0.30688580416162947    1.1102230246251565e-16
159    0.9206574124848887    0.3068858041616296    2.220446049250313e-16
160    0.9206574124848879    0.3068858041616293    5.551115123125783e-17
161    0.9206574124848885    0.3068858041616295    1.6653345369377348e-16
162    0.9206574124848887    0.3068858041616296    2.220446049250313e-16
163    0.9206574124848897    0.3068858041616299    5.551115123125783e-16
164    0.9206574124848887    0.3068858041616296    2.220446049250313e-16
165    0.9206574124848894    0.3068858041616298    4.440892098500626e-16
166    0.9206574124848881    0.30688580416162936    0.0
167    0.9206574124848892    0.30688580416162975    3.885780586188048e-16
168    0.9206574124848891    0.3068858041616297    3.3306690738754696e-16
169    0.9206574124848894    0.3068858041616298    4.440892098500626e-16
170    0.9206574124848891    0.3068858041616297    3.3306690738754696e-16
171    0.920657412484889    0.30688580416162964    2.7755575615628914e-16
172    0.9206574124848887    0.3068858041616296    2.220446049250313e-16
173    0.9206574124848892    0.30688580416162975    3.885780586188048e-16
174    0.9206574124848896    0.30688580416162986    4.996003610813204e-16
175    0.920657412484889    0.30688580416162964    2.7755575615628914e-16
176    0.9206574124848881    0.30688580416162936    0.0
177    0.9206574124848891    0.3068858041616297    3.3306690738754696e-16
178    0.9206574124848887    0.3068858041616296    2.220446049250313e-16
179    0.9206574124848884    0.30688580416162947    1.1102230246251565e-16
180    0.9206574124848881    0.30688580416162936    0.0
181    0.9206574124848884    0.30688580416162947    1.1102230246251565e-16
182    0.9206574124848887    0.3068858041616296    2.220446049250313e-16
183    0.9206574124848887    0.3068858041616296    2.220446049250313e-16
184    0.9206574124848881    0.30688580416162936    0.0
185    0.9206574124848883    0.3068858041616294    5.551115123125783e-17
186    0.9206574124848883    0.3068858041616294    5.551115123125783e-17
187    0.9206574124848885    0.3068858041616295    1.6653345369377348e-16
188    0.9206574124848884    0.30688580416162947    1.1102230246251565e-16
189    0.9206574124848887    0.3068858041616296    2.220446049250313e-16
190    0.9206574124848884    0.30688580416162947    1.1102230246251565e-16
191    0.9206574124848881    0.30688580416162936    0.0
192    0.9206574124848884    0.30688580416162947    1.1102230246251565e-16
193    0.9206574124848883    0.3068858041616294    5.551115123125783e-17
194    0.9206574124848879    0.3068858041616293    5.551115123125783e-17
195    0.9206574124848887    0.3068858041616296    2.220446049250313e-16
196    0.9206574124848891    0.3068858041616297    3.3306690738754696e-16
197    0.9206574124848891    0.3068858041616297    3.3306690738754696e-16
198    0.9206574124848887    0.3068858041616296    2.220446049250313e-16
199    0.920657412484889    0.30688580416162964    2.7755575615628914e-16
200    0.9206574124848891    0.3068858041616297    3.3306690738754696e-16
201    0.9206574124848881    0.30688580416162936    0.0
202    0.9206574124848891    0.3068858041616297    3.3306690738754696e-16
203    0.9206574124848884    0.30688580416162947    1.1102230246251565e-16
204    0.9206574124848885    0.3068858041616295    1.6653345369377348e-16
205    0.9206574124848883    0.3068858041616294    5.551115123125783e-17
206    0.9206574124848884    0.30688580416162947    1.1102230246251565e-16
207    0.9206574124848884    0.30688580416162947    1.1102230246251565e-16
208    0.9206574124848885    0.3068858041616295    1.6653345369377348e-16
209    0.9206574124848887    0.3068858041616296    2.220446049250313e-16
210    0.9206574124848885    0.3068858041616295    1.6653345369377348e-16
211    0.9206574124848884    0.30688580416162947    1.1102230246251565e-16
212    0.9206574124848874    0.30688580416162914    2.220446049250313e-16
213    0.9206574124848861    0.3068858041616287    6.661338147750939e-16
214    0.9206574124848854    0.3068858041616285    8.881784197001252e-16
215    0.9206574124848791    0.30688580416162636    2.9976021664879227e-15
216    0.9206574124848681    0.3068858041616227    6.661338147750939e-15
217    0.9206574124848398    0.30688580416161326    1.609823385706477e-14
218    0.9206574124847735    0.30688580416159117    3.8191672047105385e-14
219    0.9206574124846056    0.3068858041615352    9.414691248821327e-14
220    0.9206574124841942    0.30688580416139805    2.3131496718065137e-13
221    0.9206574124831726    0.30688580416105754    5.718203688331869e-13
222    0.9206574124806265    0.30688580416020883    1.4205303600078878e-12
223    0.9206574124742668    0.3068858041580889    3.540445714378393e-12
224    0.9206574124583631    0.3068858041527877    8.841649634661053e-12
225    0.9206574124185396    0.3068858041395132    2.21161422508942e-11
226    0.9206574123187397    0.30688580410624655    5.538280944961116e-11
227    0.9206574120685072    0.3068858040228357    1.3879364324509424e-10
228    0.9206574114407609    0.30688580381358693    3.4804242821095954e-10
229    0.9206574098657485    0.30688580328858284    8.730465239636942e-10
230    0.9206574059123913    0.3068858019707971    2.190832237847218e-09
231    0.9206573959908    0.3068857986636    5.498029365114121e-09
232    0.92065737107782    0.3068857903592733    1.3802356035874652e-08
233    0.9206573085539853    0.3068857695179951    3.4643634239106547e-08
234    0.9206571514998722    0.30688571716662405    8.699500531061943e-08
235    0.9206567574361033    0.30688558581203446    2.1834959490485417e-07
236    0.9206557670546817    0.3068852556848939    5.484767354735354e-07
237    0.9206532835680967    0.30688442785603226    1.3763055971005578e-06
238    0.9206470359581576    0.30688234531938585    3.4588422435088972e-06
239    0.9206313885212737    0.30687712950709123    8.67465453813221e-06
240    0.9205919518582591    0.30686398395275305    2.1820208876310865e-05
241    0.9204934158239512    0.3068311386079837    5.466555364563863e-05
242    0.9202441510844801    0.3067480503614934    0.0001377538001359757
243    0.9196241638546735    0.30654138795155783    0.0003444162100715298
244    0.9180438929951233    0.30601463099837445    0.0008711731632549125
245    0.9141472587768781    0.304715752925626    0.002170051236003334
246    0.9040614650781686    0.3013538216927229    0.00553198246890646
247    0.8796365669256498    0.2932121889752166    0.013673615186412746
248    0.8146215219314863    0.27154050731049545    0.03534529685113391
249    0.6635971621178226    0.2211990540392742    0.08568675012235516
250    0.0    0.06810622649842274    0.23877957766320662
251    0.0    0.03263638312555379    0.2742494210360756
252    0.0    0.016987734159529345    0.2898980700021
253    0.0    0.009051224146660741    0.2978345800149686
254    0.0    0.004858501982193852    0.3020273021794355
255    0.0    0.0026143947827856253    0.3042714093788437
256    0.0    0.0014080075216341484    0.3054777966399952
257    0.0    0.000758514738237499    0.30612728942339185
258    0.0    0.00040866385468697926    0.3064771403069424
259    0.0    0.00022018276923124573    0.3066656213923981
260    0.0    0.00011863301842168078    0.3067671711432077
261    0.0    6.39189469199648e-05    0.3068218852147094
262    0.0    3.4439295395482204e-05    0.3068513648662339
263    0.0    1.8555775802793495e-05    0.3068672483858266
264    0.0    9.99779089598963e-06    0.30687580637073336
265    0.0    5.386777127244086e-06    0.3068804173845021
266    0.0    2.9023780055105128e-06    0.3068829017836239
267    0.0    1.5637918460102013e-06    0.30688424036978335
268    0.0    8.42565971254268e-07    0.3068849615956581
269    0.0    4.5397181128821115e-07    0.30688535018981805
270    0.0    2.4459853879875773e-07    0.30688555956309055
271    0.0    1.3178889923977366e-07    0.3068856723727301
272    0.0    7.100743116888672e-08    0.3068857331541982
273    0.0    3.825857368367977e-08    0.30688576590305566
274    0.0    2.0613595200572044e-08    0.30688578354803414
275    0.0    1.1106538328354426e-08    0.306885793055091
276    0.0    5.984166821359355e-09    0.30688579817746253
277    0.0    3.224249670204238e-09    0.3068858009373797
278    0.0    1.7372152405839558e-09    0.3068858024244141
279    0.0    9.360059771527929e-10    0.30688580322562337
280    0.0    5.043170165329458e-10    0.30688580365731233
281    0.0    2.717241783141422e-10    0.30688580388990516
282    0.0    1.4640445106239852e-10    0.3068858040152249
283    0.0    7.888213129567112e-11    0.30688580408274724
284    0.0    4.250114409715122e-11    0.3068858041191282
285    0.0    2.2899589776498308e-11    0.3068858041387298
286    0.0    1.2338140925605146e-11    0.30688580414929123
287    0.0    6.647804702553106e-12    0.30688580415498157
288    0.0    3.5817100153823223e-12    0.30688580415804767
289    0.0    1.929886372237233e-12    0.30688580415969946
290    0.0    1.0396943722623675e-12    0.3068858041605897
291    0.0    5.602031425550047e-13    0.30688580416106914
292    0.0    3.017308625175019e-13    0.3068858041613276
293    0.0    1.626576477675723e-13    0.3068858041614667
294    0.0    8.751463095868495e-14    0.3068858041615418
295    0.0    4.723565288911047e-14    0.3068858041615821
296    0.0    2.5445140786062304e-14    0.30688580416160394
297    0.0    1.3561634454317684e-14    0.3068858041616158
298    0.0    7.230544288305829e-15    0.30688580416162214
299    0.0    3.9343528435153985e-15    0.3068858041616254
300    0.0    2.0534789146875454e-15    0.3068858041616273
301    0.0    1.0044048925905713e-15    0.30688580416162836
302    0.0    5.514252249261276e-16    0.3068858041616288
303    0.0    1.9905951886833861e-16    0.30688580416162914
304    0.0    2.632442874794805e-16    0.3068858041616291
305    0.0    1.468009741545373e-16    0.3068858041616292
306    -0.0    -3.599551212651875e-17    0.3068858041616294
307    0.0    1.1188966420050406e-16    0.30688580416162925
308    -0.0    -8.370040771588094e-17    0.30688580416162947
309    -0.0    -9.86623976961809e-17    0.30688580416162947
310    -0.0    -2.695326600798964e-16    0.30688580416162964
311    0.0    8.803721640582296e-17    0.30688580416162925
312    -0.0    -1.0278236595162582e-16    0.30688580416162947
313    -0.0    -1.0690233420707074e-16    0.30688580416162947
314    -0.0    -6.765421556309548e-17    0.3068858041616294
315    -0.0    -1.1535911115245767e-16    0.30688580416162947
316    0.0    3.838075690598686e-17    0.3068858041616293
317    0.0    7.654467337747661e-17    0.3068858041616293
318    -0.0    -4.92227786308419e-17    0.3068858041616294
319    0.0    9.432558900623889e-17    0.30688580416162925
320    -0.0    -1.5178830414797062e-18    0.30688580416162936
321    -0.0    -2.905661822261152e-17    0.3068858041616294
322    -0.0    -1.4116312285761268e-16    0.3068858041616295
323    0.0    5.139118297581291e-17    0.3068858041616293
324    -0.0    -1.713039432527097e-17    0.30688580416162936
325    0.0    1.0126448291014611e-16    0.30688580416162925
326    0.0    8.651933336434325e-17    0.30688580416162925
327    0.0    1.7433970933566911e-16    0.3068858041616292
328    -0.0    -1.0711917464156784e-16    0.30688580416162947
329    0.0    5.854691731421724e-17    0.3068858041616293
330    -0.0    -4.228388472693467e-17    0.3068858041616294
331    -0.0    -7.43762690325056e-17    0.3068858041616294
332    -0.0    -1.235990476633475e-16    0.30688580416162947
333    -0.0    -4.7271214720367993e-17    0.3068858041616294
334    -0.0    -1.444157293750692e-16    0.3068858041616295
335    0.0    4.0440741033709315e-17    0.3068858041616293
336    -0.0    -2.3852447794681098e-18    0.30688580416162936
337    0.0    7.188260403578894e-17    0.3068858041616293
338    -0.0    -1.1666015375944028e-16    0.30688580416162947
339    0.0    7.697835424647081e-17    0.3068858041616293
340    -0.0    -4.9439619065339e-17    0.3068858041616294
341    0.0    2.7863995832877464e-17    0.3068858041616293
342    0.0    1.496198998029996e-17    0.30688580416162936
343    -0.0    -6.407634839389331e-17    0.3068858041616294
344    0.0    4.640385298237959e-17    0.3068858041616293
345    0.0    1.702197410802242e-17    0.30688580416162936
346    0.0    9.69276742202041e-17    0.30688580416162925
347    -0.0    -5.442694905877232e-17    0.3068858041616294
348    -0.0    -5.095750210681871e-17    0.3068858041616294
349    0.0    5.0306980803327406e-17    0.3068858041616293
350    0.0    1.5395670849294163e-16    0.3068858041616292
351    -0.0    -2.45029690981724e-17    0.30688580416162936
352    0.0    2.7755575615628914e-17    0.30688580416162936
353    -0.0    -1.352000109089424e-16    0.30688580416162947
354    -0.0    -6.960577947356938e-17    0.3068858041616294
355    -0.0    -3.892285799222961e-17    0.3068858041616294
356    -0.0    -1.192622389734055e-16    0.30688580416162947
357    -0.0    -8.142358315366138e-17    0.3068858041616294
358    0.0    7.047314121155779e-17    0.3068858041616293
359    0.0    1.702197410802242e-17    0.30688580416162936
360    0.0    6.808789643208968e-17    0.3068858041616293
361    -0.0    -4.0007060164715114e-17    0.3068858041616294
362    0.0    5.898059818321144e-17    0.3068858041616293
363    -0.0    -1.6263032587282567e-18    0.30688580416162936
364    -0.0    -6.375108774214766e-17    0.3068858041616294
365    -0.0    -1.4755991567527715e-16    0.3068858041616295
366    0.0    9.75781955236954e-18    0.30688580416162936
367    -0.0    -5.410168840702667e-17    0.3068858041616294
368    -0.0    -1.1102230246251565e-16    0.30688580416162947
369    -0.0    -1.4300626655083803e-16    0.3068858041616295
370    -0.0    -1.0560129160008813e-16    0.30688580416162947
371    0.0    7.047314121155779e-18    0.30688580416162936
372    -0.0    -2.970713952610282e-17    0.3068858041616294
373    -0.0    -1.3053794156725473e-16    0.30688580416162947
374    -0.0    -6.028164079019405e-17    0.3068858041616294
375    -0.0    -3.0682921481339775e-17    0.3068858041616294
376    -0.0    -6.245004513516506e-17    0.3068858041616294
377    0.0    8.55435514091063e-17    0.30688580416162925
378    0.0    9.497611030973019e-17    0.30688580416162925
379    0.0    9.259086553026208e-17    0.30688580416162925
380    0.0    1.3444106938820255e-17    0.30688580416162936
381    0.0    3.1008182133085427e-17    0.3068858041616293
382    0.0    1.0516761073109393e-16    0.30688580416162925
383    0.0    3.5453411040275995e-17    0.3068858041616293
384    0.0    2.5088438271314573e-16    0.3068858041616291
385    0.0    1.973247953923618e-17    0.30688580416162936
386    0.0    1.2815269678778662e-16    0.30688580416162925
387    -0.0    -6.396792817664476e-18    0.30688580416162936
388    0.0    1.20346441145891e-16    0.30688580416162925
389    -0.0    -1.6360610782806262e-16    0.3068858041616295
390    0.0    3.469446951953614e-18    0.30688580416162936
391    -0.0    -7.383416794626285e-17    0.3068858041616294
392    0.0    4.3151246464923076e-17    0.3068858041616293
393    -0.0    -7.806255641895632e-18    0.30688580416162936
394    -0.0    -8.326672684688674e-17    0.30688580416162947
395    0.0    4.098284211995207e-17    0.3068858041616293
396    -0.0    -1.0018028073766061e-16    0.30688580416162947
397    -0.0    -1.2685165418080402e-17    0.30688580416162936
398    -0.0    -1.951563910473908e-17    0.30688580416162936
399    -0.0    -2.8189256484623115e-17    0.3068858041616294
400    -0.0    -7.806255641895632e-17    0.3068858041616294
401    -0.0    -1.6371452804531117e-17    0.30688580416162936
402    -0.0    -1.6046192152785466e-16    0.3068858041616295
403    -0.0    -7.41594285980085e-17    0.3068858041616294
404    0.0    8.673617379884035e-19    0.30688580416162936
405    -0.0    -1.7726705520137997e-16    0.3068858041616295
406    -0.0    -3.5128150388530344e-17    0.3068858041616294
407    -0.0    -1.6436504934880247e-16    0.3068858041616295
408    0.0    2.2551405187698492e-17    0.30688580416162936
409    -0.0    -3.0466081046842675e-17    0.3068858041616294
410    0.0    1.5439038936193583e-16    0.3068858041616292
411    0.0    5.9631119486702744e-18    0.30688580416162936
412    0.0    2.0036056147532122e-16    0.30688580416162914
413    0.0    2.5912431922403556e-17    0.30688580416162936
414    -0.0    -6.808789643208968e-17    0.3068858041616294
415    0.0    1.702197410802242e-17    0.30688580416162936
416    -0.0    -6.808789643208968e-17    0.3068858041616294
417    0.0    4.889751797909625e-17    0.3068858041616293
418    -0.0    -1.5677563414140394e-16    0.3068858041616295
419    -0.0    -4.618701254788249e-17    0.3068858041616294
420    -0.0    -2.5175174445113413e-16    0.30688580416162964
421    -0.0    -6.548581121812447e-17    0.3068858041616294
422    -0.0    -9.042246118529107e-17    0.30688580416162947
423    -0.0    -7.871307772244762e-17    0.3068858041616294
424    -0.0    -2.0252896582029223e-16    0.3068858041616296
425    0.0    7.589415207398531e-18    0.30688580416162936
426    -0.0    -1.8669961410200386e-16    0.3068858041616295
427    -0.0    -3.5128150388530344e-17    0.3068858041616294
428    0.0    9.259086553026208e-17    0.30688580416162925
429    0.0    5.789639601072594e-17    0.3068858041616293
430    -0.0    -8.500145032286355e-17    0.30688580416162947
431    0.0    3.707971429900425e-17    0.3068858041616293
432    -0.0    -4.4885969940899884e-17    0.3068858041616294
433    -0.0    -2.862293735361732e-17    0.3068858041616294
434    -0.0    -1.3010426069826053e-18    0.30688580416162936
435    -0.0    -1.454999315475547e-16    0.3068858041616295
436    0.0    1.1123914289701275e-16    0.30688580416162925
437    0.0    8.348356728138384e-17    0.30688580416162925
438    0.0    1.960237527853792e-16    0.30688580416162914
439    0.0    6.570265165262157e-17    0.3068858041616293
440    0.0    1.3032110113275763e-16    0.30688580416162925
441    0.0    3.0140820395097023e-17    0.3068858041616293
442    0.0    1.5590827240341554e-16    0.3068858041616292
443    0.0    1.4268100589909238e-16    0.3068858041616292
444    0.0    3.9898639947466563e-16    0.30688580416162897
445    0.0    2.255140518769849e-16    0.30688580416162914
446    0.0    7.613267655193212e-16    0.3068858041616286
447    0.0    9.729630295884917e-16    0.30688580416162836
448    0.0    2.2341069966236304e-15    0.30688580416162714
449    0.0    3.781046656325948e-15    0.3068858041616256
450    0.0    7.491186490571344e-15    0.30688580416162187
451    0.0    1.3592859476885266e-14    0.30688580416161576
452    0.0    2.5398736933079924e-14    0.30688580416160394
453    0.0    4.709557396842534e-14    0.3068858041615823
454    0.0    8.759833136640083e-14    0.30688580416154176
455    0.0    1.6257850100898086e-13    0.30688580416146677
456    0.0    3.018982633329337e-13    0.30688580416132744
457    0.0    5.601571723828913e-13    0.3068858041610692
458    0.0    1.0396930712197605e-12    0.3068858041605897
459    0.0    1.9297035757509517e-12    0.3068858041596997
460    0.0    3.5817620570866016e-12    0.3068858041580476
461    0.0    6.647616051375094e-12    0.30688580415498173
462    0.0    1.233824674373718e-11    0.3068858041492911
463    0.0    2.289934778257341e-11    0.30688580413873
464    0.0    4.250143466333345e-11    0.3068858041191279
465    0.0    7.888184940310627e-11    0.3068858040827475
466    0.0    1.4640412233229982e-10    0.30688580401522525
467    0.0    2.717241544616944e-10    0.3068858038899052
468    0.0    5.043167758400635e-10    0.3068858036573126
469    0.0    9.360056575299924e-10    0.3068858032256237
470    0.0    1.7372151915780176e-09    0.30688580242441416
471    0.0    3.2242496749747274e-09    0.30688580093737966
472    0.0    5.984167023020959e-09    0.3068857981774623
473    0.0    1.1106538367819385e-08    0.306885793055091
474    0.0    2.0613595380115923e-08    0.306885783548034
475    0.0    3.825857347074246e-08    0.3068857659030559
476    0.0    7.100743132414447e-08    0.30688573315419804
477    0.0    1.3178889904114782e-07    0.30688567237273034
478    0.0    2.445985388941675e-07    0.3068855595630905
479    0.0    4.539718110418804e-07    0.30688535018981833
480    0.0    8.425659712785541e-07    0.3068849615956581
481    0.0    1.5637918458783623e-06    0.30688424036978346
482    0.0    2.9023780058401102e-06    0.30688290178362354
483    0.0    5.3867771268242826e-06    0.30688041738450256
484    0.0    9.997790896508311e-06    0.30687580637073286
485    0.0    1.8555775802408386e-05    0.30686724838582696
486    0.0    3.4439295395754556e-05    0.3068513648662336
487    0.0    6.391894691983816e-05    0.30682188521470954
488    0.0    0.00011863301842169639    0.3067671711432077
489    0.0    0.00022018276923120323    0.30666562139239817
490    0.0    0.0004086638546871397    0.30647714030694223
491    0.0    0.0007585147382371503    0.30612728942339223
492    0.0    0.001408007521634216    0.30547779663999514
493    0.0    0.002614394782785417    0.30427140937884395
494    0.0    0.004858501982193685    0.3020273021794357
495    0.0    0.009051224146660555    0.2978345800149688
496    0.0    0.016987734159529127    0.2898980700021002
497    0.0    0.03263638312555352    0.27424942103607586
498    0.0    0.06810622649842238    0.23877957766320698
499    0.6635971621178225    0.22119905403927415    0.08568675012235522
