0    8.506552434455958e-09    2.835517478151986e-09    4.839919127367504e-10
1    9.57177928389251e-09    3.1905930946308364e-09    1.289162962578999e-10
2    9.872138389968935e-09    3.2907127966563116e-09    2.8796594232424755e-11
3    9.941757497973491e-09    3.3139191659911638e-09    5.590224897572549e-12
4    9.955626064424988e-09    3.318542021474996e-09    9.673694137402045e-13
5    9.9580716576321e-09    3.3193572192107e-09    1.521716780361615e-13
6    9.958462060186135e-09    3.3194873533953784e-09    2.2037493357940363e-14
7    9.958519384123399e-09    3.3195064613744663e-09    2.929514270055833e-15
8    9.958527144192028e-09    3.3195090480640094e-09    3.428247269399165e-16
9    9.958528212348008e-09    3.319509404116003e-09    1.3227266504323154e-17
10    9.95852819283237e-09    3.3195093976107898e-09    6.7220534694101275e-18
11    9.958528479712264e-09    3.3195094932374214e-09    1.0234868508263162e-16
12    9.958528104361472e-09    3.3195093681204907e-09    2.2768245622195593e-17
13    9.958528049067161e-09    3.3195093496890538e-09    4.119968255444917e-17
14    9.95852831317881e-09    3.31950943772627e-09    4.683753385137379e-17
15    9.958528025648394e-09    3.319509341882798e-09    4.90059381963448e-17
16    9.958528263739191e-09    3.319509421246397e-09    3.0357660829594124e-17
17    9.958528185026114e-09    3.3195093950087046e-09    4.119968255444917e-18
18    9.958528338549141e-09    3.319509446183047e-09    5.5294310796760726e-17
19    9.958528104361472e-09    3.3195093681204907e-09    2.2768245622195593e-17
20    9.958528348957482e-09    3.319509449652494e-09    5.876375774871434e-17
21    9.958528328791322e-09    3.3195094429304406e-09    5.204170427930421e-17
22    9.958528207143838e-09    3.3195094023812793e-09    1.1492543028346347e-17
23    9.958528082243748e-09    3.319509360747916e-09    3.0140820395097023e-17
24    9.958528247476159e-09    3.3195094158253863e-09    2.4936649967166602e-17
25    9.958528254631893e-09    3.319509418210631e-09    2.7321894746634712e-17
26    9.95852816355891e-09    3.3195093878529702e-09    3.0357660829594124e-18
27    9.958528188929242e-09    3.319509396309747e-09    5.421010862427522e-18
28    9.958528558425342e-09    3.319509519475114e-09    1.2858637765678083e-16
29    9.9585283678226e-09    3.3195094559408667e-09    6.505213034913027e-17
30    9.958528478411222e-09    3.3195094928037405e-09    1.0191500421363742e-16
31    9.958528049717683e-09    3.319509349905894e-09    4.098284211995207e-17
32    9.958528568183161e-09    3.3195095227277205e-09    1.3183898417423734e-16
33    9.958528268943362e-09    3.3195094229811206e-09    3.209238430557093e-17
34    9.958528266991798e-09    3.3195094223305993e-09    3.144186300207963e-17
35    9.958528525899277e-09    3.3195095086330922e-09    1.1774435593192578e-16
36    9.958528316431417e-09    3.3195094388104723e-09    4.7921736023859296e-17
37    9.958528160306304e-09    3.319509386768768e-09    4.119968255444917e-18
38    9.958528346355397e-09    3.3195094487851323e-09    5.789639601072594e-17
39    9.958528546715958e-09    3.319509515571986e-09    1.24683249835833e-16
40    9.958528399047623e-09    3.3195094663492075e-09    7.546047120499111e-17
41    9.958528216251136e-09    3.3195094054170454e-09    1.452830911130576e-17
42    9.958528224707913e-09    3.319509408235971e-09    1.734723475976807e-17
43    9.95852840815492e-09    3.3195094693849736e-09    7.849623728795052e-17
44    9.958528274147532e-09    3.319509424715844e-09    3.382710778154774e-17
45    9.958528151849527e-09    3.3195093839498424e-09    6.938893903907228e-18
46    9.958528378881462e-09    3.319509459627154e-09    6.873841773558098e-17
47    9.958528453691412e-09    3.319509484563804e-09    9.367506770274758e-17
48    9.958528561027427e-09    3.3195095203424757e-09    1.2945373939476923e-16
49    9.958528357414259e-09    3.3195094524714197e-09    6.158268339717665e-17
50    9.958528466051317e-09    3.3195094886837723e-09    9.77950359581925e-17
51    9.958528091351046e-09    3.319509363783682e-09    2.710505431213761e-17
52    9.958528270244404e-09    3.3195094234148015e-09    3.252606517456513e-17
53    9.958528313829332e-09    3.3195094379431106e-09    4.705437428587089e-17
54    9.958528339199663e-09    3.3195094463998875e-09    5.551115123125783e-17
55    9.958528316431417e-09    3.3195094388104723e-09    4.7921736023859296e-17
56    9.958528183725071e-09    3.3195093945750237e-09    3.686287386450715e-18
57    9.958528263739191e-09    3.319509421246397e-09    3.0357660829594124e-17
58    9.958528481663828e-09    3.3195094938879427e-09    1.0299920638612292e-16
59    9.958528399047623e-09    3.3195094663492075e-09    7.546047120499111e-17
60    9.958528342452269e-09    3.3195094474840897e-09    5.659535340374333e-17
61    9.958528127780239e-09    3.3195093759267463e-09    1.496198998029996e-17
62    9.958528212348008e-09    3.319509404116003e-09    1.3227266504323154e-17
63    9.958528322286109e-09    3.3195094407620362e-09    4.9873299934333204e-17
64    9.958528234465733e-09    3.3195094114885776e-09    2.0599841277224584e-17
65    9.958528307324119e-09    3.3195094357747063e-09    4.4885969940899884e-17
66    9.958528471906009e-09    3.319509490635336e-09    9.974659986866641e-17
67    9.958528495324775e-09    3.319509498441592e-09    1.0755285551056204e-16
68    9.95852808809844e-09    3.31950936269948e-09    2.8189256484623115e-17
69    9.958527836346695e-09    3.3195092787822317e-09    1.1210650463500116e-16
70    9.958528598757663e-09    3.319509532919221e-09    1.4203048459560108e-16
71    9.958528127780239e-09    3.3195093759267463e-09    1.496198998029996e-17
72    9.95852842767056e-09    3.3195094758901866e-09    8.500145032286355e-17
73    9.95852834310279e-09    3.31950944770093e-09    5.681219383824043e-17
74    9.958528464099753e-09    3.319509488033251e-09    9.71445146547012e-17
75    9.958528341801748e-09    3.3195094472672493e-09    5.637851296924623e-17
76    9.958528390590846e-09    3.319509463530282e-09    7.26415455565288e-17
77    9.958528294964214e-09    3.319509431654738e-09    4.0766001685454967e-17
78    9.958528499227903e-09    3.3195094997426344e-09    1.0885389811754465e-16
79    9.95852825268033e-09    3.3195094175601098e-09    2.667137344314341e-17
80    9.958528259836064e-09    3.3195094199453545e-09    2.905661822261152e-17
81    9.95852798856868e-09    3.3195093295228933e-09    6.136584296267955e-17
82    9.95852841791274e-09    3.31950947263758e-09    8.174884380540703e-17
83    9.958528225358435e-09    3.3195094084528115e-09    1.7564075194265172e-17
84    9.958528395144495e-09    3.319509465048165e-09    7.41594285980085e-17
85    9.958528224057392e-09    3.3195094080191306e-09    1.713039432527097e-17
86    9.958528298867342e-09    3.3195094329557806e-09    4.206704429243757e-17
87    9.958528429622124e-09    3.319509476540708e-09    8.565197162635485e-17
88    9.958528105662515e-09    3.3195093685541716e-09    2.233456475320139e-17
89    9.958528406203357e-09    3.3195094687344523e-09    7.784571598445922e-17
90    9.958528354812174e-09    3.319509451604058e-09    6.071532165918825e-17
91    9.958528425718996e-09    3.3195094752396653e-09    8.435092901937224e-17
92    9.958528808225522e-09    3.319509602741841e-09    2.1185310450366757e-16
93    9.958528403601272e-09    3.3195094678670906e-09    7.697835424647081e-17
94    9.9585282975663e-09    3.3195094325220997e-09    4.163336342344337e-17
95    9.958528136237016e-09    3.319509378745672e-09    1.214306433183765e-17
96    9.958528476459658e-09    3.3195094921532192e-09    1.0126448291014611e-16
97    9.958528199988104e-09    3.3195093999960346e-09    9.107298248878237e-18
98    9.958528538909703e-09    3.319509512969901e-09    1.220811646218678e-16
99    9.958528389940324e-09    3.3195094633134414e-09    7.24247051220317e-17
100    9.958528328791322e-09    3.3195094429304406e-09    5.204170427930421e-17
101    9.958528284555873e-09    3.319509428185291e-09    3.729655473350135e-17
102    9.958528618273302e-09    3.319509539424434e-09    1.485356976305141e-16
103    9.958527910506124e-09    3.3195093035020412e-09    8.738669510233166e-17
104    9.958528386687718e-09    3.3195094622292393e-09    7.134050294954619e-17
105    9.958528298867342e-09    3.3195094329557806e-09    4.206704429243757e-17
106    9.958528240320424e-09    3.3195094134401415e-09    2.2551405187698492e-17
107    9.958528410106485e-09    3.319509470035495e-09    7.914675859144182e-17
108    9.9585284075044e-09    3.319509469168133e-09    7.827939685345342e-17
109    9.958528159005262e-09    3.319509386335087e-09    4.553649124439119e-18
110    9.958528378230941e-09    3.3195094594103136e-09    6.852157730108388e-17
111    9.958528315780896e-09    3.319509438593632e-09    4.7704895589362195e-17
112    9.958528140140144e-09    3.3195093800467146e-09    1.0842021724855044e-17
113    9.958528357414259e-09    3.3195094524714197e-09    6.158268339717665e-17
114    9.95852810306043e-09    3.31950936768681e-09    2.3201926491189795e-17
115    9.95852823316469e-09    3.3195094110548967e-09    2.0166160408230382e-17
116    9.95852826829284e-09    3.31950942276428e-09    3.187554387107383e-17
117    9.95852818827872e-09    3.3195093960929067e-09    5.204170427930421e-18
118    9.958528227309998e-09    3.319509409103333e-09    1.8214596497756474e-17
119    9.958528371725728e-09    3.3195094572419093e-09    6.635317295611287e-17
120    9.958528304071512e-09    3.319509434690504e-09    4.380176776841438e-17
121    9.958528060126023e-09    3.319509353375341e-09    3.7513395167998453e-17
122    9.958528539560224e-09    3.3195095131867414e-09    1.222980050563649e-16
123    9.958528309275683e-09    3.3195094364252276e-09    4.5536491244391186e-17
124    9.958528430923166e-09    3.319509476974389e-09    8.608565249534905e-17
125    9.958528172666209e-09    3.3195093908887363e-09    0.0
126    9.95852857208629e-09    3.319509524028763e-09    1.3314002678121994e-16
127    9.958528763990074e-09    3.3195095879966913e-09    1.971079549578647e-16
128    9.958528067281758e-09    3.319509355760586e-09    3.5128150388530344e-17
129    9.958528444584114e-09    3.319509481528038e-09    9.063930161978817e-17
130    9.958528500528946e-09    3.3195095001763153e-09    1.0928757898653885e-16
131    9.958528430923166e-09    3.319509476974389e-09    8.608565249534905e-17
132    9.958528566231598e-09    3.319509522077199e-09    1.3118846287074604e-16
133    9.958528438729422e-09    3.319509479576474e-09    8.868773770931426e-17
134    9.958528320334545e-09    3.319509440111515e-09    4.92227786308419e-17
135    9.958528250728765e-09    3.3195094169095885e-09    2.6020852139652106e-17
136    9.958528443933592e-09    3.3195094813111975e-09    9.042246118529107e-17
137    9.958528072485928e-09    3.3195093574953094e-09    3.3393426912553537e-17
138    9.958528112167728e-09    3.319509370722576e-09    2.0166160408230382e-17
139    9.958528021745267e-09    3.3195093405817555e-09    5.0306980803327406e-17
140    9.958528439379943e-09    3.3195094797933145e-09    8.890457814381136e-17
141    9.958528518093021e-09    3.319509506031007e-09    1.1514227071796057e-16
142    9.958528184375592e-09    3.319509394791864e-09    3.903127820947816e-18
143    9.958528291711607e-09    3.319509430570536e-09    3.968179951296946e-17
144    9.9585285571243e-09    3.319509519041433e-09    1.2815269678778662e-16
145    9.958528518093021e-09    3.319509506031007e-09    1.1514227071796057e-16
146    9.9585281479464e-09    3.3195093826488e-09    8.239936510889834e-18
147    9.958528353511131e-09    3.319509451170377e-09    6.028164079019405e-17
148    9.958528428971603e-09    3.3195094763238675e-09    8.543513119185775e-17
149    9.95852848231435e-09    3.319509494104783e-09    1.0321604682062002e-16
150    9.958528425068475e-09    3.319509475022825e-09    8.413408858487514e-17
151    9.958528330092364e-09    3.3195094433641215e-09    5.2475385148298415e-17
152    9.958528233815211e-09    3.319509411271737e-09    2.0383000842727483e-17
153    9.958528142742229e-09    3.3195093809140763e-09    9.974659986866641e-18
154    9.958528289760044e-09    3.3195094299200145e-09    3.903127820947816e-17
155    9.958528146645357e-09    3.319509382215119e-09    8.673617379884035e-18
156    9.958528563629512e-09    3.3195095212098374e-09    1.3032110113275763e-16
157    9.958528179171422e-09    3.3195093930571407e-09    2.168404344971009e-18
158    9.958528646245718e-09    3.3195095487485726e-09    1.5785983631388945e-16
159    9.958528436777858e-09    3.3195094789259527e-09    8.803721640582296e-17
160    9.958528217552179e-09    3.3195094058507263e-09    1.496198998029996e-17
161    9.958528484916435e-09    3.319509494972145e-09    1.0408340855860843e-16
162    9.958528255932936e-09    3.319509418644312e-09    2.7755575615628914e-17
163    9.958528405552836e-09    3.319509468517612e-09    7.762887554996212e-17
164    9.958528164209432e-09    3.3195093880698107e-09    2.8189256484623115e-18
165    9.958528608515482e-09    3.3195095361718274e-09    1.452830911130576e-16
166    9.95852816355891e-09    3.3195093878529702e-09    3.0357660829594124e-18
167    9.95852863193425e-09    3.319509543978083e-09    1.5308934675495323e-16
168    9.958528566231598e-09    3.319509522077199e-09    1.3118846287074604e-16
169    9.958528394493973e-09    3.3195094648313245e-09    7.39425881635114e-17
170    9.958528333344971e-09    3.3195094444483236e-09    5.355958732078392e-17
171    9.958528483615392e-09    3.319509494538464e-09    1.0364972768961422e-16
172    9.958528371075206e-09    3.319509457025069e-09    6.613633252161577e-17
173    9.958528169413602e-09    3.319509389804534e-09    1.0842021724855044e-18
174    9.958528231863648e-09    3.319509410621216e-09    1.973247953923618e-17
175    9.958528514189893e-09    3.3195095047299644e-09    1.1384122811097797e-16
176    9.958528541511788e-09    3.3195095138372627e-09    1.229485263598562e-16
177    9.95852819283237e-09    3.3195093976107898e-09    6.7220534694101275e-18
178    9.958528224057392e-09    3.3195094080191306e-09    1.713039432527097e-17
179    9.958528205192274e-09    3.319509401730758e-09    1.0842021724855044e-17
180    9.95852848231435e-09    3.319509494104783e-09    1.0321604682062002e-16
181    9.958528065980715e-09    3.319509355326905e-09    3.5561831257524545e-17
182    9.95852823836886e-09    3.31950941278962e-09    2.190088388420719e-17
183    9.958528052970289e-09    3.3195093509900964e-09    3.9898639947466563e-17
184    9.958528434175773e-09    3.319509478058591e-09    8.716985466783456e-17
185    9.958528111517206e-09    3.3195093705057355e-09    2.0383000842727483e-17
186    9.958528041911427e-09    3.319509347303809e-09    4.358492733391728e-17
187    9.958528231863648e-09    3.319509410621216e-09    1.973247953923618e-17
188    9.958528326839758e-09    3.3195094422799193e-09    5.139118297581291e-17
189    9.958528175268294e-09    3.319509391756098e-09    8.673617379884035e-19
190    9.958528501829988e-09    3.319509500609996e-09    1.0972125985553305e-16
191    9.95852805882498e-09    3.3195093529416603e-09    3.7947076036992655e-17
192    9.958528065330194e-09    3.3195093551100646e-09    3.5778671692021646e-17
193    9.958528066631236e-09    3.3195093555437455e-09    3.5344990823027445e-17
194    9.958528419864304e-09    3.3195094732881014e-09    8.239936510889834e-17
195    9.958528243573031e-09    3.3195094145243437e-09    2.3635607360183997e-17
196    9.958528516141457e-09    3.3195095053804857e-09    1.1449174941446927e-16
197    9.958528373677292e-09    3.3195094578924306e-09    6.700369425960417e-17
198    9.958528440680986e-09    3.3195094802269953e-09    8.933825901280557e-17
199    9.958528167462039e-09    3.319509389154013e-09    1.734723475976807e-18
200    9.958528648197282e-09    3.319509549399094e-09    1.5851035761738075e-16
201    9.958528049067161e-09    3.3195093496890538e-09    4.119968255444917e-17
202    9.958528521996149e-09    3.3195095073320496e-09    1.1644331332494318e-16
203    9.958528074437492e-09    3.3195093581458307e-09    3.2742905609062234e-17
204    9.95852795344053e-09    3.31950931781351e-09    7.3075226425523e-17
205    9.958528136887537e-09    3.3195093789625124e-09    1.1926223897340549e-17
206    9.958528479061743e-09    3.319509493020581e-09    1.0213184464813452e-16
207    9.958528507034159e-09    3.3195095023447196e-09    1.1145598333150986e-16
208    9.958528393843452e-09    3.319509464614484e-09    7.37257477290143e-17
209    9.958528498577382e-09    3.319509499525794e-09    1.0863705768304754e-16
210    9.95852849727634e-09    3.319509499092113e-09    1.0820337681405334e-16
211    9.958528513539372e-09    3.319509504513124e-09    1.1362438767648086e-16
212    9.958528283905352e-09    3.3195094279684506e-09    3.707971429900425e-17
213    9.95852817331673e-09    3.3195093911055767e-09    2.168404344971009e-19
214    9.958528514189893e-09    3.3195095047299644e-09    1.1384122811097797e-16
215    9.9585278487066e-09    3.3195092829022e-09    1.0798653637955624e-16
216    9.958528116070856e-09    3.3195093720236185e-09    1.8865117801247777e-17
217    9.958528105011993e-09    3.319509368337331e-09    2.2551405187698492e-17
218    9.958528436127337e-09    3.3195094787091123e-09    8.782037597132586e-17
219    9.958528310576725e-09    3.3195094368589084e-09    4.597017211338539e-17
220    9.958528421815868e-09    3.3195094739386227e-09    8.304988641238964e-17
221    9.958528165510475e-09    3.3195093885034915e-09    2.3852447794681098e-18
222    9.958528598757663e-09    3.319509532919221e-09    1.4203048459560108e-16
223    9.958528283905352e-09    3.3195094279684506e-09    3.707971429900425e-17
224    9.958528628031121e-09    3.3195095426770405e-09    1.5178830414797062e-16
225    9.958528447186199e-09    3.3195094823953997e-09    9.150666335777657e-17
226    9.958528759436425e-09    3.3195095864788082e-09    1.95590071916385e-16
227    9.958528218853221e-09    3.319509406284407e-09    1.5395670849294163e-17
228    9.958528176569337e-09    3.319509392189779e-09    1.3010426069826053e-18
229    9.95852846279871e-09    3.31950948759957e-09    9.6710833785707e-17
230    9.958528217552179e-09    3.3195094058507263e-09    1.496198998029996e-17
231    9.958528478411222e-09    3.3195094928037405e-09    1.0191500421363742e-16
232    9.958528259836064e-09    3.3195094199453545e-09    2.905661822261152e-17
233    9.958528304722034e-09    3.3195094349073445e-09    4.401860820291148e-17
234    9.9585283678226e-09    3.3195094559408667e-09    6.505213034913027e-17
235    9.95852836261843e-09    3.319509454206143e-09    6.331740687315346e-17
236    9.958527749827362e-09    3.319509249942454e-09    1.4094628242311558e-16
237    9.958528797817182e-09    3.319509599272394e-09    2.0838365755171395e-16
238    9.958528271545447e-09    3.3195094238484824e-09    3.2959746043559335e-17
239    9.95852798336451e-09    3.31950932778817e-09    6.310056643865636e-17
240    9.95852687097308e-09    3.319508956991027e-09    4.3389770942869887e-16
241    9.95851947454586e-09    3.3195064915152867e-09    2.899373449660736e-15
242    9.958462006843388e-09    3.3194873356144627e-09    2.2055274273569125e-14
243    9.958071238696381e-09    3.3193570795654603e-09    1.5231132327597763e-13
244    9.955625359910417e-09    3.3185417866368055e-09    9.676042519307648e-13
245    9.941757968950915e-09    3.3139193229836383e-09    5.590067905097973e-12
246    9.872138663838403e-09    3.2907128879461345e-09    2.879650294260183e-11
247    9.571779312515447e-09    3.1905931041718155e-09    1.289162867169208e-10
248    8.506552828021346e-09    2.835517609340449e-09    4.839917815482875e-10
249    5.610997456375819e-09    1.870332485458606e-09    1.4491769054301301e-09
250    0.0    7.091246773810456e-11    3.2485969231506318e-09
251    0.0    3.2777257470695265e-12    3.3162316651416668e-09
252    0.0    1.5359415128646248e-13    3.31935579673745e-09
253    0.0    7.17590049881256e-15    3.3195022149882375e-09
254    0.0    3.3371742869103826e-16    3.3195090571713076e-09
255    0.0    1.3140530330524314e-16    3.319509259483433e-09
256    0.0    1.235990476633475e-17    3.3195093785288315e-09
257    -0.0    -7.827939685345342e-17    3.319509469168133e-09
258    0.0    2.0599841277224584e-17    3.319509370288895e-09
259    -0.0    -6.808789643208968e-17    3.3195094589766327e-09
260    -0.0    -2.1250362580715887e-17    3.319509412139099e-09
261    -0.0    -1.713039432527097e-17    3.3195094080191306e-09
262    -0.0    -3.664603343001005e-17    3.3195094275347697e-09
263    -0.0    -1.1666015375944028e-16    3.31950950754889e-09
264    0.0    1.932048271369169e-16    3.319509197683909e-09
265    -0.0    -1.1709383462843448e-17    3.3195094025981198e-09
266    0.0    3.903127820947816e-17    3.319509351857458e-09
267    0.0    6.028164079019405e-17    3.3195093306070955e-09
268    0.0    8.023096076392733e-17    3.3195093106577755e-09
269    -0.0    -3.642919299551295e-17    3.3195094273179293e-09
270    -0.0    -6.895525817007808e-17    3.3195094598439945e-09
271    0.0    3.252606517456513e-17    3.319509358362671e-09
272    0.0    4.336808689942018e-17    3.3195093475206494e-09
273    0.0    6.288372600415926e-17    3.3195093280050103e-09
274    -0.0    -6.158268339717665e-17    3.3195094524714197e-09
275    0.0    1.8431436932253575e-17    3.3195093724572994e-09
276    -0.0    -3.447762908503904e-17    3.3195094253663654e-09
277    -0.0    -5.572799166575493e-17    3.319509446616728e-09
278    -0.0    -2.862293735361732e-17    3.3195094195116737e-09
279    0.0    3.707971429900425e-17    3.319509353809022e-09
280    -0.0    -2.7321894746634712e-17    3.319509418210631e-09
281    0.0    3.0357660829594124e-17    3.3195093605310755e-09
282    0.0    9.540979117872439e-18    3.319509381347757e-09
283    0.0    2.3201926491189795e-17    3.31950936768681e-09
284    0.0    8.977193988179977e-17    3.3195093011167964e-09
285    0.0    1.7932703932910243e-16    3.319509211561697e-09
286    0.0    9.107298248878237e-18    3.319509381781438e-09
287    0.0    1.3010426069826053e-18    3.3195093895876937e-09
288    0.0    8.673617379884035e-18    3.319509382215119e-09
289    -0.0    -4.7704895589362195e-18    3.319509395659226e-09
290    -0.0    -4.7488055154865094e-17    3.3195094383767915e-09
291    0.0    2.927345865710862e-17    3.3195093616152777e-09
292    -0.0    -7.979727989493313e-17    3.319509470686016e-09
293    -0.0    -2.2985086056692694e-17    3.3195094138738224e-09
294    0.0    5.377642775528102e-17    3.3195093371123086e-09
295    0.0    1.8865117801247777e-17    3.3195093720236185e-09
296    0.0    7.3075226425523e-17    3.31950931781351e-09
297    0.0    4.85722573273506e-17    3.319509342316479e-09
298    -0.0    -4.597017211338539e-17    3.3195094368589084e-09
299    0.0    1.0234868508263162e-16    3.3195092885400512e-09
300    -0.0    -1.7477339020466331e-16    3.3195095656621265e-09
301    0.0    4.9439619065339e-17    3.3195093414491172e-09
302    -0.0    -5.074066167232161e-17    3.319509441629398e-09
303    0.0    9.974659986866641e-18    3.3195093809140763e-09
304    -0.0    -6.743737512859838e-17    3.3195094583261114e-09
305    0.0    1.0625181290357943e-17    3.319509380263555e-09
306    -0.0    -1.2793585635328952e-17    3.319509403682322e-09
307    0.0    3.382710778154774e-17    3.3195093570616285e-09
308    0.0    9.237402509576498e-17    3.3195092985147112e-09
309    0.0    1.6696713456276768e-17    3.319509374192023e-09
310    -0.0    -2.6237692574149207e-17    3.319509417126429e-09
311    -0.0    -2.8406096919120216e-17    3.3195094192948332e-09
312    0.0    5.789639601072594e-17    3.3195093329923403e-09
313    0.0    8.586881206085195e-17    3.3195093050199243e-09
314    0.0    5.616167253474913e-17    3.3195093347270638e-09
315    -0.0    -9.75781955236954e-18    3.319509400646556e-09
316    0.0    4.336808689942018e-19    3.3195093904550554e-09
317    -0.0    -2.7972416050126014e-17    3.3195094188611524e-09
318    0.0    8.890457814381136e-17    3.319509301984158e-09
319    -0.0    -5.637851296924623e-18    3.3195093965265876e-09
320    -0.0    -3.686287386450715e-17    3.31950942775161e-09
321    0.0    1.214306433183765e-17    3.319509378745672e-09
322    -0.0    -5.421010862427522e-18    3.319509396309747e-09
323    0.0    1.249000902703301e-16    3.319509265988646e-09
324    0.0    3.2742905609062234e-17    3.3195093581458307e-09
325    0.0    2.3852447794681098e-17    3.3195093670362885e-09
326    -0.0    -3.2526065174565133e-18    3.319509394141343e-09
327    0.0    8.391724815037804e-17    3.319509306971488e-09
328    -0.0    -1.951563910473908e-18    3.3195093928403002e-09
329    -0.0    -1.7780915628762273e-17    3.319509408669652e-09
330    -0.0    -8.261620554339544e-17    3.319509473504942e-09
331    -0.0    -3.686287386450715e-18    3.3195093945750237e-09
332    -0.0    -9.8879238130678e-17    3.3195094897679744e-09
333    -0.0    -8.760353553682876e-17    3.319509478492272e-09
334    0.0    1.0625181290357943e-17    3.319509380263555e-09
335    0.0    1.5200514458246772e-16    3.3195092388835917e-09
336    -0.0    -5.204170427930421e-18    3.3195093960929067e-09
337    0.0    1.474514954580286e-17    3.3195093761435868e-09
338    -0.0    -6.375108774214766e-17    3.319509454639824e-09
339    -0.0    -4.683753385137379e-17    3.31950943772627e-09
340    -0.0    -3.903127820947816e-17    3.3195094299200145e-09
341    0.0    4.4885969940899884e-17    3.3195093460027664e-09
342    -0.0    -1.4983674023749671e-16    3.3195095407254765e-09
343    -0.0    -4.9873299934333204e-18    3.3195093958760663e-09
344    -0.0    -1.7780915628762273e-16    3.3195095686978926e-09
345    0.0    7.871307772244762e-17    3.3195093121756586e-09
346    -0.0    -9.75781955236954e-17    3.319509488466932e-09
347    0.0    7.19910242530375e-17    3.319509318897712e-09
348    -0.0    -3.9898639947466563e-17    3.3195094307873763e-09
349    0.0    2.0599841277224584e-17    3.319509370288895e-09
350    0.0    2.0816681711721685e-17    3.3195093700720546e-09
351    -0.0    -1.6263032587282567e-17    3.319509407151769e-09
352    -0.0    -4.423544863740858e-17    3.319509435124185e-09
353    0.0    2.0599841277224584e-17    3.319509370288895e-09
354    0.0    8.868773770931426e-17    3.3195093022009986e-09
355    0.0    1.5178830414797062e-17    3.319509375709906e-09
356    -0.0    -1.3162214373974024e-16    3.31950952251088e-09
357    0.0    1.0191500421363742e-17    3.319509380697236e-09
358    0.0    4.85722573273506e-17    3.319509342316479e-09
359    -0.0    -2.1467203015212988e-17    3.3195094123559393e-09
360    -0.0    -1.5720931501039814e-16    3.3195095480980513e-09
361    0.0    7.892991815694472e-17    3.319509311958818e-09
362    0.0    7.26415455565288e-17    3.3195093182471908e-09
363    -0.0    -2.5370330836160804e-17    3.319509416259067e-09
364    -0.0    -6.266688556966216e-17    3.319509453555622e-09
365    0.0    6.418476861114186e-17    3.3195093267039677e-09
366    -0.0    -6.418476861114186e-17    3.319509455073505e-09
367    -0.0    -5.681219383824043e-17    3.31950944770093e-09
368    -0.0    -7.849623728795052e-17    3.3195094693849736e-09
369    0.0    5.421010862427522e-17    3.3195093366786277e-09
370    -0.0    -3.469446951953614e-18    3.3195093943581833e-09
371    -0.0    -4.445228907190568e-17    3.3195094353410254e-09
372    0.0    8.478460988836645e-17    3.3195093061041264e-09
373    -0.0    -9.063930161978817e-17    3.319509481528038e-09
374    -0.0    -1.194790794079026e-16    3.3195095103678157e-09
375    -0.0    -3.0140820395097023e-17    3.3195094210295567e-09
376    -0.0    -8.673617379884035e-19    3.319509391756098e-09
377    -0.0    -3.903127820947816e-18    3.319509394791864e-09
378    -0.0    -8.413408858487514e-17    3.319509475022825e-09
379    0.0    8.565197162635485e-17    3.3195093052367647e-09
380    -0.0    -3.8163916471489756e-17    3.3195094290526528e-09
381    -0.0    -2.4069288229178198e-17    3.3195094149580245e-09
382    -0.0    -1.5829351718288365e-17    3.319509406718088e-09
383    0.0    5.421010862427522e-18    3.3195093854677254e-09
384    -0.0    -2.0383000842727483e-17    3.319509411271737e-09
385    0.0    1.2923689896027213e-16    3.3195092616518374e-09
386    0.0    4.553649124439119e-18    3.319509386335087e-09
387    -0.0    -3.7513395167998453e-17    3.3195094284021315e-09
388    0.0    8.673617379884035e-17    3.3195093041525625e-09
389    -0.0    -4.87890977618477e-17    3.319509439677834e-09
390    -0.0    -7.546047120499111e-17    3.3195094663492075e-09
391    0.0    2.688821387764051e-17    3.3195093640005224e-09
392    -0.0    -1.496198998029996e-17    3.3195094058507263e-09
393    -0.0    -5.681219383824043e-17    3.31950944770093e-09
394    0.0    5.421010862427522e-18    3.3195093854677254e-09
395    0.0    9.432558900623889e-17    3.3195092965631473e-09
396    -0.0    -3.7513395167998453e-17    3.3195094284021315e-09
397    0.0    2.6020852139652106e-17    3.319509364867884e-09
398    -0.0    -7.3075226425523e-17    3.3195094639639627e-09
399    0.0    2.949029909160572e-17    3.3195093613984372e-09
400    -0.0    -6.5052130349130266e-18    3.3195093973939493e-09
401    -0.0    -6.5052130349130266e-18    3.3195093973939493e-09
402    -0.0    -5.637851296924623e-17    3.3195094472672493e-09
403    0.0    6.114900252818245e-17    3.3195093297397338e-09
404    -0.0    -4.0332320816460765e-17    3.319509431221057e-09
405    -0.0    -1.6696713456276768e-17    3.3195094075854498e-09
406    0.0    1.0191500421363742e-17    3.319509380697236e-09
407    -0.0    -6.591949208711867e-17    3.3195094568082284e-09
408    -0.0    -1.8323016715005025e-16    3.3195095741189035e-09
409    0.0    1.4007892068512717e-16    3.3195092508098156e-09
410    0.0    6.938893903907228e-18    3.3195093839498424e-09
411    -0.0    -8.738669510233166e-17    3.3195094782754314e-09
412    0.0    1.444157293750692e-16    3.319509246473007e-09
413    0.0    4.553649124439119e-18    3.319509386335087e-09
414    -0.0    -7.762887554996212e-17    3.319509468517612e-09
415    0.0    5.399326818977812e-17    3.319509336895468e-09
416    0.0    2.0166160408230382e-17    3.319509370722576e-09
417    0.0    9.75781955236954e-18    3.3195093811309168e-09
418    -0.0    -8.890457814381136e-18    3.319509399779194e-09
419    0.0    1.3075478200175183e-16    3.3195092601339543e-09
420    0.0    4.358492733391728e-17    3.319509347303809e-09
421    -0.0    -9.974659986866641e-18    3.3195094008633963e-09
422    -0.0    -8.738669510233166e-17    3.3195094782754314e-09
423    -0.0    -7.741203511546502e-17    3.3195094683007714e-09
424    0.0    4.206704429243757e-17    3.319509348821692e-09
425    -0.0    -5.724587470723463e-17    3.319509448134611e-09
426    -0.0    -4.401860820291148e-17    3.3195094349073445e-09
427    -0.0    -3.946495907847236e-17    3.3195094303536954e-09
428    -0.0    -5.0090140368830305e-17    3.3195094409788767e-09
429    0.0    3.859759734048396e-17    3.319509352291139e-09
430    -0.0    -1.431146867680866e-17    3.319509405200205e-09
431    0.0    5.594483210025203e-17    3.3195093349439042e-09
432    -0.0    -4.336808689942018e-18    3.319509395225545e-09
433    0.0    9.324138683375338e-18    3.3195093815645976e-09
434    -0.0    -9.8879238130678e-17    3.3195094897679744e-09
435    -0.0    -4.9873299934333204e-18    3.3195093958760663e-09
436    0.0    5.724587470723463e-17    3.3195093336428616e-09
437    0.0    8.239936510889834e-18    3.3195093826488e-09
438    -0.0    -2.992397996059992e-17    3.3195094208127163e-09
439    -0.0    -6.7220534694101275e-18    3.3195093976107898e-09
440    0.0    4.7271214720367993e-17    3.3195093436175216e-09
441    -0.0    -5.551115123125783e-17    3.3195094463998875e-09
442    -0.0    -5.139118297581291e-17    3.3195094422799193e-09
443    0.0    8.673617379884035e-19    3.3195093900213746e-09
444    0.0    3.7730235602495554e-17    3.3195093531585007e-09
445    0.0    6.700369425960417e-17    3.319509323885042e-09
446    -0.0    -3.2526065174565133e-18    3.319509394141343e-09
447    0.0    2.1033522146218786e-17    3.319509369855214e-09
448    -0.0    -1.7780915628762273e-17    3.319509408669652e-09
449    0.0    6.808789643208968e-17    3.31950932280084e-09
450    -0.0    -3.707971429900425e-17    3.3195094279684506e-09
451    0.0    4.4885969940899884e-17    3.3195093460027664e-09
452    -0.0    -7.155734338404329e-17    3.3195094624460797e-09
453    0.0    6.266688556966216e-17    3.3195093282218507e-09
454    -0.0    -8.500145032286355e-17    3.3195094758901866e-09
455    0.0    4.380176776841438e-17    3.3195093470869685e-09
456    -0.0    -8.456776945386935e-17    3.3195094754565058e-09
457    0.0    3.7513395167998453e-17    3.319509353375341e-09
458    -0.0    -2.5587171270657905e-17    3.3195094164759076e-09
459    0.0    4.7488055154865094e-17    3.319509343400681e-09
460    -0.0    -1.6479873021779667e-17    3.3195094073686093e-09
461    0.0    4.228388472693467e-17    3.3195093486048516e-09
462    -0.0    -1.0191500421363742e-16    3.3195094928037405e-09
463    -0.0    -1.951563910473908e-18    3.3195093928403002e-09
464    -0.0    -5.355958732078392e-17    3.3195094444483236e-09
465    0.0    6.136584296267955e-17    3.3195093295228933e-09
466    -0.0    -1.452830911130576e-17    3.3195094054170454e-09
467    -0.0    -1.6696713456276768e-17    3.3195094075854498e-09
468    -0.0    -1.0321604682062002e-16    3.319509494104783e-09
469    0.0    1.6263032587282567e-17    3.3195093746257037e-09
470    -0.0    -5.334274688628682e-17    3.319509444231483e-09
471    0.0    1.487525380650112e-16    3.3195092421361982e-09
472    -0.0    -1.1861171766991419e-16    3.319509509500454e-09
473    -0.0    -2.168404344971009e-19    3.3195093911055767e-09
474    0.0    3.469446951953614e-18    3.3195093874192894e-09
475    0.0    5.854691731421724e-18    3.3195093850340446e-09
476    -0.0    -5.421010862427522e-17    3.319509445098845e-09
477    0.0    4.185020385794047e-17    3.3195093490385325e-09
478    -0.0    -1.474514954580286e-17    3.319509405633886e-09
479    0.0    5.746271514173174e-17    3.319509333426021e-09
480    0.0    1.929879867024198e-17    3.3195093715899376e-09
481    -0.0    -9.974659986866641e-18    3.3195094008633963e-09
482    -0.0    -5.876375774871434e-17    3.319509449652494e-09
483    -0.0    -3.9898639947466563e-17    3.3195094307873763e-09
484    0.0    2.8406096919120216e-17    3.3195093624826394e-09
485    0.0    6.635317295611287e-17    3.3195093245355634e-09
486    -0.0    -5.160802341031001e-17    3.3195094424967597e-09
487    0.0    5.854691731421724e-17    3.319509332341819e-09
488    -0.0    -3.209238430557093e-17    3.3195094229811206e-09
489    0.0    2.883977778811442e-17    3.3195093620489585e-09
490    0.0    5.421010862427522e-17    3.3195093366786277e-09
491    0.0    5.160802341031001e-17    3.319509339280713e-09
492    0.0    4.9873299934333204e-18    3.3195093859014063e-09
493    0.0    1.0625181290357943e-17    3.319509380263555e-09
494    0.0    3.3306690738754696e-16    3.319509057821829e-09
495    0.0    7.298849025172416e-15    3.319502092039711e-09
496    0.0    1.5356899779606081e-13    3.3193558218909403e-09
497    0.0    3.2778103148389803e-12    3.3162315805738973e-09
498    0.0    7.091258418141788e-11    3.2485968067073184e-09
499    5.610996422697467e-09    1.8703321408991558e-09    1.4491772499895805e-09
