1.0 12.925733359824164 
1.02020202020202 12.178847709270785 
1.0404040404040404 11.489547197132834 
1.0606060606060606 10.852993062036058 
1.0808080808080809 10.264714998520907 
1.101010101010101 9.720594906483955 
1.121212121212121 9.216849401501872 
1.1414141414141414 8.750011463076023 
1.1616161616161615 8.31691122810954 
1.1818181818181819 7.914656374351303 
1.202020202020202 7.5406122713414305 
1.2222222222222223 7.192382400431506 
1.2424242424242424 6.867789223166185 
1.2626262626262625 6.564855691389443 
1.2828282828282829 6.281787714104557 
1.303030303030303 6.016957629485881 
1.3232323232323233 5.768888731628291 
1.3434343434343434 5.536240991603706 
1.3636363636363638 5.317797914903277 
1.3838383838383839 5.112454487339493 
1.404040404040404 4.91920624338647 
1.4242424242424243 4.737139351878704 
1.4444444444444444 4.565421632021214 
1.4646464646464648 4.403294491778518 
1.4848484848484849 4.250065661082514 
1.5050505050505052 4.105102682406534 
1.5252525252525253 3.9678270535052587 
1.5454545454545454 3.837708999023059 
1.5656565656565657 3.714262785666903 
1.5858585858585859 3.597042511492517 
1.606060606060606 3.485638350961646 
1.6262626262626263 3.3796731888718856 
1.6464646464646466 3.2787995890714194 
1.6666666666666667 3.182697090660814 
1.6868686868686869 3.0910697710435917 
1.7070707070707072 3.0036440629648458 
1.7272727272727273 2.9201667790669403 
1.7474747474747474 2.8404033443763623 
1.7676767676767677 2.764136195739147 
1.787878787878788 2.691163342569493 
1.8080808080808082 2.62129705714414 
1.8282828282828283 2.5543626986046015 
1.8484848484848486 2.49019764222305 
1.8686868686868687 2.428650312763366 
1.8888888888888888 2.369579299414413 
1.9090909090909092 2.312852558556387 
1.9292929292929295 2.258346683743181 
1.9494949494949496 2.2059462443202427 
1.9696969696969697 2.1555431758904957 
1.98989898989899 2.1070362299813357 
2.0101010101010104 2.060330467168834 
2.0303030303030303 2.015336796565357 
2.0505050505050506 1.9719715484279619 
2.070707070707071 1.930156087826731 
2.090909090909091 1.8898164571517708 
2.111111111111111 1.8508830477990406 
2.1313131313131315 1.813290300334592 
2.1515151515151514 1.7769764241646155 
2.1717171717171717 1.7418831436211817 
2.191919191919192 1.7079554615591315 
2.212121212121212 1.675141441258162 
2.2323232323232327 1.6433920066853425 
2.2525252525252526 1.6126607542644285 
2.272727272727273 1.5829037823061631 
2.2929292929292933 1.5540795312008326 
2.313131313131313 1.5261486356767746 
2.3333333333333335 1.4990737875046047 
2.353535353535354 1.472819609346705 
2.3737373737373737 1.4473525349328222 
2.393939393939394 1.422640700345434 
2.4141414141414144 1.398653841516957 
2.4343434343434343 1.3753631988468304 
2.4545454545454546 1.3527414295299178 
2.474747474747475 1.330762523412152 
2.494949494949495 1.3094017269475016 
2.5151515151515156 1.2886354709654355 
2.5353535353535355 1.2684413034544142 
2.5555555555555554 1.2487978265417183 
2.575757575757576 1.229684638542039 
2.595959595959596 1.211082277719403 
2.6161616161616164 1.1929721716648989 
2.6363636363636367 1.175336588830355 
2.6565656565656566 1.1581585933034493 
2.676767676767677 1.1414220023862542 
2.6969696969696972 1.1251113466316776 
2.717171717171717 1.109211833073167 
2.7373737373737375 1.0937093091392263 
2.757575757575758 1.0785902302923394 
2.7777777777777777 1.0638416287976638 
2.7979797979797985 1.0494510844947096 
2.8181818181818183 1.0354066972783096 
2.8383838383838382 1.0216970610533584 
2.858585858585859 1.0083112398096201 
2.878787878787879 0.9952387438021353 
2.8989898989898992 0.9824695083603047 
2.9191919191919196 0.9699938732376812 
2.9393939393939394 0.9578025632455496 
2.95959595959596 0.9458866699580957 
2.97979797979798 0.9342376343147094 
3.0 0.9228472307143546 
