0.001 0.7936502022299751 
0.0030707070707070706 0.885883735682725 
0.005141414141414141 1.0239150610482906 
0.007212121212121212 1.0096595359045673 
0.009282828282828282 0.9497479413223274 
0.011353535353535352 0.9020179903516197 
0.013424242424242425 0.8707887656910008 
0.015494949494949495 0.8500446021640875 
0.017565656565656566 0.834732269743932 
0.019636363636363636 0.8219255717141126 
0.021707070707070706 0.810258874268548 
0.023777777777777776 0.7992815147313695 
0.02584848484848485 0.7889932279226963 
0.02791919191919192 0.7795623115348004 
0.02998989898989899 0.771178806115526 
0.03206060606060606 0.7639924995972954 
0.03413131313131313 0.758097071622012 
0.0362020202020202 0.753535436940416 
0.03827272727272727 0.7503123726516726 
0.04034343434343434 0.7484077218081511 
0.04241414141414141 0.7477875417215752 
0.04448484848484848 0.7484125853864799 
0.04655555555555555 0.7502443656711538 
0.04862626262626262 0.753249324104757 
0.0506969696969697 0.7574016413961021 
0.05276767676767677 0.7626851463593333 
0.05483838383838384 0.7690946844830476 
0.05690909090909091 0.7766372184435808 
0.05897979797979798 0.7853328738779958 
0.06105050505050505 0.7952160984544832 
0.06312121212121212 0.8063370834437246 
0.06519191919191919 0.81876359270703 
0.06726262626262626 0.832583362222599 
0.06933333333333333 0.8479072657837154 
0.0714040404040404 0.8648735058194124 
0.07347474747474747 0.8836531809598903 
0.07554545454545454 0.9044577292760302 
0.07761616161616161 0.927548967431469 
0.07968686868686868 0.9532527897799103 
0.08175757575757575 0.9819781389862732 
0.08382828282828282 1.0142437507574644 
0.08589898989898989 1.0507166579666052 
0.08796969696969696 1.092269027679826 
0.09004040404040403 1.1400645301063586 
0.0921111111111111 1.1956942019329668 
0.09418181818181817 1.2613991489759604 
0.09625252525252524 1.3404542438705775 
0.09832323232323231 1.43787119642006 
0.1003939393939394 1.5617914893300655 
0.10246464646464647 1.7265443316436686 
0.10453535353535354 1.9603831394383473 
0.10660606060606061 2.3296830503949217 
0.10867676767676768 3.048044146418161 
0.11074747474747475 5.73402185458648 
0.11281818181818182 2784.6304901518247 
0.11488888888888889 14663608.154813988 
0.11695959595959596 26196768.561353873 
0.11903030303030303 32252229.120382935 
0.1211010101010101 37626437.64768817 
0.12317171717171717 nan 
0.12524242424242424 51221775.453423426 
0.1273131313131313 225165916.05790544 
0.12938383838383838 184771805.55934954 
0.13145454545454544 56744640.68016301 
0.13352525252525252 nan 
0.1355959595959596 89339096.03792726 
0.13766666666666666 145254682.71282163 
0.13973737373737374 63113128.06806104 
0.1418080808080808 76904241.73397301 
0.14387878787878788 nan 
0.14594949494949494 85812882.13976748 
0.14802020202020202 nan 
0.15009090909090908 nan 
0.15216161616161616 nan 
0.15423232323232322 141401345.99408177 
0.1563030303030303 nan 
0.15837373737373736 90424145.68987791 
0.16044444444444445 70598678.8377079 
0.1625151515151515 nan 
0.16458585858585859 nan 
0.16665656565656564 nan 
0.16872727272727273 nan 
0.17079797979797978 nan 
0.17286868686868687 nan 
0.17493939393939392 nan 
0.177010101010101 nan 
0.17908080808080806 61881436.073976755 
0.18115151515151515 51265018.31195127 
0.1832222222222222 136583600.26839733 
0.1852929292929293 59842129.20052387 
0.18736363636363634 nan 
0.18943434343434343 nan 
0.19150505050505048 83478283.147795 
0.19357575757575757 105780459.47115894 
0.19564646464646462 111378813.32746316 
0.1977171717171717 113809523.38157363 
0.1997878787878788 123836060.40138842 
0.20185858585858585 nan 
0.20392929292929293 172492574.0138816 
0.206 105920388.59384723 
