0.001 0.06061997600386742 
0.001393939393939394 0.06061997600386742 
0.001787878787878788 0.060619976003867294 
0.002181818181818182 0.060619976003810395 
0.002575757575757576 0.06061997599981242 
0.00296969696969697 0.06061997591056797 
0.003363636363636364 0.060619974971447846 
0.0037575757575757577 0.060619969087859785 
0.004151515151515152 0.060619943653010024 
0.004545454545454545 0.060619860001474686 
0.00493939393939394 0.06061963622246808 
0.005333333333333333 0.060619125771476504 
0.0057272727272727275 0.06061809845686075 
0.006121212121212122 0.060616227613885514 
0.0065151515151515155 0.06061308541014013 
0.006909090909090909 0.06060814625719784 
0.007303030303030303 0.060600796874369874 
0.007696969696969698 0.06059035085110785 
0.008090909090909091 0.060576065476356314 
0.008484848484848484 0.060557158921489204 
0.008878787878787878 0.06053282636005967 
0.009272727272727273 0.06050225412402913 
0.009666666666666667 0.060464631339664884 
0.010060606060606062 0.060419159529903926 
0.010454545454545456 0.06036505880816526 
0.01084848484848485 0.0603015728683813 
0.011242424242424245 0.060227971526479226 
0.011636363636363636 0.060143552331126934 
0.01203030303030303 0.06004763994941086 
0.012424242424242424 0.059939585458926345 
0.012818181818181819 0.05981876499697667 
0.013212121212121213 0.05968457680696645 
0.013606060606060608 0.05953643948527188 
0.014000000000000002 0.05937378831028755 
0.014393939393939396 0.05919607298392846 
0.014787878787878787 0.059002754191824595 
0.015181818181818182 0.05879330015353021 
0.015575757575757576 0.058567184040029474 
0.01596969696969697 0.05832388032806864 
0.016363636363636365 0.05806286165852048 
0.01675757575757576 0.05778359554965787 
0.017151515151515154 0.05748554105643191 
0.017545454545454548 0.057168145351169875 
0.017939393939393943 0.05683084019476087 
0.018333333333333333 0.056473038154678266 
0.018727272727272728 0.05609412915211822 
0.019121212121212122 0.05569347564705604 
0.019515151515151517 0.05527040901929847 
0.01990909090909091 0.054824224012748585 
0.020303030303030305 0.054354174189196525 
0.0206969696969697 0.05385946575722942 
0.021090909090909094 0.05333925124104768 
0.02148484848484849 0.05279262225141896 
0.02187878787878788 0.052218601297842726 
0.022272727272727274 0.05161613233208151 
0.02266666666666667 0.05098407031489194 
0.023060606060606063 0.05032116843734113 
0.023454545454545457 0.04962606368299147 
0.02384848484848485 0.048897259709466956 
0.024242424242424246 0.04813310643323609 
0.024636363636363637 0.047331776078718815 
0.02503030303030303 0.04649123348249177 
0.025424242424242426 0.04560920089003104 
0.02581818181818182 0.04468311375188785 
0.026212121212121214 0.0437100667361848 
0.02660606060606061 0.042686744972587905 
0.027000000000000003 0.04160933732057182 
0.027393939393939398 0.040473423995124595 
0.027787878787878792 0.03927382873427645 
0.028181818181818183 0.03800442232729136 
0.028575757575757577 0.03665785394810674 
0.02896969696969697 0.03522517577014007 
0.029363636363636366 0.03369530532492044 
0.02975757575757576 0.03205422725052564 
0.030151515151515155 0.030283763737905582 
0.03054545454545455 0.0283595851110855 
0.03093939393939394 0.02624779475062645 
0.03133333333333333 0.023898590091365367 
0.03172727272727273 0.02123318519966993 
0.03212121212121212 0.018112371242552997 
0.03251515151515152 0.014239624902482925 
0.03290909090909091 0.008659057163574698 
0.03330303030303031 0.00028553068041742844 
0.0336969696969697 2.4679772647028923e-07 
0.034090909090909095 1.078138403089667e-08 
0.034484848484848486 7.665539765013064e-09 
0.034878787878787884 5.946399816393688e-09 
0.035272727272727275 4.873733175029933e-09 
0.035666666666666666 4.168510056539767e-09 
0.036060606060606064 3.655858058749166e-09 
0.036454545454545455 3.233175458640356e-09 
0.03684848484848485 2.915798973707117e-09 
0.037242424242424244 2.6380506853244836e-09 
0.03763636363636364 2.3605342773089783e-09 
0.03803030303030303 2.2183703039953892e-09 
0.03842424242424243 2.096117920537647e-09 
0.03881818181818182 1.9077638528169524e-09 
0.03921212121212121 1.7910403415453902e-09 
0.03960606060606061 1.6974086334075649e-09 
0.04 1.5898195852988646e-09 
