0.001 0.01503812863334232 
0.001310344827586207 0.015037833766570386 
0.001620689655172414 0.015035401056318272 
0.0019310344827586207 0.01502592859619766 
0.002241379310344828 0.015001921152265767 
0.0025517241379310347 0.014955004582351996 
0.0028620689655172414 0.014877260664369648 
0.0031724137931034486 0.014761725357974083 
0.0034827586206896553 0.014602323389825606 
0.003793103448275862 0.01439355248574757 
0.004103448275862069 0.01413008843037126 
0.004413793103448276 0.013806364732157293 
0.004724137931034483 0.013416113964362833 
0.0050344827586206896 0.012951815606948107 
0.005344827586206897 0.012403946805192963 
0.005655172413793104 0.011759845107174972 
0.005965517241379311 0.011001799005376643 
0.006275862068965517 0.010103491700598747 
0.006586206896551724 0.009022505653711502 
0.006896551724137932 0.007681526291102938 
0.0072068965517241386 0.00590543145948555 
0.007517241379310345 0.0030007866142546837 
0.007827586206896553 9.783143379849245e-09 
0.008137931034482758 4.032333846696691e-09 
0.008448275862068966 2.623490581272038e-09 
0.008758620689655173 1.9636074963253358e-09 
0.00906896551724138 1.5907997453014295e-09 
0.009379310344827588 1.3433218697696415e-09 
0.009689655172413793 1.175808606954792e-09 
0.01 1.0766677851417026e-09 
