0    0.23990536416703914    0.11995268208351957    0.050262548500732515
1    0.27098216656077956    0.13549108328038978    0.03472414730386231
2    0.2919904464069259    0.14599522320346295    0.024220007380789138
3    0.3067334423316366    0.1533667211658183    0.0168485094184338
4    0.3168788585648443    0.15843942928242216    0.011775801301829925
5    0.32401905793298014    0.16200952896649007    0.008205701617762018
6    0.3289482748497576    0.1644741374248788    0.005741093159373295
7    0.3324158602476897    0.16620793012384485    0.0040073004604072315
8    0.3348155416512393    0.16740777082561964    0.002807459758632447
9    0.3365040454509765    0.16825202272548825    0.0019632078587638324
10    0.33767561304559707    0.16883780652279853    0.0013774240614535527
11    0.3385006183471256    0.1692503091735628    0.0009649214106892956
12    0.3390745247160423    0.16953726235802116    0.0006779682262309239
13    0.33947906385683835    0.16973953192841917    0.0004756986558329124
14    0.3397611394949124    0.1698805697474562    0.000334660836795897
15    0.33996016826596037    0.16998008413298019    0.00023514645127190037
16    0.34009923276860965    0.17004961638430482    0.00016561419994726156
17    0.3401974437997358    0.1700987218998679    0.00011650868438417561
18    0.3402661874643308    0.1701330937321654    8.213685208668942e-05
19    0.3403147747259953    0.17015738736299765    5.784322125443331e-05
20    0.34034883570820723    0.17017441785410362    4.0812730148470644e-05
21    0.3403729262107314    0.1701864631053657    2.8767478886387865e-05
22    0.3403898364599318    0.1701949182299659    2.031235428617828e-05
23    0.3404018037656635    0.17020090188283174    1.4328701420346368e-05
24    0.34041021370457786    0.17020510685228893    1.0123731963157523e-05
25    0.3404161684356901    0.17020808421784506    7.146366407029259e-06
26    0.3404203572147807    0.17021017860739035    5.051976861736307e-06
27    0.34042332444354717    0.17021166222177359    3.568362478501008e-06
28    0.3404254135134208    0.1702127067567104    2.5238275416783473e-06
29    0.34042689394150655    0.17021344697075327    1.7836134988125085e-06
30    0.34042793703389507    0.17021396851694753    1.2620673045526942e-06
31    0.34042867648368025    0.17021433824184012    8.923424119622325e-07
32    0.3404291978486977    0.17021459892434884    6.316599032440973e-07
33    0.340429567560747    0.1702147837803735    4.4680387858986315e-07
34    0.34042982839502456    0.17021491419751228    3.163867398070508e-07
35    0.3404300134109999    0.17021500670549994    2.2387875214802122e-07
36    0.34043014401397037    0.17021507200698519    1.585772669010499e-07
37    0.3404302366777044    0.1702151183388522    1.1224539989140858e-07
38    0.34043030212251907    0.17021515106125953    7.952299255209461e-08
39    0.34043034856713683    0.17021517428356842    5.630068367068475e-08
40    0.34043038138456666    0.17021519069228333    3.989196875608947e-08
41    0.34043040467947006    0.17021520233973503    2.8244517058517715e-08
42    0.34043042114662964    0.17021521057331482    2.001093726833325e-08
43    0.3404304328379973    0.17021521641899864    1.4165253442444126e-08
44    0.34043044110596193    0.17021522055298097    1.0031271119315122e-08
45    0.3404304469772063    0.17021522348860316    7.095648929533738e-09
46    0.3404304511308253    0.17021522556541266    5.018839427384236e-09
47    0.34043045408092115    0.17021522704046058    3.543791510240979e-09
48    0.3404304561686749    0.17021522808433745    2.4999146364113045e-09
49    0.34043045765170105    0.17021522882585052    1.7584015632454708e-09
50    0.34043045870148614    0.17021522935074307    1.2335090171511354e-09
51    0.3404304594471883    0.17021522972359415    8.606579338099607e-10
52    0.3404304599750167    0.17021522998750835    5.967437377574214e-10
53    0.3404304603497309    0.17021523017486545    4.093866357024467e-10
54    0.3404304606146401    0.17021523030732005    2.769320328610547e-10
55    0.3404304608021581    0.17021523040107905    1.8317303229764548e-10
56    0.34043046093395146    0.17021523046697573    1.1727635529368285e-10
57    0.3404304610261059    0.17021523051305296    7.119912992514799e-11
58    0.3404304610892652    0.1702152305446326    3.961947436792457e-11
59    0.3404304611311203    0.17021523056556015    1.869193688719406e-11
60    0.34043046115650494    0.17021523057825247    5.99961746949873e-12
61    0.3404304611685039    0.17021523058425195    1.3877787807814457e-16
62    0.3404304611685042    0.1702152305842521    0.0
63    0.3404304611565049    0.17021523057825244    5.999645225074346e-12
64    0.3404304611311202    0.1702152305655601    1.8691992398345292e-11
65    0.3404304610892653    0.17021523054463264    3.961944661234895e-11
66    0.3404304610261064    0.1702152305130532    7.119888012496745e-11
67    0.34043046093395163    0.17021523046697581    1.17276272026956e-10
68    0.3404304608021587    0.17021523040107936    1.831727269863137e-10
69    0.3404304606146405    0.17021523030732025    2.769318385720254e-10
70    0.34043046034973096    0.17021523017486548    4.093866079468711e-10
71    0.3404304599750171    0.17021522998750854    5.967435434683921e-10
72    0.34043045944718814    0.17021522972359407    8.606580170766875e-10
73    0.34043045870148686    0.17021522935074343    1.2335086563286524e-09
74    0.34043045765170243    0.17021522882585122    1.7584008693560804e-09
75    0.3404304561686761    0.17021522808433806    2.499914025788641e-09
76    0.34043045408092076    0.17021522704046038    3.5437917045300082e-09
77    0.340430451130826    0.170215225565413    5.018839094317329e-09
78    0.34043044697720626    0.17021522348860313    7.095648957289313e-09
79    0.3404304411059614    0.1702152205529807    1.0031271396870878e-08
80    0.3404304328379969    0.17021521641899845    1.4165253636733155e-08
81    0.34043042114662914    0.17021521057331457    2.001093751813343e-08
82    0.34043040467946967    0.17021520233973483    2.8244517252806745e-08
83    0.3404303813845667    0.17021519069228336    3.989196872833389e-08
84    0.3404303485671361    0.17021517428356805    5.630068403150723e-08
85    0.34043030212252023    0.17021515106126012    7.952299196922752e-08
86    0.34043023667770456    0.17021511833885228    1.1224539980814185e-07
87    0.3404301440139697    0.17021507200698485    1.585772672341168e-07
88    0.3404300134109997    0.17021500670549986    2.2387875223128795e-07
89    0.3404298283950245    0.17021491419751225    3.1638673983480636e-07
90    0.3404295675607469    0.17021478378037344    4.468038786453743e-07
91    0.3404291978486974    0.1702145989243487    6.316599033828751e-07
92    0.34042867648368    0.17021433824184    8.923424120732548e-07
93    0.34042793703389496    0.17021396851694748    1.2620673046082054e-06
94    0.3404268939415063    0.17021344697075316    1.7836134989235308e-06
95    0.340425413513421    0.1702127067567105    2.5238275415950806e-06
96    0.34042332444354756    0.17021166222177378    3.568362478306719e-06
97    0.34042035721478037    0.17021017860739018    5.0519768619028405e-06
98    0.34041616843569095    0.17020808421784547    7.146366406612925e-06
99    0.34041021370457814    0.17020510685228907    1.0123731963018745e-05
100    0.3404018037656639    0.17020090188283196    1.4328701420124323e-05
101    0.3403898364599311    0.17019491822996555    2.0312354286539103e-05
102    0.3403729262107316    0.1701864631053658    2.8767478886276843e-05
103    0.34034883570820745    0.17017441785410373    4.081273014835962e-05
104    0.3403147747259955    0.17015738736299774    5.784322125435004e-05
105    0.3402661874643305    0.17013309373216526    8.21368520868282e-05
106    0.3401974437997352    0.1700987218998676    0.00011650868438448092
107    0.34009923276860954    0.17004961638430477    0.00016561419994731708
108    0.3399601682659602    0.1699800841329801    0.00023514645127198364
109    0.339761139494913    0.1698805697474565    0.00033466083679559167
110    0.33947906385683846    0.16973953192841923    0.00047569865583285686
111    0.33907452471604216    0.16953726235802108    0.0006779682262310072
112    0.3385006183471249    0.16925030917356246    0.0009649214106896287
113    0.3376756130455964    0.1688378065227982    0.0013774240614538857
114    0.33650404545097584    0.16825202272548792    0.0019632078587641655
115    0.33481554165123883    0.16740777082561942    0.002807459758632669
116    0.332415860247689    0.1662079301238445    0.004007300460407592
117    0.3289482748497574    0.1644741374248787    0.005741093159373378
118    0.3240190579329802    0.1620095289664901    0.00820570161776199
119    0.3168788585648441    0.15843942928242205    0.011775801301830036
120    0.30673344233163646    0.15336672116581823    0.016848509418433855
121    0.29199044640692534    0.14599522320346267    0.024220007380789416
122    0.2709821665607796    0.1354910832803898    0.03472414730386228
123    0.23990536416703867    0.11995268208351934    0.05026254850073275
124    0.19287039955907115    0.09643519977953557    0.07378003080471651
125    0.0    0.04683154157137128    0.1233836890128808
126    0.0    0.03356759193031434    0.13664763865393775
127    0.0    0.02662746484962831    0.14358776573462378
128    0.0    0.02216766424404276    0.14804756634020932
129    0.0    0.018993371868031603    0.1512218587162205
130    0.0    0.01658952369047239    0.1536257068937797
131    0.0    0.014690990094853446    0.15552424048939864
132    0.0    0.013145055113992698    0.1570701754702594
133    0.0    0.011856616511953265    0.15835861407229881
134    0.0    0.010762944456733082    0.159452286127519
135    0.0    0.00982078762823117    0.16039444295602093
136    0.0    0.008999253306436287    0.1612159772778158
137    0.0    0.008275629155760748    0.16193960142849134
138    0.0    0.007632808368651832    0.16258242221560026
139    0.0    0.007057637770054436    0.16315759281419764
140    0.0    0.006539821761345792    0.1636754088229063
141    0.0    0.0060711739765165335    0.16414405660773557
142    0.0    0.005645093626484087    0.164570136957768
143    0.0    0.005256191161766925    0.16495903942248516
144    0.0    0.004900015623130721    0.16531521496112137
145    0.0    0.004572852750221366    0.1656423778340307
146    0.0    0.004271573274575273    0.1659436573096768
147    0.0    0.003993517416206566    0.16622171316804552
148    0.0    0.0037364058992091793    0.1664788246850429
149    0.0    0.003498270660958776    0.1667169599232933
150    0.0    0.003277400368744468    0.16693783021550762
151    0.0    0.0030722971958753844    0.1671429333883767
152    0.0    0.002881642247461188    0.1673335883367909
153    0.0    0.0027042676932934233    0.16751096289095865
154    0.0    0.0025391341461953884    0.1676760964380567
155    0.0    0.0023853121750859784    0.1678299184091661
156    0.0    0.0022419671009600824    0.167973263483292
157    0.0    0.002108346417085144    0.16810688416716693
158    0.0    0.001983769320108932    0.16823146126414315
159    0.0    0.0018676179492561412    0.16834761263499595
160    0.0    0.0017593300154237434    0.16845590056882834
161    0.0    0.0016583925673341786    0.1685568380169179
162    0.0    0.0015643366927197719    0.16865089389153232
163    0.0    0.0014767329922919419    0.16873849759196013
164    0.0    0.0013951876955653566    0.16882004288868674
165    0.0    0.001319339312438159    0.16889589127181392
166    0.0    0.0012488557341674908    0.1689663748500846
167    0.0    0.001183431713205933    0.16903179887104616
168    0.0    0.0011227866640615175    0.16909244392019057
169    0.0    0.0010666627376064977    0.1691485678466456
170    0.0    0.0010148231295768733    0.1692004074546752
171    0.0    0.0009670505907657986    0.1692481799934863
172    0.0    0.0009231461119422976    0.16929208447230978
173    0.0    0.0008829277610527045    0.1693323028231994
174    0.0    0.0008462296539885714    0.16936900093026352
175    0.0    0.0008129010432803574    0.16940232954097173
176    0.0    0.0007828055116185723    0.1694324250726335
177    0.0    0.0007558202592328597    0.16945941032501924
178    0.0    0.0007318354759237261    0.16948339510832836
179    0.0    0.0007107537900290909    0.169504476794223
180    0.0    0.000692489787871627    0.16952274079638047
181    0.0    0.0006769695982867122    0.16953826098596536
182    0.0    0.0006641305377599316    0.16955110004649215
183    0.0    0.0006539208124764222    0.16956130977177566
184    0.0    0.0006462992742885198    0.16956893130996356
185    0.0    0.000641235228206694    0.1695739953560454
186    0.0    0.0006387082895733601    0.16957652229467873
187    0.0    0.0006387082895734581    0.16957652229467862
188    0.0    0.0006412352282067621    0.16957399535604534
189    0.0    0.0006462992742885083    0.1695689313099636
190    0.0    0.000653920812476505    0.16956130977177558
191    0.0    0.0006641305377600489    0.16955110004649204
192    0.0    0.0006769695982866229    0.16953826098596547
193    0.0    0.000692489787871437    0.16952274079638066
194    0.0    0.0007107537900291631    0.16950447679422292
195    0.0    0.0007318354759237318    0.16948339510832836
196    0.0    0.0007558202592328105    0.16945941032501927
197    0.0    0.0007828055116185415    0.16943242507263354
198    0.0    0.0008129010432802455    0.16940232954097184
199    0.0    0.000846229653988662    0.1693690009302634
200    0.0    0.0008829277610525792    0.1693323028231995
201    0.0    0.00092314611194235    0.16929208447230973
202    0.0    0.0009670505907660473    0.16924817999348604
203    0.0    0.0010148231295768907    0.16920040745467518
204    0.0    0.0010666627376065023    0.1691485678466456
205    0.0    0.0011227866640615251    0.16909244392019057
206    0.0    0.0011834317132060508    0.16903179887104602
207    0.0    0.0012488557341674934    0.1689663748500846
208    0.0    0.0013193393124380887    0.168895891271814
209    0.0    0.0013951876955653805    0.1688200428886867
210    0.0    0.001476732992291783    0.1687384975919603
211    0.0    0.0015643366927197498    0.16865089389153234
212    0.0    0.0016583925673340956    0.16855683801691798
213    0.0    0.0017593300154237915    0.16845590056882828
214    0.0    0.0018676179492561483    0.16834761263499592
215    0.0    0.001983769320108986    0.1682314612641431
216    0.0    0.002108346417085047    0.16810688416716704
217    0.0    0.0022419671009601197    0.16797326348329197
218    0.0    0.0023853121750859524    0.16782991840916614
219    0.0    0.0025391341461954656    0.16767609643805662
220    0.0    0.0027042676932933357    0.16751096289095874
221    0.0    0.0028816422474611325    0.16733358833679096
222    0.0    0.0030722971958755587    0.16714293338837652
223    0.0    0.003277400368744343    0.16693783021550773
224    0.0    0.0034982706609588176    0.16671695992329327
225    0.0    0.0037364058992091437    0.16647882468504294
226    0.0    0.003993517416206677    0.1662217131680454
227    0.0    0.004271573274575215    0.16594365730967686
228    0.0    0.004572852750221247    0.16564237783403085
229    0.0    0.004900015623130655    0.16531521496112142
230    0.0    0.005256191161766779    0.1649590394224853
231    0.0    0.005645093626484049    0.16457013695776804
232    0.0    0.006071173976516466    0.16414405660773562
233    0.0    0.006539821761345744    0.16367540882290635
234    0.0    0.007057637770054424    0.16315759281419767
235    0.0    0.007632808368651754    0.16258242221560032
236    0.0    0.00827562915576072    0.16193960142849137
237    0.0    0.008999253306436167    0.16121597727781592
238    0.0    0.009820787628231102    0.16039444295602098
239    0.0    0.010762944456732971    0.1594522861275191
240    0.0    0.011856616511953227    0.15835861407229887
241    0.0    0.013145055113992584    0.1570701754702595
242    0.0    0.014690990094853343    0.15552424048939875
243    0.0    0.016589523690472393    0.1536257068937797
244    0.0    0.018993371868031468    0.15122185871622063
245    0.0    0.02216766424404283    0.14804756634020927
246    0.0    0.026627464849628458    0.14358776573462362
247    0.0    0.033567591930314486    0.1366476386539376
248    0.0    0.04683154157137118    0.12338368901288091
249    0.19287039955907093    0.09643519977953546    0.07378003080471662
