0    4.314135527175518e-05    2.157067763587759e-05    0.0002543539964679571
1    5.7067029293644686e-05    2.8533514646822343e-05    0.00024739115945701234
2    7.088542997090247e-05    3.544271498545123e-05    0.00024048195911838347
3    8.463989961141347e-05    4.2319949805706733e-05    0.00023360472429812795
4    9.833125816385732e-05    4.916562908192866e-05    0.00022675904502190603
5    0.00011195206357135978    5.597603178567989e-05    0.0002199486423181548
6    0.00012549324915651547    6.274662457825774e-05    0.00021317804952557696
7    0.00013894550108581907    6.947275054290954e-05    0.00020645192356092516
8    0.00015229955905134032    7.614977952567016e-05    0.00019977489457816453
9    0.00016554629006394314    8.277314503197157e-05    0.0001931515290718631
10    0.00017867671357475398    8.933835678737699e-05    0.0001865863173164577
11    0.00019168201571974095    9.584100785987048e-05    0.00018008366624396423
12    0.00020455356073850357    0.00010227678036925178    0.0001736478937345829
13    0.0002172829012497824    0.0001086414506248912    0.0001672832234789435
14    0.00022986178773243626    0.00011493089386621813    0.00016099378023761655
15    0.00024228217724982628    0.00012114108862491314    0.00015478358547892155
16    0.00025453624141954514    0.00012726812070977257    0.00014865655339406212
17    0.00026661637360310967    0.00013330818680155483    0.00014261648730227986
18    0.00027851519530499403    0.00013925759765249702    0.00013666707645133768
19    0.00029022556176133316    0.00014511278088066658    0.0001308118932231681
20    0.00030174056671869714    0.00015087028335934857    0.00012505439074448612
21    0.00031305354638288304    0.00015652677319144152    0.00011939790091239317
22    0.00032415808255764216    0.00016207904127882108    0.00011384563282501361
23    0.00033504800495249155    0.00016752400247624578    0.00010840067162758892
24    0.00034571739268893887    0.00017285869634446944    0.00010306597775936526
25    0.0003561605750026134    0.0001780802875013067    9.784438660252799e-05
26    0.00036637213116008844    0.00018318606558004422    9.273860852379047e-05
27    0.0003763468896126612    0.0001881734448063306    8.775122929750409e-05
28    0.0003860799264073189    0.00019303996320365946    8.288471090017524e-05
29    0.00039556656287866433    0.00019778328143933217    7.814139266450253e-05
30    0.0004048023626588957    0.00020240118132944785    7.352349277438684e-05
31    0.00041378312803160445    0.00020689156401580222    6.903311008803247e-05
32    0.0004225048956717854    0.0002112524478358927    6.467222626794198e-05
33    0.00043096393180236793    0.00021548196590118397    6.044270820265073e-05
34    0.00043915672682247965    0.00021957836341123983    5.634631069259487e-05
35    0.0004470799894337956    0.0002235399947168978    5.238467938693689e-05
36    0.00045473064032835976    0.00022736532016417988    4.8559353939654814e-05
37    0.000462105805473583    0.0002310529027367915    4.4871771367043195e-05
38    0.0004692028090494334    0.0002346014045247167    4.132326957911799e-05
39    0.0004760191660879876    0.0002380095830439938    3.791509105984089e-05
40    0.0004825525748625887    0.00024127628743129435    3.464838667254034e-05
41    0.0004888009090896473    0.00024440045454482363    3.152421955901106e-05
42    0.000494762209983766    0.000247381104991883    2.85435691119517e-05
43    0.0005004346782266266    0.0002502173391133133    2.570733499052141e-05
44    0.0005058166659045527    0.00025290833295227636    2.3016341151558335e-05
45    0.000510906668458838    0.000255453334229419    2.0471339874415708e-05
46    0.0005157033167106417    0.00025785165835532086    1.8073015748513836e-05
47    0.0005202053690057563    0.00026010268450287816    1.582198960095653e-05
48    0.0005244117035303948    0.0002622058517651974    1.371882233863731e-05
49    0.0005283213108478498    0.0002641606554239249    1.176401867990977e-05
50    0.00053193328670076    0.00026596664335038    9.958030753454703e-06
51    0.0005352468251250343    0.00026762341256251717    8.301261541317521e-06
52    0.0005382612119199272    0.0002691306059599636    6.794068143871096e-06
53    0.0005409758185097087    0.0002704879092548543    5.4367648489803675e-06
54    0.0005433900962391438    0.0002716950481195719    4.229625984262814e-06
55    0.0005455035711368311    0.00027275178556841555    3.17288853541914e-06
56    0.0005473158391740419    0.00027365791958702096    2.2667545168137283e-06
57    0.0005488265620566733    0.00027441328102833666    1.5113930754980334e-06
58    0.0005500354635639476    0.0002750177317819738    9.069423218609034e-07
59    0.000550942326469635    0.0002754711632348175    4.5351086901720527e-07
60    0.0005515469900509112    0.0002757734950254556    1.51179078379071e-07
61    0.0005518493482078103    0.00027592467410390517    7.047314121155779e-17
62    0.0005518493482076694    0.0002759246741038347    0.0
63    0.0005515469900504974    0.0002757734950252487    1.51179078585991e-07
64    0.0005509423264700641    0.00027547116323503205    4.5351086880264166e-07
65    0.0005500354635642595    0.00027501773178212975    9.069423217049409e-07
66    0.0005488265620568525    0.00027441328102842627    1.511393075408424e-06
67    0.0005473158391742617    0.00027365791958713085    2.2667545167038444e-06
68    0.0005455035711369292    0.0002727517855684646    3.17288853537008e-06
69    0.0005433900962391976    0.0002716950481195988    4.229625984235872e-06
70    0.0005409758185095616    0.0002704879092547808    5.4367648490538764e-06
71    0.0005382612119198538    0.0002691306059599269    6.794068143907797e-06
72    0.0005352468251250697    0.00026762341256253484    8.301261541299849e-06
73    0.000531933286700557    0.0002659666433502785    9.958030753556184e-06
74    0.0005283213108480037    0.00026416065542400185    1.1764018679832845e-05
75    0.00052441170353022    0.00026220585176511    1.3718822338724696e-05
76    0.0005202053690053286    0.0002601026845026643    1.5821989601170388e-05
77    0.0005157033167098417    0.00025785165835492084    1.8073015748913852e-05
78    0.0005109066684578792    0.0002554533342289396    2.0471339874895088e-05
79    0.0005058166659039279    0.00025290833295196394    2.3016341151870748e-05
80    0.0005004346782258159    0.00025021733911290795    2.570733499092674e-05
81    0.0004947622099827963    0.00024738110499139814    2.8543569112436554e-05
82    0.0004888009090888258    0.0002444004545444129    3.152421955942181e-05
83    0.0004825525748616194    0.0002412762874308097    3.4648386673025004e-05
84    0.00047601916608709286    0.00023800958304354643    3.791509106028826e-05
85    0.00046920280904884533    0.00023460140452442267    4.132326957941203e-05
86    0.00046210580547275423    0.00023105290273637712    4.487177136745758e-05
87    0.00045473064032792196    0.00022736532016396098    4.8559353939873714e-05
88    0.0004470799894336743    0.00022353999471683714    5.238467938699755e-05
89    0.0004391567268226873    0.00021957836341134364    5.6346310692491054e-05
90    0.00043096393180298777    0.00021548196590149388    6.044270820234081e-05
91    0.000422504895672018    0.000211252447836009    6.46722262678257e-05
92    0.00041378312803197167    0.00020689156401598583    6.903311008784886e-05
93    0.0004048023626585687    0.00020240118132928435    7.352349277455034e-05
94    0.00039556656287847547    0.00019778328143923773    7.814139266459696e-05
95    0.0003860799264074169    0.00019303996320370846    8.288471090012623e-05
96    0.0003763468896129216    0.0001881734448064608    8.77512292973739e-05
97    0.0003663721311598869    0.00018318606557994344    9.273860852389125e-05
98    0.00035616057500256206    0.00017808028750128103    9.784438660255366e-05
99    0.00034571739268903894    0.00017285869634451947    0.00010306597775931522
100    0.0003350480049527143    0.00016752400247635715    0.00010840067162747754
101    0.00032415808255774103    0.00016207904127887052    0.00011384563282496418
102    0.00031305354638326577    0.00015652677319163288    0.00011939790091220181
103    0.0003017405667187687    0.00015087028335938435    0.00012505439074445034
104    0.0002902255617619291    0.00014511278088096455    0.00013081189322287014
105    0.00027851519530544577    0.00013925759765272288    0.0001366670764511118
106    0.0002666163736034342    0.0001333081868017171    0.00014261648730211758
107    0.0002545362414199737    0.00012726812070998686    0.00014865655339384783
108    0.00024228217725029368    0.00012114108862514684    0.00015478358547868785
109    0.00022986178773260813    0.00011493089386630407    0.00016099378023753063
110    0.0002172829012501887    0.00010864145062509435    0.00016728322347874035
111    0.00020455356073807046    0.00010227678036903523    0.00017364789373479946
112    0.00019168201571976329    9.584100785988164e-05    0.00018008366624395306
113    0.00017867671357437546    8.933835678718773e-05    0.00018658631731664695
114    0.00016554629006333552    8.277314503166776e-05    0.00019315152907216693
115    0.0001522995590506423    7.614977952532116e-05    0.00019977489457851354
116    0.00013894550108574009    6.947275054287004e-05    0.00020645192356096465
117    0.0001254932491563151    6.274662457815756e-05    0.00021317804952567714
118    0.00011195206357153764    5.597603178576882e-05    0.00021994864231806587
119    9.833125816348698e-05    4.916562908174349e-05    0.0002267590450220912
120    8.463989961108167e-05    4.231994980554084e-05    0.00023360472429829386
121    7.08854299708092e-05    3.54427149854046e-05    0.0002404819591184301
122    5.706702929432345e-05    2.8533514647161726e-05    0.000247391159456673
123    4.314135527192047e-05    2.1570677635960235e-05    0.00025435399646787444
124    2.8809612081031992e-05    1.4404806040515996e-05    0.0002615198680633187
125    0.0    5.381105378967693e-06    0.000270543568724867
126    0.0    2.70034886001701e-06    0.0002732243252438177
127    0.0    1.4251730365486117e-06    0.00027449950106728607
128    0.0    7.627693241293824e-07    0.0002751619047797053
129    0.0    4.1005734846112513e-07    0.0002755146167553736
130    0.0    2.2076858344084987e-07    0.00027570390552039383
131    0.0    1.1891811226589835e-07    0.0002758057559915688
132    0.0    6.406688071131463e-08    0.0002758606072231234
133    0.0    3.451794592400413e-08    0.0002758901561579107
134    0.0    1.8597955680161118e-08    0.00027590607614815454
135    0.0    1.0020480731844593e-08    0.00027591465362310284
136    0.0    5.398995448779062e-09    0.0002759192751083859
137    0.0    2.908959932625203e-09    0.00027592176514390206
138    0.0    1.5673378704005828e-09    0.0002759231067659643
139    0.0    8.444766263360085e-10    0.00027592382962720837
140    0.0    4.5500111820002335e-10    0.0002759242191027165
141    0.0    2.451532807526825e-10    0.00027592442895055393
142    0.0    1.3208769444021532e-10    0.00027592454201614023
143    0.0    7.116835264419632e-11    0.00027592460293548207
144    0.0    3.834538121530169e-11    0.00027592463575845346
145    0.0    2.066039211524981e-11    0.00027592465344344257
146    0.0    1.1131748754928446e-11    0.00027592466297208596
147    0.0    5.997644763645893e-12    0.00027592466810618993
148    0.0    3.2315188326355153e-12    0.00027592467087231585
149    0.0    1.7411109548201836e-12    0.00027592467236272375
150    0.0    9.381228229681828e-13    0.00027592467316571185
151    0.0    5.054537653226623e-13    0.00027592467359838094
152    0.0    2.723144450276875e-13    0.00027592467383152024
153    0.0    1.4671179852585037e-13    0.0002759246739571229
154    0.0    7.903190431192593e-14    0.0002759246740248028
155    0.0    4.257399012323748e-14    0.0002759246740612607
156    0.0    2.2926098682245905e-14    0.0002759246740809086
157    0.0    1.2376689571217542e-14    0.000275924674091458
158    0.0    6.6761578361961005e-15    0.00027592467409715856
159    0.0    3.657532311957326e-15    0.00027592467410017714
160    0.0    1.910797908788453e-15    0.0002759246741019239
161    0.0    1.0105645161830046e-15    0.0002759246741028241
162    0.0    5.413285921948563e-16    0.00027592467410329335
163    0.0    2.1142281176646238e-16    0.0002759246741036233
164    0.0    2.307859849406957e-16    0.0002759246741036039
165    0.0    6.510295232596552e-17    0.0002759246741037696
166    -0.0    -2.432000998156547e-17    0.00027592467410385903
167    0.0    2.4445370857759108e-17    0.00027592467410381024
168    0.0    1.549731480296468e-17    0.0002759246741038192
169    0.0    4.645128682742583e-17    0.00027592467410378823
170    -0.0    -1.964777624451075e-17    0.0002759246741038543
171    -0.0    -8.05799383381961e-17    0.00027592467410391525
172    -0.0    -2.4109945810646405e-17    0.0002759246741038588
173    0.0    7.071369856857801e-17    0.000275924674103764
174    -0.0    -3.8014838672773e-18    0.0002759246741038385
175    0.0    6.411700597536152e-17    0.00027592467410377056
176    0.0    9.136097369084883e-17    0.00027592467410374335
177    -0.0    -5.082197683525802e-18    0.0002759246741038398
178    -0.0    -5.374254643739085e-17    0.0002759246741038884
179    0.0    4.296489921652713e-17    0.0002759246741037917
180    -0.0    -4.423544863740858e-17    0.00027592467410387893
181    -0.0    -5.399326818977812e-17    0.0002759246741038887
182    0.0    5.357313984793999e-17    0.00027592467410378113
183    -0.0    -1.6154612370034016e-17    0.00027592467410385085
184    0.0    8.023096076392733e-17    0.00027592467410375446
185    -0.0    -1.0019383326481668e-16    0.00027592467410393487
186    -0.0    -4.86908419399662e-17    0.0002759246741038834
187    -0.0    -1.8902387250926966e-17    0.0002759246741038536
188    0.0    7.36850901475461e-17    0.000275924674103761
189    -0.0    -3.0838775543634567e-17    0.00027592467410386554
190    0.0    7.188260403578894e-17    0.0002759246741037628
191    -0.0    -4.8833143475104923e-17    0.00027592467410388354
192    0.0    6.593304461427474e-18    0.0002759246741038281
193    0.0    1.2026173785116556e-16    0.00027592467410371445
194    -0.0    -5.636834857387918e-17    0.00027592467410389107
195    0.0    5.820132787173748e-17    0.00027592467410377647
196    -0.0    -1.9577641916478095e-16    0.00027592467410403045
197    0.0    3.7279614074556267e-17    0.0002759246741037974
198    -0.0    -8.439497473262947e-17    0.0002759246741039191
199    0.0    1.0272815584300155e-17    0.0002759246741038244
200    -0.0    -3.6578270794229706e-17    0.0002759246741038713
201    0.0    8.639736061993863e-19    0.0002759246741038338
202    0.0    8.843023969334896e-19    0.0002759246741038338
203    0.0    7.417636925695359e-17    0.00027592467410376053
204    -0.0    -3.741175121432794e-17    0.0002759246741038721
205    0.0    8.673617379884035e-18    0.000275924674103826
206    0.0    4.1169189368348014e-17    0.00027592467410379355
207    0.0    2.2836008257975937e-18    0.0002759246741038324
208    0.0    1.2059377476648925e-16    0.0002759246741037141
209    0.0    1.892474892073448e-16    0.00027592467410364545
210    0.0    3.2303803729205605e-16    0.00027592467410351165
211    0.0    6.559490906173082e-16    0.00027592467410317875
212    0.0    1.0522893591647514e-15    0.0002759246741027824
213    0.0    1.9648962090636907e-15    0.0002759246741018698
214    0.0    3.716031795426497e-15    0.00027592467410011864
215    0.0    6.721155614486038e-15    0.00027592467409711356
216    0.0    1.236952706061556e-14    0.00027592467409146514
217    0.0    2.294952422543517e-14    0.00027592467408088517
218    0.0    4.25183942687115e-14    0.0002759246740613163
219    0.0    7.912187276345149e-14    0.0002759246740247128
220    0.0    1.466515406019827e-13    0.0002759246739571832
221    0.0    2.723108976537044e-13    0.0002759246738315238
222    0.0    5.053673476332517e-13    0.00027592467359846735
223    0.0    9.381741870461043e-13    0.0002759246731656605
224    0.0    1.741179727119237e-12    0.00027592467236265496
225    0.0    3.2315286446651763e-12    0.00027592467087230604
226    0.0    5.997722619526273e-12    0.0002759246681061121
227    0.0    1.1131747545365398e-11    0.00027592466297208715
228    0.0    2.0660259100583906e-11    0.0002759246534435756
229    0.0    3.8345338121653465e-11    0.00027592463575849656
230    0.0    7.116847282800714e-11    0.0002759246029353619
231    0.0    1.3208767847872646e-10    0.0002759245420161562
232    0.0    2.451531181731786e-10    0.0002759244289507165
233    0.0    4.550012041535387e-10    0.00027592421910263055
234    0.0    8.444764607512317e-10    0.00027592382962737393
235    0.0    1.567337942750749e-09    0.00027592310676589194
236    0.0    2.9089599990461386e-09    0.00027592176514383565
237    0.0    5.398995497452963e-09    0.0002759192751083372
238    0.0    1.0020480624108779e-08    0.0002759146536232106
239    0.0    1.8597955888795497e-08    0.0002759060761479459
240    0.0    3.451794577123666e-08    0.00027589015615806347
241    0.0    6.406688082290953e-08    0.0002758606072230118
242    0.0    1.189181123555517e-07    0.0002758057559914791
243    0.0    2.207685835008232e-07    0.00027570390552033387
244    0.0    4.1005734843890915e-07    0.0002755146167553958
245    0.0    7.627693239232756e-07    0.0002751619047799114
246    0.0    1.4251730365532264e-06    0.00027449950106728146
247    0.0    2.7003488595682385e-06    0.00027322432524426644
248    0.0    5.381105378992541e-06    0.00027054356872484216
249    2.8809612081769263e-05    1.4404806040884631e-05    0.00026151986806295007
