0    2.316196055895372e-09    1.158098027947686e-09    6.709694334632426e-09
1    3.1560673129736668e-09    1.5780336564868334e-09    6.289758706093279e-09
2    3.980222654974914e-09    1.990111327487457e-09    5.877681035092655e-09
3    4.786055224507671e-09    2.3930276122538354e-09    5.474764750326277e-09
4    5.570368154968803e-09    2.7851840774844016e-09    5.082608285095711e-09
5    6.330152632058862e-09    3.165076316029431e-09    4.702716046550681e-09
6    7.0627144292744174e-09    3.5313572146372087e-09    4.336435147942903e-09
7    7.765712275097199e-09    3.8828561375485995e-09    3.984936225031513e-09
8    8.43717618358628e-09    4.21858809179314e-09    3.6492042707869726e-09
9    9.075521484678472e-09    4.537760742339236e-09    3.3300316202408763e-09
10    9.679551913413808e-09    4.839775956706904e-09    3.0280164058732083e-09
11    1.024845297764188e-08    5.12422648882094e-09    2.7435658737591726e-09
12    1.0781783227298607e-08    5.3908916136493034e-09    2.476900748930809e-09
13    1.1279456171823262e-08    5.639728085911631e-09    2.2280642766684816e-09
14    1.1741715616521405e-08    5.870857808260702e-09    1.99693455431941e-09
15    1.2169112539785828e-08    6.084556269892914e-09    1.7832360926871983e-09
16    1.2562468376267835e-08    6.2812341881339174e-09    1.586558174446195e-09
17    1.292284730896524e-08    6.46142365448262e-09    1.4063687080974923e-09
18    1.3251516451838567e-08    6.625758225919283e-09    1.242034136660829e-09
19    1.3549913936380703e-08    6.774956968190352e-09    1.0928353943897607e-09
20    1.3819611160273396e-08    6.909805580136698e-09    9.579867824434142e-10
21    1.4062279548353675e-08    7.0311397741768375e-09    8.366525884032748e-10
22    1.4279655979789386e-08    7.139827989894693e-09    7.279643726854194e-10
23    1.4473517315006477e-08    7.2367586575032384e-09    6.310337050768739e-10
24    1.4645645151799658e-08    7.322822575899829e-09    5.449697866802832e-10
25    1.4797809755178021e-08    7.3989048775890104e-09    4.688874849911019e-10
26    1.493173959482808e-08    7.46586979741404e-09    4.0192256516607217e-10
27    1.504911232760526e-08    7.52455616380263e-09    3.4323619877748266e-10
28    1.515153189647196e-08    7.57576594823598e-09    2.9202641434413276e-10
29    1.5240521963318454e-08    7.620260981659227e-09    2.475313809208851e-10
30    1.531751655244614e-08    7.65875827622307e-09    2.0903408635704186e-10
31    1.5383850722884055e-08    7.691925361442028e-09    1.7586700113808473e-10
32    1.5440762563767292e-08    7.720381281883646e-09    1.474110806964665e-10
33    1.54893869312099e-08    7.74469346560495e-09    1.2309889697516157e-10
34    1.553076032413004e-08    7.76538016206502e-09    1.0241220051509254e-10
35    1.5565819055711243e-08    7.782909527855622e-09    8.488283472449068e-11
36    1.559540681162944e-08    7.79770340581472e-09    7.008895676539214e-11
37    1.5620275271444164e-08    7.810137635722082e-09    5.765472685803042e-11
38    1.5641095081863708e-08    7.820547540931854e-09    4.72448216482586e-11
39    1.565845511776193e-08    7.829227558880966e-09    3.856480369914653e-11
40    1.5672873589758925e-08    7.836436794879463e-09    3.1355567700649756e-11
41    1.568480156720514e-08    7.84240078360257e-09    2.5391578977541545e-11
42    1.5694632209548928e-08    7.847316104774464e-09    2.047625780564845e-11
43    1.5702701522350772e-08    7.851350761175386e-09    1.644160140472648e-11
44    1.570930034897899e-08    7.854650174489494e-09    1.3142188090618013e-11
45    1.5714676190811e-08    7.8573380954055e-09    1.0454267174611896e-11
46    1.5719039047085558e-08    7.859519523542779e-09    8.27283903733325e-12
47    1.572256681146371e-08    7.861283405731855e-09    6.50895684825754e-12
48    1.5725407894832387e-08    7.862703947416194e-09    5.0884151639187645e-12
49    1.572768746826538e-08    7.86384373413269e-09    3.948628447422594e-12
50    1.5729509400283023e-08    7.864754700141512e-09    3.0376624386007625e-12
51    1.573095944786397e-08    7.865479723931985e-09    2.312638648127495e-12
52    1.5732108737400797e-08    7.866054368700399e-09    1.7379938797136222e-12
53    1.5733014504612957e-08    7.866507252306478e-09    1.2851102736338645e-12
54    1.5733725254437526e-08    7.866862627218763e-09    9.297353613493778e-13
55    1.5734277429135805e-08    7.867138714567903e-09    6.536480122096299e-13
56    1.5734702756768444e-08    7.867351378384222e-09    4.409841958904827e-13
57    1.5735024574763804e-08    7.867512287381902e-09    2.800751982102035e-13
58    1.57352615514437e-08    7.86763077572185e-09    1.615868582625449e-13
59    1.573542766738908e-08    7.86771383369454e-09    7.852888557236931e-14
60    1.57355331335088e-08    7.8677665667544e-09    2.5795825712400583e-14
61    1.573558453278461e-08    7.867792266392305e-09    9.618780748438972e-17
62    1.5735584725160225e-08    7.867792362580112e-09    0.0
63    1.5735533698522713e-08    7.867766849261357e-09    2.5513318755845655e-14
64    1.5735428142677216e-08    7.867714071338608e-09    7.829124150410747e-14
65    1.573526172059155e-08    7.867630860295775e-09    1.615022843372129e-13
66    1.573502418448075e-08    7.867512092240376e-09    2.802703397368153e-13
67    1.5734702522509485e-08    7.867351261254742e-09    4.411013253699781e-13
68    1.573427692001321e-08    7.867138460006605e-09    6.539025735077732e-13
69    1.573372479241915e-08    7.866862396209575e-09    9.299663705374263e-13
70    1.5733014337009697e-08    7.866507168504849e-09    1.285194075263672e-12
71    1.5732108639542806e-08    7.866054319771403e-09    1.7380428087091324e-12
72    1.5730959734421367e-08    7.865479867210683e-09    2.3124953694290095e-12
73    1.5729509327717803e-08    7.864754663858902e-09    3.037698721210736e-12
74    1.5727687612206287e-08    7.863843806103144e-09    3.948556476968668e-12
75    1.5725408229930585e-08    7.862704114965293e-09    5.088247614819627e-12
76    1.5722566823083655e-08    7.861283411541828e-09    6.508951038284847e-12
77    1.5719039326567153e-08    7.859519663283576e-09    8.272699296535876e-12
78    1.5714675999527867e-08    7.857337999763933e-09    1.0454362816179082e-11
79    1.57093002951053e-08    7.85465014755265e-09    1.3142215027461839e-11
80    1.5702700901594855e-08    7.851350450797427e-09    1.644191178268509e-11
81    1.5694631323734223e-08    7.847315661867112e-09    2.0476700713000838e-11
82    1.568480143255941e-08    7.842400716279706e-09    2.5391646300406753e-11
83    1.5672872743351366e-08    7.836436371675683e-09    3.135599090442926e-11
84    1.5658454718739987e-08    7.829227359369993e-09    3.856500321011907e-11
85    1.5641094585131198e-08    7.820547292565599e-09    4.7245070014513274e-11
86    1.562027530599891e-08    7.810137652999455e-09    5.765470958065768e-11
87    1.559540605701988e-08    7.79770302850994e-09    7.00893340701718e-11
88    1.5565819231304915e-08    7.782909615652458e-09    8.488274692765461e-11
89    1.553076053284029e-08    7.765380266420146e-09    1.0241209615996673e-10
90    1.5489387757450337e-08    7.744693878725169e-09    1.230984838549437e-10
91    1.5440762746146826e-08    7.720381373073413e-09    1.4741098950669934e-10
92    1.5383850639753565e-08    7.691925319876783e-09    1.7586704270332983e-10
93    1.5317516236066256e-08    7.658758118033128e-09    2.0903424454698445e-10
94    1.5240522119320145e-08    7.620261059660073e-09    2.4753130292003966e-10
95    1.5151531584905233e-08    7.575765792452616e-09    2.9202657012749593e-10
96    1.5049111913527906e-08    7.524555956763953e-09    3.432364058161594e-10
97    1.4931740055022884e-08    7.465870027511442e-09    4.019223350686704e-10
98    1.4797809495663478e-08    7.398904747831739e-09    4.688876147483736e-10
99    1.4645645642105684e-08    7.322822821052842e-09    5.449695415272704e-10
100    1.4473516977575805e-08    7.236758488787902e-09    6.3103387379221e-10
101    1.4279656040245198e-08    7.139828020122599e-09    7.279643424575134e-10
102    1.4062279074227883e-08    7.031139537113941e-09    8.366528254661709e-10
103    1.3819610989429084e-08    6.909805494714542e-09    9.579868678655703e-10
104    1.354991389568259e-08    6.774956947841295e-09    1.0928354147388174e-09
105    1.3251516076301161e-08    6.6257580381505805e-09    1.2420343244295318e-09
106    1.2922847117769248e-08    6.461423558884624e-09    1.4063688036954885e-09
107    1.2562468476865769e-08    6.2812342384328845e-09    1.5865581241472278e-09
108    1.2169112154167797e-08    6.084556077083899e-09    1.7832362854962137e-09
109    1.1741716386369456e-08    5.870858193184728e-09    1.9969341693953845e-09
110    1.1279456507396728e-08    5.639728253698364e-09    2.2280641088817483e-09
111    1.0781783893223527e-08    5.3908919466117636e-09    2.4769004159683488e-09
112    1.0248452830333594e-08    5.124226415166797e-09    2.7435659474133155e-09
113    9.679552061233128e-09    4.839776030616564e-09    3.0280163319635486e-09
114    9.075521116277822e-09    4.537760558138911e-09    3.3300318044412015e-09
115    8.437175898633894e-09    4.218587949316947e-09    3.6492044132631652e-09
116    7.765712046593521e-09    3.882856023296761e-09    3.984936339283352e-09
117    7.062714887530701e-09    3.5313574437653504e-09    4.336434918814762e-09
118    6.330152691144931e-09    3.1650763455724654e-09    4.702716017007647e-09
119    5.570368028024652e-09    2.785184014012326e-09    5.082608348567786e-09
120    4.7860548612253115e-09    2.3930274306126558e-09    5.474764931967457e-09
121    3.980222343519547e-09    1.9901111717597733e-09    5.877681190820339e-09
122    3.156067587491262e-09    1.578033793745631e-09    6.289758568834481e-09
123    2.316194776630361e-09    1.1580973883151805e-09    6.709694974264932e-09
124    1.4556649319243531e-09    7.278324659621766e-10    7.139959896617936e-09
125    0.0    2.2142698602723987e-10    7.646365376552872e-09
126    0.0    8.948687268628908e-11    7.778305489893823e-09
127    0.0    3.7659811262192036e-11    7.83013255131792e-09
128    0.0    1.5991668732494664e-11    7.851800693847618e-09
129    0.0    6.806041416229409e-12    7.860986321163883e-09
130    0.0    2.898181328115421e-12    7.864894181251997e-09
131    0.0    1.2344570482163444e-12    7.866557905531896e-09
132    0.0    5.255461313375126e-13    7.867266816448775e-09
133    0.0    2.2385618186504416e-13    7.867568506398246e-09
134    0.0    9.527262868325973e-14    7.867697089951429e-09
135    0.0    4.066486813448244e-14    7.867751697711979e-09
136    0.0    1.7301085657321252e-14    7.867775061494455e-09
137    0.0    7.323814547672068e-15    7.867785038765565e-09
138    0.0    3.0209670746499505e-15    7.867789341613038e-09
139    0.0    1.4223657571464048e-15    7.867790940214356e-09
140    0.0    6.00453231887625e-16    7.86779176212688e-09
141    0.0    2.5671307160842154e-16    7.867792105867041e-09
142    0.0    4.684321720256749e-17    7.867792315736896e-09
143    0.0    1.1347271087627947e-17    7.86779235123284e-09
144    -0.0    -1.4342771734768049e-16    7.867792506007829e-09
145    -0.0    -1.5283981128296193e-16    7.867792515419924e-09
146    -0.0    -6.3225997831997215e-18    7.867792368902712e-09
147    0.0    8.995712287348354e-17    7.86779227262299e-09
148    -0.0    -1.068560309111267e-16    7.867792469436143e-09
149    0.0    1.6626594079533684e-16    7.867792196314172e-09
150    -0.0    -4.44830202792281e-17    7.867792407063133e-09
151    -0.0    -7.475352584396603e-17    7.867792437333639e-09
152    -0.0    -7.257281997911786e-17    7.867792435152932e-09
153    0.0    2.388069735676828e-17    7.867792338699415e-09
154    -0.0    -9.1644375901672e-17    7.867792454224488e-09
155    0.0    5.640052538271961e-17    7.867792306179586e-09
156    -0.0    -5.297667552126206e-17    7.867792415556787e-09
157    0.0    1.5366524437307336e-16    7.867792208914868e-09
158    -0.0    -8.350077687742558e-17    7.86779244608089e-09
159    0.0    1.0332269542379164e-16    7.867792259257417e-09
160    -0.0    -1.3298345617371953e-17    7.867792375878458e-09
161    0.0    1.8904834454429447e-16    7.867792173531769e-09
162    0.0    1.1302713618405252e-16    7.867792249552976e-09
163    -0.0    -1.472666624671415e-16    7.867792509846774e-09
164    0.0    4.758341749896388e-17    7.867792314996695e-09
165    -0.0    -3.221185420823712e-17    7.867792394791966e-09
166    0.0    5.880475592179977e-17    7.867792303775356e-09
167    0.0    2.2138634617409018e-17    7.867792340441479e-09
168    -0.0    -7.259017588273045e-17    7.867792435170288e-09
169    0.0    1.4136311941329636e-16    7.867792221216992e-09
170    -0.0    -2.1284602688196754e-16    7.86779257542614e-09
171    0.0    1.440393549585272e-16    7.867792218540757e-09
172    -0.0    -8.981812282296467e-17    7.867792452398235e-09
173    0.0    2.1580727608925238e-16    7.867792146772836e-09
174    0.0    1.209793687313436e-17    7.867792350482176e-09
175    0.0    4.7453109048731413e-17    7.867792315127004e-09
176    0.0    1.2126564735934935e-16    7.867792241314465e-09
177    0.0    1.5487634328935486e-16    7.86779220770377e-09
178    -0.0    -1.3734330722039513e-16    7.86779249992342e-09
179    0.0    1.052920663615047e-16    7.867792257288046e-09
180    -0.0    -5.3865824162609346e-17    7.867792416445937e-09
181    0.0    1.0467479017061494e-16    7.867792257905323e-09
182    -0.0    -1.4488330076433788e-16    7.867792507463414e-09
183    0.0    1.6875056439776557e-16    7.867792193829548e-09
184    -0.0    -1.3669163220674447e-16    7.867792499271745e-09
185    0.0    7.050291154520115e-17    7.867792292077201e-09
186    0.0    5.0279737196262665e-17    7.867792312300376e-09
187    0.0    1.1213607530792416e-16    7.867792250444038e-09
188    -0.0    -7.033702502284701e-17    7.867792432917138e-09
189    -0.0    -1.113181411270534e-18    7.867792363693294e-09
190    -0.0    -1.3365488953367436e-16    7.867792496235001e-09
191    0.0    9.848666245126098e-17    7.86779226409345e-09
192    0.0    8.063415268612101e-17    7.867792281945959e-09
193    0.0    6.583215949541866e-17    7.867792296747952e-09
194    0.0    3.264417250396729e-17    7.86779232993594e-09
195    0.0    5.0159385829256227e-17    7.867792312420727e-09
196    -0.0    -2.6761501595121115e-17    7.867792389341614e-09
197    0.0    1.6148429194955182e-17    7.867792346431682e-09
198    0.0    1.7394635838122297e-16    7.867792188633754e-09
199    -0.0    -7.993257831221082e-17    7.867792442512691e-09
200    -0.0    -5.738283575754356e-17    7.867792419962948e-09
201    0.0    5.891768427338673e-17    7.867792303662428e-09
202    -0.0    -6.755675786710751e-17    7.86779243013687e-09
203    -0.0    -6.753627480718917e-17    7.867792430116387e-09
204    0.0    5.926128072757811e-17    7.867792303318832e-09
205    -0.0    -9.566021659365722e-17    7.867792458240329e-09
206    -0.0    -1.0126145811744116e-16    7.867792463841571e-09
207    0.0    9.337979017685787e-17    7.867792269200322e-09
208    -0.0    -6.041026809922908e-17    7.86779242299038e-09
209    -0.0    -4.178048287205991e-17    7.867792404360595e-09
210    0.0    3.343374907228335e-17    7.867792329146364e-09
211    0.0    7.145523827718128e-18    7.867792355434589e-09
212    0.0    2.4115442839407126e-17    7.867792338464669e-09
213    -0.0    -3.900695765190303e-17    7.86779240158707e-09
214    0.0    2.872287917638235e-17    7.867792333857233e-09
215    -0.0    -5.951741399893029e-17    7.867792422097526e-09
216    0.0    1.514939043641084e-16    7.867792211086208e-09
217    -0.0    -2.0528896322531384e-16    7.867792567869075e-09
218    0.0    5.793437580175616e-17    7.867792304645737e-09
219    0.0    2.450780438244308e-18    7.867792360129332e-09
220    0.0    4.232284596776169e-18    7.867792358347828e-09
221    0.0    4.344996444177555e-17    7.867792319130148e-09
222    -0.0    -2.1075888165844644e-17    7.867792383656001e-09
223    0.0    1.736226396975367e-16    7.867792188957473e-09
224    -0.0    -1.4862959648531414e-16    7.867792511209708e-09
225    0.0    1.37776196994531e-16    7.867792224803915e-09
226    -0.0    -1.9210035335255713e-16    7.867792554680466e-09
227    0.0    5.851724841359649e-17    7.867792304062864e-09
228    -0.0    -6.275474890112269e-18    7.867792368855588e-09
229    0.0    5.163670279612299e-17    7.867792310943409e-09
230    -0.0    -1.0205499646730104e-16    7.867792464635109e-09
231    0.0    2.432581604500304e-16    7.867792119321953e-09
232    0.0    2.1298063729177074e-16    7.867792149599475e-09
233    0.0    5.628848178351583e-16    7.867791799695294e-09
234    0.0    1.3456042801439683e-15    7.867791016975832e-09
235    0.0    3.1762292726728478e-15    7.86778918635084e-09
236    0.0    7.451482734376195e-15    7.867784911097378e-09
237    0.0    1.740237758360258e-14    7.867774960202528e-09
238    0.0    4.0686534418984784e-14    7.867751676045693e-09
239    0.0    9.535543138266929e-14    7.86769700714873e-09
240    0.0    2.240164348184154e-13    7.867568346145294e-09
241    0.0    5.255810972585511e-13    7.867266781482853e-09
242    0.0    1.2344897900929408e-12    7.86655787279002e-09
243    0.0    2.8982710172818206e-12    7.864894091562831e-09
244    0.0    6.805957173907136e-12    7.860986405406205e-09
245    0.0    1.5992064850513223e-11    7.851800297729598e-09
246    0.0    3.7659503731862244e-11    7.83013285884825e-09
247    0.0    8.948630932621256e-11    7.7783060532539e-09
248    0.0    2.2142709580368032e-10    7.646365266776431e-09
249    1.4556654163476296e-09    7.278327081738148e-10    7.139959654406298e-09
