0    2.592370179693677e-09    1.2961850898468385e-09    6.42824374357697e-09
1    3.5493147353727066e-09    1.7746573676863533e-09    5.9497714657374555e-09
2    4.482945229846835e-09    2.2414726149234174e-09    5.482956218500392e-09
3    5.388712732441135e-09    2.6943563662205675e-09    5.030072467203241e-09
4    6.261856894045194e-09    3.130928447022597e-09    4.593500386401212e-09
5    7.098138071251007e-09    3.5490690356255036e-09    4.175359797798305e-09
6    7.893964892756166e-09    3.946982446378083e-09    3.777446387045726e-09
7    8.646439480649684e-09    4.323219740324842e-09    3.4012090930989668e-09
8    9.353378853005068e-09    4.676689426502534e-09    3.047739406921275e-09
9    1.0013311911380464e-08    5.006655955690232e-09    2.717772877733577e-09
10    1.0625460101016407e-08    5.312730050508203e-09    2.4116987829156055e-09
11    1.1189702307542341e-08    5.5948511537711705e-09    2.1295776796526383e-09
12    1.1706521659161016e-08    5.853260829580508e-09    1.8711680038433008e-09
13    1.2176949018156853e-08    6.088474509078427e-09    1.6359543243453821e-09
14    1.2602488774168572e-08    6.301244387084286e-09    1.423184446339523e-09
15    1.2985048705149241e-08    6.492524352574621e-09    1.2319044808491881e-09
16    1.3326860571001016e-08    6.663430285500508e-09    1.060998547923301e-09
17    1.3630403043685496e-08    6.815201521842748e-09    9.09227311581061e-10
18    1.3898330188090127e-08    6.9491650940450635e-09    7.752637393787454e-10
19    1.413339980986795e-08    7.066699904933975e-09    6.577289284898337e-10
20    1.4338411969524254e-08    7.169205984762127e-09    5.552228486616819e-10
21    1.4516151951122743e-08    7.258075975561371e-09    4.663528578624376e-10
22    1.4669343558325952e-08    7.334671779162976e-09    3.89757054260833e-10
23    1.4800609039305734e-08    7.400304519652867e-09    3.2412431377094176e-10
24    1.4912437293703597e-08    7.456218646851799e-09    2.6821018657201017e-10
25    1.500716206188997e-08    7.503581030944985e-09    2.2084780247882397e-10
26    1.5086944373085128e-08    7.543472186542564e-09    1.8095664688124488e-10
27    1.5153764082805457e-08    7.576882041402728e-09    1.4754679202108052e-10
28    1.520941577316887e-08    7.604707886584435e-09    1.1972094683937428e-10
29    1.5255511188762312e-08    7.627755594381156e-09    9.66732390426528e-11
30    1.5293482695685515e-08    7.646741347842758e-09    7.768748558105119e-11
31    1.5324592625735666e-08    7.662296312867833e-09    6.213252055597593e-11
32    1.5349945682344478e-08    7.674972841172239e-09    4.945599225156999e-11
33    1.5370497539829722e-08    7.685248769914861e-09    3.918006350894785e-11
34    1.538707009502334e-08    7.69353504751167e-09    3.089378591213939e-11
35    1.5400365081003365e-08    7.700182540501682e-09    2.4246292922126367e-11
36    1.5410975821538295e-08    7.705487910769147e-09    1.894092265466154e-11
37    1.5419400739365844e-08    7.709700369682922e-09    1.4728463740886865e-11
38    1.5426057555170927e-08    7.713028777585464e-09    1.1400055838345192e-11
39    1.543129056391156e-08    7.71564528195578e-09    8.783551468028803e-12
40    1.5435384471310386e-08    7.717692235655193e-09    6.736597768615851e-12
41    1.5438571697735763e-08    7.719285848867881e-09    5.142984555927473e-12
42    1.5441041342033233e-08    7.720520671016617e-09    3.908162407192272e-12
43    1.5442945530556107e-08    7.721472765278053e-09    2.9560681457553636e-12
44    1.544440737729701e-08    7.722203688648505e-09    2.2251447753043325e-12
45    1.5445523447074533e-08    7.722761723537266e-09    1.6671098865424642e-12
46    1.5446373356828962e-08    7.723186678414481e-09    1.2421550093277769e-12
47    1.5447015607363758e-08    7.723507803681879e-09    9.210297419298547e-13
48    1.544750047410365e-08    7.723750237051825e-09    6.785963719837758e-13
49    1.5447863936196128e-08    7.723931968098064e-09    4.96865325744699e-13
50    1.5448135415116667e-08    7.724067707558333e-09    3.6112586547549077e-13
51    1.5448337271098005e-08    7.724168635549003e-09    2.601978748061421e-13
52    1.5448487013710486e-08    7.724243506855243e-09    1.8532656856598484e-13
53    1.5448597108312573e-08    7.724298554156287e-09    1.3027926752214278e-13
54    1.5448677995474837e-08    7.724338997737419e-09    8.983568639027004e-14
55    1.5448736339221525e-08    7.724368169610763e-09    6.066381304634395e-14
56    1.544877958392659e-08    7.724389791963296e-09    3.904146051330547e-14
57    1.54488094447022e-08    7.7244047223511e-09    2.4111072708573388e-14
58    1.544883081604791e-08    7.724415408023955e-09    1.3425399853875035e-14
59    1.5448845140955946e-08    7.724422570477973e-09    6.262945836009654e-15
60    1.544885366516476e-08    7.72442683258238e-09    2.000841428608966e-15
61    1.5448857490899333e-08    7.724428745449667e-09    8.797414222975457e-17
62    1.5448857666847618e-08    7.724428833423809e-09    0.0
63    1.5448853505905487e-08    7.724426752952743e-09    2.0804710654635144e-15
64    1.5448844661285972e-08    7.724422330642986e-09    6.502780822818378e-15
65    1.5448830653492024e-08    7.724415326746012e-09    1.3506677796992606e-14
66    1.544880895128556e-08    7.72440447564278e-09    2.435778102860503e-14
67    1.544877896431969e-08    7.724389482159845e-09    3.9351263963544785e-14
68    1.544873648198669e-08    7.724368240993346e-09    6.059243046306229e-14
69    1.5448677582974292e-08    7.724338791487146e-09    9.00419366629952e-14
70    1.5448597133787218e-08    7.724298566893609e-09    1.3026653019967836e-13
71    1.5448486814845116e-08    7.724243407422558e-09    1.8542600125081105e-13
72    1.544833737465815e-08    7.724168687329075e-09    2.6014609473412745e-13
73    1.5448135378507982e-08    7.724067689253991e-09    3.6114416981777627e-13
74    1.5447863874229263e-08    7.723931937114631e-09    4.968963091775882e-13
75    1.5447500309121663e-08    7.723750154560832e-09    6.786788629773356e-13
76    1.5447015923071354e-08    7.723507961535677e-09    9.208718881319593e-13
77    1.5446372954718566e-08    7.723186477359283e-09    1.2423560645257521e-12
78    1.544552406020516e-08    7.72276203010258e-09    1.6668033212280447e-12
79    1.54444071121864e-08    7.7222035560932e-09    2.2252773306087192e-12
80    1.544294608911669e-08    7.721473044558346e-09    2.9557888654632877e-12
81    1.544104148294115e-08    7.720520741470575e-09    3.908091953233379e-12
82    1.543857197621826e-08    7.71928598810913e-09    5.142845314679359e-12
83    1.5435384540672928e-08    7.717692270336464e-09    6.7365630873448256e-12
84    1.543129097521834e-08    7.71564548760917e-09    8.783345814638027e-12
85    1.542605721424405e-08    7.713028607122025e-09    1.1400226301783607e-11
86    1.541940060614302e-08    7.70970030307151e-09    1.472853035229899e-11
87    1.5410975427144964e-08    7.705487713572482e-09    1.8941119851326655e-11
88    1.5400365286915142e-08    7.700182643457571e-09    2.4246189966237775e-11
89    1.538707050706982e-08    7.69353525353491e-09    3.089357988889962e-11
90    1.537049795200768e-08    7.68524897600384e-09    3.9179857419968724e-11
91    1.5349946090964904e-08    7.674973045482452e-09    4.945578794135675e-11
92    1.532459285137887e-08    7.662296425689435e-09    6.213240773437366e-11
93    1.5293482688521704e-08    7.646741344260852e-09    7.768748916295666e-11
94    1.5255511317004235e-08    7.627755658502118e-09    9.667317492169124e-11
95    1.5209415897316122e-08    7.604707948658061e-09    1.197208847657476e-10
96    1.5153764552268706e-08    7.576882276134353e-09    1.4754655728945564e-10
97    1.508694473242022e-08    7.54347236621011e-09    1.809564672136983e-10
98    1.5007162577695146e-08    7.503581288847573e-09    2.2084754457623562e-10
99    1.4912437358604307e-08    7.456218679302154e-09    2.682101541216552e-10
100    1.4800609226348196e-08    7.400304613174098e-09    3.241242202497106e-10
101    1.4669343754668121e-08    7.3346718773340605e-09    3.897569560897483e-10
102    1.4516152142491085e-08    7.258076071245542e-09    4.663527621782664e-10
103    1.4338412064907178e-08    7.169206032453589e-09    5.552228009702197e-10
104    1.4133399731107748e-08    7.066699865553874e-09    6.577289678699348e-10
105    1.3898330340227905e-08    6.9491651701139525e-09    7.752636633098563e-10
106    1.3630403144524047e-08    6.815201572262023e-09    9.092272611617855e-10
107    1.3326860224245887e-08    6.663430112122944e-09    1.0609987213008652e-09
108    1.2985048816110768e-08    6.492524408055384e-09    1.231904425368425e-09
109    1.2602488314196202e-08    6.301244157098101e-09    1.4231846763257078e-09
110    1.2176948623284956e-08    6.088474311642478e-09    1.6359545217813308e-09
111    1.1706521546076582e-08    5.853260773038291e-09    1.8711680603855178e-09
112    1.1189702457260378e-08    5.594851228630189e-09    2.12957760479362e-09
113    1.0625460682981937e-08    5.312730341490969e-09    2.4116984919328402e-09
114    1.001331261422842e-08    5.00665630711421e-09    2.7177725263095987e-09
115    9.35337879749679e-09    4.676689398748395e-09    3.0477394346754136e-09
116    8.646439580398818e-09    4.323219790199409e-09    3.4012090432243996e-09
117    7.893964765408243e-09    3.9469823827041215e-09    3.777446450719687e-09
118    7.098138968033842e-09    3.549069484016921e-09    4.175359349406887e-09
119    6.261856807821655e-09    3.1309284039108276e-09    4.593500429512981e-09
120    5.388712120467046e-09    2.694356060233523e-09    5.030072773190286e-09
121    4.4829445119576584e-09    2.2414722559788292e-09    5.48295657744498e-09
122    3.5493153015424665e-09    1.7746576507712332e-09    5.949771182652575e-09
123    2.592370111175153e-09    1.2961850555875764e-09    6.428243777836233e-09
124    1.6096197829252017e-09    8.048098914626009e-10    6.9196189419612076e-09
125    0.0    2.328762102689094e-10    7.4915526231549e-09
126    0.0    8.919382153246648e-11    7.635235011891342e-09
127    0.0    3.549820778958524e-11    7.688930625634224e-09
128    0.0    1.4243004274172784e-11    7.710185829149637e-09
129    0.0    5.7256246637624455e-12    7.718703208760047e-09
130    0.0    2.30276269458714e-12    7.722126070729221e-09
131    0.0    9.262772024351421e-13    7.723502556221374e-09
132    0.0    3.7261043117504363e-13    7.724056222992633e-09
133    0.0    1.4980962237160445e-13    7.724279023801437e-09
134    0.0    6.028744116118144e-14    7.724368545982648e-09
135    0.0    2.4426838680568003e-14    7.724404406585129e-09
136    0.0    9.690072389622939e-15    7.724419143351419e-09
137    0.0    3.996891128555998e-15    7.72442483653268e-09
138    0.0    1.4943544768742557e-15    7.724427339069333e-09
139    0.0    5.994754793813738e-16    7.724428233948329e-09
140    0.0    2.6960475176541254e-16    7.724428563819057e-09
141    0.0    1.7409684828064293e-18    7.72442883168284e-09
142    0.0    7.433490400481851e-17    7.724428759088905e-09
143    0.0    1.9292346454668912e-16    7.724428640500344e-09
144    -0.0    -1.1591091920318873e-16    7.724428949334729e-09
145    -0.0    -2.138597574021666e-17    7.724428854809784e-09
146    0.0    4.1744828285731575e-17    7.724428791678981e-09
147    0.0    8.262604020389081e-17    7.724428750797768e-09
148    -0.0    -6.020281523410627e-17    7.724428893626624e-09
149    0.0    1.4506799571946025e-16    7.724428688355813e-09
150    0.0    1.334524551733279e-17    7.724428820078563e-09
151    -0.0    -2.1954179234471558e-17    7.724428855377988e-09
152    0.0    1.5849344466898618e-17    7.724428817574464e-09
153    -0.0    -9.804282928441618e-17    7.724428931466638e-09
154    0.0    9.250408404764519e-17    7.724428740919724e-09
155    0.0    4.012845646763036e-17    7.724428793295352e-09
156    -0.0    -5.4871064294206e-17    7.724428888294873e-09
157    -0.0    -1.564525719289313e-17    7.724428849069067e-09
158    -0.0    -2.5328203778674155e-16    7.724429086705847e-09
159    0.0    8.097080744061185e-17    7.724428752453001e-09
160    0.0    3.4273529713517094e-17    7.724428799150278e-09
161    0.0    5.3764992293505204e-17    7.724428779658816e-09
162    -0.0    -4.7748039365559006e-17    7.724428881171849e-09
163    -0.0    -5.586513448900346e-17    7.724428889288944e-09
164    0.0    1.375639901156327e-16    7.724428695859818e-09
165    -0.0    -3.2734772045496577e-17    7.724428866158582e-09
166    -0.0    -1.2262818991429708e-17    7.724428845686627e-09
167    0.0    6.336841765396353e-17    7.724428770055391e-09
168    -0.0    -2.0734270948063946e-17    7.72442885415808e-09
169    -0.0    -2.999401237998111e-17    7.724428863417821e-09
170    -0.0    -3.277463491319127e-17    7.724428866198443e-09
171    -0.0    -1.469656953862035e-16    7.724428980389504e-09
172    0.0    5.77123010717404e-17    7.724428775711508e-09
173    -0.0    -3.1053301526777744e-17    7.72442886447711e-09
174    -0.0    -5.0566883743526134e-17    7.724428883990693e-09
175    0.0    1.7671250266877404e-16    7.724428656711305e-09
176    -0.0    -3.057572642197599e-17    7.724428863999536e-09
177    -0.0    -5.6479482770717516e-18    7.724428839071757e-09
178    0.0    1.4800198622363417e-17    7.72442881862361e-09
179    0.0    2.1744502494271896e-17    7.724428811679307e-09
180    0.0    6.0143154625630725e-18    7.724428827409493e-09
181    0.0    4.1416368823159605e-17    7.72442879200744e-09
182    0.0    4.4712582751546265e-17    7.724428788711226e-09
183    0.0    8.865681232134305e-17    7.724428744766996e-09
184    0.0    4.691825303067886e-19    7.724428832954627e-09
185    -0.0    -6.697420713192304e-17    7.724428900398016e-09
186    0.0    1.0698783800583397e-16    7.72442872643597e-09
187    -0.0    -8.418363959869921e-17    7.724428917607449e-09
188    -0.0    -1.5028572922109955e-16    7.724428983709538e-09
189    0.0    1.926884987238146e-17    7.724428814154959e-09
190    0.0    1.0424933788755927e-17    7.724428822998875e-09
191    0.0    6.85595950390247e-17    7.724428764864214e-09
192    0.0    1.599805037555173e-16    7.724428673443305e-09
193    -0.0    -4.162709918466451e-18    7.72442883758652e-09
194    0.0    9.706146975370636e-17    7.72442873636234e-09
195    0.0    8.878219532461807e-17    7.724428744641614e-09
196    -0.0    -1.091613545337857e-17    7.724428844339944e-09
197    -0.0    -1.288734350753333e-16    7.724428962297245e-09
198    0.0    5.212693562545318e-17    7.724428781296874e-09
199    -0.0    -2.198564745971976e-17    7.724428855409456e-09
200    0.0    2.997274318828811e-17    7.724428803451065e-09
201    0.0    8.274340710324716e-17    7.724428750680401e-09
202    0.0    8.22869392695335e-17    7.724428751136869e-09
203    -0.0    -1.0298242589002394e-16    7.724428936406235e-09
204    0.0    4.829001916644444e-17    7.724428785133789e-09
205    -0.0    -1.84268724048769e-16    7.724429017692533e-09
206    -0.0    -1.36094171230826e-17    7.724428847033226e-09
207    -0.0    -9.583688107259777e-18    7.724428843007497e-09
208    0.0    4.306857317481843e-17    7.724428790355236e-09
209    -0.0    -8.201925421413187e-17    7.724428915443063e-09
210    0.0    1.4284372400950772e-16    7.724428690580085e-09
211    -0.0    -9.428505643244075e-17    7.724428927708866e-09
212    -0.0    -2.844002735085926e-17    7.724428861863837e-09
213    0.0    3.626357458307485e-17    7.724428797160234e-09
214    0.0    2.198990588891076e-17    7.724428811433904e-09
215    0.0    8.115143566565019e-17    7.724428752272373e-09
216    -0.0    -9.863147427276364e-17    7.724428932055283e-09
217    -0.0    -9.886751884255451e-17    7.724428932291327e-09
218    -0.0    -3.4940001954350563e-17    7.72442886836381e-09
219    0.0    9.467643807664356e-17    7.724428738747371e-09
220    -0.0    -1.0415918336919953e-16    7.724428937582992e-09
221    -0.0    -3.0943935531896316e-17    7.724428864367744e-09
222    -0.0    -6.812512462613582e-17    7.724428901548933e-09
223    -0.0    -1.1244992045362628e-16    7.724428945873729e-09
224    0.0    9.224104474875639e-17    7.724428741182765e-09
225    0.0    8.160630559321555e-17    7.724428751817503e-09
226    0.0    1.9413932492137163e-17    7.724428814009877e-09
227    -0.0    -1.138568208791149e-16    7.72442894728063e-09
228    0.0    5.27123589521099e-17    7.72442878071145e-09
229    0.0    5.5109268012190776e-17    7.724428778314542e-09
230    0.0    4.7279247471296496e-17    7.72442878614456e-09
231    -0.0    -1.7000212640467375e-17    7.724428850424021e-09
232    0.0    1.0545214204345324e-16    7.724428727971666e-09
233    0.0    1.9623748426154402e-16    7.724428637186324e-09
234    0.0    7.36328134908856e-16    7.724428097095674e-09
235    0.0    1.5970071336680029e-15    7.724427236416675e-09
236    0.0    4.02952246528481e-15    7.724424803901344e-09
237    0.0    9.752945113297771e-15    7.724419080478696e-09
238    0.0    2.4228446929512132e-14    7.72440460497688e-09
239    0.0    6.028496279571733e-14    7.724368548461013e-09
240    0.0    1.497449976721544e-13    7.724279088426137e-09
241    0.0    3.7257928123979616e-13    7.72405625414257e-09
242    0.0    9.263137239843006e-13    7.723502519699825e-09
243    0.0    2.3027639156738484e-12    7.722126069508134e-09
244    0.0    5.725687222922423e-12    7.718703146200887e-09
245    0.0    1.4243158968444315e-11    7.710185674455365e-09
246    0.0    3.5498116671744953e-11    7.688930716752065e-09
247    0.0    8.91932795371388e-11    7.63523555388667e-09
248    0.0    2.328762677688948e-10    7.491552565654913e-09
249    1.6096203919031783e-09    8.048101959515892e-10    6.91961863747222e-09
