0    2.6349381862795145e-09    1.3174690931397572e-09    5.715939496107369e-09
1    3.6219943667340887e-09    1.8109971833670444e-09    5.222411405880082e-09
2    4.578688623931182e-09    2.289344311965591e-09    4.744064277281536e-09
3    5.498717583183419e-09    2.7493587915917096e-09    4.284049797655417e-09
4    6.376089777906953e-09    3.1880448889534765e-09    3.84536370029365e-09
5    7.2057618215869055e-09    3.6028809107934527e-09    3.4305276784536737e-09
6    7.983764553337863e-09    3.9918822766689316e-09    3.041526312578195e-09
7    8.707239548663242e-09    4.353619774331621e-09    2.6797888149155053e-09
8    9.37443408756547e-09    4.687217043782735e-09    2.3461915454643915e-09
9    9.984658262600139e-09    4.992329131300069e-09    2.041079457947057e-09
10    1.0538205841661513e-08    5.269102920830757e-09    1.7643056684163698e-09
11    1.1036258618248076e-08    5.518129309124038e-09    1.5152792801230885e-09
12    1.1480762315135728e-08    5.740381157567864e-09    1.2930274316792622e-09
13    1.18742972785361e-08    5.93714863926805e-09    1.0962599499790761e-09
14    1.2219939713741864e-08    6.109969856870932e-09    9.234387323761944e-10
15    1.2521127991840888e-08    6.260563995920444e-09    7.728445933266822e-10
16    1.2781532042214088e-08    6.390766021107044e-09    6.426425681400822e-10
17    1.3004934927872572e-08    6.502467463936286e-09    5.309411253108402e-10
18    1.3195127723896698e-08    6.597563861948349e-09    4.358447272987774e-10
19    1.3355821857167061e-08    6.6779109285835305e-09    3.554976606635959e-10
20    1.3490576425888436e-08    6.745288212944218e-09    2.8812037630290847e-10
21    1.3602741643305985e-08    6.801370821652993e-09    2.3203776759413376e-10
22    1.3695420072738484e-08    6.847710036369242e-09    1.8569855287788444e-10
23    1.377144406057175e-08    6.885722030285875e-09    1.476865589612513e-10
24    1.3833360889832597e-08    6.916680444916298e-09    1.1672814433082802e-10
25    1.3883432049283068e-08    6.941716024641534e-09    9.169256460559229e-11
26    1.3923641781017659e-08    6.961820890508829e-09    7.158769873829712e-11
27    1.3955709982010838e-08    6.977854991005419e-09    5.555359824170745e-11
28    1.3981111627894281e-08    6.9905558139471405e-09    4.285277529998591e-11
29    1.4001097512952865e-08    7.000548756476432e-09    3.285983277069409e-11
30    1.401671855446932e-08    7.00835927723466e-09    2.5049312012466798e-11
31    1.4028848268817945e-08    7.014424134408973e-09    1.8984454838153804e-11
32    1.4038206940559823e-08    7.0191034702799115e-09    1.4305118967214858e-11
33    1.4045381407171014e-08    7.022690703585507e-09    1.0717885661619305e-11
34    1.4050847023343294e-08    7.025423511671647e-09    7.985077575479541e-12
35    1.4054984586126554e-08    7.027492293063277e-09    5.916296183849368e-12
36    1.4058099257088632e-08    7.029049628544316e-09    4.358960702810381e-12
37    1.4060428588607843e-08    7.030214294303921e-09    3.194294943205025e-12
38    1.4062160846983065e-08    7.0310804234915326e-09    2.3281657555938438e-12
39    1.4063441522943873e-08    7.031720761471936e-09    1.687827775190077e-12
40    1.406438272774325e-08    7.032191363871625e-09    1.2172253755016029e-12
41    1.4065070477009626e-08    7.032535238504813e-09    8.733507423131751e-13
42    1.4065570488366891e-08    7.032785244183446e-09    6.233450636807633e-13
43    1.4065931806503775e-08    7.032965903251888e-09    4.4268599523881314e-13
44    1.4066192062120961e-08    7.033096031060481e-09    3.125581866457702e-13
45    1.4066377883252362e-08    7.033188941626181e-09    2.19647620945548e-13
46    1.4066510556175287e-08    7.0332552780876435e-09    1.5331115948295459e-13
47    1.4066603682367082e-08    7.033301841183541e-09    1.0674806358518969e-13
48    1.4066669754558049e-08    7.0333348772790245e-09    7.37119681019026e-14
49    1.4066715887975078e-08    7.033357943987539e-09    5.064525958715747e-14
50    1.4066747995554844e-08    7.033373997777422e-09    3.459146970434509e-14
51    1.4066770320029251e-08    7.0333851600146256e-09    2.34292325008237e-14
52    1.4066785907162475e-08    7.0333929535812375e-09    1.563566588893397e-14
53    1.4066796375419235e-08    7.033398187709618e-09    1.0401537508735192e-14
54    1.4066803559413096e-08    7.033401779706548e-09    6.809540578448559e-15
55    1.4066808260938964e-08    7.033404130469482e-09    4.45877764420507e-15
56    1.4066811433592852e-08    7.033405716796426e-09    2.8724507001653407e-15
57    1.4066813358763916e-08    7.033406679381958e-09    1.9098651683492096e-15
58    1.4066814906301126e-08    7.033407453150563e-09    1.1360965633423385e-15
59    1.4066816019748152e-08    7.033408009874076e-09    5.793730505510036e-16
60    1.4066816817455073e-08    7.033408408727537e-09    1.805195897541232e-16
61    1.4066816860246711e-08    7.033408430123356e-09    1.591237707714123e-16
62    1.4066817178494253e-08    7.033408589247126e-09    0.0
63    1.406681689186498e-08    7.03340844593249e-09    1.4331463617447535e-16
64    1.4066816393139957e-08    7.033408196569978e-09    3.9267714800840826e-16
65    1.4066815092344199e-08    7.033407546172099e-09    1.0430750270533313e-15
66    1.4066813820123066e-08    7.033406910061533e-09    1.679185593576874e-15
67    1.4066811386883588e-08    7.033405693441794e-09    2.895805332469414e-15
68    1.406680815800554e-08    7.03340407900277e-09    4.510244356215435e-15
69    1.4066803455761332e-08    7.033401727880666e-09    6.8613664605527e-15
70    1.4066796453474915e-08    7.033398226737457e-09    1.036250966911552e-14
71    1.4066785772299808e-08    7.033392886149904e-09    1.5703097222335375e-14
72    1.4066770443402795e-08    7.033385221701397e-09    2.3367545729154143e-14
73    1.406674822796288e-08    7.03337411398144e-09    3.447526568609955e-14
74    1.4066715831206219e-08    7.0333579156031095e-09    5.0673644016907625e-14
75    1.4066669819769374e-08    7.033334909884687e-09    7.367936243961923e-14
76    1.4066603731476307e-08    7.033301865738154e-09    1.0672350897272434e-13
77    1.4066510170924526e-08    7.033255085462263e-09    1.5350378486345496e-13
78    1.4066378315317075e-08    7.033189157658538e-09    2.1943158858875438e-13
79    1.4066192207864969e-08    7.0330961039324845e-09    3.1248531464190476e-13
80    1.4065932473964652e-08    7.032966236982326e-09    4.423522648002254e-13
81    1.406557083022897e-08    7.032785415114485e-09    6.231741326412841e-13
82    1.4065070979630634e-08    7.032535489815317e-09    8.730994318091966e-13
83    1.4064382631951084e-08    7.032191315975542e-09    1.2172732715842744e-12
84    1.4063441523318994e-08    7.031720761659497e-09    1.6878275876293547e-12
85    1.406216067990061e-08    7.031080339950305e-09    2.328249296821404e-12
86    1.4060428616127892e-08    7.030214308063946e-09    3.1942811831804393e-12
87    1.4058099067962927e-08    7.0290495339814635e-09    4.359055265662911e-12
88    1.4054984638284871e-08    7.0274923191424355e-09    5.916270104690921e-12
89    1.40508470241702e-08    7.0254235120851e-09    7.985077162026547e-12
90    1.4045381142650134e-08    7.022690571325067e-09    1.0718017922059446e-11
91    1.4038207036996877e-08    7.019103518498438e-09    1.4305070748688085e-11
92    1.4028848278428254e-08    7.014424139214127e-09    1.8984450032999587e-11
93    1.4016718692903275e-08    7.008359346451638e-09    2.5049242795488682e-11
94    1.4001097594008179e-08    7.000548797004089e-09    3.285979224303705e-11
95    1.3981111768099198e-08    6.990555884049599e-09    4.285270519752749e-11
96    1.395571029847407e-08    6.977855149237035e-09    5.55534400100915e-11
97    1.3923641978135642e-08    6.961820989067821e-09    7.158760017930527e-11
98    1.3883432342663072e-08    6.941716171331536e-09    9.169241791559021e-11
99    1.3833361442413611e-08    6.916680721206806e-09    1.1672786804032072e-10
100    1.3771444922848409e-08    6.885722461424204e-09    1.476861278229221e-10
101    1.3695420456374228e-08    6.847710228187114e-09    1.8569836106001254e-10
102    1.360274172882399e-08    6.801370864411995e-09    2.3203772483513138e-10
103    1.349057685306912e-08    6.74528842653456e-09    2.881201627125667e-10
104    1.3355822505032188e-08    6.677911252516094e-09    3.5549733673103227e-10
105    1.3195127878995874e-08    6.597563939497937e-09    4.358446497491896e-10
106    1.3004934922181371e-08    6.502467461090686e-09    5.309411281564407e-10
107    1.2781532316281732e-08    6.390766158140866e-09    6.426424311062606e-10
108    1.2521128090853514e-08    6.260564045426757e-09    7.728445438203692e-10
109    1.2219939897530994e-08    6.109969948765497e-09    9.234386404816296e-10
110    1.1874297462292422e-08    5.937148731146211e-09    1.0962598581009152e-09
111    1.148076296608724e-08    5.74038148304362e-09    1.2930271062035063e-09
112    1.1036258939058577e-08    5.5181294695292885e-09    1.515279119717838e-09
113    1.0538206203819734e-08    5.269103101909867e-09    1.7643054873372593e-09
114    9.984658265316831e-09    4.992329132658416e-09    2.0410794565887107e-09
115    9.374434474308063e-09    4.687217237154031e-09    2.346191352093095e-09
116    8.707239793737442e-09    4.353619896868721e-09    2.6797886923784053e-09
117    7.983764545876486e-09    3.991882272938243e-09    3.0415263163088836e-09
118    7.2057621551247665e-09    3.6028810775623832e-09    3.430527511684743e-09
119    6.3760896243659135e-09    3.1880448121829567e-09    3.84536377706417e-09
120    5.498717152410549e-09    2.7493585762052746e-09    4.284050013041852e-09
121    4.578687875717265e-09    2.2893439378586325e-09    4.744064651388494e-09
122    3.6219946048645036e-09    1.8109973024322518e-09    5.222411286814874e-09
123    2.6349377241964256e-09    1.3174688620982128e-09    5.715939727148913e-09
124    1.6180296095685953e-09    8.090148047842976e-10    6.224393784462829e-09
125    0.0    2.2274315637949995e-10    6.810665432867626e-09
126    0.0    8.087769615213831e-11    6.952530893094988e-09
127    0.0    3.0455085090464443e-11    7.002953504156662e-09
128    0.0    1.1552748455919191e-11    7.021855840791207e-09
129    0.0    4.389670617999251e-12    7.029018918629127e-09
130    0.0    1.6684371070180443e-12    7.0317401521401086e-09
131    0.0    6.343379473679827e-13    7.032774251299758e-09
132    0.0    2.4107534596531606e-13    7.033167513901161e-09
133    0.0    9.164579273198716e-14    7.033316943454394e-09
134    0.0    3.491657260819843e-14    7.033373672674518e-09
135    0.0    1.325083382585582e-14    7.033395338413301e-09
136    0.0    4.9726771950873915e-15    7.033403616569931e-09
137    0.0    1.9746554952072863e-15    7.033406614591631e-09
138    0.0    7.319821343811522e-16    7.033407857264992e-09
139    0.0    2.5773018343616955e-16    7.033408331516943e-09
140    0.0    2.2461599015774223e-16    7.033408364631136e-09
141    0.0    4.243580451144101e-17    7.033408546811322e-09
142    -0.0    -2.0887466038279685e-17    7.0334086101345924e-09
143    0.0    1.852275374277152e-17    7.033408570724373e-09
144    -0.0    -4.837024079661106e-17    7.033408637617367e-09
145    -0.0    -1.0950764108272669e-16    7.033408698754768e-09
146    -0.0    -1.0485644058409524e-16    7.033408694103567e-09
147    0.0    1.4488702979793684e-17    7.0334085747584235e-09
148    0.0    1.1966609543182378e-17    7.033408577280517e-09
149    -0.0    -9.340148319521723e-17    7.03340868264861e-09
150    -0.0    -1.4370402813911224e-17    7.033408603617529e-09
151    0.0    5.798581309756958e-17    7.033408531261313e-09
152    0.0    1.0843448197821392e-17    7.033408578403678e-09
153    0.0    5.3093844517656856e-17    7.033408536153282e-09
154    -0.0    -5.354070371797752e-17    7.03340864278783e-09
155    -0.0    -2.3226686695260498e-17    7.033408612473813e-09
156    0.0    6.8583168962699426e-18    7.03340858238881e-09
157    -0.0    -3.300756245963888e-17    7.033408622254689e-09
158    0.0    3.2899385536888e-17    7.0334085563477406e-09
159    0.0    9.043495936735886e-17    7.033408498812167e-09
160    -0.0    -3.076802161596408e-17    7.033408620015148e-09
161    -0.0    -5.988605396655217e-17    7.0334086491331805e-09
162    -0.0    -1.5843147953532407e-17    7.033408605090275e-09
163    -0.0    -3.2702655207250557e-17    7.033408621949781e-09
164    0.0    1.0688030545678026e-16    7.033408482366821e-09
165    -0.0    -1.0231981317053107e-16    7.0334086915669396e-09
166    0.0    1.092166898148382e-16    7.033408480030437e-09
167    -0.0    -3.4036248818903196e-18    7.033408592650751e-09
168    -0.0    -2.4831594100264458e-17    7.03340861407872e-09
169    0.0    7.744353022408313e-17    7.033408511803596e-09
170    0.0    1.06883403558367e-17    7.033408578558786e-09
171    -0.0    -2.988000021499655e-17    7.033408619127127e-09
172    0.0    2.687308939712786e-17    7.033408562374037e-09
173    -0.0    -7.178410605678312e-17    7.033408661031232e-09
174    0.0    1.0835858929438552e-16    7.0334084808885374e-09
175    -0.0    -3.311604182030123e-17    7.033408622363168e-09
176    0.0    2.1458745093449633e-17    7.033408567788381e-09
177    0.0    3.99651943825647e-17    7.033408549281932e-09
178    -0.0    -9.177820989907275e-17    7.033408681025337e-09
179    -0.0    -9.175449432071813e-17    7.0334086810016205e-09
180    0.0    8.765286889875415e-17    7.033408501594258e-09
181    0.0    2.86529185149193e-17    7.033408560594208e-09
182    -0.0    -2.3527421338446375e-17    7.033408612774548e-09
183    -0.0    -1.304100163277646e-16    7.033408719657143e-09
184    0.0    6.005775836034713e-17    7.033408529189368e-09
185    -0.0    -8.912319412149331e-17    7.033408678370321e-09
186    0.0    3.1474239678435567e-17    7.033408557772887e-09
187    -0.0    -7.805847852193401e-17    7.033408667305605e-09
188    -0.0    -4.895040335796952e-17    7.03340863819753e-09
189    0.0    7.500115166611567e-18    7.033408581747011e-09
190    0.0    7.73570675161948e-18    7.033408581511419e-09
191    0.0    4.7468111416706134e-17    7.033408541779015e-09
192    -0.0    -5.1150405175159443e-17    7.033408640397531e-09
193    0.0    2.5454080288242384e-17    7.033408563793046e-09
194    0.0    8.908385155040391e-17    7.033408500163275e-09
195    0.0    1.2955363448182966e-16    7.033408459693492e-09
196    0.0    1.0615527544602294e-16    7.033408483091851e-09
197    -0.0    -1.7307532975157912e-16    7.033408762322456e-09
198    0.0    7.445381762852276e-17    7.033408514793308e-09
199    -0.0    -9.729991097592452e-17    7.033408686547038e-09
200    0.0    6.038547584190964e-17    7.0334085288616505e-09
201    -0.0    -4.385915880008423e-17    7.033408633106285e-09
202    0.0    3.874827500990297e-17    7.0334085504988515e-09
203    0.0    3.2153250012801385e-17    7.0334085570938765e-09
204    0.0    4.359358853531617e-17    7.033408545653538e-09
205    -0.0    -5.248852150020879e-17    7.033408641735648e-09
206    0.0    4.0508447421208006e-17    7.033408548738679e-09
207    -0.0    -1.0191831913994222e-18    7.03340859026631e-09
208    -0.0    -3.8078376586972305e-17    7.033408627325503e-09
209    -0.0    -2.860656455416275e-17    7.033408617853691e-09
210    -0.0    -4.202564886586297e-17    7.033408631272775e-09
211    -0.0    -2.676278527603422e-17    7.0334086160099116e-09
212    -0.0    -9.732076037345665e-18    7.0334085989792024e-09
213    -0.0    -3.095421645633216e-17    7.0334086202013424e-09
214    0.0    1.3677744516426164e-17    7.0334085755693815e-09
215    -0.0    -5.741113174514262e-17    7.033408646658258e-09
216    0.0    5.0771300649005725e-18    7.033408584169996e-09
217    0.0    7.753598533852152e-17    7.033408511711141e-09
218    0.0    7.592161529750268e-17    7.033408513325511e-09
219    0.0    2.2923627054167887e-17    7.033408566323499e-09
220    -0.0    -6.311289194677128e-17    7.033408652360019e-09
221    -0.0    -2.2997876026721565e-17    7.033408612245002e-09
222    -0.0    -7.36207790262692e-17    7.033408662867906e-09
223    0.0    4.217033454232222e-18    7.033408585030093e-09
224    -0.0    -1.316104811134887e-17    7.033408602408175e-09
225    -0.0    -3.183273272488084e-19    7.033408589565454e-09
226    -0.0    -4.349056732592575e-17    7.033408632737694e-09
227    -0.0    -7.650934697505631e-19    7.03340859001222e-09
228    -0.0    -2.5691927284587998e-17    7.0334086149390535e-09
229    0.0    4.2129343607067156e-17    7.033408547117783e-09
230    -0.0    -4.3895971439270134e-17    7.033408633143098e-09
231    -0.0    -6.901974455024726e-17    7.033408658266871e-09
232    0.0    2.841965110063751e-20    7.033408589218707e-09
233    0.0    4.5314686692243e-17    7.0334085439324395e-09
234    0.0    3.53286940828302e-16    7.033408235960185e-09
235    0.0    7.396366422921089e-16    7.033407849610484e-09
236    0.0    1.96912087170811e-15    7.0334066201262545e-09
237    0.0    5.12740577724277e-15    7.033403461841349e-09
238    0.0    1.3316306130868903e-14    7.033395272940996e-09
239    0.0    3.478677846350888e-14    7.033373802468663e-09
240    0.0    9.182535907921697e-14    7.033316763888047e-09
241    0.0    2.41074414282634e-13    7.0331675148328436e-09
242    0.0    6.343309437385105e-13    7.032774258303388e-09
243    0.0    1.6685130309608213e-12    7.0317400762161656e-09
244    0.0    4.389729423836091e-12    7.029018859823291e-09
245    0.0    1.1552681532026768e-11    7.0218559077151e-09
246    0.0    3.0455365552878885e-11    7.002953223694248e-09
247    0.0    8.087742848562478e-11    6.952531160761502e-09
248    0.0    2.2274319581349311e-10    6.810665393433633e-09
249    1.6180305754920842e-09    8.090152877460421e-10    6.224393301501084e-09
