0    3.1704308261605336e-09    1.5852154130802668e-09    4.430350613986908e-09
1    4.395633276375946e-09    2.197816638187973e-09    3.817749388879201e-09
2    5.5406637068297525e-09    2.7703318534148763e-09    3.245234173652298e-09
3    6.590351130842122e-09    3.295175565421061e-09    2.720390461646113e-09
4    7.534249659905737e-09    3.767124829952868e-09    2.2484411971143057e-09
5    8.366979136230494e-09    4.183489568115247e-09    1.8320764589519271e-09
6    9.08793577624652e-09    4.54396788812326e-09    1.4715981389439139e-09
7    9.700663484331842e-09    4.850331742165921e-09    1.1652342849012533e-09
8    1.0212012305339485e-08    5.106006152669743e-09    9.095598743974315e-10
9    1.0631200135226686e-08    5.315600067613343e-09    6.999659594538311e-10
10    1.0968872675693577e-08    5.4844363378467884e-09    5.311296892203857e-10
11    1.1236262010883844e-08    5.618131005441922e-09    3.974350216252523e-10
12    1.1444481793039002e-08    5.722240896519501e-09    2.9332513054767326e-10
13    1.16039963197635e-08    5.80199815988175e-09    2.1356786718542402e-10
14    1.1724264416528517e-08    5.862132208264259e-09    1.534338188029154e-10
15    1.1813544352980264e-08    5.906772176490132e-09    1.08793850577042e-10
16    1.1878823742444455e-08    5.939411871222228e-09    7.615415584494638e-11
17    1.1925856391787758e-08    5.962928195893879e-09    5.263783117329489e-11
18    1.195926017471311e-08    5.979630087356555e-09    3.593593971061902e-11
19    1.1982655262656147e-08    5.9913276313280734e-09    2.423839573910066e-11
20    1.1998819282916838e-08    5.999409641458419e-09    1.6156385608754886e-11
21    1.200984139853542e-08    6.00492069926771e-09    1.0645327799464486e-11
22    1.2017261648657103e-08    6.0086308243285515e-09    6.935202738622643e-12
23    1.2022194697064779e-08    6.011097348532389e-09    4.468678534784788e-12
24    1.202543518811411e-08    6.012717594057055e-09    2.8484330101194323e-12
25    1.2027538499189891e-08    6.0137692495949456e-09    1.7967774722285488e-12
26    1.202888835758433e-08    6.014444178792165e-09    1.1218482750094026e-12
27    1.202974495970958e-08    6.01487247985479e-09    6.935472123841915e-13
28    1.2030283062213165e-08    6.015141531106583e-09    4.244959605913524e-13
29    1.203061666435566e-08    6.01530833217783e-09    2.5769488934425116e-13
30    1.2030822674353472e-08    6.015411337176736e-09    1.5468989043811883e-13
31    1.2030947541247039e-08    6.015473770623519e-09    9.225644365470906e-14
32    1.2031023369790976e-08    6.015511684895488e-09    5.4342171685887135e-14
33    1.2031068065167536e-08    6.015534032583768e-09    3.1994483406210764e-14
34    1.203109482272566e-08    6.01554741136283e-09    1.8615704344187098e-14
35    1.2031110970637316e-08    6.015555485318658e-09    1.0541748516102073e-14
36    1.2031120094522015e-08    6.0155600472610076e-09    5.979806166522643e-15
37    1.2031125194527491e-08    6.0155625972637455e-09    3.4298034285691294e-15
38    1.2031127948489893e-08    6.0155639742449465e-09    2.052822227579768e-15
39    1.203112977502475e-08    6.015564887512375e-09    1.1395547986882695e-15
40    1.2031130644802458e-08    6.015565322401229e-09    7.046659449059974e-16
41    1.2031131356868637e-08    6.015565678434318e-09    3.48632855847477e-16
42    1.2031131509493377e-08    6.015565754746689e-09    2.7232048539168795e-16
43    1.203113167814498e-08    6.01556583907249e-09    1.8799468446496384e-16
44    1.2031131896271814e-08    6.015565948135907e-09    7.89312672885238e-17
45    1.2031132240202843e-08    6.015566120101422e-09    9.30342475734803e-17
46    1.2031132334471817e-08    6.015566167235908e-09    1.4016873430167696e-16
47    1.2031131938159684e-08    6.015565969079842e-09    5.798733211136695e-17
48    1.2031132051983985e-08    6.015566025991992e-09    1.0751817679056137e-18
49    1.2031131849431997e-08    6.015565924715998e-09    1.0235117572345602e-16
50    1.2031131858344213e-08    6.015565929172106e-09    9.789506773684915e-17
51    1.2031131915138152e-08    6.015565957569076e-09    6.949809792860784e-17
52    1.203113166776496e-08    6.01556583388248e-09    1.9318469438798796e-16
53    1.2031132027835194e-08    6.015566013917597e-09    1.3149576874011561e-17
54    1.2031131828684962e-08    6.015565914342481e-09    1.12724693102709e-16
55    1.2031132015850615e-08    6.015566007925307e-09    1.914186679160903e-17
56    1.2031131981300778e-08    6.015565990650389e-09    3.6416785286324654e-17
57    1.2031132344843907e-08    6.015566172421954e-09    1.4535477954802511e-16
58    1.203113205604162e-08    6.01556602802081e-09    9.536358486970718e-19
59    1.2031131779031307e-08    6.015565889515653e-09    1.3755152078148876e-16
60    1.2031132303613101e-08    6.015566151806551e-09    1.2473937652193657e-16
61    1.2031131616881288e-08    6.015565808440644e-09    2.186265300250203e-16
62    1.2031132054134348e-08    6.015566027067174e-09    0.0
63    1.203113223485627e-08    6.015566117428135e-09    9.036096113392836e-17
64    1.2031132277277965e-08    6.0155661386389826e-09    1.1157180846960198e-16
65    1.2031132082816586e-08    6.015566041408293e-09    1.4341118965865622e-17
66    1.2031132223833554e-08    6.015566111916777e-09    8.484960312345596e-17
67    1.203113196279563e-08    6.015565981397815e-09    4.566935878464374e-17
68    1.2031132069169046e-08    6.015566034584523e-09    7.517348750891074e-18
69    1.203113178382007e-08    6.015565891910035e-09    1.351571389649744e-16
70    1.2031132203023272e-08    6.015566101511636e-09    7.444446180220448e-17
71    1.203113193360845e-08    6.015565966804225e-09    6.026294898989219e-17
72    1.2031132108320636e-08    6.015566054160318e-09    2.709314373849746e-17
73    1.2031132091338353e-08    6.0155660456691765e-09    1.8602002401742622e-17
74    1.2031131807170079e-08    6.015565903585039e-09    1.2348213478274987e-16
75    1.2031132090881033e-08    6.0155660454405165e-09    1.837334238347275e-17
76    1.2031131940759198e-08    6.015565970379599e-09    5.668757494305626e-17
77    1.2031131731614988e-08    6.015565865807494e-09    1.6125968015319979e-16
78    1.2031131967233491e-08    6.0155659836167455e-09    4.345042859349677e-17
79    1.2031131941459728e-08    6.015565970729864e-09    5.633731027575435e-17
80    1.203113194319784e-08    6.01556597159892e-09    5.546825447187144e-17
81    1.2031131593076325e-08    6.015565796538163e-09    2.3052901135723874e-16
82    1.203113154465356e-08    6.01556577232678e-09    2.547403943264025e-16
83    1.2031130668653265e-08    6.0155653343266325e-09    6.927405415718245e-16
84    1.2031129835919233e-08    6.015564917959617e-09    1.1091075575070584e-15
85    1.2031128182051765e-08    6.015564091025883e-09    1.9360412913888247e-15
86    1.2031125368731453e-08    6.015562684365727e-09    3.3427014473792773e-15
87    1.2031119814418298e-08    6.015559907209149e-09    6.11985802516685e-15
88    1.2031110796251486e-08    6.015555398125743e-09    1.0628941430911025e-14
89    1.203109521264976e-08    6.01554760632488e-09    1.8420742294261543e-14
90    1.2031068621391166e-08    6.015534310695583e-09    3.1716371591122575e-14
91    1.2031023496021014e-08    6.015511748010507e-09    5.4279056666948816e-14
92    1.2030947957457453e-08    6.0154739787287264e-09    9.204833844765822e-14
93    1.2030822719326322e-08    6.015411359663161e-09    1.5466740401293134e-13
94    1.2030617303835328e-08    6.015308651917664e-09    2.5737514951015346e-13
95    1.2030282852075189e-08    6.015141426037594e-09    4.246010295798206e-13
96    1.2029745167977637e-08    6.014872583988819e-09    6.934430783554881e-13
97    1.2028888353385928e-08    6.014444176692964e-09    1.1218503742101632e-12
98    1.2027538576398183e-08    6.013769288199092e-09    1.7967388680824194e-12
99    1.2025435017532047e-08    6.012717508766023e-09    2.8485183011507984e-12
100    1.2022194810721898e-08    6.011097405360949e-09    4.468621706225181e-12
101    1.2017261671631808e-08    6.008630835815904e-09    6.935191251270173e-12
102    1.2009841916831903e-08    6.004920958415952e-09    1.0645068651222371e-11
103    1.1998819247862825e-08    5.9994096239314125e-09    1.6156403135761635e-11
104    1.198265488154603e-08    5.991327440773015e-09    2.423858629415893e-11
105    1.1959259960778965e-08    5.979629980389482e-09    3.593604667769169e-11
106    1.192585665285777e-08    5.962928326428885e-09    5.2637700638288985e-11
107    1.1878823798074286e-08    5.939411899037143e-09    7.61541280300313e-11
108    1.1813544758139072e-08    5.906772379069536e-09    1.0879364799763802e-10
109    1.1724264997994603e-08    5.8621324989973015e-09    1.5343352806987265e-10
110    1.1603996507384451e-08    5.801998253692226e-09    2.135677733749485e-10
111    1.1444482493714152e-08    5.722241246857076e-09    2.9332478021009826e-10
112    1.1236262343619885e-08    5.618131171809943e-09    3.974348552572314e-10
113    1.0968872782655475e-08    5.484436391327737e-09    5.311296357394367e-10
114    1.0631199387312403e-08    5.315599693656201e-09    6.999663334109727e-10
115    1.0212012120999265e-08    5.1060060604996325e-09    9.095599665675417e-10
116    9.70066302172216e-09    4.85033151086108e-09    1.165234516206094e-09
117    9.087935625047338e-09    4.543967812523669e-09    1.4715982145435053e-09
118    8.366979425947843e-09    4.183489712973922e-09    1.8320763140932524e-09
119    7.534249620228659e-09    3.7671248101143294e-09    2.2484412169528447e-09
120    6.590350881110226e-09    3.295175440555113e-09    2.720390586512061e-09
121    5.540663115782079e-09    2.7703315578910396e-09    3.2452344691761346e-09
122    4.395634127168351e-09    2.1978170635841756e-09    3.8177489634829985e-09
123    3.170430465281459e-09    1.5852152326407295e-09    4.4303507944264446e-09
124    1.8803126230969536e-09    9.401563115484768e-10    5.075409715518697e-09
125    0.0    2.130260684250844e-10    5.80253995864209e-09
126    0.0    6.273886380470555e-11    5.952827163262469e-09
127    0.0    1.9041219927702165e-11    5.996524807139472e-09
128    0.0    5.809265451461878e-12    6.009756761615712e-09
129    0.0    1.7740513820144214e-12    6.01379197568516e-09
130    0.0    5.418502381505205e-13    6.015024176829024e-09
131    0.0    1.655984405081751e-13    6.015400428626666e-09
132    0.0    5.0571026722912245e-14    6.015515456040451e-09
133    0.0    1.5492203283589595e-14    6.015550534863891e-09
134    0.0    4.712945448601827e-15    6.015561314121726e-09
135    0.0    1.4962324109568644e-15    6.015564530834763e-09
136    0.0    3.763307411988495e-16    6.015565650736433e-09
137    0.0    1.2367235695872532e-16    6.015565903394817e-09
138    0.0    7.721420825452806e-17    6.015565949852966e-09
139    0.0    2.7267110367870172e-17    6.0155659998000635e-09
140    -0.0    -6.779955223069681e-17    6.015566094866726e-09
141    -0.0    -5.128397664611328e-17    6.015566078351151e-09
142    -0.0    -2.4329547994413667e-17    6.015566051396722e-09
143    -0.0    -4.325590363076997e-17    6.015566070323078e-09
144    -0.0    -1.7675415565871188e-17    6.0155660447425895e-09
145    -0.0    -4.113545249687231e-17    6.015566068202627e-09
146    0.0    5.966252856853715e-18    6.015566021100921e-09
147    -0.0    -4.471917372666709e-18    6.015566031539091e-09
148    -0.0    -4.059740924852201e-17    6.015566067664583e-09
149    0.0    2.9343060528980975e-17    6.015565997724113e-09
150    0.0    4.0196821497691796e-17    6.015565986870353e-09
151    0.0    2.362830945583217e-17    6.015566003438865e-09
152    -0.0    -3.1902210209468585e-17    6.015566058969385e-09
153    -0.0    -4.4871051841950066e-17    6.015566071938226e-09
154    -0.0    -3.255303126253436e-19    6.015566027392704e-09
155    0.0    6.273528947721238e-17    6.015565964331885e-09
156    0.0    9.892801573062934e-17    6.015565928139159e-09
157    0.0    1.767390110156718e-17    6.015566009393273e-09
158    0.0    6.019420717906173e-18    6.0155660210477535e-09
159    0.0    3.8603315123070654e-17    6.015565988463859e-09
160    0.0    3.156610718444632e-17    6.015565995501067e-09
161    -0.0    -3.7664387786435694e-17    6.015566064731562e-09
162    0.0    3.048245188174329e-17    6.015565996584722e-09
163    0.0    4.9866864055577235e-17    6.01556597720031e-09
164    -0.0    -8.568934333623727e-17    6.015566112756518e-09
165    0.0    5.554094720750018e-17    6.015565971526227e-09
166    -0.0    -1.183533423255117e-16    6.015566145420516e-09
167    0.0    1.587023625743714e-17    6.015566011196938e-09
168    -0.0    -5.064054334989337e-17    6.015566077707717e-09
169    0.0    2.7378179320837693e-17    6.015565999688995e-09
170    -0.0    -2.316008118175954e-17    6.015566050227255e-09
171    0.0    3.918989505501888e-17    6.015565987877279e-09
172    -0.0    -3.4799759581949215e-17    6.015566061866934e-09
173    0.0    1.1191065370175244e-17    6.015566015876109e-09
174    -0.0    -8.898624951139906e-17    6.015566116053424e-09
175    0.0    6.222743625326874e-17    6.015565964839738e-09
176    -0.0    -8.288216799517142e-17    6.015566109949342e-09
177    0.0    1.6304398648945425e-17    6.015566010762776e-09
178    -0.0    -3.503802275354052e-17    6.0155660621051965e-09
179    0.0    1.7517098159712213e-17    6.015566009550076e-09
180    0.0    6.538069145152e-17    6.015565961686483e-09
181    -0.0    -1.156383296905377e-17    6.015566038631007e-09
182    0.0    4.3120746557979445e-17    6.0155659839464274e-09
183    0.0    2.9741503297085265e-17    6.015565997325671e-09
184    0.0    5.465696213772918e-17    6.015565972410212e-09
185    -0.0    -8.901984958788096e-17    6.015566116087024e-09
186    0.0    6.644594570790649e-17    6.015565960621229e-09
187    -0.0    -4.1254143712389354e-17    6.015566068321318e-09
188    0.0    6.679396489003804e-17    6.015565960273209e-09
189    0.0    4.9029818383641323e-17    6.015565978037356e-09
190    0.0    1.0506933040398678e-16    6.015565921997844e-09
191    -0.0    -1.794704937472199e-17    6.015566045014223e-09
192    0.0    1.5679962072480675e-17    6.015566011387212e-09
193    -0.0    -1.6036237240908543e-18    6.015566028670798e-09
194    0.0    8.089800954964775e-18    6.015566018977373e-09
195    -0.0    -4.033986987352608e-17    6.015566067407044e-09
196    -0.0    -7.719588000010542e-18    6.015566034786762e-09
197    -0.0    -6.259881677365759e-17    6.015566089665991e-09
198    -0.0    -6.354191868404895e-17    6.015566090609093e-09
199    0.0    1.2292236222349084e-17    6.015566014774938e-09
200    0.0    9.512349052703483e-18    6.015566017554825e-09
201    -0.0    -3.336977461351577e-17    6.015566060436949e-09
202    -0.0    -3.8867678014337116e-17    6.0155660659348525e-09
203    -0.0    -2.0827648162090183e-17    6.0155660478948226e-09
204    -0.0    -5.692877863832761e-17    6.0155660839959524e-09
205    0.0    7.712559301589071e-17    6.015565949941581e-09
206    -0.0    -5.187899195915317e-17    6.015566078946166e-09
207    0.0    1.1714700786616092e-17    6.0155660153524735e-09
208    -0.0    -1.4963519127059842e-17    6.0155660420306935e-09
209    -0.0    -2.7343752684128696e-17    6.015566054410927e-09
210    -0.0    -3.354976952839762e-17    6.015566060616944e-09
211    0.0    1.8226293038413127e-18    6.0155660252445445e-09
212    0.0    6.770822280567452e-17    6.015565959358951e-09
213    -0.0    -3.7614383787828674e-17    6.015566064681558e-09
214    0.0    5.211473212647861e-17    6.015565974952442e-09
215    -0.0    -5.879161533058875e-17    6.01556608585879e-09
216    -0.0    -3.641950712413026e-18    6.015566030709125e-09
217    0.0    1.1746023014486178e-17    6.0155660153211515e-09
218    0.0    8.170939421782589e-17    6.01556594535778e-09
219    -0.0    -1.0867989850434501e-16    6.015566135747072e-09
220    -0.0    -3.063082574975876e-17    6.015566057698e-09
221    -0.0    -5.981351281177069e-17    6.015566086880687e-09
222    -0.0    -7.579852182676563e-17    6.015566102865696e-09
223    -0.0    -4.34069316111784e-17    6.015566070474105e-09
224    0.0    1.1464336272855865e-17    6.015566015602838e-09
225    -0.0    -2.8791067086395125e-17    6.015566055858241e-09
226    -0.0    -8.924124272107198e-18    6.015566035991298e-09
227    0.0    8.189367186032922e-17    6.0155659451735026e-09
228    0.0    9.624874153741828e-18    6.0155660174423e-09
229    0.0    2.9112233917891675e-17    6.01556599795494e-09
230    0.0    6.546822060201307e-17    6.015565961598954e-09
231    0.0    6.454702057308573e-17    6.015565962520153e-09
232    0.0    3.687195196493477e-17    6.015565990195222e-09
233    0.0    3.320071699088583e-17    6.015565993866457e-09
234    -0.0    -1.5084626537146154e-17    6.0155660421518e-09
235    0.0    1.0203229097987192e-16    6.015565925034883e-09
236    0.0    1.2753967964647332e-16    6.015565899527494e-09
237    0.0    4.675463515455222e-16    6.015565559520823e-09
238    0.0    1.5321902933965472e-15    6.015564494876881e-09
239    0.0    4.6464047296058155e-15    6.0155613806624445e-09
240    0.0    1.5444533529941376e-14    6.015550582533644e-09
241    0.0    5.052971532155106e-14    6.0155154973518525e-09
242    0.0    1.6547675762067843e-13    6.015400550309553e-09
243    0.0    5.418419292068806e-13    6.015024185137967e-09
244    0.0    1.7741166312060758e-12    6.013791910435968e-09
245    0.0    5.8092059107766e-12    6.009756821156397e-09
246    0.0    1.904138910126574e-11    5.996524637965908e-09
247    0.0    6.273857838118067e-11    5.952827448685993e-09
248    0.0    2.1302578726861002e-10    5.802540239798564e-09
249    1.8803133828260314e-09    9.401566914130157e-10    5.075409335654158e-09
