0.001 0.2550978451946059 
0.00301010101010101 0.2550978451944592 
0.00502020202020202 0.2550978451946059 
0.00703030303030303 0.2550978451946059 
0.00904040404040404 0.2550978451946059 
0.01105050505050505 0.25509784521381873 
0.01306060606060606 0.25509784521381873 
0.015070707070707071 0.25509784545412617 
0.017080808080808082 0.2550978484433393 
0.019090909090909092 0.2550978704158157 
0.021101010101010103 0.25509797666361944 
0.023111111111111114 0.25509835786552393 
0.02512121212121212 0.2550994479815956 
0.02713131313131313 0.2551020660896987 
0.02914141414141414 0.2551075486159442 
0.031151515151515152 0.2551178411904673 
0.03316161616161616 0.255135530140285 
0.03517171717171717 0.25516381145916284 
0.037181818181818184 0.2552064054215889 
0.039191919191919194 0.2552674358943554 
0.041202020202020205 0.2553512920630894 
0.043212121212121216 0.25546249065283033 
0.045222222222222226 0.2556055499258027 
0.04723232323232324 0.2557848852760732 
0.04924242424242424 0.25600472824249637 
0.05125252525252525 0.25626907018041767 
0.05326262626262626 0.2565816287462712 
0.05527272727272727 0.2569458339146401 
0.05728282828282828 0.25736482939798233 
0.05929292929292929 0.25784148651247585 
0.061303030303030304 0.2583784265008955 
0.06331313131313131 0.25897804907342675 
0.06532323232323232 0.2596425642028456 
0.06733333333333333 0.260374025802003 
0.06934343434343435 0.2611743657553293 
0.07135353535353535 0.2620454275890395 
0.07336363636363637 0.26298899896008876 
0.07537373737373737 0.26400684300994975 
0.07738383838383839 0.2651007278634494 
0.07939393939393939 0.26627245487164763 
0.08140404040404041 0.26752388568562263 
0.08341414141414141 0.2688569678637763 
0.08542424242424243 0.2702737597282934 
0.08743434343434343 0.2717764548635996 
0.08944444444444445 0.27336740613694843 
0.09145454545454546 0.2750491499511425 
0.09346464646464647 0.2768244308872167 
0.09547474747474748 0.2786962274967469 
0.09748484848484848 0.28066777881225563 
0.0994949494949495 0.28274261324841904 
0.1015050505050505 0.2849245790520682 
0.10351515151515152 0.28721787815059535 
0.10552525252525252 0.2896271025176798 
0.10753535353535354 0.2921572749344071 
0.10954545454545454 0.29481389455413615 
0.11155555555555556 0.2976029877611042 
0.11356565656565656 0.3005311651049038 
0.11557575757575758 0.3036056869015689 
0.11758585858585859 0.3068345368739904 
0.1195959595959596 0.31022650733581475 
0.1216060606060606 0.31379129601253564 
0.12361616161616162 0.3175396188901632 
0.1256262626262626 0.3214833398636077 
0.12763636363636363 0.32563562268904417 
0.12964646464646465 0.3300111072520013 
0.13165656565656567 0.334626118311095 
0.13366666666666666 0.3394989101275335 
0.13567676767676767 0.34464995783192137 
0.1376868686868687 0.3501023042885428 
0.1396969696969697 0.3558819768809799 
0.1417070707070707 0.36201848997074126 
0.14371717171717172 0.3685454558333427 
0.14572727272727273 0.37550133280897724 
0.14773737373737375 0.3829303477922412 
0.14974747474747474 0.3908836439258231 
0.15175757575757576 0.39942072006371543 
0.15376767676767678 0.408611257569925 
0.1557777777777778 0.41853745791475727 
0.15778787878787878 0.4292970752988784 
0.1597979797979798 0.4410073975961132 
0.16180808080808082 0.453810549002027 
0.1638181818181818 0.4678806676633674 
0.16582828282828282 0.48343379234254474 
0.16783838383838384 0.500741759842957 
0.16984848484848486 0.5201521847616405 
0.17185858585858585 0.5421179441918862 
0.17386868686868687 0.5672420184055925 
0.17587878787878788 0.5963481305165045 
0.1778888888888889 0.630596782454832 
0.1798989898989899 0.6716857651351944 
0.1819090909090909 0.7222189662138838 
0.18391919191919193 0.7864407437763534 
0.18592929292929294 0.8718591952512278 
0.18793939393939393 0.9933936518508536 
0.18994949494949495 1.1865512934313733 
0.19195959595959597 1.56866216915375 
0.19396969696969696 3.117327271944642 
0.19597979797979798 191.19130475506506 
0.197989898989899 20779.24942207263 
0.2 20779.249422072604 
