0.001 0.34043048087236333 
0.00301010101010101 0.34043048087236333 
0.00502020202020202 0.34043048087236333 
0.00703030303030303 0.34043048087236333 
0.00904040404040404 0.34043048087236333 
0.01105050505050505 0.340430480872357 
0.01306060606060606 0.34043048087158484 
0.015070707070707071 0.34043048084532923 
0.017080808080808082 0.3404304804618588 
0.019090909090909092 0.3404304773357829 
0.021101010101010103 0.3404304605584185 
0.023111111111111114 0.3404303944356583 
0.02512121212121212 0.34043018816573317 
0.02713131313131313 0.3404296511554845 
0.02914141414141414 0.34042843871560013 
0.031151515151515152 0.3404259963174344 
0.03316161616161616 0.34042151116085034 
0.03517171717171717 0.34041387788243804 
0.037181818181818184 0.34040168205314103 
0.039191919191919194 0.34038320188427545 
0.041202020202020205 0.3403564260500226 
0.043212121212121216 0.3403190840262639 
0.045222222222222226 0.34026868477944894 
0.04723232323232324 0.3402025597826039 
0.04924242424242424 0.3401179069159168 
0.05125252525252525 0.34001183258901363 
0.05326262626262626 0.3398813902284179 
0.05527272727272727 0.3397236138987213 
0.05728282828282828 0.33953554712640693 
0.05929292929292929 0.33931426535005094 
0.061303030303030304 0.3390568941932272 
0.06331313131313131 0.3387606225245294 
0.06532323232323232 0.33842271130763674 
0.06733333333333333 0.33804049935882885 
0.06934343434343435 0.33761140500836007 
0.07135353535353535 0.3371329261376707 
0.07336363636363637 0.33660263820874814 
0.07537373737373737 0.3360181896019027 
0.07738383838383839 0.33537729720658277 
0.07939393939393939 0.33467773943074125 
0.08140404040404041 0.3339173500364745 
0.08341414141414141 0.33309400984805393 
0.08542424242424243 0.33220563953811993 
0.08743434343434343 0.3312501910900211 
0.08944444444444445 0.3302256390865666 
0.09145454545454546 0.32912997266595617 
0.09346464646464647 0.32796118635435995 
0.09547474747474748 0.3267172712492577 
0.09748484848484848 0.3253962060419136 
0.0994949494949495 0.32399594736046244 
0.1015050505050505 0.3225144207779658 
0.10351515151515152 0.320949511047511 
0.10552525252525252 0.3192990514971697 
0.10753535353535354 0.3175608138926972 
0.10954545454545454 0.3157324972901448 
0.11155555555555556 0.31381171625654436 
0.11356565656565656 0.3117959888782539 
0.11557575757575758 0.3096827227353974 
0.11758585858585859 0.30746920127521027 
0.1195959595959596 0.3051525679045005 
0.1216060606060606 0.3027298086703441 
0.12361616161616162 0.3001977340908795 
0.1256262626262626 0.29755295798842785 
0.12763636363636363 0.2947918743488281 
0.12964646464646465 0.29191063178607485 
0.13165656565656567 0.28890510361789035 
0.13366666666666666 0.2857708554968764 
0.13567676767676767 0.28250310683889995 
0.1376868686868687 0.27909668816035493 
0.1396969696969697 0.2755459905680807 
0.1417070707070707 0.2718449082268153 
0.14371717171717172 0.26798676985380154 
0.14572727272727273 0.26396425963943465 
0.14773737373737375 0.25976932290504695 
0.14974747474747474 0.2553930530324114 
0.15175757575757576 0.2508255568925958 
0.15376767676767678 0.24605579095683863 
0.1557777777777778 0.24107136080109376 
0.15778787878787878 0.2358582736399386 
0.1597979797979798 0.2304006301277505 
0.16180808080808082 0.22468023350884608 
0.1638181818181818 0.21867609056787699 
0.16582828282828282 0.21236376252546876 
0.16783838383838384 0.2057145080665061 
0.16984848484848486 0.198694129482247 
0.17185858585858585 0.19126138524243738 
0.17386868686868687 0.1833657523753246 
0.17587878787878788 0.17494417690849434 
0.1778888888888889 0.16591618856974963 
0.1798989898989899 0.156176242639603 
0.1819090909090909 0.14558107532896744 
0.18391919191919193 0.13392740504578815 
0.18592929292929294 0.12090905088117214 
0.18793939393939393 0.1060239466010201 
0.18994949494949495 0.0883327226572022 
0.19195959595959597 0.06560230927730351 
0.19396969696969696 0.028172944195338463 
0.19597979797979798 0.00026917090480856043 
0.197989898989899 5.321846569460111e-07 
0.2 1.0826659537621063e-08 
