0    1.4891016658605698    0.37227541646514245    0.012043602406917708
1    1.5273392704427495    0.3818348176106874    0.002484201261372776
2    1.5348628962281263    0.3837157240570316    0.0006032948150285766
3    1.5367406964794412    0.3841851741198603    0.00013384475219985204
4    1.5371474247790697    0.38428685619476743    3.216267729272415e-05
5    1.5372466438546155    0.3843116609636539    7.357908406280256e-06
6    1.5372690500793125    0.3843172625198281    1.7563522320407365e-06
7    1.5372744448800606    0.38431861122001515    4.0765204500914365e-07
8    1.5372756879398999    0.38431892198497497    9.688708518806877e-08
9    1.5372759848474888    0.3843189962118722    2.2660187948275734e-08
10    1.5372760539905264    0.3843190134976316    5.37442856884951e-09
11    1.5372760704312314    0.38431901760780784    1.264252313948333e-09
12    1.5372760742860265    0.38431901857150663    3.0055352651103817e-10
13    1.5372760752021868    0.3843190188005467    7.151346181899498e-11
14    1.5372760754189245    0.38431901885473113    1.7329027102164218e-11
15    1.537276075470997    0.3843190188677493    4.31088498231702e-12
16    1.5372760754836832    0.3843190188709208    1.139366379021567e-12
17    1.5372760754869093    0.3843190188717273    3.3284486278262193e-13
18    1.5372760754877917    0.3843190188719479    1.1224354778960333e-13
19    1.5372760754880632    0.3843190188720158    4.4353409833775004e-14
20    1.5372760754881614    0.38431901887204034    1.9817480989559044e-14
21    1.5372760754882027    0.38431901887205067    9.492406860545088e-15
22    1.5372760754882209    0.3843190188720552    4.9404924595819466e-15
23    1.5372760754882304    0.3843190188720576    2.55351295663786e-15
24    1.5372760754882357    0.38431901887205894    1.2212453270876722e-15
25    1.5372760754882389    0.3843190188720597    4.440892098500626e-16
26    1.5372760754882389    0.3843190188720597    4.440892098500626e-16
27    1.5372760754882402    0.38431901887206005    1.1102230246251565e-16
28    1.5372760754882402    0.38431901887206005    1.1102230246251565e-16
29    1.5372760754882402    0.38431901887206005    1.1102230246251565e-16
30    1.5372760754882404    0.3843190188720601    5.551115123125783e-17
31    1.5372760754882409    0.3843190188720602    5.551115123125783e-17
32    1.5372760754882397    0.38431901887205994    2.220446049250313e-16
33    1.5372760754882406    0.38431901887206016    0.0
34    1.5372760754882393    0.3843190188720598    3.3306690738754696e-16
35    1.5372760754882406    0.38431901887206016    0.0
36    1.537276075488238    0.3843190188720595    6.661338147750939e-16
37    1.5372760754882415    0.3843190188720604    2.220446049250313e-16
38    1.53727607548824    0.38431901887206    1.6653345369377348e-16
39    1.5372760754882406    0.38431901887206016    0.0
40    1.5372760754882397    0.38431901887205994    2.220446049250313e-16
41    1.537276075488241    0.38431901887206027    1.1102230246251565e-16
42    1.5372760754882393    0.3843190188720598    3.3306690738754696e-16
43    1.5372760754882417    0.38431901887206044    2.7755575615628914e-16
44    1.5372760754882397    0.38431901887205994    2.220446049250313e-16
45    1.537276075488241    0.38431901887206027    1.1102230246251565e-16
46    1.537276075488239    0.38431901887205977    3.885780586188048e-16
47    1.5372760754882402    0.38431901887206005    1.1102230246251565e-16
48    1.5372760754882409    0.3843190188720602    5.551115123125783e-17
49    1.5372760754882402    0.38431901887206005    1.1102230246251565e-16
50    1.5372760754882406    0.38431901887206016    0.0
51    1.53727607548824    0.38431901887206    1.6653345369377348e-16
52    1.5372760754882395    0.3843190188720599    2.7755575615628914e-16
53    1.5372760754882402    0.38431901887206005    1.1102230246251565e-16
54    1.5372760754882395    0.3843190188720599    2.7755575615628914e-16
55    1.537276075488241    0.38431901887206027    1.1102230246251565e-16
56    1.5372760754882397    0.38431901887205994    2.220446049250313e-16
57    1.5372760754882397    0.38431901887205994    2.220446049250313e-16
58    1.53727607548824    0.38431901887206    1.6653345369377348e-16
59    1.5372760754882397    0.38431901887205994    2.220446049250313e-16
60    1.5372760754882384    0.3843190188720596    5.551115123125783e-16
61    1.5372760754882397    0.38431901887205994    2.220446049250313e-16
62    1.5372760754882393    0.3843190188720598    3.3306690738754696e-16
63    1.5372760754882406    0.38431901887206016    0.0
64    1.5372760754882393    0.3843190188720598    3.3306690738754696e-16
65    1.5372760754882393    0.3843190188720598    3.3306690738754696e-16
66    1.5372760754882393    0.3843190188720598    3.3306690738754696e-16
67    1.53727607548824    0.38431901887206    1.6653345369377348e-16
68    1.5372760754882402    0.38431901887206005    1.1102230246251565e-16
69    1.5372760754882415    0.3843190188720604    2.220446049250313e-16
70    1.537276075488239    0.38431901887205977    3.885780586188048e-16
71    1.5372760754882402    0.38431901887206005    1.1102230246251565e-16
72    1.53727607548824    0.38431901887206    1.6653345369377348e-16
73    1.5372760754882397    0.38431901887205994    2.220446049250313e-16
74    1.5372760754882395    0.3843190188720599    2.7755575615628914e-16
75    1.5372760754882406    0.38431901887206016    0.0
76    1.5372760754882402    0.38431901887206005    1.1102230246251565e-16
77    1.5372760754882415    0.3843190188720604    2.220446049250313e-16
78    1.537276075488241    0.38431901887206027    1.1102230246251565e-16
79    1.5372760754882397    0.38431901887205994    2.220446049250313e-16
80    1.5372760754882406    0.38431901887206016    0.0
81    1.5372760754882402    0.38431901887206005    1.1102230246251565e-16
82    1.5372760754882409    0.3843190188720602    5.551115123125783e-17
83    1.53727607548824    0.38431901887206    1.6653345369377348e-16
84    1.537276075488241    0.38431901887206027    1.1102230246251565e-16
85    1.537276075488241    0.38431901887206027    1.1102230246251565e-16
86    1.5372760754882393    0.3843190188720598    3.3306690738754696e-16
87    1.5372760754882406    0.38431901887206016    0.0
88    1.5372760754882406    0.38431901887206016    0.0
89    1.5372760754882402    0.38431901887206005    1.1102230246251565e-16
90    1.5372760754882413    0.3843190188720603    1.6653345369377348e-16
91    1.5372760754882415    0.3843190188720604    2.220446049250313e-16
92    1.5372760754882402    0.38431901887206005    1.1102230246251565e-16
93    1.5372760754882415    0.3843190188720604    2.220446049250313e-16
94    1.5372760754882406    0.38431901887206016    0.0
95    1.5372760754882413    0.3843190188720603    1.6653345369377348e-16
96    1.5372760754882397    0.38431901887205994    2.220446049250313e-16
97    1.5372760754882397    0.38431901887205994    2.220446049250313e-16
98    1.5372760754882413    0.3843190188720603    1.6653345369377348e-16
99    1.5372760754882406    0.38431901887206016    0.0
100    1.5372760754882402    0.38431901887206005    1.1102230246251565e-16
101    1.5372760754882409    0.3843190188720602    5.551115123125783e-17
102    1.5372760754882406    0.38431901887206016    0.0
103    1.5372760754882397    0.38431901887205994    2.220446049250313e-16
104    1.5372760754882415    0.3843190188720604    2.220446049250313e-16
105    1.5372760754882413    0.3843190188720603    1.6653345369377348e-16
106    1.537276075488241    0.38431901887206027    1.1102230246251565e-16
107    1.537276075488241    0.38431901887206027    1.1102230246251565e-16
108    1.5372760754882415    0.3843190188720604    2.220446049250313e-16
109    1.5372760754882402    0.38431901887206005    1.1102230246251565e-16
110    1.5372760754882406    0.38431901887206016    0.0
111    1.5372760754882404    0.3843190188720601    5.551115123125783e-17
112    1.5372760754882406    0.38431901887206016    0.0
113    1.5372760754882422    0.38431901887206055    3.885780586188048e-16
114    1.5372760754882406    0.38431901887206016    0.0
115    1.5372760754882413    0.3843190188720603    1.6653345369377348e-16
116    1.5372760754882417    0.38431901887206044    2.7755575615628914e-16
117    1.5372760754882406    0.38431901887206016    0.0
118    1.537276075488241    0.38431901887206027    1.1102230246251565e-16
119    1.5372760754882415    0.3843190188720604    2.220446049250313e-16
120    1.5372760754882413    0.3843190188720603    1.6653345369377348e-16
121    1.5372760754882413    0.3843190188720603    1.6653345369377348e-16
122    1.537276075488242    0.3843190188720605    3.3306690738754696e-16
123    1.5372760754882406    0.38431901887206016    0.0
124    1.5372760754882406    0.38431901887206016    0.0
125    1.5372760754882406    0.38431901887206016    0.0
126    1.5372760754882404    0.3843190188720601    5.551115123125783e-17
127    1.537276075488241    0.38431901887206027    1.1102230246251565e-16
128    1.5372760754882409    0.3843190188720602    5.551115123125783e-17
129    1.537276075488242    0.3843190188720605    3.3306690738754696e-16
130    1.537276075488242    0.3843190188720605    3.3306690738754696e-16
131    1.5372760754882395    0.3843190188720599    2.7755575615628914e-16
132    1.5372760754882406    0.38431901887206016    0.0
133    1.5372760754882402    0.38431901887206005    1.1102230246251565e-16
134    1.5372760754882402    0.38431901887206005    1.1102230246251565e-16
135    1.5372760754882409    0.3843190188720602    5.551115123125783e-17
136    1.5372760754882413    0.3843190188720603    1.6653345369377348e-16
137    1.5372760754882415    0.3843190188720604    2.220446049250313e-16
138    1.5372760754882415    0.3843190188720604    2.220446049250313e-16
139    1.5372760754882404    0.3843190188720601    5.551115123125783e-17
140    1.5372760754882406    0.38431901887206016    0.0
141    1.537276075488241    0.38431901887206027    1.1102230246251565e-16
142    1.537276075488241    0.38431901887206027    1.1102230246251565e-16
143    1.537276075488242    0.3843190188720605    3.3306690738754696e-16
144    1.537276075488242    0.3843190188720605    3.3306690738754696e-16
145    1.5372760754882406    0.38431901887206016    0.0
146    1.5372760754882415    0.3843190188720604    2.220446049250313e-16
147    1.5372760754882404    0.3843190188720601    5.551115123125783e-17
148    1.537276075488241    0.38431901887206027    1.1102230246251565e-16
149    1.5372760754882415    0.3843190188720604    2.220446049250313e-16
150    1.5372760754882413    0.3843190188720603    1.6653345369377348e-16
151    1.5372760754882406    0.38431901887206016    0.0
152    1.537276075488241    0.38431901887206027    1.1102230246251565e-16
153    1.537276075488242    0.3843190188720605    3.3306690738754696e-16
154    1.5372760754882409    0.3843190188720602    5.551115123125783e-17
155    1.5372760754882406    0.38431901887206016    0.0
156    1.5372760754882409    0.3843190188720602    5.551115123125783e-17
157    1.537276075488242    0.3843190188720605    3.3306690738754696e-16
158    1.5372760754882415    0.3843190188720604    2.220446049250313e-16
159    1.5372760754882415    0.3843190188720604    2.220446049250313e-16
160    1.5372760754882406    0.38431901887206016    0.0
161    1.5372760754882393    0.3843190188720598    3.3306690738754696e-16
162    1.537276075488241    0.38431901887206027    1.1102230246251565e-16
163    1.5372760754882406    0.38431901887206016    0.0
164    1.5372760754882397    0.38431901887205994    2.220446049250313e-16
165    1.5372760754882397    0.38431901887205994    2.220446049250313e-16
166    1.5372760754882413    0.3843190188720603    1.6653345369377348e-16
167    1.537276075488241    0.38431901887206027    1.1102230246251565e-16
168    1.5372760754882402    0.38431901887206005    1.1102230246251565e-16
169    1.5372760754882406    0.38431901887206016    0.0
170    1.5372760754882397    0.38431901887205994    2.220446049250313e-16
171    1.5372760754882406    0.38431901887206016    0.0
172    1.53727607548824    0.38431901887206    1.6653345369377348e-16
173    1.5372760754882397    0.38431901887205994    2.220446049250313e-16
174    1.5372760754882413    0.3843190188720603    1.6653345369377348e-16
175    1.5372760754882395    0.3843190188720599    2.7755575615628914e-16
176    1.5372760754882402    0.38431901887206005    1.1102230246251565e-16
177    1.537276075488241    0.38431901887206027    1.1102230246251565e-16
178    1.5372760754882424    0.3843190188720606    4.440892098500626e-16
179    1.5372760754882409    0.3843190188720602    5.551115123125783e-17
180    1.5372760754882409    0.3843190188720602    5.551115123125783e-17
181    1.5372760754882397    0.38431901887205994    2.220446049250313e-16
182    1.537276075488242    0.3843190188720605    3.3306690738754696e-16
183    1.5372760754882409    0.3843190188720602    5.551115123125783e-17
184    1.537276075488241    0.38431901887206027    1.1102230246251565e-16
185    1.5372760754882402    0.38431901887206005    1.1102230246251565e-16
186    1.537276075488241    0.38431901887206027    1.1102230246251565e-16
187    1.5372760754882395    0.3843190188720599    2.7755575615628914e-16
188    1.5372760754882402    0.38431901887206005    1.1102230246251565e-16
189    1.5372760754882402    0.38431901887206005    1.1102230246251565e-16
190    1.5372760754882406    0.38431901887206016    0.0
191    1.5372760754882397    0.38431901887205994    2.220446049250313e-16
192    1.537276075488241    0.38431901887206027    1.1102230246251565e-16
193    1.5372760754882409    0.3843190188720602    5.551115123125783e-17
194    1.5372760754882404    0.3843190188720601    5.551115123125783e-17
195    1.5372760754882406    0.38431901887206016    0.0
196    1.5372760754882409    0.3843190188720602    5.551115123125783e-17
197    1.537276075488241    0.38431901887206027    1.1102230246251565e-16
198    1.5372760754882406    0.38431901887206016    0.0
199    1.5372760754882402    0.38431901887206005    1.1102230246251565e-16
200    1.537276075488242    0.3843190188720605    3.3306690738754696e-16
201    1.5372760754882397    0.38431901887205994    2.220446049250313e-16
202    1.5372760754882413    0.3843190188720603    1.6653345369377348e-16
203    1.5372760754882413    0.3843190188720603    1.6653345369377348e-16
204    1.537276075488239    0.38431901887205977    3.885780586188048e-16
205    1.5372760754882402    0.38431901887206005    1.1102230246251565e-16
206    1.5372760754882406    0.38431901887206016    0.0
207    1.5372760754882404    0.3843190188720601    5.551115123125783e-17
208    1.5372760754882413    0.3843190188720603    1.6653345369377348e-16
209    1.5372760754882406    0.38431901887206016    0.0
210    1.5372760754882415    0.3843190188720604    2.220446049250313e-16
211    1.5372760754882402    0.38431901887206005    1.1102230246251565e-16
212    1.537276075488241    0.38431901887206027    1.1102230246251565e-16
213    1.5372760754882413    0.3843190188720603    1.6653345369377348e-16
214    1.5372760754882406    0.38431901887206016    0.0
215    1.5372760754882402    0.38431901887206005    1.1102230246251565e-16
216    1.5372760754882402    0.38431901887206005    1.1102230246251565e-16
217    1.5372760754882404    0.3843190188720601    5.551115123125783e-17
218    1.5372760754882406    0.38431901887206016    0.0
219    1.5372760754882402    0.38431901887206005    1.1102230246251565e-16
220    1.5372760754882415    0.3843190188720604    2.220446049250313e-16
221    1.5372760754882402    0.38431901887206005    1.1102230246251565e-16
222    1.5372760754882406    0.38431901887206016    0.0
223    1.5372760754882409    0.3843190188720602    5.551115123125783e-17
224    1.5372760754882406    0.38431901887206016    0.0
225    1.5372760754882406    0.38431901887206016    0.0
226    1.537276075488241    0.38431901887206027    1.1102230246251565e-16
227    1.5372760754882402    0.38431901887206005    1.1102230246251565e-16
228    1.5372760754882406    0.38431901887206016    0.0
229    1.5372760754882406    0.38431901887206016    0.0
230    1.53727607548824    0.38431901887206    1.6653345369377348e-16
231    1.5372760754882415    0.3843190188720604    2.220446049250313e-16
232    1.5372760754882413    0.3843190188720603    1.6653345369377348e-16
233    1.5372760754882413    0.3843190188720603    1.6653345369377348e-16
234    1.5372760754882397    0.38431901887205994    2.220446049250313e-16
235    1.5372760754882409    0.3843190188720602    5.551115123125783e-17
236    1.5372760754882402    0.38431901887206005    1.1102230246251565e-16
237    1.5372760754882417    0.38431901887206044    2.7755575615628914e-16
238    1.5372760754882402    0.38431901887206005    1.1102230246251565e-16
239    1.5372760754882402    0.38431901887206005    1.1102230246251565e-16
240    1.5372760754882409    0.3843190188720602    5.551115123125783e-17
241    1.5372760754882404    0.3843190188720601    5.551115123125783e-17
242    1.5372760754882397    0.38431901887205994    2.220446049250313e-16
243    1.5372760754882406    0.38431901887206016    0.0
244    1.5372760754882402    0.38431901887206005    1.1102230246251565e-16
245    1.5372760754882397    0.38431901887205994    2.220446049250313e-16
246    1.5372760754882397    0.38431901887205994    2.220446049250313e-16
247    1.5372760754882406    0.38431901887206016    0.0
248    1.5372760754882415    0.3843190188720604    2.220446049250313e-16
249    1.5372760754882406    0.38431901887206016    0.0
250    1.5372760754882406    0.38431901887206016    0.0
251    1.5372760754882402    0.38431901887206005    1.1102230246251565e-16
252    1.5372760754882406    0.38431901887206016    0.0
253    1.537276075488242    0.3843190188720605    3.3306690738754696e-16
254    1.5372760754882397    0.38431901887205994    2.220446049250313e-16
255    1.5372760754882402    0.38431901887206005    1.1102230246251565e-16
256    1.5372760754882404    0.3843190188720601    5.551115123125783e-17
257    1.5372760754882409    0.3843190188720602    5.551115123125783e-17
258    1.5372760754882402    0.38431901887206005    1.1102230246251565e-16
259    1.537276075488241    0.38431901887206027    1.1102230246251565e-16
260    1.5372760754882393    0.3843190188720598    3.3306690738754696e-16
261    1.5372760754882395    0.3843190188720599    2.7755575615628914e-16
262    1.5372760754882386    0.38431901887205966    4.996003610813204e-16
263    1.5372760754882415    0.3843190188720604    2.220446049250313e-16
264    1.5372760754882402    0.38431901887206005    1.1102230246251565e-16
265    1.5372760754882404    0.3843190188720601    5.551115123125783e-17
266    1.537276075488241    0.38431901887206027    1.1102230246251565e-16
267    1.5372760754882406    0.38431901887206016    0.0
268    1.5372760754882402    0.38431901887206005    1.1102230246251565e-16
269    1.5372760754882402    0.38431901887206005    1.1102230246251565e-16
270    1.5372760754882402    0.38431901887206005    1.1102230246251565e-16
271    1.5372760754882397    0.38431901887205994    2.220446049250313e-16
272    1.5372760754882402    0.38431901887206005    1.1102230246251565e-16
273    1.5372760754882404    0.3843190188720601    5.551115123125783e-17
274    1.5372760754882395    0.3843190188720599    2.7755575615628914e-16
275    1.5372760754882406    0.38431901887206016    0.0
276    1.5372760754882397    0.38431901887205994    2.220446049250313e-16
277    1.5372760754882404    0.3843190188720601    5.551115123125783e-17
278    1.5372760754882415    0.3843190188720604    2.220446049250313e-16
279    1.5372760754882406    0.38431901887206016    0.0
280    1.537276075488241    0.38431901887206027    1.1102230246251565e-16
281    1.5372760754882415    0.3843190188720604    2.220446049250313e-16
282    1.5372760754882402    0.38431901887206005    1.1102230246251565e-16
283    1.53727607548824    0.38431901887206    1.6653345369377348e-16
284    1.5372760754882397    0.38431901887205994    2.220446049250313e-16
285    1.5372760754882415    0.3843190188720604    2.220446049250313e-16
286    1.5372760754882415    0.3843190188720604    2.220446049250313e-16
287    1.537276075488241    0.38431901887206027    1.1102230246251565e-16
288    1.5372760754882404    0.3843190188720601    5.551115123125783e-17
289    1.537276075488241    0.38431901887206027    1.1102230246251565e-16
290    1.5372760754882402    0.38431901887206005    1.1102230246251565e-16
291    1.5372760754882389    0.3843190188720597    4.440892098500626e-16
292    1.5372760754882393    0.3843190188720598    3.3306690738754696e-16
293    1.5372760754882413    0.3843190188720603    1.6653345369377348e-16
294    1.5372760754882402    0.38431901887206005    1.1102230246251565e-16
295    1.5372760754882402    0.38431901887206005    1.1102230246251565e-16
296    1.5372760754882397    0.38431901887205994    2.220446049250313e-16
297    1.5372760754882393    0.3843190188720598    3.3306690738754696e-16
298    1.5372760754882395    0.3843190188720599    2.7755575615628914e-16
299    1.5372760754882402    0.38431901887206005    1.1102230246251565e-16
300    1.53727607548824    0.38431901887206    1.6653345369377348e-16
301    1.5372760754882402    0.38431901887206005    1.1102230246251565e-16
302    1.5372760754882393    0.3843190188720598    3.3306690738754696e-16
303    1.5372760754882397    0.38431901887205994    2.220446049250313e-16
304    1.5372760754882406    0.38431901887206016    0.0
305    1.5372760754882402    0.38431901887206005    1.1102230246251565e-16
306    1.5372760754882397    0.38431901887205994    2.220446049250313e-16
307    1.5372760754882406    0.38431901887206016    0.0
308    1.5372760754882393    0.3843190188720598    3.3306690738754696e-16
309    1.5372760754882406    0.38431901887206016    0.0
310    1.5372760754882404    0.3843190188720601    5.551115123125783e-17
311    1.5372760754882402    0.38431901887206005    1.1102230246251565e-16
312    1.53727607548824    0.38431901887206    1.6653345369377348e-16
313    1.53727607548824    0.38431901887206    1.6653345369377348e-16
314    1.5372760754882395    0.3843190188720599    2.7755575615628914e-16
315    1.5372760754882402    0.38431901887206005    1.1102230246251565e-16
316    1.5372760754882406    0.38431901887206016    0.0
317    1.5372760754882402    0.38431901887206005    1.1102230246251565e-16
318    1.5372760754882397    0.38431901887205994    2.220446049250313e-16
319    1.5372760754882402    0.38431901887206005    1.1102230246251565e-16
320    1.5372760754882402    0.38431901887206005    1.1102230246251565e-16
321    1.53727607548824    0.38431901887206    1.6653345369377348e-16
322    1.5372760754882406    0.38431901887206016    0.0
323    1.537276075488241    0.38431901887206027    1.1102230246251565e-16
324    1.5372760754882409    0.3843190188720602    5.551115123125783e-17
325    1.537276075488241    0.38431901887206027    1.1102230246251565e-16
326    1.5372760754882409    0.3843190188720602    5.551115123125783e-17
327    1.5372760754882415    0.3843190188720604    2.220446049250313e-16
328    1.5372760754882413    0.3843190188720603    1.6653345369377348e-16
329    1.5372760754882406    0.38431901887206016    0.0
330    1.5372760754882397    0.38431901887205994    2.220446049250313e-16
331    1.537276075488242    0.3843190188720605    3.3306690738754696e-16
332    1.5372760754882397    0.38431901887205994    2.220446049250313e-16
333    1.537276075488241    0.38431901887206027    1.1102230246251565e-16
334    1.5372760754882415    0.3843190188720604    2.220446049250313e-16
335    1.537276075488241    0.38431901887206027    1.1102230246251565e-16
336    1.5372760754882402    0.38431901887206005    1.1102230246251565e-16
337    1.537276075488241    0.38431901887206027    1.1102230246251565e-16
338    1.5372760754882409    0.3843190188720602    5.551115123125783e-17
339    1.5372760754882389    0.3843190188720597    4.440892098500626e-16
340    1.5372760754882397    0.38431901887205994    2.220446049250313e-16
341    1.5372760754882397    0.38431901887205994    2.220446049250313e-16
342    1.5372760754882397    0.38431901887205994    2.220446049250313e-16
343    1.5372760754882406    0.38431901887206016    0.0
344    1.5372760754882397    0.38431901887205994    2.220446049250313e-16
345    1.53727607548824    0.38431901887206    1.6653345369377348e-16
346    1.5372760754882402    0.38431901887206005    1.1102230246251565e-16
347    1.5372760754882397    0.38431901887205994    2.220446049250313e-16
348    1.5372760754882397    0.38431901887205994    2.220446049250313e-16
349    1.5372760754882404    0.3843190188720601    5.551115123125783e-17
350    1.5372760754882402    0.38431901887206005    1.1102230246251565e-16
351    1.5372760754882404    0.3843190188720601    5.551115123125783e-17
352    1.5372760754882397    0.38431901887205994    2.220446049250313e-16
353    1.5372760754882395    0.3843190188720599    2.7755575615628914e-16
354    1.537276075488241    0.38431901887206027    1.1102230246251565e-16
355    1.5372760754882404    0.3843190188720601    5.551115123125783e-17
356    1.5372760754882389    0.3843190188720597    4.440892098500626e-16
357    1.537276075488239    0.38431901887205977    3.885780586188048e-16
358    1.5372760754882395    0.3843190188720599    2.7755575615628914e-16
359    1.53727607548824    0.38431901887206    1.6653345369377348e-16
360    1.537276075488241    0.38431901887206027    1.1102230246251565e-16
361    1.5372760754882397    0.38431901887205994    2.220446049250313e-16
362    1.537276075488241    0.38431901887206027    1.1102230246251565e-16
363    1.5372760754882402    0.38431901887206005    1.1102230246251565e-16
364    1.5372760754882402    0.38431901887206005    1.1102230246251565e-16
365    1.5372760754882402    0.38431901887206005    1.1102230246251565e-16
366    1.5372760754882406    0.38431901887206016    0.0
367    1.5372760754882393    0.3843190188720598    3.3306690738754696e-16
368    1.5372760754882406    0.38431901887206016    0.0
369    1.5372760754882393    0.3843190188720598    3.3306690738754696e-16
370    1.5372760754882402    0.38431901887206005    1.1102230246251565e-16
371    1.53727607548824    0.38431901887206    1.6653345369377348e-16
372    1.5372760754882402    0.38431901887206005    1.1102230246251565e-16
373    1.5372760754882402    0.38431901887206005    1.1102230246251565e-16
374    1.5372760754882402    0.38431901887206005    1.1102230246251565e-16
375    1.537276075488241    0.38431901887206027    1.1102230246251565e-16
376    1.5372760754882406    0.38431901887206016    0.0
377    1.5372760754882402    0.38431901887206005    1.1102230246251565e-16
378    1.5372760754882402    0.38431901887206005    1.1102230246251565e-16
379    1.537276075488241    0.38431901887206027    1.1102230246251565e-16
380    1.5372760754882402    0.38431901887206005    1.1102230246251565e-16
381    1.5372760754882402    0.38431901887206005    1.1102230246251565e-16
382    1.5372760754882397    0.38431901887205994    2.220446049250313e-16
383    1.5372760754882393    0.3843190188720598    3.3306690738754696e-16
384    1.5372760754882402    0.38431901887206005    1.1102230246251565e-16
385    1.5372760754882404    0.3843190188720601    5.551115123125783e-17
386    1.53727607548824    0.38431901887206    1.6653345369377348e-16
387    1.5372760754882409    0.3843190188720602    5.551115123125783e-17
388    1.5372760754882406    0.38431901887206016    0.0
389    1.5372760754882404    0.3843190188720601    5.551115123125783e-17
390    1.5372760754882397    0.38431901887205994    2.220446049250313e-16
391    1.5372760754882402    0.38431901887206005    1.1102230246251565e-16
392    1.5372760754882406    0.38431901887206016    0.0
393    1.5372760754882406    0.38431901887206016    0.0
394    1.5372760754882397    0.38431901887205994    2.220446049250313e-16
395    1.5372760754882397    0.38431901887205994    2.220446049250313e-16
396    1.5372760754882395    0.3843190188720599    2.7755575615628914e-16
397    1.5372760754882397    0.38431901887205994    2.220446049250313e-16
398    1.5372760754882404    0.3843190188720601    5.551115123125783e-17
399    1.5372760754882406    0.38431901887206016    0.0
400    1.5372760754882397    0.38431901887205994    2.220446049250313e-16
401    1.5372760754882393    0.3843190188720598    3.3306690738754696e-16
402    1.5372760754882402    0.38431901887206005    1.1102230246251565e-16
403    1.5372760754882413    0.3843190188720603    1.6653345369377348e-16
404    1.5372760754882406    0.38431901887206016    0.0
405    1.5372760754882397    0.38431901887205994    2.220446049250313e-16
406    1.537276075488241    0.38431901887206027    1.1102230246251565e-16
407    1.5372760754882402    0.38431901887206005    1.1102230246251565e-16
408    1.5372760754882402    0.38431901887206005    1.1102230246251565e-16
409    1.5372760754882404    0.3843190188720601    5.551115123125783e-17
410    1.5372760754882397    0.38431901887205994    2.220446049250313e-16
411    1.5372760754882402    0.38431901887206005    1.1102230246251565e-16
412    1.5372760754882402    0.38431901887206005    1.1102230246251565e-16
413    1.5372760754882406    0.38431901887206016    0.0
414    1.5372760754882402    0.38431901887206005    1.1102230246251565e-16
415    1.5372760754882402    0.38431901887206005    1.1102230246251565e-16
416    1.5372760754882402    0.38431901887206005    1.1102230246251565e-16
417    1.53727607548824    0.38431901887206    1.6653345369377348e-16
418    1.5372760754882402    0.38431901887206005    1.1102230246251565e-16
419    1.5372760754882402    0.38431901887206005    1.1102230246251565e-16
420    1.5372760754882393    0.3843190188720598    3.3306690738754696e-16
421    1.5372760754882395    0.3843190188720599    2.7755575615628914e-16
422    1.53727607548824    0.38431901887206    1.6653345369377348e-16
423    1.5372760754882393    0.3843190188720598    3.3306690738754696e-16
424    1.5372760754882404    0.3843190188720601    5.551115123125783e-17
425    1.5372760754882397    0.38431901887205994    2.220446049250313e-16
426    1.5372760754882404    0.3843190188720601    5.551115123125783e-17
427    1.5372760754882402    0.38431901887206005    1.1102230246251565e-16
428    1.5372760754882406    0.38431901887206016    0.0
429    1.5372760754882397    0.38431901887205994    2.220446049250313e-16
430    1.5372760754882393    0.3843190188720598    3.3306690738754696e-16
431    1.5372760754882389    0.3843190188720597    4.440892098500626e-16
432    1.5372760754882397    0.38431901887205994    2.220446049250313e-16
433    1.5372760754882402    0.38431901887206005    1.1102230246251565e-16
434    1.5372760754882402    0.38431901887206005    1.1102230246251565e-16
435    1.5372760754882389    0.3843190188720597    4.440892098500626e-16
436    1.5372760754882386    0.38431901887205966    4.996003610813204e-16
437    1.5372760754882402    0.38431901887206005    1.1102230246251565e-16
438    1.5372760754882406    0.38431901887206016    0.0
439    1.5372760754882402    0.38431901887206005    1.1102230246251565e-16
440    1.5372760754882397    0.38431901887205994    2.220446049250313e-16
441    1.5372760754882402    0.38431901887206005    1.1102230246251565e-16
442    1.5372760754882406    0.38431901887206016    0.0
443    1.5372760754882406    0.38431901887206016    0.0
444    1.5372760754882402    0.38431901887206005    1.1102230246251565e-16
445    1.5372760754882406    0.38431901887206016    0.0
446    1.5372760754882415    0.3843190188720604    2.220446049250313e-16
447    1.5372760754882406    0.38431901887206016    0.0
448    1.5372760754882402    0.38431901887206005    1.1102230246251565e-16
449    1.537276075488241    0.38431901887206027    1.1102230246251565e-16
450    1.5372760754882402    0.38431901887206005    1.1102230246251565e-16
451    1.5372760754882393    0.3843190188720598    3.3306690738754696e-16
452    1.5372760754882393    0.3843190188720598    3.3306690738754696e-16
453    1.537276075488241    0.38431901887206027    1.1102230246251565e-16
454    1.5372760754882406    0.38431901887206016    0.0
455    1.5372760754882406    0.38431901887206016    0.0
456    1.5372760754882406    0.38431901887206016    0.0
457    1.5372760754882402    0.38431901887206005    1.1102230246251565e-16
458    1.5372760754882406    0.38431901887206016    0.0
459    1.5372760754882406    0.38431901887206016    0.0
460    1.5372760754882393    0.3843190188720598    3.3306690738754696e-16
461    1.5372760754882409    0.3843190188720602    5.551115123125783e-17
462    1.5372760754882402    0.38431901887206005    1.1102230246251565e-16
463    1.5372760754882409    0.3843190188720602    5.551115123125783e-17
464    1.5372760754882397    0.38431901887205994    2.220446049250313e-16
465    1.5372760754882397    0.38431901887205994    2.220446049250313e-16
466    1.5372760754882389    0.3843190188720597    4.440892098500626e-16
467    1.5372760754882397    0.38431901887205994    2.220446049250313e-16
468    1.5372760754882402    0.38431901887206005    1.1102230246251565e-16
469    1.5372760754882397    0.38431901887205994    2.220446049250313e-16
470    1.53727607548824    0.38431901887206    1.6653345369377348e-16
471    1.5372760754882397    0.38431901887205994    2.220446049250313e-16
472    1.5372760754882384    0.3843190188720596    5.551115123125783e-16
473    1.5372760754882375    0.3843190188720594    7.771561172376096e-16
474    1.5372760754882349    0.3843190188720587    1.4432899320127035e-15
475    1.53727607548823    0.3843190188720575    2.6645352591003757e-15
476    1.5372760754882204    0.3843190188720551    5.051514762044462e-15
477    1.5372760754882009    0.3843190188720502    9.936496070395151e-15
478    1.5372760754881614    0.38431901887204034    1.9817480989559044e-14
479    1.537276075488062    0.3843190188720155    4.463096558993129e-14
480    1.5372760754877886    0.38431901887194714    1.1302070390684094e-13
481    1.5372760754869093    0.3843190188717273    3.3284486278262193e-13
482    1.5372760754836834    0.38431901887092085    1.1393108678703356e-12
483    1.537276075470997    0.3843190188677493    4.31088498231702e-12
484    1.537276075418923    0.38431901885473074    1.7329415680222837e-11
485    1.537276075202186    0.3843190188005465    7.151368386359991e-11
486    1.537276074286026    0.3843190185715065    3.0055363753334063e-10
487    1.5372760704312305    0.3843190176078076    1.264252535992938e-09
488    1.5372760539905237    0.3843190134976309    5.3744292349833245e-09
489    1.5372759848474888    0.3843189962118722    2.2660187948275734e-08
490    1.537275687939899    0.38431892198497475    9.688708541011337e-08
491    1.5372744448800604    0.3843186112200151    4.076520450646548e-07
492    1.537269050079312    0.384317262519828    1.7563522321517588e-06
493    1.5372466438546157    0.38431166096365393    7.357908406224745e-06
494    1.5371474247790684    0.3842868561947671    3.216267729305722e-05
495    1.5367406964794408    0.3841851741198602    0.00013384475219996306
496    1.5348628962281254    0.38371572405703136    0.0006032948150287987
497    1.527339270442749    0.38183481761068727    0.002484201261372887
498    1.489101665860573    0.3722754164651432    0.012043602406916931
499    1.34282637505226    0.335706593763065    0.04861242510899516
500    0.0    0.08676599240643389    0.29755302646562626
501    0.0    0.03983780862845314    0.344481210243607
502    0.0    0.020475606777642347    0.36384341209441784
503    0.0    0.010865352233064215    0.37345366663899593
504    0.0    0.0058243787953326884    0.37849464007672745
505    0.0    0.0031326942863969635    0.3811863245856632
506    0.0    0.0016868756851529335    0.38263214318690725
507    0.0    0.0009086956391923112    0.38341032323286783
508    0.0    0.0004895673783822385    0.3838294514936779
509    0.0    0.0002637708196136434    0.3840552480524465
510    0.0    0.0001421176518189059    0.38417690122024123
511    0.0    7.657230424137906e-05    0.3842424465678188
512    0.0    4.125686706208092e-05    0.3842777620049981
513    0.0    2.2229058276124723e-05    0.384296789813784
514    0.0    1.1976943011377666e-05    0.3843070419290488
515    0.0    6.4531377599154685e-06    0.3843125657343002
516    0.0    3.476929634906034e-06    0.38431554194242523
517    0.0    1.8733583959404214e-06    0.3843171455136642
518    0.0    1.0093594231628394e-06    0.384318009512637
519    0.0    5.438395818510751e-07    0.3843184750324783
520    0.0    2.9301900181070983e-07    0.3843187258530584
521    0.0    1.5787768757255516e-07    0.38431886099437257
522    0.0    8.506398574284826e-08    0.3843189338080744
523    0.0    4.583219954858858e-08    0.3843189730398606
524    0.0    2.4694240229050646e-08    0.38431899417781995
525    0.0    1.330517662278402e-08    0.38431900556688353
526    0.0    7.168786074745331e-09    0.3843190117032741
527    0.0    3.862518731939657e-09    0.3843190150095414
528    0.0    2.0811125383754514e-09    0.3843190167909476
529    0.0    1.1212968483408081e-09    0.3843190177507633
530    0.0    6.041510403932693e-10    0.3843190182679091
531    0.0    3.255147987095419e-10    0.3843190185465454
532    0.0    1.7538611275097482e-10    0.38431901869667406
533    0.0    9.449770805268487e-11    0.38431901877756247
534    0.0    5.0914962784059936e-11    0.3843190188211452
535    0.0    2.7432962585588472e-11    0.3843190188446272
536    0.0    1.478072221908211e-11    0.3843190188572794
537    0.0    7.963827730952944e-12    0.3843190188640963
538    0.0    4.290815099061707e-12    0.38431901886776937
539    0.0    2.311875734253843e-12    0.3843190188697483
540    0.0    1.2455511882308867e-12    0.3843190188708146
541    0.0    6.709964615186914e-13    0.38431901887138914
542    0.0    3.615820750452192e-13    0.38431901887169856
543    0.0    1.94729865912735e-13    0.3843190188718654
544    0.0    1.0499305418132376e-13    0.3843190188719552
545    0.0    5.6640673054553226e-14    0.38431901887200354
546    0.0    3.046109371684924e-14    0.3843190188720297
547    0.0    1.6433469168797288e-14    0.3843190188720437
548    0.0    8.92233335825221e-15    0.3843190188720512
549    0.0    4.7533591646109485e-15    0.3843190188720554
550    0.0    2.7022654947028713e-15    0.38431901887205744
551    0.0    1.4068607390171906e-15    0.38431901887205877
552    0.0    6.854326134453359e-16    0.3843190188720595
553    0.0    3.877106968808164e-16    0.38431901887205977
554    0.0    1.8149544367407344e-16    0.38431901887206
555    0.0    1.1123914289701275e-16    0.38431901887206005
556    -0.0    -1.0690233420707074e-16    0.38431901887206027
557    -0.0    -2.5175174445113413e-16    0.38431901887206044
558    0.0    3.447762908503904e-17    0.3843190188720601
559    -0.0    -1.6024508109335756e-16    0.3843190188720603
560    0.0    1.9927635930283571e-16    0.38431901887205994
561    -0.0    -9.974659986866641e-17    0.38431901887206027
562    -0.0    -5.421010862427522e-18    0.38431901887206016
563    0.0    7.24247051220317e-17    0.3843190188720601
564    0.0    2.5738959574805875e-16    0.3843190188720599
565    0.0    1.597029800071148e-16    0.38431901887206
566    0.0    3.2959746043559335e-17    0.3843190188720601
567    0.0    5.2692225582795515e-17    0.3843190188720601
568    0.0    3.8163916471489756e-17    0.3843190188720601
569    0.0    6.5052130349130266e-18    0.38431901887206016
570    -0.0    -9.90960785651751e-17    0.38431901887206027
571    0.0    1.734723475976807e-17    0.38431901887206016
572    0.0    1.7997756063259374e-17    0.38431901887206016
573    0.0    2.949029909160572e-17    0.3843190188720601
574    -0.0    -1.5590827240341554e-16    0.3843190188720603
575    -0.0    -1.734723475976807e-18    0.38431901887206016
576    -0.0    -1.3921155894713877e-16    0.3843190188720603
577    0.0    8.033938098117588e-17    0.3843190188720601
578    -0.0    -5.139118297581291e-17    0.3843190188720602
579    -0.0    -8.239936510889834e-17    0.3843190188720602
580    -0.0    -1.229485263598562e-16    0.38431901887206027
581    0.0    4.2934406030425976e-17    0.3843190188720601
582    -0.0    -7.611099250848241e-17    0.3843190188720602
583    0.0    4.5211230592645535e-17    0.3843190188720601
584    -0.0    -1.706534219492184e-16    0.3843190188720603
585    0.0    5.930585883495709e-17    0.3843190188720601
586    0.0    2.905661822261152e-17    0.3843190188720601
587    0.0    1.8756697583999227e-16    0.38431901887206
588    -0.0    -6.635317295611287e-17    0.3843190188720602
589    0.0    8.673617379884035e-18    0.38431901887206016
590    -0.0    -1.1210650463500116e-16    0.38431901887206027
591    0.0    1.111307226797642e-16    0.38431901887206005
592    -0.0    -2.463307335887066e-16    0.3843190188720604
593    0.0    3.848917712323541e-17    0.3843190188720601
594    -0.0    -1.251169307048272e-16    0.38431901887206027
595    0.0    1.235990476633475e-17    0.38431901887206016
596    -0.0    -1.6696713456276768e-16    0.3843190188720603
597    -0.0    -7.578573185673676e-17    0.3843190188720602
598    -0.0    -1.1514227071796057e-16    0.38431901887206027
599    -0.0    -1.6479873021779667e-17    0.38431901887206016
600    -0.0    -1.5167988393072207e-16    0.3843190188720603
601    -0.0    -1.3292318634672284e-16    0.38431901887206027
602    -0.0    -2.3744027577432547e-17    0.38431901887206016
603    0.0    2.439454888092385e-17    0.38431901887206016
604    0.0    7.600257229123386e-17    0.3843190188720601
605    0.0    2.0285422647203788e-16    0.38431901887205994
606    -0.0    -1.6371452804531117e-17    0.38431901887206016
607    -0.0    -5.421010862427522e-19    0.38431901887206016
608    -0.0    -4.0440741033709315e-17    0.3843190188720602
609    -0.0    -2.5587171270657905e-17    0.38431901887206016
610    -0.0    -1.2457482961858446e-16    0.38431901887206027
611    -0.0    -6.483528991463317e-17    0.3843190188720602
612    -0.0    -2.4643915380595516e-16    0.3843190188720604
613    -0.0    -9.410874857174178e-17    0.38431901887206027
614    -0.0    -2.7538735181131813e-17    0.38431901887206016
615    -0.0    -8.782037597132586e-17    0.38431901887206027
616    -0.0    -1.4983674023749671e-16    0.3843190188720603
617    -0.0    -2.224782857940255e-16    0.3843190188720604
618    -0.0    -1.3617579286417936e-16    0.38431901887206027
619    -0.0    -1.3010426069826053e-17    0.38431901887206016
620    0.0    2.0209528495129803e-16    0.38431901887205994
621    0.0    3.209238430557093e-17    0.3843190188720601
622    0.0    5.800481622797449e-17    0.3843190188720601
623    0.0    9.215718466126788e-17    0.38431901887206005
624    -0.0    -3.393552799879629e-17    0.3843190188720602
625    -0.0    -1.341158087364569e-16    0.38431901887206027
626    0.0    2.3201926491189795e-17    0.38431901887206016
627    -0.0    -4.445228907190568e-18    0.38431901887206016
628    0.0    7.621941272573096e-17    0.3843190188720601
629    0.0    5.865533753146579e-17    0.3843190188720601
630    -0.0    -3.0466081046842675e-17    0.3843190188720602
631    0.0    1.2153906353562505e-16    0.38431901887206005
632    0.0    9.812029660993815e-17    0.38431901887206005
633    0.0    1.3503738058306958e-16    0.38431901887206005
634    0.0    2.233456475320139e-17    0.38431901887206016
635    0.0    1.1872013788716274e-16    0.38431901887206005
636    0.0    1.1188966420050406e-16    0.38431901887206005
637    0.0    1.721713049906981e-16    0.38431901887206
638    -0.0    -4.911435841359335e-17    0.3843190188720602
639    0.0    1.111307226797642e-16    0.38431901887206005
640    -0.0    -1.5027042110649091e-16    0.3843190188720603
641    0.0    1.60136660876109e-16    0.38431901887206
642    -0.0    -5.312590645178972e-17    0.3843190188720602
643    -0.0    -6.348003719902628e-17    0.3843190188720602
644    -0.0    -4.380176776841438e-17    0.3843190188720602
645    0.0    8.05020113070487e-17    0.3843190188720601
646    -0.0    -7.491837011874836e-17    0.3843190188720602
647    0.0    1.122149248522497e-16    0.38431901887206005
648    -0.0    -1.7845967759111403e-16    0.3843190188720603
649    0.0    1.408920723144913e-16    0.38431901887206
650    0.0    2.7538735181131813e-17    0.38431901887206016
651    0.0    2.2090619264392153e-16    0.38431901887205994
652    -0.0    -4.174178364069192e-17    0.3843190188720602
653    0.0    1.6349768761081407e-16    0.38431901887206
654    -0.0    -2.7321894746634712e-17    0.38431901887206016
655    0.0    1.2641797331180982e-16    0.38431901887206005
656    -0.0    -3.859759734048396e-17    0.3843190188720602
657    0.0    1.135701775678566e-16    0.38431901887206005
658    -0.0    -2.0621525320674294e-16    0.3843190188720604
659    -0.0    -4.575333167888829e-17    0.3843190188720602
660    -0.0    -1.122149248522497e-16    0.38431901887206027
661    -0.0    -7.486416001012408e-17    0.3843190188720602
662    -0.0    -2.9197564505034634e-16    0.38431901887206044
663    -0.0    -1.3091741232762466e-16    0.38431901887206027
664    -0.0    -3.1094918306884267e-16    0.3843190188720605
665    -0.0    -3.008661028647275e-17    0.3843190188720602
666    -0.0    -9.226560487851643e-17    0.38431901887206027
667    -0.0    -1.4848148752188983e-16    0.3843190188720603
668    -0.0    -2.4492127076447545e-16    0.3843190188720604
669    -0.0    -6.1257422745431e-17    0.3843190188720602
670    -0.0    -1.5807667674838655e-16    0.3843190188720603
671    -0.0    -1.4474099002681484e-17    0.38431901887206016
672    -0.0    -5.2909066017292616e-17    0.3843190188720602
673    -0.0    -3.61039323437673e-17    0.3843190188720602
674    -0.0    -1.577514160966409e-16    0.3843190188720603
675    -0.0    -5.421010862427522e-19    0.38431901887206016
676    -0.0    -5.724587470723463e-17    0.3843190188720602
677    0.0    4.700016417724662e-17    0.3843190188720601
678    -0.0    -6.440160904563896e-17    0.3843190188720602
679    0.0    7.573152174811248e-17    0.3843190188720601
680    -0.0    -8.098990228466718e-17    0.3843190188720602
681    0.0    1.5178830414797062e-16    0.38431901887206
682    0.0    1.7162920390445535e-16    0.38431901887206
683    0.0    1.5108357273585504e-16    0.38431901887206
684    -0.0    -1.338989683019598e-16    0.38431901887206027
685    0.0    8.668196369021608e-17    0.38431901887206005
686    0.0    1.1384122811097797e-17    0.38431901887206016
687    0.0    6.787105599759258e-17    0.3843190188720601
688    -0.0    -1.0820337681405334e-16    0.38431901887206027
689    0.0    1.5395670849294163e-17    0.38431901887206016
690    -0.0    -3.7838655819744105e-17    0.3843190188720602
691    0.0    7.605678239985814e-17    0.3843190188720601
692    0.0    1.7564075194265172e-17    0.38431901887206016
693    0.0    1.6197980456933436e-16    0.38431901887206
694    0.0    1.0809495659680479e-16    0.38431901887206005
695    0.0    1.2587587222556706e-16    0.38431901887206005
696    0.0    1.0180658399638887e-16    0.38431901887206005
697    0.0    1.3026689102413336e-16    0.38431901887206005
698    0.0    6.830473686658678e-18    0.38431901887206016
699    -0.0    -7.48099499014998e-17    0.3843190188720602
700    -0.0    -4.174178364069192e-17    0.3843190188720602
701    0.0    1.3731420514528914e-16    0.38431901887206005
702    0.0    8.922983879555701e-17    0.38431901887206005
703    0.0    5.312590645178972e-17    0.3843190188720601
704    -0.0    -3.0357660829594124e-18    0.38431901887206016
705    0.0    1.4891516839088403e-16    0.38431901887206
706    0.0    5.778797579347739e-17    0.3843190188720601
707    0.0    1.3265213580360147e-16    0.38431901887206005
708    0.0    6.451002926288751e-17    0.3843190188720601
709    0.0    1.6783449630075609e-16    0.38431901887206
710    0.0    1.8669961410200386e-16    0.38431901887206
711    0.0    1.242495689668388e-16    0.38431901887206005
712    0.0    1.0950441942103595e-16    0.38431901887206005
713    0.0    1.645276796746753e-16    0.38431901887206
714    0.0    7.632783294297951e-17    0.3843190188720601
715    0.0    2.7863995832877464e-17    0.3843190188720601
716    -0.0    -7.643625316022806e-17    0.3843190188720602
717    0.0    7.28583859910259e-17    0.3843190188720601
718    -0.0    -1.4289784633358948e-16    0.3843190188720603
719    0.0    3.312237636943216e-17    0.3843190188720601
720    -0.0    -1.0061396160665481e-16    0.38431901887206027
721    0.0    1.5981140022436335e-16    0.38431901887206
722    0.0    1.5243882545146192e-16    0.38431901887206
723    0.0    1.1476279995759064e-16    0.38431901887206005
724    -0.0    -9.313296661650483e-17    0.38431901887206027
725    -0.0    -6.451002926288751e-18    0.38431901887206016
726    -0.0    -7.37257477290143e-17    0.3843190188720602
727    0.0    6.342582709040201e-18    0.38431901887206016
728    -0.0    -2.5370330836160804e-17    0.38431901887206016
729    0.0    6.21247844834194e-17    0.3843190188720601
730    0.0    8.435092901937224e-17    0.38431901887206005
731    0.0    9.378348791999613e-18    0.38431901887206016
732    -0.0    -1.2468324983583301e-17    0.38431901887206016
733    -0.0    -4.9981720151581754e-17    0.3843190188720602
734    0.0    1.1709383462843448e-16    0.38431901887206005
735    0.0    2.0578157233774874e-16    0.38431901887205994
736    0.0    3.9898639947466563e-17    0.3843190188720601
737    0.0    2.168404344971009e-17    0.38431901887206016
738    -0.0    -1.207801220148852e-16    0.38431901887206027
739    0.0    8.418829869349942e-17    0.38431901887206005
740    -0.0    -4.217546450968612e-17    0.3843190188720602
741    0.0    2.0442631962214186e-16    0.38431901887205994
742    -0.0    -9.118140270603092e-17    0.38431901887206027
743    -0.0    -2.0111950299606107e-17    0.38431901887206016
744    -0.0    -1.1568437180420332e-16    0.38431901887206027
745    0.0    1.9390955854903247e-16    0.38431901887206
746    -0.0    -3.198396408832238e-17    0.3843190188720602
747    0.0    1.4333152720258369e-16    0.38431901887206
748    0.0    3.3176586478056436e-17    0.3843190188720601
749    0.0    2.7143001388174604e-16    0.3843190188720599
750    -0.0    -1.5070410197548512e-17    0.38431901887206016
751    0.0    1.1367859778510514e-16    0.38431901887206005
752    -0.0    -4.217546450968612e-17    0.3843190188720602
753    0.0    1.8566962203814263e-16    0.38431901887206
754    -0.0    -7.209944447028604e-17    0.3843190188720602
755    0.0    5.2692225582795515e-17    0.3843190188720601
756    -0.0    -4.651227319962814e-17    0.3843190188720602
757    0.0    5.551115123125783e-17    0.3843190188720601
758    -0.0    -2.0187844451680093e-16    0.3843190188720604
759    0.0    1.176901458233015e-16    0.38431901887206005
760    0.0    7.979727989493313e-17    0.3843190188720601
761    0.0    9.107298248878237e-17    0.38431901887206005
762    -0.0    -1.6317242695906842e-16    0.3843190188720603
763    0.0    2.4096393283490336e-16    0.38431901887205994
764    0.0    1.612208630485945e-16    0.38431901887206
765    0.0    3.113286538292126e-16    0.3843190188720598
766    0.0    1.336821278674627e-16    0.38431901887206005
767    0.0    2.4649336391457943e-16    0.38431901887205994
768    0.0    6.754579534584693e-17    0.3843190188720601
769    0.0    2.7858574822015036e-16    0.3843190188720599
770    0.0    1.2880321809127793e-16    0.38431901887206005
771    0.0    2.0122792321330962e-16    0.38431901887205994
772    0.0    2.0285422647203788e-16    0.38431901887205994
773    0.0    1.728218262941894e-16    0.38431901887206
774    0.0    2.1467203015212988e-17    0.38431901887206016
775    -0.0    -8.749511531958021e-17    0.38431901887206027
776    -0.0    -3.5453411040275995e-17    0.3843190188720602
777    0.0    4.163336342344337e-17    0.3843190188720601
778    0.0    8.782037597132586e-17    0.38431901887206005
779    0.0    2.2367090818375956e-16    0.38431901887205994
780    0.0    1.444157293750692e-16    0.38431901887206
781    0.0    1.5851035761738075e-16    0.38431901887206
782    0.0    5.767955557622884e-17    0.3843190188720601
783    -0.0    -5.99563801384484e-17    0.3843190188720602
784    -0.0    -3.968179951296946e-17    0.3843190188720602
785    0.0    8.077306185017008e-18    0.38431901887206016
786    0.0    1.0842021724855044e-17    0.38431901887206016
787    0.0    2.2171934427328566e-17    0.38431901887206016
788    -0.0    -1.702197410802242e-17    0.38431901887206016
789    -0.0    -9.513874063560301e-17    0.38431901887206027
790    -0.0    -9.139824314052802e-17    0.38431901887206027
791    -0.0    -3.4314998759166215e-17    0.3843190188720602
792    -0.0    -9.486769009248164e-17    0.38431901887206027
793    0.0    9.183192400952223e-17    0.38431901887206005
794    -0.0    -8.077306185017008e-17    0.3843190188720602
795    -0.0    -5.1770653736182837e-17    0.3843190188720602
796    -0.0    -2.1521413123837263e-16    0.3843190188720604
797    -0.0    -1.9353008778866254e-16    0.3843190188720603
798    -0.0    -1.8279648628105605e-16    0.3843190188720603
799    0.0    2.2659825404947043e-17    0.38431901887206016
800    -0.0    -9.378348791999613e-17    0.38431901887206027
801    0.0    1.465841337200402e-16    0.38431901887206
802    -0.0    -5.0198560586078855e-17    0.3843190188720602
803    0.0    6.689527404235562e-17    0.3843190188720601
804    -0.0    -2.916503843986007e-17    0.3843190188720602
805    0.0    1.8106176280507924e-17    0.38431901887206016
806    -0.0    -9.64939933512099e-18    0.38431901887206016
807    0.0    1.9922214919421144e-16    0.38431901887205994
808    0.0    4.163336342344337e-17    0.3843190188720601
809    0.0    2.329950468671349e-16    0.38431901887205994
810    0.0    7.556889142223966e-17    0.3843190188720601
811    0.0    1.181238266922957e-16    0.38431901887206005
812    0.0    5.193328406205566e-17    0.3843190188720601
813    0.0    2.439454888092385e-17    0.38431901887206016
814    0.0    4.423544863740858e-17    0.3843190188720601
815    0.0    7.448468924975415e-17    0.3843190188720601
816    -0.0    -5.616167253474913e-17    0.3843190188720602
817    0.0    1.640939988056811e-16    0.38431901887206
818    0.0    1.1470858984896637e-16    0.38431901887206005
819    0.0    1.95590071916385e-16    0.38431901887205994
820    0.0    1.0267394573437727e-16    0.38431901887206005
821    0.0    1.1064283170214573e-16    0.38431901887206005
822    0.0    1.5590827240341554e-16    0.38431901887206
823    0.0    1.1064283170214573e-16    0.38431901887206005
824    0.0    1.6349768761081407e-16    0.38431901887206
825    0.0    1.2235221516498918e-16    0.38431901887206005
826    0.0    8.771195575407731e-17    0.38431901887206005
827    -0.0    -3.979021973021801e-17    0.3843190188720602
828    0.0    1.6371452804531117e-17    0.38431901887206016
829    -0.0    -1.6263032587282567e-19    0.38431901887206016
830    0.0    9.465084965798454e-17    0.38431901887206005
831    0.0    2.1141942363467336e-17    0.38431901887206016
832    -0.0    -9.085614205428527e-17    0.38431901887206027
833    -0.0    -5.843849709696869e-17    0.3843190188720602
834    0.0    6.071532165918825e-18    0.38431901887206016
835    0.0    2.6617163334519134e-17    0.38431901887206016
836    0.0    1.2153906353562505e-16    0.38431901887206005
837    0.0    4.1579153314819095e-17    0.3843190188720601
838    0.0    1.5200514458246772e-16    0.38431901887206
839    -0.0    -8.565197162635485e-18    0.38431901887206016
840    0.0    4.607859233063394e-17    0.3843190188720601
841    -0.0    -4.981908982570893e-17    0.3843190188720602
842    -0.0    -3.144186300207963e-18    0.38431901887206016
843    -0.0    -4.6458063091003865e-17    0.3843190188720602
844    0.0    1.2153906353562505e-16    0.38431901887206005
845    -0.0    -6.581107186987012e-17    0.3843190188720602
846    -0.0    -1.745565497701662e-17    0.38431901887206016
847    -0.0    -1.66045562716155e-16    0.3843190188720603
848    0.0    1.2956215961201778e-16    0.38431901887206005
849    -0.0    -4.5211230592645535e-17    0.3843190188720602
850    0.0    1.4517467089580904e-16    0.38431901887206
851    -0.0    -1.6788870640938036e-16    0.3843190188720603
852    -0.0    -1.6263032587282567e-18    0.38431901887206016
853    -0.0    -1.6707555478001623e-16    0.3843190188720603
854    0.0    1.9016906105395748e-16    0.38431901887206
855    0.0    4.071179157683069e-17    0.3843190188720601
856    0.0    1.71954464556201e-16    0.38431901887206
857    -0.0    -1.710871028182126e-16    0.3843190188720603
858    0.0    8.120674271916428e-17    0.3843190188720601
859    -0.0    -1.7542391150815462e-16    0.3843190188720603
860    0.0    7.546047120499111e-17    0.3843190188720601
861    -0.0    -9.421716878899034e-17    0.38431901887206027
862    0.0    9.627715291671279e-17    0.38431901887206005
863    -0.0    -1.7564075194265172e-16    0.3843190188720603
864    0.0    8.164042358815848e-17    0.3843190188720601
865    -0.0    -3.480288973678469e-17    0.3843190188720602
866    0.0    2.5955800009302976e-16    0.3843190188720599
867    -0.0    -2.6129272356900657e-17    0.38431901887206016
868    0.0    1.3227266504323154e-16    0.38431901887206005
869    -0.0    -8.353777739000812e-17    0.38431901887206027
870    0.0    1.9656585387162195e-16    0.38431901887205994
871    -0.0    -3.447762908503904e-17    0.3843190188720602
872    0.0    1.9309640691966834e-16    0.38431901887206
873    -0.0    -6.16911036144252e-17    0.3843190188720602
874    0.0    1.3270634591222574e-16    0.38431901887206005
875    -0.0    -1.7943545954635098e-16    0.3843190188720603
876    0.0    4.119968255444917e-18    0.38431901887206016
877    -0.0    -8.749511531958021e-17    0.38431901887206027
878    0.0    1.3639263329867646e-16    0.38431901887206005
879    -0.0    -1.734723475976807e-17    0.38431901887206016
880    0.0    1.233822072288504e-16    0.38431901887206005
881    -0.0    -1.1958749962515114e-16    0.38431901887206027
882    0.0    1.7986914041534519e-16    0.38431901887206
883    -0.0    -2.873135757086587e-17    0.3843190188720602
884    0.0    1.936385080059111e-16    0.38431901887206
885    -0.0    -1.6544925152128798e-16    0.3843190188720603
886    0.0    1.6263032587282567e-17    0.38431901887206016
887    -0.0    -9.356664748549903e-17    0.38431901887206027
888    0.0    1.2522535092207576e-16    0.38431901887206005
889    -0.0    -1.1861171766991419e-16    0.38431901887206027
890    0.0    9.73613550891983e-17    0.38431901887206005
891    -0.0    -2.498001805406602e-16    0.38431901887206044
892    0.0    5.421010862427522e-19    0.38431901887206016
893    -0.0    -2.0209528495129803e-16    0.3843190188720604
894    -0.0    -1.214306433183765e-17    0.38431901887206016
895    -0.0    -2.54679090316845e-16    0.38431901887206044
896    0.0    6.288372600415926e-18    0.38431901887206016
897    -0.0    -2.6020852139652106e-16    0.38431901887206044
898    -0.0    -8.001412032943023e-17    0.3843190188720602
899    -0.0    -2.3223610534639505e-16    0.3843190188720604
900    0.0    2.5370330836160804e-17    0.38431901887206016
901    -0.0    -9.421716878899034e-17    0.38431901887206027
902    0.0    1.244664094013359e-16    0.38431901887206005
903    -0.0    -1.848564704087785e-16    0.3843190188720603
904    -0.0    -4.7488055154865094e-17    0.3843190188720602
905    -0.0    -1.1416648876272362e-16    0.38431901887206027
906    0.0    5.182486384480711e-17    0.3843190188720601
907    -0.0    -2.269235147012161e-16    0.3843190188720604
908    -0.0    -1.3942839938163587e-16    0.3843190188720603
909    -0.0    -2.0198686473404948e-16    0.3843190188720604
910    -0.0    -5.2475385148298415e-17    0.3843190188720602
911    -0.0    -3.3219954564955856e-16    0.3843190188720605
912    -0.0    -8.413408858487514e-17    0.38431901887206027
913    -0.0    -9.107298248878237e-17    0.38431901887206027
914    -0.0    -2.6020852139652106e-18    0.38431901887206016
915    -0.0    -3.075881563341376e-16    0.3843190188720605
916    -0.0    -7.39425881635114e-17    0.3843190188720602
917    -0.0    -3.120333852413282e-16    0.3843190188720605
918    0.0    6.613633252161577e-17    0.3843190188720601
919    -0.0    -2.0252896582029223e-16    0.3843190188720604
920    0.0    1.1232334506949826e-16    0.38431901887206005
921    -0.0    -1.481020167615199e-16    0.3843190188720603
922    0.0    2.216109240560371e-16    0.38431901887205994
923    -0.0    -7.470152968425126e-17    0.3843190188720602
924    0.0    1.3357370765021415e-16    0.38431901887206005
925    -0.0    -2.1618991319360958e-16    0.3843190188720604
926    0.0    1.8604909279851256e-16    0.38431901887206
927    0.0    4.868067754459915e-17    0.3843190188720601
928    0.0    3.720981855970251e-16    0.38431901887205977
929    0.0    6.938893903907228e-17    0.3843190188720601
930    0.0    1.1492543028346347e-16    0.38431901887206005
931    0.0    9.768661574094395e-17    0.38431901887206005
932    0.0    1.3010426069826053e-18    0.38431901887206016
933    -0.0    -8.46761896711179e-17    0.38431901887206027
934    -0.0    -2.738694687698384e-16    0.38431901887206044
935    -0.0    -1.0842021724855044e-18    0.38431901887206016
936    -0.0    -5.421010862427522e-18    0.38431901887206016
937    0.0    9.432558900623889e-17    0.38431901887206005
938    -0.0    -1.6696713456276768e-16    0.3843190188720603
939    -0.0    -4.9873299934333204e-18    0.38431901887206016
940    -0.0    -1.8843433757798067e-16    0.3843190188720603
941    -0.0    -8.218252467440124e-17    0.3843190188720602
942    -0.0    -7.589415207398531e-18    0.38431901887206016
943    0.0    2.7972416050126014e-17    0.3843190188720601
944    0.0    1.8106176280507924e-16    0.38431901887206
945    0.0    2.732189474663471e-16    0.3843190188720599
946    0.0    8.302820236893993e-16    0.3843190188720593
947    0.0    1.384309333829492e-15    0.38431901887205877
948    0.0    2.507976465393469e-15    0.38431901887205766
949    0.0    4.70912371597354e-15    0.38431901887205544
950    0.0    8.824755162728515e-15    0.38431901887205133
951    0.0    1.6256961055116648e-14    0.3843190188720439
952    0.0    3.034074727570335e-14    0.3843190188720298
953    0.0    5.6543528539898524e-14    0.3843190188720036
954    0.0    1.049375430300925e-13    0.38431901887195524
955    0.0    1.948129157991474e-13    0.38431901887186537
956    0.0    3.615838097686952e-13    0.38431901887169856
957    0.0    6.71214386155361e-13    0.3843190188713889
958    0.0    1.2455694028273845e-12    0.3843190188708146
959    0.0    2.3120852021135674e-12    0.38431901886974806
960    0.0    4.290864104999903e-12    0.3843190188677693
961    0.0    7.963991445480989e-12    0.38431901886409614
962    0.0    1.4780673646824782e-11    0.3843190188572795
963    0.0    2.7432878885180756e-11    0.38431901884462727
964    0.0    5.0914959314612984e-11    0.3843190188211452
965    0.0    9.449762890592628e-11    0.3843190187775625
966    0.0    1.7538621076285121e-10    0.38431901869667395
967    0.0    3.255146928914099e-10    0.3843190185465455
968    0.0    6.041508829671138e-10    0.38431901826790926
969    0.0    1.1212966158878623e-09    0.38431901775076355
970    0.0    2.0811124160774463e-09    0.38431901679094777
971    0.0    3.86251860877429e-09    0.3843190150095416
972    0.0    7.1687859849733915e-09    0.38431901170327415
973    0.0    1.330517661280936e-08    0.38431900556688353
974    0.0    2.46942403660938e-08    0.3843189941778198
975    0.0    4.5832199470959706e-08    0.3843189730398607
976    0.0    8.506398572029686e-08    0.3843189338080744
977    0.0    1.5787768741382796e-07    0.38431886099437274
978    0.0    2.9301900179249524e-07    0.3843187258530584
979    0.0    5.438395814243331e-07    0.38431847503247873
980    0.0    1.009359423086078e-06    0.38431800951263706
981    0.0    1.873358395685417e-06    0.38431714551366447
982    0.0    3.476929634847921e-06    0.3843155419424253
983    0.0    6.453137759432348e-06    0.3843125657343007
984    0.0    1.1976943011378534e-05    0.3843070419290488
985    0.0    2.222905827611952e-05    0.384296789813784
986    0.0    4.125686706238016e-05    0.3842777620049978
987    0.0    7.6572304241543e-05    0.38424244656781864
988    0.0    0.0001421176518190811    0.38417690122024106
989    0.0    0.00026377081961350725    0.3840552480524467
990    0.0    0.0004895673783823591    0.3838294514936778
991    0.0    0.0009086956391925393    0.3834103232328676
992    0.0    0.0016868756851532093    0.38263214318690697
993    0.0    0.0031326942863969254    0.38118632458566326
994    0.0    0.0058243787953323484    0.3784946400767278
995    0.0    0.010865352233064247    0.37345366663899593
996    0.0    0.02047560677764238    0.3638434120944178
997    0.0    0.03983780862845343    0.34448121024360673
998    0.0    0.08676599240643322    0.2975530264656269
999    1.342826375052262    0.3357065937630655    0.04861242510899466
