0.0 nan 9.01518025717726 12.849151862722742 
0.0017676767676767676 nan 9.095873187239986 12.90589545751336 
0.003535353535353535 nan 9.177278825148251 12.9633975159457 
0.0053030303030303025 nan 9.259416479516442 13.021675086679645 
0.00707070707070707 nan 9.342305984567808 13.080745759749485 
0.008838383838383838 nan 9.42596772408889 13.140627688869287 
0.010606060606060605 nan 9.510422656500234 13.20133961487188 
0.012373737373737374 nan 9.59569234111533 13.262900890350197 
0.01414141414141414 nan 9.681798965664605 13.325331505574518 
0.015909090909090907 nan 9.768765375166497 13.388652115764472 
0.017676767676767676 nan 9.856615102233283 13.452884069800271 
0.019444444444444445 nan 9.945372398905493 13.518049440463807 
0.02121212121212121 nan 10.035062270115397 13.584171056306905 
0.02297979797979798 nan 10.12571050888735 13.651272535251223 
0.024747474747474747 nan 10.217343733390496 13.719378320032096 
0.026515151515151512 nan 10.309989425968087 13.788513715607147 
0.02828282828282828 nan 10.403675974276744 13.85870492865967 
0.03005050505050505 nan 10.498432714679302 13.929979109336857 
0.031818181818181815 nan 10.594289978045726 14.002364395373831 
0.03358585858585859 nan 10.69127913812873 14.075889958766346 
0.03535353535353535 nan 10.789432662693756 14.150586055168016 
0.03712121212121212 nan 10.88878416759724 14.226484076201997 
0.03888888888888889 nan 10.989368474022813 14.303616604892595 
0.040656565656565655 nan 11.091221669102039 14.382017474439087 
0.04242424242424242 nan 11.194381170165094 14.461721830572579 
0.04419191919191919 nan 11.298885792887202 14.542766197756906 
0.04595959595959596 nan 11.404775823619087 14.62518854951686 
0.04772727272727272 nan 11.512093096214437 14.709028383201277 
0.049494949494949494 nan 11.620881073694283 14.79432679951537 
0.05126262626262626 nan 11.731184935118174 14.881126587186072 
0.053030303030303025 0.1873433412096438 11.843051668064618 14.969472313156558 
0.0547979797979798 0.3623116745512927 11.956530167159547 15.059410418741797 
0.05656565656565656 0.4856926060973179 12.071671339131285 15.150989322216434 
0.05833333333333333 0.5906224971416442 12.18852821491464 15.244259528349776 
0.0601010101010101 0.6854952949362528 12.307156069375388 15.339273745450797 
0.061868686868686865 0.7738875890637703 12.42761254928033 15.43608701053938 
0.06363636363636363 0.8576793486284401 12.549957810197878 15.534756823319102 
0.0654040404040404 0.93798619835482 12.674254663080482 15.635343289692429 
0.06717171717171717 1.0155267348318473 12.800568731353938 15.73790927563216 
0.06893939393939394 1.090793403681571 12.92896861942063 15.842520572304018 
0.0707070707070707 1.1641409828854594 13.059526093575336 15.949246073425781 
0.07247474747474747 1.2358362382004002 13.192316276434122 16.05815796594931 
0.07424242424242423 1.3060877451579394 13.32741785609097 16.16933193526452 
0.076010101010101 1.3750643313287638 13.464913311344494 16.28284738625081 
0.07777777777777778 1.4429069787295141 13.604889154480068 16.398787681642872 
0.07954545454545454 1.5097370507043206 13.747436193253375 16.517240399336856 
0.08131313131313131 1.5756615492909385 13.892649813902077 16.638297610441583 
0.08308080808080807 1.6407772038877335 14.040630287215587 16.7620561800809 
0.08484848484848484 1.7051729902830015 14.191483099922584 16.88861809318042 
0.0866161616161616 1.768932385340484 14.345319313915315 17.01809080772883 
0.08838383838383838 1.8321346492198487 14.502255956123308 17.15058763829469 
0.09015151515151515 1.8948560643381498 14.662416442182407 17.286228172909603 
0.09191919191919191 1.9571709090343 14.825931037423551 17.42513872680363 
0.09368686868686868 2.01915198586446 14.992937359136894 17.567452836905964 
0.09545454545454544 2.080871330569023 15.16358092455876 17.71331180151117 
0.09722222222222221 2.1424006460001888 15.338015749591325 17.862865270068635 
0.09898989898989899 2.2038118641278706 15.516405003909458 18.0162718886916 
0.10075757575757575 2.265177356212053 15.698921728849232 18.173700007715745 
0.10252525252525252 2.3265704356478847 15.885749625324474 18.335328458481712 
0.10429292929292928 2.3880656915737584 16.0770839200007 18.501347407490563 
0.10606060606060605 2.449739355015534 16.27313231909255 18.6719592972084 
0.10782828282828281 2.5116696739978432 16.474116060469196 18.847379884103834 
0.1095959595959596 2.5739373061351265 16.680271076284605 19.027839386021984 
0.11136363636363636 2.6366257719989203 16.89184928013656 19.21358375277144 
0.11313131313131312 2.69982176171158 17.109119994846967 19.404876075872913 
0.11489898989898989 2.7636158337185766 17.332371539405408 19.60199815584889 
0.11666666666666665 2.8281028520361247 17.56191299649862 19.805252248292618 
0.11843434343434343 2.8933824664626324 17.79807618544731 20.014963013328288 
0.1202020202020202 2.9595600286089465 18.041217869395197 20.231479697068558 
0.12196969696969696 3.0267470777057435 18.29172223037422 20.45517857842065 
0.12373737373737373 3.0950622862272685 18.55000365156683 20.686465720249444 
0.1255050505050505 3.1646325079939643 18.81650985290304 20.92578007067621 
0.12727272727272726 3.2355936322023777 19.091725434317826 21.17359696842487 
0.12904040404040404 3.3080919527705994 19.376175890869987 21.430432115938398 
0.1308080808080808 3.3822855327167747 19.670432175884468 21.696846095872633 
0.13257575757575757 3.4583458604099167 19.975115902832048 21.973449521035302 
0.13434343434343435 3.5364595546440873 20.29090529444616 22.260908925515505 
0.1361111111111111 3.616830817757594 20.618542009422242 22.559953526464156 
0.13787878787878788 3.6996836902887975 20.958839004014546 22.8713830127982 
0.13964646464646463 3.7852651894670535 21.312689619319915 23.196076550386266 
0.1414141414141414 3.873848780478725 21.681078126824413 23.535003234828263 
0.14318181818181816 3.965738544823071 22.06509201726094 23.88923427513124 
0.14494949494949494 4.061274202199203 22.465936384136523 24.259957257546475 
0.14671717171717172 4.160836952409175 22.88495083764443 24.648492922759292 
0.14848484848484847 4.264856829259466 23.3236294927525 25.056314997164023 
0.15025252525252525 4.373821494530289 23.783644714764417 25.485073757791127 
0.152020202020202 4.488286886417497 24.266875487164796 25.936624191121563 
0.15378787878787878 4.608890684445064 24.775441504743082 26.413059843131744 
0.15555555555555556 4.736368938010834 25.311744410376214 26.916753771919154 
0.1573232323232323 4.871576853332551 25.87851801551949 27.45040843414683 
0.1590909090909091 5.015515600733784 26.47888991409964 28.01711690386647 
0.16085858585858584 5.169366396136884 27.11645767767635 28.620438597392692 
0.16262626262626262 5.334535046703113 27.795383895612055 29.264493749702257 
0.16439393939393937 5.512710953260981 28.52051583088223 29.954082389242313 
0.16616161616161615 5.705945433327479 29.29753760265555 30.694835691056053 
0.16792929292929293 5.916759344486438 30.133165894198427 31.493410665235924 
0.16969696969696968 6.148291374005723 31.035404713034854 32.357743651617284 
0.17146464646464646 6.404508666601124 32.013881495130164 33.29738483584185 
0.1732323232323232 6.690512189296781 33.080297157162725 34.32394628430858 
0.175 7.012992053889786 34.249038777191146 35.451712027537624 
