##delta---free_energy
0.0 0.0
0.00202020202020202 -2.629205931043543e-06
0.00404040404040404 -9.645141917462752e-06
0.006060606060606061 -1.9922003199826577e-05
0.00808080808080808 -3.2826393957111576e-05
0.0101010101010101 -4.796107557904179e-05
0.012121212121212121 -6.503067503836064e-05
0.014141414141414142 -8.379649248145142e-05
0.01616161616161616 -0.00010405733989427972
0.01818181818181818 -0.0001256391502924089
0.0202020202020202 -0.00014838848151248386
0.022222222222222223 -0.00017216812605201995
0.024242424242424242 -0.000196853993132936
0.026262626262626262 -0.00022233281207409165
0.028282828282828285 -0.000248500391084599
0.030303030303030304 -0.0002752602654658403
0.03232323232323232 -0.0003025226270323401
0.03434343434343434 -0.00033020346172615974
0.03636363636363636 -0.00035822384469011014
0.03838383838383838 -0.000386509356634997
0.0404040404040404 -0.0004149895951655708
0.04242424242424243 -0.00044359776152105043
0.044444444444444446 -0.00047227030794983876
0.046464646464646465 -0.0005009466344225075
0.048484848484848485 -0.0005295688258704104
0.050505050505050504 -0.0005580814230457691
0.052525252525252523 -0.0005864312214955134
0.05454545454545454 -0.000614567094231461
0.05656565656565657 -0.0006424398345103328
0.05858585858585859 -0.000670002015798309
0.06060606060606061 -0.0006972078664974105
0.06262626262626263 -0.0007240131574346378
0.06464646464646465 -0.0007503751004329388
0.06666666666666667 -0.0007762522565584732
0.06868686868686869 -0.000801604452848369
0.0707070707070707 -0.0008263927065077951
0.07272727272727272 -0.0008505791557081465
0.07474747474747474 -0.0008741269962394654
0.07676767676767676 -0.0008970004233811778
0.07878787878787878 -0.0009191645784239882
0.0808080808080808 -0.0009405854993699904
0.08282828282828283 -0.000961230075380081
0.08484848484848485 -0.000981066004599961
0.08686868686868687 -0.0010000617550404059
0.08888888888888889 -0.0010181865282222133
0.09090909090909091 -0.0010354102253333623
0.09292929292929293 -0.0010517034156689988
0.09494949494949495 -0.0010670373071572613
0.09696969696969697 -0.0010813837187901298
0.09898989898989899 -0.0010947150547943238
0.10101010101010101 -0.0011070042804092737
0.10303030303030303 -0.001118224899127563
0.10505050505050505 -0.0011283509312970637
0.10707070707070707 -0.0011373568939670804
0.10909090909090909 -0.0011452177818891869
0.1111111111111111 -0.0011519090495859929
0.11313131313131314 -0.00115740659440944
0.11515151515151516 -0.0011616867405147787
0.11717171717171718 -0.0011647262236885582
0.1191919191919192 -0.001166502176969516
0.12121212121212122 -0.0011669921170081579
0.12323232323232323 -0.0011661739311153725
0.12525252525252525 -0.0011640258649562383
0.12727272727272726 -0.0011605265108428284
0.1292929292929293 -0.0011556547965928985
0.13131313131313133 -0.0011493899749148112
0.13333333333333333 -0.0011417116132866796
0.13535353535353536 -0.0011325995843028069
0.13737373737373737 -0.0011220340564548677
0.1393939393939394 -0.0011099954853225427
0.1414141414141414 -0.0010964646051552336
0.14343434343434344 -0.0010814224208135783
0.14545454545454545 -0.0010648502000583904
0.14747474747474748 -0.0010467294661621054
0.1494949494949495 -0.001027041990827638
0.15151515151515152 -0.0010057697873973666
0.15353535353535352 -0.000982895104335512
0.15555555555555556 -0.0009584004189711777
0.15757575757575756 -0.00093226843148841
0.1595959595959596 -0.0009044820591469034
0.1616161616161616 -0.0008750244307284447
0.16363636363636364 -0.0008438788811892664
0.16565656565656567 -0.0008110289465168535
0.16767676767676767 -0.0007764583587730158
0.1696969696969697 -0.0007401510413194046
0.1717171717171717 -0.0007020911042169245
0.17373737373737375 -0.0006622628397864901
0.17575757575757575 -0.0006206507183276699
0.17777777777777778 -0.0005772393839853976
0.1797979797979798 -0.000532013650762019
0.18181818181818182 -0.00048495849866030767
0.18383838383838383 -0.0004360590699607201
0.18585858585858586 -0.00038530066562034334
0.18787878787878787 -0.00033266874179098524
0.1898989898989899 -0.0002781489064514972
0.1919191919191919 -0.0002217269161474178
0.19393939393939394 -0.00016338867283557191
0.19595959595959597 -0.00010312022082853218
0.19797979797979798 -4.090774383384996e-05
0.2 2.326243791540037e-05
