0.001 0.1726328614410255 
0.002 0.20429741471030174 
0.003 0.20747441034692019 
0.004 0.2076651706745285 
0.005 0.20767519587225017 
0.006 0.20767580576989136 
0.007 0.2076761639564917 
0.008 0.2076775407054635 
0.009000000000000001 0.20768237526790317 
0.010000000000000002 0.20769565834311932 
0.011 0.2077254517109763 
0.012 0.2077826725367624 
0.013000000000000001 0.20788030354220527 
0.014000000000000002 0.20803235576525073 
0.015 0.2082528845650916 
0.016 0.2085552381518266 
0.017 0.20895159573768693 
0.018000000000000002 0.20945277109657792 
0.019000000000000003 0.2100682201504856 
0.02 0.2108061844748459 
0.021 0.21167391282289175 
0.022000000000000002 0.21267791753586596 
0.023 0.2138242382569805 
0.024 0.21511869716693297 
0.025 0.21656713854379633 
0.026000000000000002 0.21817565180034662 
0.027000000000000003 0.21995078071964333 
0.028 0.22189972324439658 
0.029 0.22403052804515763 
0.030000000000000002 0.22635229539328963 
0.031 0.22887538883475925 
0.032 0.23161166745737857 
0.033 0.2345747471491371 
0.034 0.2377803035197014 
0.035 0.24124642820107234 
0.036000000000000004 0.24499405710862615 
0.037000000000000005 0.24904749095263792 
0.038 0.2534350354896167 
0.039 0.25818979992519175 
0.04 0.2633506991934478 
0.041 0.268963732451308 
0.042 0.2750836251128002 
0.043000000000000003 0.28177597296821627 
0.044000000000000004 0.28912007054893174 
0.045 0.2972127076400635 
0.046 0.3061733431420794 
0.047 0.31615129155030214 
0.048 0.3273359200662263 
0.049 0.33997146097165626 
0.05 0.3543791354975305 
0.051000000000000004 0.3709912773142887 
0.052000000000000005 0.39040597606195554 
0.053000000000000005 0.41347863997486234 
0.054 0.4414840875785494 
0.055 0.47642390892982245 
0.056 0.5216631488027587 
0.057 0.5834153453802842 
0.058 0.6748456011686619 
0.059000000000000004 0.8308839933493815 
0.060000000000000005 1.1983471231346259 
0.061 5.958172119497813 
0.062 2504.6357228242755 
0.063 2099194.9570614253 
0.064 3193907.5814165766 
0.065 4213365.195417887 
0.066 5177925.516716166 
0.067 6295097.417496963 
0.068 7524795.923828225 
0.069 7735142.354424927 
0.07 9328772.561450763 
0.07100000000000001 11069268.488495152 
0.07200000000000001 12066494.93962631 
0.07300000000000001 12482278.420096934 
0.074 13602193.626647124 
0.075 16820082.363732398 
0.076 14476358.959913021 
0.077 18979856.553925905 
0.078 24673039.970559098 
0.079 17405622.79210261 
0.08 20119231.34233773 
0.081 17626609.722174004 
0.082 27371526.864200562 
0.083 26487726.558668826 
0.084 26000424.526070185 
0.085 nan 
0.08600000000000001 33890989.76737729 
0.08700000000000001 48086312.756010406 
0.08800000000000001 nan 
0.089 nan 
0.09 62366067.81488582 
0.091 26004755.73463524 
0.092 28050156.659020882 
0.093 92020333.97411019 
0.094 28056478.96308287 
0.095 51728081.03955092 
0.096 39848549.04609837 
0.097 82875833.2600199 
0.098 30521512.026488163 
0.099 nan 
0.1 nan 
