0.0 nan 9.015150125565453 12.849109581145697 
0.0017676767676767676 nan 9.095842794234418 12.905852989215145 
0.003535353535353535 nan 9.177248168366507 12.963354858430504 
0.0053030303030303025 nan 9.259385556513562 13.02163223739556 
0.00707070707070707 nan 9.342274792834507 13.080702716086716 
0.008838383838383838 nan 9.425936261049753 13.140584448158306 
0.010606060606060605 nan 9.510390919511774 13.20129617438149 
0.012373737373737374 nan 9.595660327464005 13.262857247285517 
0.01414141414141414 nan 9.681766672564725 13.325287657074888 
0.015909090909090907 nan 9.76873279975804 13.388608058901264 
0.017676767676767676 nan 9.856582241579611 13.452839801574605 
0.019444444444444445 nan 9.945339249990964 13.518004957804171 
0.02121212121212121 nan 10.03502882984288 13.584126356066667 
0.02297979797979798 nan 10.1256767740756 13.651227614206034 
0.024747474747474747 nan 10.217309700771438 13.719333174877175 
0.026515151515151512 nan 10.30995509218394 13.788468342954443 
0.02828282828282828 nan 10.40364133587704 13.858659325034898 
0.03005050505050505 nan 10.498397768117746 13.929933271176392 
0.031818181818181815 nan 10.594254719676908 14.002318319021452 
0.03358585858585859 nan 10.691243564204681 14.075843640469845 
0.03535353535353535 nan 10.789396769360343 14.150539491075621 
0.03712121212121212 nan 10.888747950890366 14.226437262358642 
0.03888888888888889 nan 10.989331929864443 14.303569537235992 
0.040656565656565655 nan 11.091184793296025 14.38197014879562 
0.04242424242424242 nan 11.194343958392794 14.461674242652977 
0.04419191919191919 nan 11.298848240702858 14.542718343151716 
0.04595959595959596 nan 11.404737926444989 14.625140423691667 
0.04772727272727272 nan 11.512054849335808 14.708979981491694 
0.049494949494949494 nan 11.620842472253926 14.79427811712177 
0.05126262626262626 nan 11.731145974110806 14.881077619168025 
0.053030303030303025 0.588556464341135 11.843012342330924 14.96942305442698 
0.0547979797979798 1.1382356953442 11.956490471379894 15.059360864060782 
0.05656565656565656 1.5258483228633453 12.071631267819084 15.150939466184752 
0.05833333333333333 1.855495298162427 12.18848776240937 15.244209365402009 
0.0601010101010101 2.153546982726106 12.307115229835198 15.339223269848079 
0.061868686868686865 2.4312395645070577 12.427571316674229 15.436036216361742 
0.06363636363636363 2.6944791407867865 12.549916178297483 15.534705704457366 
0.0654040404040404 2.946770549858436 12.674212625451272 15.63529183983963 
0.06717171717171717 3.190371329614673 12.800526281345991 15.737857488274468 
0.06893939393939394 3.4268285435902293 12.92892575015883 15.842468440711107 
0.0707070707070707 3.6572567594256675 13.059482797948956 15.949193590640625 
0.07247474747474747 3.88249404693892 13.192272547085775 16.05810512477734 
0.07424242424242423 4.103195665131841 13.327373685404886 16.16927872826212 
0.076010101010101 4.319892001587021 13.46486869143404 16.282793805713073 
0.07777777777777778 4.533025964271804 13.604844077174482 16.398733719590574 
0.07954545454545454 4.742978827371146 13.74739065008363 16.517186047502587 
0.08131313131313131 4.950086747859168 13.89260379608582 16.63824286025497 
0.08308080808080807 5.154653609911306 14.040583785641063 16.762001022652818 
0.08484848484848484 5.356958939407972 14.191436105131487 16.888562519286147 
0.0866161616161616 5.557264986505437 14.345271816084434 17.018034807790052 
0.08838383838383838 5.755820754354353 14.502207945044919 17.150531202360213 
0.09015151515151515 5.9528658913348 14.662367907243242 17.286171290634716 
0.09191919191919191 6.148633749641814 14.825881967582275 17.42508138742797 
0.09368686868686868 6.343353045242496 14.992887742899919 17.567395029229743 
0.09545454545454544 6.537250085151432 15.163530749954251 17.71325351386965 
0.09722222222222221 6.730550130549396 15.337965004141255 17.862806490304628 
0.09898989898989899 6.923479162209568 15.516353674599495 18.01621260412589 
0.10075757575757575 7.116264541297687 15.698869802096258 18.17364020511513 
0.10252525252525252 7.309136588690601 15.885697086941533 18.33526812402453 
0.10429292929292928 7.502329632955976 16.077030755159083 18.501286526729388 
0.10606060606060605 7.696083160926601 16.273078512280748 18.671897855029645 
0.10782828282828281 7.890642996102098 16.474061595448372 18.847317864683937 
0.1095959595959596 8.086262531754816 16.680215936040288 19.027776772779834 
0.11136363636363636 8.283204155577327 16.891793446826064 19.213520528316597 
0.11313131313131312 8.481740212662082 17.109063449742116 19.4048122219492 
0.11489898989898989 8.682155200579595 17.332314262830074 19.601933653272837 
0.11666666666666665 8.884747143553032 17.561854967760404 19.80518707688615 
0.11843434343434343 9.089829100680772 17.79801738276277 20.014897151845 
0.1202020202020202 9.297732043800284 18.04115826980778 20.231413123112805 
0.12196969696969696 9.508806383610711 18.2916618096641 20.45511126835861 
0.12373737373737373 9.723424940838198 18.54994238415154 20.686397649111093 
0.1255050505050505 9.94198623842528 18.81644771172782 20.92571121204712 
0.12727272727272726 10.164917184928905 19.091662390734328 21.173527294326444 
0.12904040404040404 10.392677376223627 19.376111914501738 21.430361596695086 
0.1308080808080808 10.62576338194157 19.67036723447733 21.6967746999642 
0.13257575757575757 10.86471394860556 19.975049962087603 21.97337721493224 
0.13434343434343435 11.110115356587295 20.290838317835462 22.26083567349499 
0.1361111111111111 11.36260912634442 20.618473957977177 22.559879290403803 
0.13787878787878788 11.622899102009582 20.958769836093275 22.871307751944155 
0.13964646464646463 11.891761311072798 21.31261929034246 23.196000221091673 
0.1414141414141414 12.170054869846698 21.681006588973524 23.534925790257354 
0.14318181818181816 12.458735078458647 22.065019219142556 23.889155664923315 
0.14494949494949494 12.758869197842765 22.465862270392904 24.25987742743295 
0.14671717171717172 13.071654802512294 22.884875348511642 24.648411814125534 
0.14848484848484847 13.39844288346042 23.323552563552155 25.05623254654593 
0.15025252525252525 13.740765475329486 23.783566275317284 25.48498989629419 
0.152020202020202 14.100369109572615 24.266795461111077 25.936538843747222 
0.15378787878787878 14.47925711544313 24.775359808750537 26.41297292799239 
0.15555555555555556 14.87974186033774 25.311660953212634 26.916665199318366 
0.1573232323232323 15.304510053803426 25.878432696959912 27.45031810549545 
0.1590909090909091 15.75670696522618 26.478802623630887 28.017024710397237 
0.16085858585858584 16.240043493838233 27.116368292950856 28.620344418625677 
0.16262626262626262 16.758936113064927 27.79529228058904 29.264397451599446 
0.16439393939393937 17.318692232145715 28.520421833575178 29.953983821970645 
0.16616161616161615 17.925756255121506 29.29744105237901 30.694734686252467 
0.16792929292929293 18.58804768967524 30.133066598170902 31.493307032631716 
0.16969696969696968 19.31542701266968 31.035302452143508 32.35763717482833 
0.17146464646464646 20.120357376874104 32.013776018589695 33.297275267058055 
0.1732323232323232 21.01886394265728 33.08018817569349 34.32383333750907 
0.175 22.0319643161936 34.24892595418149 35.451595369698296 
