1.0 66.90707099616249 
1.02020202020202 59.10033460929239 
1.0404040404040404 52.44646809313956 
1.0606060606060606 46.75065235497367 
1.0808080808080809 41.85201601727479 
1.101010101010101 37.61908235649943 
1.121212121212121 33.944604793451795 
1.1414141414141414 30.740895455717922 
1.1616161616161615 27.93595314335548 
1.1818181818181819 25.470366256064274 
1.202020202020202 23.294866770328774 
1.2222222222222223 21.368398462938835 
1.2424242424242424 19.6565877902392 
1.2626262626262625 18.130526638365165 
1.2828282828282829 16.765798780322655 
1.303030303030303 15.541696710564283 
1.3232323232323233 14.440589048443844 
1.3434343434343434 13.447406679727187 
1.3636363636363638 12.54922357998562 
1.3838383838383839 11.734913312617236 
1.404040404040404 10.994866414573155 
1.4242424242424243 10.320756729673723 
1.4444444444444444 9.70534769208698 
1.4646464646464648 9.142330938421772 
1.4848484848484849 8.626191427784107 
1.5050505050505052 8.152094304691358 
1.5252525252525253 7.715789674943292 
1.5454545454545454 7.313532193359287 
1.5656565656565657 6.942012942602283 
1.5858585858585859 6.598301550658668 
1.606060606060606 6.279796836094339 
1.6262626262626263 5.984184663952195 
1.6464646464646466 5.709401780247563 
1.6666666666666667 5.453604749486442 
1.6868686868686869 5.215143183415861 
1.7070707070707072 4.9925366130801025 
1.7272727272727273 4.78445446145163 
1.7474747474747474 4.589698646273057 
1.7676767676767677 4.407188464458793 
1.787878787878788 4.235947388557962 
1.8080808080808082 4.075091537616433 
1.8282828282828283 3.9238195790359636 
1.8484848484848486 3.781403858072567 
1.8686868686868687 3.6471826123503672 
1.8888888888888888 3.5205530969422427 
1.9090909090909092 3.4009655237381975 
1.9292929292929295 3.287917693629648 
1.9494949494949496 3.1809502524699225 
1.9696969696969697 3.079642469815426 
1.98989898989899 2.9836084864719403 
2.0101010101010104 2.8924939812183665 
2.0303030303030303 2.8059731890473665 
2.0505050505050506 2.7237462374446757 
2.070707070707071 2.64553677088658 
2.090909090909091 2.5710898107627576 
2.111111111111111 2.5001698450703405 
2.1313131313131315 2.432559105161307 
2.1515151515151514 2.3680560146794303 
2.1717171717171717 2.306473797673412 
2.191919191919192 2.2476392140909196 
2.212121212121212 2.1913914254488667 
2.2323232323232327 2.1375809608901273 
2.2525252525252526 2.0860687871798045 
2.272727272727273 2.036725461131897 
2.2929292929292933 1.989430359551023 
2.313131313131313 1.9440709837021661 
2.3333333333333335 1.900542319880402 
2.353535353535354 1.858746263246388 
2.3737373737373737 1.8185910860993906 
2.393939393939394 1.7799909582419897 
2.4141414141414144 1.7428655028639344 
2.4343434343434343 1.7071393956636356 
2.4545454545454546 1.6727419926130092 
2.474747474747475 1.6396069921821772 
2.494949494949495 1.6076721247597443 
2.5151515151515156 1.5768788651484662 
2.5353535353535355 1.547172171811134 
2.5555555555555554 1.5185002430757302 
2.575757575757576 1.4908142964278617 
2.595959595959596 1.4640683614207801 
2.6161616161616164 1.438219091152251 
2.6363636363636367 1.413225587820011 
2.6565656565656566 1.3890492397008296 
2.676767676767677 1.3656535733084332 
2.6969696969696972 1.3430041135221944 
2.717171717171717 1.321068256159904 
2.7373737373737375 1.2998151495956687 
2.757575757575758 1.2792155834609136 
2.7777777777777777 1.2592418869448052 
2.7979797979797985 1.2398678341222933 
2.8181818181818183 1.2210685546377793 
2.8383838383838382 1.2028204520358203 
2.858585858585859 1.1851011275900034 
2.878787878787879 1.1678893081557278 
2.8989898989898992 1.151164780206355 
2.9191919191919196 1.1349083282003067 
2.9393939393939394 1.1191016759293728 
2.95959595959596 1.1037274329533402 
2.97979797979798 1.0887690444696099 
3.0 1.0742107433305124 
