0.001 0.16988136076179233 
0.0016551724137931034 0.16977714358290574 
0.002310344827586207 0.16860246319083505 
0.00296551724137931 0.16471018136599036 
0.0036206896551724136 0.157166410076571 
0.004275862068965517 0.14588158296646767 
0.00493103448275862 0.1311714188432247 
0.005586206896551724 0.11345321399858209 
0.006241379310344827 0.09310166660725347 
0.00689655172413793 0.07036899341983358 
0.007551724137931034 0.045260478032105374 
0.008206896551724137 0.016836022041388787 
0.00886206896551724 0.007963028110680169 
0.009517241379310343 0.01921547641359211 
0.01017241379310345 0.029730337359978876 
0.010827586206896552 0.039597839418092924 
0.011482758620689655 0.04889266472218878 
0.012137931034482758 0.057677326026350784 
0.012793103448275861 0.0660046745224463 
0.013448275862068964 0.07391978340365316 
0.014103448275862067 0.08146140078224562 
0.01475862068965517 0.08866307598509597 
0.015413793103448276 0.09555404653838195 
0.01606896551724138 0.10215994404916273 
0.016724137931034482 0.10850336400380903 
0.017379310344827585 0.11460432381227298 
0.018034482758620688 0.12048064047576196 
0.01868965517241379 0.1261482411791804 
0.019344827586206897 0.13162142079181643 
0.02 0.13691305809970808 
