0.001 0.32354137229046487 
0.0023448275862068967 0.3235413721996087 
0.0036896551724137933 0.32354104641848574 
0.0050344827586206896 0.3235200148992946 
0.006379310344827587 0.3233086289583167 
0.007724137931034484 0.3224556647183333 
0.00906896551724138 0.32036279126257683 
0.010413793103448275 0.3165199603244857 
0.011758620689655174 0.3106178525740362 
0.01310344827586207 0.30253984241427184 
0.014448275862068968 0.29230758282213004 
0.015793103448275864 0.2800260140247731 
0.01713793103448276 0.26584246816125723 
0.018482758620689658 0.24992019416461717 
0.019827586206896553 0.2324226166820131 
0.021172413793103452 0.21350460247047745 
0.022517241379310347 0.19330794657434403 
0.023862068965517243 0.17195917753270362 
0.02520689655172414 0.14956835711927693 
0.026551724137931037 0.12622778849618 
0.027896551724137936 0.1020091939608357 
0.02924137931034483 0.07695613485339042 
0.030586206896551726 0.05106041880935557 
0.03193103448275862 0.02415608023511581 
0.03327586206896552 0.002647031124070052 
0.03462068965517242 0.015237648949550932 
0.035965517241379315 0.027283684175927192 
0.03731034482758621 0.03881814272972402 
0.038655172413793105 0.049879730431712205 
0.04 0.06050299343769438 
