0.001 2.477548021102609 
0.0033131313131313134 2.477548021102609 
0.005626262626262627 2.477548021109906 
0.00793939393939394 2.477548021102609 
0.010252525252525253 2.477548021102609 
0.012565656565656568 2.477548020393451 
0.01487878787878788 2.477548019663687 
0.017191919191919196 2.4775480202197846 
0.019505050505050508 2.4775480405327794 
0.02181818181818182 2.477548170397018 
0.024131313131313135 2.477548788260941 
0.026444444444444448 2.477550963521905 
0.02875757575757576 2.477557104089989 
0.031070707070707075 2.477571715013593 
0.03338383838383839 2.4776021236354784 
0.0356969696969697 2.4776590381350942 
0.038010101010101015 2.477756798345635 
0.04032323232323233 2.477913344093773 
0.04263636363636364 2.478149945260284 
0.044949494949494954 2.4784907154757994 
0.04726262626262627 2.4789620239004937 
0.04957575757575758 2.4795919050949 
0.051888888888888894 2.480409476705055 
0.05420202020202021 2.481444441458571 
0.05651515151515152 2.482726667081552 
0.058828282828282834 2.4842858362176976 
0.06114141414141415 2.4861512798517045 
0.06345454545454546 2.4883517869724066 
0.06576767676767678 2.4909155671714798 
0.06808080808080809 2.493870251570485 
0.0703939393939394 2.497242923460502 
0.07270707070707072 2.5010602340379564 
0.07502020202020203 2.5053485212990485 
0.07733333333333334 2.5101339460614605 
0.07964646464646466 2.5154426578772076 
0.08195959595959597 2.5213010069303348 
0.08427272727272728 2.5277356954759975 
0.0865858585858586 2.5347740168913995 
0.08889898989898991 2.5424440424153394 
0.09121212121212122 2.5507748818344 
0.09352525252525254 2.5597968762802767 
0.09583838383838385 2.5695418817880915 
0.09815151515151516 2.5800435369453334 
0.10046464646464648 2.591337518951106 
0.10277777777777779 2.6034618687485214 
0.1050909090909091 2.6164573410187377 
0.10740404040404042 2.630367739159479 
0.10971717171717173 2.645240341623889 
0.11203030303030304 2.6611263499979434 
0.11434343434343436 2.678081384462846 
0.11665656565656567 2.696166040173881 
0.11896969696969699 2.715446582969428 
0.1212828282828283 2.7359956024013257 
0.1235959595959596 2.7578929220202206 
0.12590909090909091 2.7812265226345403 
0.12822222222222224 2.806093695791427 
0.13053535353535356 2.832602315975951 
0.13284848484848485 2.8608724067130646 
0.13516161616161618 2.891037909651 
0.1374747474747475 2.9232488119617486 
0.1397878787878788 2.957673730957508 
0.14210101010101012 2.9945028848937234 
0.14441414141414144 3.0339517862602103 
0.14672727272727273 3.0762657062797065 
0.14904040404040406 3.1217250739929177 
0.15135353535353538 3.1706521568670056 
0.15366666666666667 3.2234194394289433 
0.155979797979798 3.2804599926874882 
0.15829292929292932 3.342280651406421 
0.1606060606060606 3.4094789611983183 
0.16291919191919194 3.4827649886919936 
0.16523232323232326 3.5629899041451125 
0.16754545454545455 3.651184183494569 
0.16985858585858588 3.74860894736827 
0.1721717171717172 3.856826627935838 
0.1744848484848485 3.9778001294263543 
0.17679797979797982 4.114034822493139 
0.17911111111111114 4.2687872289190105 
0.18142424242424243 4.4463815986046535 
0.18373737373737375 4.652705392136131 
0.18605050505050508 4.896019116751999 
0.18836363636363637 5.188345379689021 
0.1906767676767677 5.548000825911544 
0.19298989898989902 6.00458040934046 
0.1953030303030303 6.609805472228274 
0.19761616161616163 7.464641763424172 
0.19992929292929296 8.802567858721892 
0.20224242424242425 11.352503485211328 
0.20455555555555557 20.06707928488005 
0.2068686868686869 26.127657529505065 

