0    1.496677912845169    0.37416947821129226    0.01031244260193448
1    1.5298313339193466    0.38245783347983664    0.002024087333390101
2    1.536004983906399    0.38400124597659974    0.00048067483662700417
3    1.53751918367045    0.3843797959176125    0.00010212489561423066
4    1.5378310483996354    0.38445776209990884    2.4158713317901093e-05
5    1.5379063835522648    0.3844765958880662    5.324925160532512e-06
6    1.537922646115076    0.384480661528769    1.259284457766352e-06
7    1.5379265498251868    0.3844816374562967    2.83356930030898e-07
8    1.5379274147759412    0.3844818536939853    6.7119241442537e-08
9    1.5379276219370597    0.3844819054842649    1.5328961822103082e-08
10    1.5379276686301042    0.38448191715752605    3.6557006866111408e-09
11    1.5379276798292971    0.3844819199573243    8.559024600174325e-10
12    1.5379276823987458    0.38448192059968644    2.135402965564026e-10
13    1.5379276830260444    0.3844819207565111    5.671563219067366e-11
14    1.5379276831787931    0.3844819207946983    1.8528456546818006e-11
15    1.537927683221233    0.38448192080530824    7.918499189685235e-12
16    1.5379276832352065    0.3844819208088016    4.425126931550949e-12
17    1.5379276832414277    0.3844819208103569    2.869815496353567e-12
18    1.5379276832449382    0.38448192081123456    1.992184195387381e-12
19    1.53792768324723    0.3844819208118075    1.4192536035295689e-12
20    1.5379276832488173    0.38448192081220434    1.0224043833773067e-12
21    1.5379276832499449    0.3844819208124862    7.405187574249794e-13
22    1.5379276832507542    0.38448192081268856    5.381806111870446e-13
23    1.5379276832513393    0.38448192081283483    3.9190872769268026e-13
24    1.5379276832517625    0.38448192081294064    2.8610447344590284e-13
25    1.5379276832520703    0.3844819208130176    2.091660178393795e-13
26    1.5379276832522948    0.3844819208130737    1.5304424394457783e-13
27    1.537927683252458    0.3844819208131145    1.1224354778960333e-13
28    1.5379276832525766    0.38448192081314414    8.260059303211165e-14
29    1.537927683252664    0.384481920813166    6.072919944699606e-14
30    1.537927683252728    0.384481920813182    4.474198789239381e-14
31    1.537927683252775    0.38448192081319377    3.297362383136715e-14
32    1.5379276832528093    0.3844819208132023    2.4424906541753444e-14
33    1.5379276832528346    0.38448192081320864    1.8096635301390052e-14
34    1.5379276832528554    0.38448192081321386    1.2878587085651816e-14
35    1.5379276832528683    0.3844819208132171    9.658940314238862e-15
36    1.537927683252879    0.38448192081321975    6.994405055138486e-15
37    1.537927683252886    0.3844819208132215    5.218048215738236e-15
38    1.537927683252892    0.384481920813223    3.7192471324942744e-15
39    1.5379276832528945    0.38448192081322363    3.1086244689504383e-15
40    1.537927683252899    0.38448192081322474    1.9984014443252818e-15
41    1.5379276832529005    0.38448192081322513    1.609823385706477e-15
42    1.5379276832529023    0.3844819208132256    1.1657341758564144e-15
43    1.5379276832529039    0.38448192081322596    7.771561172376096e-16
44    1.537927683252906    0.3844819208132265    2.220446049250313e-16
45    1.537927683252905    0.38448192081322624    4.996003610813204e-16
46    1.537927683252906    0.3844819208132265    2.220446049250313e-16
47    1.5379276832529059    0.38448192081322646    2.7755575615628914e-16
48    1.5379276832529052    0.3844819208132263    4.440892098500626e-16
49    1.5379276832529065    0.38448192081322663    1.1102230246251565e-16
50    1.537927683252907    0.38448192081322674    0.0
51    1.5379276832529065    0.38448192081322663    1.1102230246251565e-16
52    1.5379276832529079    0.38448192081322696    2.220446049250313e-16
53    1.5379276832529074    0.38448192081322685    1.1102230246251565e-16
54    1.5379276832529074    0.38448192081322685    1.1102230246251565e-16
55    1.5379276832529074    0.38448192081322685    1.1102230246251565e-16
56    1.5379276832529074    0.38448192081322685    1.1102230246251565e-16
57    1.537927683252906    0.3844819208132265    2.220446049250313e-16
58    1.5379276832529074    0.38448192081322685    1.1102230246251565e-16
59    1.5379276832529072    0.3844819208132268    5.551115123125783e-17
60    1.5379276832529063    0.3844819208132266    1.6653345369377348e-16
61    1.5379276832529074    0.38448192081322685    1.1102230246251565e-16
62    1.537927683252907    0.38448192081322674    0.0
63    1.5379276832529065    0.38448192081322663    1.1102230246251565e-16
64    1.5379276832529067    0.3844819208132267    5.551115123125783e-17
65    1.5379276832529074    0.38448192081322685    1.1102230246251565e-16
66    1.537927683252907    0.38448192081322674    0.0
67    1.537927683252907    0.38448192081322674    0.0
68    1.5379276832529074    0.38448192081322685    1.1102230246251565e-16
69    1.5379276832529074    0.38448192081322685    1.1102230246251565e-16
70    1.5379276832529074    0.38448192081322685    1.1102230246251565e-16
71    1.5379276832529079    0.38448192081322696    2.220446049250313e-16
72    1.5379276832529079    0.38448192081322696    2.220446049250313e-16
73    1.5379276832529063    0.3844819208132266    1.6653345369377348e-16
74    1.5379276832529074    0.38448192081322685    1.1102230246251565e-16
75    1.537927683252907    0.38448192081322674    0.0
76    1.5379276832529074    0.38448192081322685    1.1102230246251565e-16
77    1.5379276832529079    0.38448192081322696    2.220446049250313e-16
78    1.5379276832529065    0.38448192081322663    1.1102230246251565e-16
79    1.5379276832529076    0.3844819208132269    1.6653345369377348e-16
80    1.5379276832529056    0.3844819208132264    3.3306690738754696e-16
81    1.537927683252907    0.38448192081322674    0.0
82    1.5379276832529054    0.38448192081322635    3.885780586188048e-16
83    1.537927683252906    0.3844819208132265    2.220446049250313e-16
84    1.5379276832529074    0.38448192081322685    1.1102230246251565e-16
85    1.5379276832529063    0.3844819208132266    1.6653345369377348e-16
86    1.5379276832529065    0.38448192081322663    1.1102230246251565e-16
87    1.537927683252907    0.38448192081322674    0.0
88    1.537927683252906    0.3844819208132265    2.220446049250313e-16
89    1.5379276832529065    0.38448192081322663    1.1102230246251565e-16
90    1.537927683252907    0.38448192081322674    0.0
91    1.5379276832529065    0.38448192081322663    1.1102230246251565e-16
92    1.5379276832529067    0.3844819208132267    5.551115123125783e-17
93    1.537927683252907    0.38448192081322674    0.0
94    1.5379276832529056    0.3844819208132264    3.3306690738754696e-16
95    1.5379276832529056    0.3844819208132264    3.3306690738754696e-16
96    1.5379276832529074    0.38448192081322685    1.1102230246251565e-16
97    1.5379276832529074    0.38448192081322685    1.1102230246251565e-16
98    1.5379276832529074    0.38448192081322685    1.1102230246251565e-16
99    1.537927683252907    0.38448192081322674    0.0
100    1.5379276832529074    0.38448192081322685    1.1102230246251565e-16
101    1.537927683252907    0.38448192081322674    0.0
102    1.5379276832529052    0.3844819208132263    4.440892098500626e-16
103    1.5379276832529074    0.38448192081322685    1.1102230246251565e-16
104    1.537927683252907    0.38448192081322674    0.0
105    1.537927683252907    0.38448192081322674    0.0
106    1.5379276832529065    0.38448192081322663    1.1102230246251565e-16
107    1.5379276832529076    0.3844819208132269    1.6653345369377348e-16
108    1.537927683252907    0.38448192081322674    0.0
109    1.5379276832529065    0.38448192081322663    1.1102230246251565e-16
110    1.5379276832529056    0.3844819208132264    3.3306690738754696e-16
111    1.537927683252907    0.38448192081322674    0.0
112    1.5379276832529059    0.38448192081322646    2.7755575615628914e-16
113    1.537927683252907    0.38448192081322674    0.0
114    1.5379276832529065    0.38448192081322663    1.1102230246251565e-16
115    1.5379276832529056    0.3844819208132264    3.3306690738754696e-16
116    1.5379276832529056    0.3844819208132264    3.3306690738754696e-16
117    1.537927683252906    0.3844819208132265    2.220446049250313e-16
118    1.537927683252907    0.38448192081322674    0.0
119    1.5379276832529056    0.3844819208132264    3.3306690738754696e-16
120    1.5379276832529059    0.38448192081322646    2.7755575615628914e-16
121    1.537927683252907    0.38448192081322674    0.0
122    1.537927683252906    0.3844819208132265    2.220446049250313e-16
123    1.537927683252906    0.3844819208132265    2.220446049250313e-16
124    1.537927683252906    0.3844819208132265    2.220446049250313e-16
125    1.537927683252907    0.38448192081322674    0.0
126    1.5379276832529054    0.38448192081322635    3.885780586188048e-16
127    1.5379276832529065    0.38448192081322663    1.1102230246251565e-16
128    1.5379276832529065    0.38448192081322663    1.1102230246251565e-16
129    1.5379276832529059    0.38448192081322646    2.7755575615628914e-16
130    1.5379276832529067    0.3844819208132267    5.551115123125783e-17
131    1.537927683252907    0.38448192081322674    0.0
132    1.5379276832529065    0.38448192081322663    1.1102230246251565e-16
133    1.537927683252907    0.38448192081322674    0.0
134    1.537927683252907    0.38448192081322674    0.0
135    1.5379276832529065    0.38448192081322663    1.1102230246251565e-16
136    1.537927683252907    0.38448192081322674    0.0
137    1.5379276832529072    0.3844819208132268    5.551115123125783e-17
138    1.5379276832529063    0.3844819208132266    1.6653345369377348e-16
139    1.537927683252907    0.38448192081322674    0.0
140    1.537927683252907    0.38448192081322674    0.0
141    1.5379276832529065    0.38448192081322663    1.1102230246251565e-16
142    1.5379276832529067    0.3844819208132267    5.551115123125783e-17
143    1.537927683252907    0.38448192081322674    0.0
144    1.5379276832529065    0.38448192081322663    1.1102230246251565e-16
145    1.5379276832529052    0.3844819208132263    4.440892098500626e-16
146    1.537927683252907    0.38448192081322674    0.0
147    1.5379276832529065    0.38448192081322663    1.1102230246251565e-16
148    1.5379276832529063    0.3844819208132266    1.6653345369377348e-16
149    1.5379276832529065    0.38448192081322663    1.1102230246251565e-16
150    1.537927683252907    0.38448192081322674    0.0
151    1.537927683252907    0.38448192081322674    0.0
152    1.5379276832529065    0.38448192081322663    1.1102230246251565e-16
153    1.537927683252906    0.3844819208132265    2.220446049250313e-16
154    1.5379276832529079    0.38448192081322696    2.220446049250313e-16
155    1.537927683252907    0.38448192081322674    0.0
156    1.5379276832529067    0.3844819208132267    5.551115123125783e-17
157    1.5379276832529065    0.38448192081322663    1.1102230246251565e-16
158    1.537927683252907    0.38448192081322674    0.0
159    1.5379276832529074    0.38448192081322685    1.1102230246251565e-16
160    1.5379276832529079    0.38448192081322696    2.220446049250313e-16
161    1.537927683252906    0.3844819208132265    2.220446049250313e-16
162    1.5379276832529087    0.3844819208132272    4.440892098500626e-16
163    1.537927683252908    0.384481920813227    2.7755575615628914e-16
164    1.5379276832529074    0.38448192081322685    1.1102230246251565e-16
165    1.537927683252906    0.3844819208132265    2.220446049250313e-16
166    1.5379276832529074    0.38448192081322685    1.1102230246251565e-16
167    1.5379276832529067    0.3844819208132267    5.551115123125783e-17
168    1.537927683252907    0.38448192081322674    0.0
169    1.537927683252907    0.38448192081322674    0.0
170    1.537927683252907    0.38448192081322674    0.0
171    1.537927683252907    0.38448192081322674    0.0
172    1.5379276832529074    0.38448192081322685    1.1102230246251565e-16
173    1.5379276832529074    0.38448192081322685    1.1102230246251565e-16
174    1.537927683252907    0.38448192081322674    0.0
175    1.5379276832529065    0.38448192081322663    1.1102230246251565e-16
176    1.537927683252907    0.38448192081322674    0.0
177    1.5379276832529063    0.3844819208132266    1.6653345369377348e-16
178    1.5379276832529063    0.3844819208132266    1.6653345369377348e-16
179    1.537927683252906    0.3844819208132265    2.220446049250313e-16
180    1.5379276832529074    0.38448192081322685    1.1102230246251565e-16
181    1.537927683252907    0.38448192081322674    0.0
182    1.537927683252906    0.3844819208132265    2.220446049250313e-16
183    1.5379276832529063    0.3844819208132266    1.6653345369377348e-16
184    1.537927683252907    0.38448192081322674    0.0
185    1.5379276832529059    0.38448192081322646    2.7755575615628914e-16
186    1.5379276832529074    0.38448192081322685    1.1102230246251565e-16
187    1.537927683252906    0.3844819208132265    2.220446049250313e-16
188    1.5379276832529065    0.38448192081322663    1.1102230246251565e-16
189    1.537927683252907    0.38448192081322674    0.0
190    1.5379276832529079    0.38448192081322696    2.220446049250313e-16
191    1.5379276832529063    0.3844819208132266    1.6653345369377348e-16
192    1.5379276832529067    0.3844819208132267    5.551115123125783e-17
193    1.537927683252907    0.38448192081322674    0.0
194    1.5379276832529074    0.38448192081322685    1.1102230246251565e-16
195    1.5379276832529067    0.3844819208132267    5.551115123125783e-17
196    1.537927683252907    0.38448192081322674    0.0
197    1.5379276832529072    0.3844819208132268    5.551115123125783e-17
198    1.5379276832529079    0.38448192081322696    2.220446049250313e-16
199    1.537927683252907    0.38448192081322674    0.0
200    1.5379276832529074    0.38448192081322685    1.1102230246251565e-16
201    1.5379276832529074    0.38448192081322685    1.1102230246251565e-16
202    1.5379276832529087    0.3844819208132272    4.440892098500626e-16
203    1.5379276832529072    0.3844819208132268    5.551115123125783e-17
204    1.5379276832529094    0.38448192081322735    6.106226635438361e-16
205    1.5379276832529074    0.38448192081322685    1.1102230246251565e-16
206    1.5379276832529083    0.3844819208132271    3.3306690738754696e-16
207    1.5379276832529076    0.3844819208132269    1.6653345369377348e-16
208    1.5379276832529083    0.3844819208132271    3.3306690738754696e-16
209    1.537927683252907    0.38448192081322674    0.0
210    1.5379276832529076    0.3844819208132269    1.6653345369377348e-16
211    1.5379276832529065    0.38448192081322663    1.1102230246251565e-16
212    1.5379276832529065    0.38448192081322663    1.1102230246251565e-16
213    1.5379276832529074    0.38448192081322685    1.1102230246251565e-16
214    1.5379276832529065    0.38448192081322663    1.1102230246251565e-16
215    1.537927683252907    0.38448192081322674    0.0
216    1.537927683252907    0.38448192081322674    0.0
217    1.5379276832529072    0.3844819208132268    5.551115123125783e-17
218    1.5379276832529072    0.3844819208132268    5.551115123125783e-17
219    1.5379276832529065    0.38448192081322663    1.1102230246251565e-16
220    1.5379276832529074    0.38448192081322685    1.1102230246251565e-16
221    1.5379276832529076    0.3844819208132269    1.6653345369377348e-16
222    1.537927683252907    0.38448192081322674    0.0
223    1.5379276832529072    0.3844819208132268    5.551115123125783e-17
224    1.5379276832529074    0.38448192081322685    1.1102230246251565e-16
225    1.5379276832529079    0.38448192081322696    2.220446049250313e-16
226    1.5379276832529067    0.3844819208132267    5.551115123125783e-17
227    1.537927683252907    0.38448192081322674    0.0
228    1.537927683252906    0.3844819208132265    2.220446049250313e-16
229    1.5379276832529072    0.3844819208132268    5.551115123125783e-17
230    1.5379276832529076    0.3844819208132269    1.6653345369377348e-16
231    1.5379276832529063    0.3844819208132266    1.6653345369377348e-16
232    1.537927683252907    0.38448192081322674    0.0
233    1.537927683252907    0.38448192081322674    0.0
234    1.5379276832529072    0.3844819208132268    5.551115123125783e-17
235    1.5379276832529076    0.3844819208132269    1.6653345369377348e-16
236    1.5379276832529079    0.38448192081322696    2.220446049250313e-16
237    1.5379276832529067    0.3844819208132267    5.551115123125783e-17
238    1.5379276832529074    0.38448192081322685    1.1102230246251565e-16
239    1.5379276832529059    0.38448192081322646    2.7755575615628914e-16
240    1.537927683252906    0.3844819208132265    2.220446049250313e-16
241    1.537927683252906    0.3844819208132265    2.220446049250313e-16
242    1.5379276832529065    0.38448192081322663    1.1102230246251565e-16
243    1.5379276832529063    0.3844819208132266    1.6653345369377348e-16
244    1.5379276832529065    0.38448192081322663    1.1102230246251565e-16
245    1.5379276832529065    0.38448192081322663    1.1102230246251565e-16
246    1.537927683252907    0.38448192081322674    0.0
247    1.537927683252906    0.3844819208132265    2.220446049250313e-16
248    1.5379276832529079    0.38448192081322696    2.220446049250313e-16
249    1.5379276832529067    0.3844819208132267    5.551115123125783e-17
250    1.537927683252907    0.38448192081322674    0.0
251    1.5379276832529072    0.3844819208132268    5.551115123125783e-17
252    1.537927683252907    0.38448192081322674    0.0
253    1.5379276832529074    0.38448192081322685    1.1102230246251565e-16
254    1.5379276832529065    0.38448192081322663    1.1102230246251565e-16
255    1.537927683252906    0.3844819208132265    2.220446049250313e-16
256    1.5379276832529065    0.38448192081322663    1.1102230246251565e-16
257    1.5379276832529065    0.38448192081322663    1.1102230246251565e-16
258    1.5379276832529065    0.38448192081322663    1.1102230246251565e-16
259    1.5379276832529065    0.38448192081322663    1.1102230246251565e-16
260    1.5379276832529074    0.38448192081322685    1.1102230246251565e-16
261    1.537927683252907    0.38448192081322674    0.0
262    1.5379276832529063    0.3844819208132266    1.6653345369377348e-16
263    1.5379276832529072    0.3844819208132268    5.551115123125783e-17
264    1.5379276832529065    0.38448192081322663    1.1102230246251565e-16
265    1.537927683252907    0.38448192081322674    0.0
266    1.5379276832529074    0.38448192081322685    1.1102230246251565e-16
267    1.5379276832529065    0.38448192081322663    1.1102230246251565e-16
268    1.5379276832529065    0.38448192081322663    1.1102230246251565e-16
269    1.5379276832529074    0.38448192081322685    1.1102230246251565e-16
270    1.537927683252907    0.38448192081322674    0.0
271    1.537927683252907    0.38448192081322674    0.0
272    1.5379276832529067    0.3844819208132267    5.551115123125783e-17
273    1.537927683252907    0.38448192081322674    0.0
274    1.5379276832529065    0.38448192081322663    1.1102230246251565e-16
275    1.5379276832529074    0.38448192081322685    1.1102230246251565e-16
276    1.537927683252907    0.38448192081322674    0.0
277    1.537927683252907    0.38448192081322674    0.0
278    1.5379276832529065    0.38448192081322663    1.1102230246251565e-16
279    1.5379276832529072    0.3844819208132268    5.551115123125783e-17
280    1.5379276832529065    0.38448192081322663    1.1102230246251565e-16
281    1.537927683252907    0.38448192081322674    0.0
282    1.5379276832529065    0.38448192081322663    1.1102230246251565e-16
283    1.5379276832529074    0.38448192081322685    1.1102230246251565e-16
284    1.537927683252907    0.38448192081322674    0.0
285    1.537927683252906    0.3844819208132265    2.220446049250313e-16
286    1.5379276832529063    0.3844819208132266    1.6653345369377348e-16
287    1.5379276832529076    0.3844819208132269    1.6653345369377348e-16
288    1.537927683252906    0.3844819208132265    2.220446049250313e-16
289    1.5379276832529067    0.3844819208132267    5.551115123125783e-17
290    1.5379276832529074    0.38448192081322685    1.1102230246251565e-16
291    1.5379276832529074    0.38448192081322685    1.1102230246251565e-16
292    1.5379276832529074    0.38448192081322685    1.1102230246251565e-16
293    1.537927683252906    0.3844819208132265    2.220446049250313e-16
294    1.5379276832529056    0.3844819208132264    3.3306690738754696e-16
295    1.537927683252907    0.38448192081322674    0.0
296    1.5379276832529067    0.3844819208132267    5.551115123125783e-17
297    1.5379276832529079    0.38448192081322696    2.220446049250313e-16
298    1.5379276832529067    0.3844819208132267    5.551115123125783e-17
299    1.5379276832529079    0.38448192081322696    2.220446049250313e-16
300    1.5379276832529067    0.3844819208132267    5.551115123125783e-17
301    1.537927683252907    0.38448192081322674    0.0
302    1.537927683252907    0.38448192081322674    0.0
303    1.5379276832529074    0.38448192081322685    1.1102230246251565e-16
304    1.5379276832529063    0.3844819208132266    1.6653345369377348e-16
305    1.5379276832529072    0.3844819208132268    5.551115123125783e-17
306    1.5379276832529074    0.38448192081322685    1.1102230246251565e-16
307    1.537927683252907    0.38448192081322674    0.0
308    1.5379276832529052    0.3844819208132263    4.440892098500626e-16
309    1.537927683252908    0.384481920813227    2.7755575615628914e-16
310    1.5379276832529065    0.38448192081322663    1.1102230246251565e-16
311    1.5379276832529074    0.38448192081322685    1.1102230246251565e-16
312    1.537927683252906    0.3844819208132265    2.220446049250313e-16
313    1.5379276832529067    0.3844819208132267    5.551115123125783e-17
314    1.537927683252907    0.38448192081322674    0.0
315    1.5379276832529072    0.3844819208132268    5.551115123125783e-17
316    1.5379276832529039    0.38448192081322596    7.771561172376096e-16
317    1.5379276832529056    0.3844819208132264    3.3306690738754696e-16
318    1.5379276832529056    0.3844819208132264    3.3306690738754696e-16
319    1.5379276832529074    0.38448192081322685    1.1102230246251565e-16
320    1.5379276832529047    0.3844819208132262    5.551115123125783e-16
321    1.537927683252907    0.38448192081322674    0.0
322    1.5379276832529065    0.38448192081322663    1.1102230246251565e-16
323    1.537927683252908    0.384481920813227    2.7755575615628914e-16
324    1.537927683252906    0.3844819208132265    2.220446049250313e-16
325    1.537927683252907    0.38448192081322674    0.0
326    1.5379276832529065    0.38448192081322663    1.1102230246251565e-16
327    1.5379276832529065    0.38448192081322663    1.1102230246251565e-16
328    1.5379276832529059    0.38448192081322646    2.7755575615628914e-16
329    1.537927683252906    0.3844819208132265    2.220446049250313e-16
330    1.537927683252906    0.3844819208132265    2.220446049250313e-16
331    1.5379276832529065    0.38448192081322663    1.1102230246251565e-16
332    1.5379276832529063    0.3844819208132266    1.6653345369377348e-16
333    1.5379276832529074    0.38448192081322685    1.1102230246251565e-16
334    1.5379276832529065    0.38448192081322663    1.1102230246251565e-16
335    1.5379276832529067    0.3844819208132267    5.551115123125783e-17
336    1.537927683252906    0.3844819208132265    2.220446049250313e-16
337    1.537927683252906    0.3844819208132265    2.220446049250313e-16
338    1.5379276832529059    0.38448192081322646    2.7755575615628914e-16
339    1.5379276832529076    0.3844819208132269    1.6653345369377348e-16
340    1.5379276832529056    0.3844819208132264    3.3306690738754696e-16
341    1.5379276832529074    0.38448192081322685    1.1102230246251565e-16
342    1.5379276832529065    0.38448192081322663    1.1102230246251565e-16
343    1.5379276832529074    0.38448192081322685    1.1102230246251565e-16
344    1.5379276832529065    0.38448192081322663    1.1102230246251565e-16
345    1.5379276832529065    0.38448192081322663    1.1102230246251565e-16
346    1.5379276832529065    0.38448192081322663    1.1102230246251565e-16
347    1.537927683252906    0.3844819208132265    2.220446049250313e-16
348    1.5379276832529072    0.3844819208132268    5.551115123125783e-17
349    1.5379276832529065    0.38448192081322663    1.1102230246251565e-16
350    1.537927683252906    0.3844819208132265    2.220446049250313e-16
351    1.5379276832529067    0.3844819208132267    5.551115123125783e-17
352    1.5379276832529074    0.38448192081322685    1.1102230246251565e-16
353    1.5379276832529076    0.3844819208132269    1.6653345369377348e-16
354    1.5379276832529054    0.38448192081322635    3.885780586188048e-16
355    1.5379276832529067    0.3844819208132267    5.551115123125783e-17
356    1.5379276832529074    0.38448192081322685    1.1102230246251565e-16
357    1.537927683252907    0.38448192081322674    0.0
358    1.5379276832529072    0.3844819208132268    5.551115123125783e-17
359    1.537927683252906    0.3844819208132265    2.220446049250313e-16
360    1.537927683252907    0.38448192081322674    0.0
361    1.537927683252907    0.38448192081322674    0.0
362    1.5379276832529063    0.3844819208132266    1.6653345369377348e-16
363    1.537927683252907    0.38448192081322674    0.0
364    1.537927683252907    0.38448192081322674    0.0
365    1.5379276832529067    0.3844819208132267    5.551115123125783e-17
366    1.537927683252906    0.3844819208132265    2.220446049250313e-16
367    1.537927683252906    0.3844819208132265    2.220446049250313e-16
368    1.5379276832529072    0.3844819208132268    5.551115123125783e-17
369    1.5379276832529079    0.38448192081322696    2.220446049250313e-16
370    1.5379276832529065    0.38448192081322663    1.1102230246251565e-16
371    1.5379276832529065    0.38448192081322663    1.1102230246251565e-16
372    1.537927683252906    0.3844819208132265    2.220446049250313e-16
373    1.537927683252906    0.3844819208132265    2.220446049250313e-16
374    1.5379276832529072    0.3844819208132268    5.551115123125783e-17
375    1.5379276832529065    0.38448192081322663    1.1102230246251565e-16
376    1.5379276832529074    0.38448192081322685    1.1102230246251565e-16
377    1.537927683252907    0.38448192081322674    0.0
378    1.5379276832529074    0.38448192081322685    1.1102230246251565e-16
379    1.5379276832529076    0.3844819208132269    1.6653345369377348e-16
380    1.537927683252907    0.38448192081322674    0.0
381    1.5379276832529083    0.3844819208132271    3.3306690738754696e-16
382    1.5379276832529074    0.38448192081322685    1.1102230246251565e-16
383    1.5379276832529079    0.38448192081322696    2.220446049250313e-16
384    1.5379276832529067    0.3844819208132267    5.551115123125783e-17
385    1.5379276832529074    0.38448192081322685    1.1102230246251565e-16
386    1.5379276832529065    0.38448192081322663    1.1102230246251565e-16
387    1.537927683252907    0.38448192081322674    0.0
388    1.537927683252907    0.38448192081322674    0.0
389    1.5379276832529059    0.38448192081322646    2.7755575615628914e-16
390    1.537927683252906    0.3844819208132265    2.220446049250313e-16
391    1.5379276832529056    0.3844819208132264    3.3306690738754696e-16
392    1.5379276832529052    0.3844819208132263    4.440892098500626e-16
393    1.537927683252906    0.3844819208132265    2.220446049250313e-16
394    1.5379276832529074    0.38448192081322685    1.1102230246251565e-16
395    1.5379276832529067    0.3844819208132267    5.551115123125783e-17
396    1.537927683252906    0.3844819208132265    2.220446049250313e-16
397    1.5379276832529074    0.38448192081322685    1.1102230246251565e-16
398    1.537927683252906    0.3844819208132265    2.220446049250313e-16
399    1.5379276832529074    0.38448192081322685    1.1102230246251565e-16
400    1.537927683252907    0.38448192081322674    0.0
401    1.5379276832529065    0.38448192081322663    1.1102230246251565e-16
402    1.537927683252907    0.38448192081322674    0.0
403    1.5379276832529083    0.3844819208132271    3.3306690738754696e-16
404    1.5379276832529074    0.38448192081322685    1.1102230246251565e-16
405    1.5379276832529065    0.38448192081322663    1.1102230246251565e-16
406    1.537927683252908    0.384481920813227    2.7755575615628914e-16
407    1.5379276832529076    0.3844819208132269    1.6653345369377348e-16
408    1.537927683252906    0.3844819208132265    2.220446049250313e-16
409    1.5379276832529083    0.3844819208132271    3.3306690738754696e-16
410    1.537927683252907    0.38448192081322674    0.0
411    1.537927683252906    0.3844819208132265    2.220446049250313e-16
412    1.5379276832529074    0.38448192081322685    1.1102230246251565e-16
413    1.5379276832529076    0.3844819208132269    1.6653345369377348e-16
414    1.5379276832529074    0.38448192081322685    1.1102230246251565e-16
415    1.5379276832529074    0.38448192081322685    1.1102230246251565e-16
416    1.5379276832529065    0.38448192081322663    1.1102230246251565e-16
417    1.537927683252909    0.38448192081322724    4.996003610813204e-16
418    1.5379276832529067    0.3844819208132267    5.551115123125783e-17
419    1.537927683252907    0.38448192081322674    0.0
420    1.5379276832529076    0.3844819208132269    1.6653345369377348e-16
421    1.5379276832529074    0.38448192081322685    1.1102230246251565e-16
422    1.5379276832529065    0.38448192081322663    1.1102230246251565e-16
423    1.5379276832529087    0.3844819208132272    4.440892098500626e-16
424    1.5379276832529074    0.38448192081322685    1.1102230246251565e-16
425    1.5379276832529083    0.3844819208132271    3.3306690738754696e-16
426    1.5379276832529076    0.3844819208132269    1.6653345369377348e-16
427    1.5379276832529076    0.3844819208132269    1.6653345369377348e-16
428    1.537927683252907    0.38448192081322674    0.0
429    1.5379276832529074    0.38448192081322685    1.1102230246251565e-16
430    1.537927683252906    0.3844819208132265    2.220446049250313e-16
431    1.537927683252906    0.3844819208132265    2.220446049250313e-16
432    1.5379276832529072    0.3844819208132268    5.551115123125783e-17
433    1.5379276832529074    0.38448192081322685    1.1102230246251565e-16
434    1.537927683252906    0.3844819208132265    2.220446049250313e-16
435    1.537927683252907    0.38448192081322674    0.0
436    1.537927683252906    0.3844819208132265    2.220446049250313e-16
437    1.5379276832529074    0.38448192081322685    1.1102230246251565e-16
438    1.537927683252907    0.38448192081322674    0.0
439    1.5379276832529079    0.38448192081322696    2.220446049250313e-16
440    1.537927683252907    0.38448192081322674    0.0
441    1.5379276832529074    0.38448192081322685    1.1102230246251565e-16
442    1.5379276832529065    0.38448192081322663    1.1102230246251565e-16
443    1.5379276832529074    0.38448192081322685    1.1102230246251565e-16
444    1.5379276832529065    0.38448192081322663    1.1102230246251565e-16
445    1.5379276832529076    0.3844819208132269    1.6653345369377348e-16
446    1.5379276832529063    0.3844819208132266    1.6653345369377348e-16
447    1.5379276832529065    0.38448192081322663    1.1102230246251565e-16
448    1.537927683252906    0.3844819208132265    2.220446049250313e-16
449    1.537927683252906    0.3844819208132265    2.220446049250313e-16
450    1.537927683252907    0.38448192081322674    0.0
451    1.5379276832529054    0.38448192081322635    3.885780586188048e-16
452    1.5379276832529056    0.3844819208132264    3.3306690738754696e-16
453    1.5379276832529052    0.3844819208132263    4.440892098500626e-16
454    1.537927683252903    0.38448192081322574    9.992007221626409e-16
455    1.537927683252903    0.38448192081322574    9.992007221626409e-16
456    1.5379276832529027    0.3844819208132257    1.0547118733938987e-15
457    1.5379276832529012    0.3844819208132253    1.4432899320127035e-15
458    1.537927683252899    0.38448192081322474    1.9984014443252818e-15
459    1.5379276832528952    0.3844819208132238    2.942091015256665e-15
460    1.53792768325289    0.3844819208132225    4.218847493575595e-15
461    1.5379276832528856    0.3844819208132214    5.329070518200751e-15
462    1.5379276832528768    0.3844819208132192    7.549516567451064e-15
463    1.537927683252867    0.38448192081321675    9.992007221626409e-15
464    1.5379276832528532    0.3844819208132133    1.3433698597964394e-14
465    1.5379276832528352    0.3844819208132088    1.7930101847696278e-14
466    1.5379276832528104    0.3844819208132026    2.4147350785597155e-14
467    1.5379276832527746    0.38448192081319366    3.3084646133829665e-14
468    1.5379276832527267    0.38448192081318167    4.5075054799781356e-14
469    1.537927683252665    0.38448192081316623    6.050715484207103e-14
470    1.5379276832525766    0.38448192081314414    8.260059303211165e-14
471    1.5379276832524578    0.38448192081311444    1.1229905894083458e-13
472    1.537927683252293    0.38448192081307325    1.534883331544279e-13
473    1.5379276832520707    0.3844819208130177    2.0905499553691698e-13
474    1.5379276832517617    0.3844819208129404    2.8632651805082787e-13
475    1.5379276832513398    0.38448192081283494    3.9179770539021774e-13
476    1.5379276832507547    0.38448192081268867    5.380695888845821e-13
477    1.537927683249946    0.3844819208124865    7.402412016688231e-13
478    1.537927683248817    0.3844819208122042    1.0225154056797692e-12
479    1.5379276832472308    0.3844819208118077    1.4190315589246438e-12
480    1.5379276832449387    0.38448192081123467    1.9920731730849184e-12
481    1.5379276832414273    0.3844819208103568    2.8699265186560297e-12
482    1.5379276832352062    0.38448192080880156    4.42518244270218e-12
483    1.5379276832212347    0.3844819208053087    7.918055100475385e-12
484    1.5379276831787956    0.3844819207946989    1.8527845924154462e-11
485    1.5379276830260449    0.3844819207565112    5.67155211683712e-11
486    1.5379276823987462    0.38448192059968656    2.1354018553410015e-10
487    1.537927679829299    0.3844819199573247    8.559020159282227e-10
488    1.5379276686301038    0.38448191715752594    3.6557007976334432e-09
489    1.5379276219370597    0.3844819054842649    1.5328961822103082e-08
490    1.5379274147759412    0.3844818536939853    6.7119241442537e-08
491    1.5379265498251882    0.38448163745629704    2.833569296978311e-07
492    1.5379226461150732    0.3844806615287683    1.2592844584324858e-06
493    1.537906383552264    0.384476595888066    5.324925160754557e-06
494    1.5378310483996327    0.3844577620999082    2.4158713318567226e-05
495    1.5375191836704496    0.3843797959176124    0.00010212489561434168
496    1.5360049839063954    0.38400124597659885    0.00048067483662789234
497    1.5298313339193463    0.3824578334798366    0.0020240873333901566
498    1.4966779128451713    0.3741694782112928    0.010312442601933924
499    1.365397414208648    0.341349353552162    0.043132567261064736
500    0.0    0.09836963378082851    0.2861122870323982
501    0.0    0.05628110045020315    0.32820082036302356
502    0.0    0.03972844701089669    0.34475347380233007
503    0.0    0.030330367051670557    0.35415155376155616
504    0.0    0.02495217014560173    0.359529750667625
505    0.0    0.02075226522521177    0.36372965558801496
506    0.0    0.018227058280612267    0.36625486253261447
507    0.0    0.01576573239478006    0.36871618841844667
508    0.0    0.01437986861803192    0.3701020521951948
509    0.0    0.012706334645636825    0.37177558616758993
510    0.0    0.011888164209099987    0.37259375660412675
511    0.0    0.010637383293452235    0.37384453751977453
512    0.0    0.010142577238069888    0.37433934357515686
513    0.0    0.009144707974524883    0.37533721283870186
514    0.0    0.008851467957710836    0.3756304528555159
515    0.0    0.008016853046972616    0.3764650677662541
516    0.0    0.00785769659821888    0.37662422421500785
517    0.0    0.0071345602273494395    0.3773473605858773
518    0.0    0.007069092701456259    0.37741282811177046
519    0.0    0.006425452701280745    0.378056468111946
520    0.0    0.0064280200422339884    0.37805390077099277
521    0.0    0.005843057292182407    0.3786388635210443
522    0.0    0.005896586325667543    0.3785853344875592
523    0.0    0.0053561665398755625    0.37912575427335116
524    0.0    0.005448855033865328    0.3790330657793614
525    0.0    0.004943045723782006    0.3795388750894447
526    0.0    0.005066474492775881    0.3794154463204509
527    0.0    0.0045880919400037076    0.37989382887322304
528    0.0    0.004736093981296744    0.37974582683193
529    0.0    0.004279814065527727    0.380202106747699
530    0.0    0.004447768815146462    0.38003415199808027
531    0.0    0.004009561969842696    0.38047235884338404
532    0.0    0.004193939250430181    0.3802879815627966
533    0.0    0.0037706996149886257    0.38071122119823814
534    0.0    0.0039687559639111    0.38051316484931563
535    0.0    0.003558051094842547    0.3809238697183842
536    0.0    0.0037676222126108946    0.38071429860061584
537    0.0    0.0033675199843850256    0.38111440082884174
538    0.0    0.0035868755904951864    0.38089504522273154
539    0.0    0.003195821873606581    0.3812860989396202
540    0.0    0.003423562124312756    0.38105835868891397
541    0.0    0.0030402926746007763    0.381441628138626
542    0.0    0.003275272891560139    0.3812066479216666
543    0.0    0.002898748785918087    0.3815831720273086
544    0.0    0.0031400238622497074    0.38134189695097703
545    0.0    0.0027693834531378643    0.38171253736008887
546    0.0    0.0030161661865043734    0.3814657546267224
547    0.0    0.0026506888465436898    0.38183123196668306
548    0.0    0.0029023182922869387    0.3815796025209398
549    0.0    0.0025413967063669073    0.38194052410685986
550    0.0    0.0027973138479860777    0.38168460696524065
551    0.0    0.002440432590913869    0.3820414882223129
552    0.0    0.0027001614273572568    0.3817817593858695
553    0.0    0.0023468802242258037    0.38213504058900094
554    0.0    0.00261001291739954    0.3818719078958272
555    0.0    0.002259953434518075    0.38222196737870867
556    0.0    0.002526138535257627    0.3819557822779691
557    0.0    0.0021789738624536695    0.38230294695077305
558    0.0    0.0024479068954405443    0.3820340139177862
559    0.0    0.002103353101008067    0.3823785677122187
560    0.0    0.002374768975085558    0.3821071518381412
561    0.0    0.002032578272040059    0.3824493425411867
562    0.0    0.0023062451159752135    0.3821756756972515
563    0.0    0.0019662002920087292    0.382515720521218
564    0.0    0.0022419144128587596    0.382240006400368
565    0.0    0.0019038242595291782    0.38257809655369757
566    0.0    0.0021814059921293942    0.38230051482109734
567    0.0    0.0018451015302278493    0.3826368192829989
568    0.0    0.002124391799306265    0.38235752901392045
569    0.0    0.001789723143177195    0.3826921976700495
570    0.0    0.0020705805993293546    0.3824113402138974
571    0.0    0.001737414337424813    0.38274450647580194
572    0.0    0.0020197129582167823    0.38246220785500995
573    0.0    0.0016879299533837568    0.382793990859843
574    0.0    0.0019715570237881738    0.3825103637894386
575    0.0    0.0016410505568662372    0.3828408702563605
576    0.0    0.0019259049608446842    0.3825560158523821
577    0.0    0.00159657915665165    0.3828853416565751
578    0.0    0.0018825699253645018    0.38259935088786223
579    0.0    0.0015543384121948142    0.3829275824010319
580    0.0    0.0018413834849621336    0.3826405373282646
581    0.0    0.0015141682481617897    0.38296775256506493
582    0.0    0.0018021934106718872    0.38267972740255485
583    0.0    0.0014759238082807649    0.383005997004946
584    0.0    0.0017648617791572035    0.38271705903406955
585    0.0    0.001439473693506318    0.3830424471197204
586    0.0    0.0017292633355964545    0.38275265747763026
587    0.0    0.0014046984394480444    0.38307722237377867
588    0.0    0.0016952840764160888    0.3827866367368106
589    0.0    0.001371489196004281    0.38311043161722247
590    0.0    0.001662820018176842    0.3828191007950499
591    0.0    0.001339746578542124    0.3831421742346846
592    0.0    0.001631776124703633    0.38285014468852313
593    0.0    0.0013093796651822592    0.3831725411480445
594    0.0    0.0016020653692292333    0.3828798554439975
595    0.0    0.0012803051189586166    0.38320161569426814
596    0.0    0.0015736079121370715    0.3829083129010897
597    0.0    0.0012524464170815053    0.38322947439614524
598    0.0    0.001546330378017442    0.3829355904352093
599    0.0    0.0012257331723656585    0.38325618764086106
600    0.0    0.0015201652183232939    0.3829617555949034
601    0.0    0.0012001005342198636    0.38328182027900687
602    0.0    0.0014950501480289328    0.3829868706651978
603    0.0    0.0011754886585224203    0.38330643215470434
604    0.0    0.0014709276464617339    0.383010993166765
605    0.0    0.0011518422373201654    0.38333007857590656
606    0.0    0.0014477445139395452    0.3830341762992872
607    0.0    0.0011291100806227485    0.38335281073260397
608    0.0    0.0014254514770717986    0.38305646933615495
609    0.0    0.0011072447436818304    0.3833746760695449
610    0.0    0.001404002836603875    0.3830779179766229
611    0.0    0.0010862021940916363    0.38339571861913513
612    0.0    0.0013833561525554083    0.3830985646606713
613    0.0    0.0010659415138359147    0.3834159792993908
614    0.0    0.0013634719621283852    0.38311844885109836
615    0.0    0.0010464246320775964    0.38343549618114914
616    0.0    0.0013443135264705243    0.3831376072867562
617    0.0    0.0010276160850558056    0.38345430472817094
618    0.0    0.0013258466029180476    0.3831560742103087
619    0.0    0.0010094827999389726    0.3834724380132878
620    0.0    0.0013080392397755408    0.3831738815734512
621    0.0    0.0009919938998918488    0.3834899269133349
622    0.0    0.0012908615910750584    0.3831910592221517
623    0.0    0.0009751205279732273    0.3835068002852535
624    0.0    0.0012742857490894769    0.38320763506413724
625    0.0    0.0009588356877731919    0.3835230851254535
626    0.0    0.0012582855926412538    0.3832236352205855
627    0.0    0.0009431140989717775    0.38353880671425494
628    0.0    0.00124283664950801    0.3832390841637187
629    0.0    0.0009279320662122537    0.38355398874701446
630    0.0    0.001227915971412932    0.3832540048418138
631    0.0    0.0009132673598823749    0.38356865345334434
632    0.0    0.001213502020289599    0.38326841879293716
633    0.0    0.0008990991075688845    0.3835828217056579
634    0.0    0.001199574564648765    0.383282346248578
635    0.0    0.0008854076950822374    0.3835965131181445
636    0.0    0.0011861145850230132    0.38329580622820375
637    0.0    0.0008721746760919824    0.3836097461371348
638    0.0    0.0011731041875764694    0.38330881662565025
639    0.0    0.0008593826895093697    0.3836225381237174
640    0.0    0.0011605265250709564    0.38332139428815576
641    0.0    0.0008470153838592196    0.3836349054293675
642    0.0    0.0011483657244748654    0.3833335550887519
643    0.0    0.0008350573479643003    0.38364686346526244
644    0.0    0.0011366068205715485    0.3833453139926552
645    0.0    0.0008234940473377823    0.38365842676588896
646    0.0    0.0011252356950024482    0.3833566851182243
647    0.0    0.0008123117657471339    0.3836696090474796
648    0.0    0.001114239020232526    0.38336768179299424
649    0.0    0.0008014975514710968    0.38368042326175567
650    0.0    0.0011036042079884895    0.38337831660523825
651    0.0    0.0007910391678148066    0.38369088164541193
652    0.0    0.0010933193617584012    0.38338860145146836
653    0.0    0.0007809250475043624    0.38370099576572236
654    0.0    0.00108337323299147    0.3833985475802353
655    0.0    0.0007711442506082688    0.3837107765626185
656    0.0    0.001073755180665553    0.3834081656325612
657    0.0    0.0007616864256808088    0.38372023438754593
658    0.0    0.0010644551339356859    0.3834174656792911
659    0.0    0.0007525417738439183    0.3837293790393828
660    0.0    0.0010554635575867203    0.38342645725564
661    0.0    0.0007437010155562263    0.38373821979767053
662    0.0    0.0010467714200619103    0.3834351493931648
663    0.0    0.0007351553598431493    0.3837467654533836
664    0.0    0.001038370163842166    0.38344355064938457
665    0.0    0.000726896475779589    0.3837550243374471
666    0.0    0.0010302516779876099    0.38345166913523915
667    0.0    0.0007189164660435381    0.3837630043471832
668    0.0    0.0010224082726591976    0.38345951254056754
669    0.0    0.000711207842366995    0.38377071297085974
670    0.0    0.001014832655461582    0.38346708815776515
671    0.0    0.0007037635027352303    0.38377815731049153
672    0.0    0.0010075179094654674    0.3834744029037613
673    0.0    0.0006965767101960563    0.38378534410303067
674    0.0    0.0010004574727690198    0.38348146334045774
675    0.0    0.0006896410731479626    0.3837922797400788
676    0.0    0.0009936451194880647    0.38348827569373867
677    0.0    0.00068295052699996    0.3837989702862268
678    0.0    0.0009870749420570182    0.3834948458711697
679    0.0    0.000676499317093057    0.38380542149613367
680    0.0    0.0009807413347464186    0.38350117947848034
681    0.0    0.0006702819827897396    0.383811638830437
682    0.0    0.0009746389783052344    0.3835072818349215
683    0.0    0.0006642933426466286    0.3838176274705801
684    0.0    0.0009687628256426133    0.3835131579875841
685    0.0    0.000658528480588252    0.3838233923326385
686    0.0    0.0009631080884755327    0.3835188127247512
687    0.0    0.0006529827330111331    0.3838289380802156
688    0.0    0.0009576702248734512    0.38352425058835327
689    0.0    0.0006476516767530999    0.3838342691364736
690    0.0    0.0009524449276351657    0.38352947588559155
691    0.0    0.0006425311178625479    0.3838393896953642
692    0.0    0.0009474281134400241    0.38353449269978673
693    0.0    0.0006376170811187048    0.38384430373210804
694    0.0    0.0009426159127216186    0.38353930490050514
695    0.0    0.0006329058002472668    0.38384901501297947
696    0.0    0.0009380046602148977    0.38354391615301187
697    0.0    0.0006283937087865516    0.3838535271044402
698    0.0    0.0009335908861304611    0.38354832992709625
699    0.0    0.000624077431560764    0.38385784338166595
700    0.0    0.0009293713079174077    0.3835525495053093
701    0.0    0.000619953776722325    0.38386196703650444
702    0.0    0.0009253428225750852    0.3835565779906517
703    0.0    0.0006160197283253672    0.3838659010849014
704    0.0    0.0009215024994817518    0.383560418313745
705    0.0    0.000612272439399938    0.3838696483738268
706    0.0    0.000917847573704881    0.38356407323952185
707    0.0    0.0006087092254930932    0.38387321158773363
708    0.0    0.0009143754397674916    0.3835675453734593
709    0.0    0.0006053275586527882    0.38387659325457396
710    0.0    0.0009110836458422618    0.3835708371673845
711    0.0    0.0006021250618255586    0.3838797957514012
712    0.0    0.0009079698883475899    0.38357395092487917
713    0.0    0.0005990995036471563    0.38388282130957957
714    0.0    0.0009050320069266385    0.3835768888063001
715    0.0    0.0005962487936026843    0.38388567201962404
716    0.0    0.0009022679797851332    0.3835796528334416
717    0.0    0.0005935709775382457    0.3838883498356885
718    0.0    0.000899675919369964    0.3835822448938568
719    0.0    0.0005910642335033982    0.3838908565797233
720    0.0    0.0008972540683738941    0.38358466674485286
721    0.0    0.0005887268679107176    0.383893193945316
722    0.0    0.0008950007960445886    0.38358692001718214
723    0.0    0.0005865573119965184    0.3838953635012302
724    0.0    0.0008929145947932488    0.3835890062184335
725    0.0    0.0005845541185664854    0.38389736669466024
726    0.0    0.0008909940770761694    0.3835909267361506
727    0.0    0.0005827159590175032    0.38389920485420925
728    0.0    0.0008892379725520431    0.3835926828406747
729    0.0    0.0005810416206224727    0.3839008791926043
730    0.0    0.0008876451254917804    0.38359427568773496
731    0.0    0.0005795300040658509    0.3839023908091609
732    0.0    0.0008862144924393463    0.3835957063207874
733    0.0    0.0005781801212253865    0.38390374069200134
734    0.0    0.0008849451401097513    0.383596975673117
735    0.0    0.0005769910931868157    0.3839049297200399
736    0.0    0.0008838362435206978    0.38359808456970607
737    0.0    0.0005759621484872482    0.3839059586647395
738    0.0    0.0008828870843450822    0.38359903372888166
739    0.0    0.0005750926215810018    0.38390682819164573
740    0.0    0.0008820970494878611    0.38359982376373886
741    0.0    0.0005743819515183689    0.38390753886170836
742    0.0    0.0008814656298688315    0.3836004551833579
743    0.0    0.0005738296808386776    0.38390809113238805
744    0.0    0.000880992419420676    0.38360092839380605
745    0.0    0.0005734354546677372    0.383908485358559
746    0.0    0.0008806771142884399    0.3836012436989383
747    0.0    0.0005731990200204096    0.38390872179320634
748    0.0    0.0008805195122324548    0.3836014013009943
749    0.0    0.0005731202253039131    0.3839088005879228
750    0.0    0.0008805195122325697    0.3836014013009942
751    0.0    0.0005731990200205441    0.3839087217932062
752    0.0    0.0008806771142885362    0.3836012436989382
753    0.0    0.000573435454667554    0.3839084853585592
754    0.0    0.0008809924194206648    0.38360092839380605
755    0.0    0.0005738296808386291    0.3839080911323881
756    0.0    0.0008814656298688623    0.3836004551833579
757    0.0    0.0005743819515183722    0.38390753886170836
758    0.0    0.0008820970494876568    0.3835998237637391
759    0.0    0.0005750926215810342    0.38390682819164573
760    0.0    0.0008828870843450282    0.3835990337288817
761    0.0    0.0005759621484872081    0.38390595866473953
762    0.0    0.0008838362435203981    0.38359808456970634
763    0.0    0.0005769910931867733    0.38390492972004
764    0.0    0.0008849451401099262    0.3835969756731168
765    0.0    0.0005781801212253453    0.3839037406920014
766    0.0    0.0008862144924392788    0.3835957063207875
767    0.0    0.0005795300040657864    0.38390239080916094
768    0.0    0.000887645125491929    0.3835942756877348
769    0.0    0.0005810416206225677    0.3839008791926042
770    0.0    0.0008892379725521842    0.38359268284067455
771    0.0    0.000582715959017655    0.3838992048542091
772    0.0    0.000890994077076377    0.38359092673615036
773    0.0    0.0005845541185665909    0.3838973666946601
774    0.0    0.0008929145947932789    0.38358900621843345
775    0.0    0.0005865573119966164    0.3838953635012301
776    0.0    0.000895000796045032    0.3835869200171817
777    0.0    0.0005887268679110596    0.3838931939453157
778    0.0    0.000897254068373815    0.3835846667448529
779    0.0    0.0005910642335037333    0.383890856579723
780    0.0    0.000899675919370328    0.3835822448938564
781    0.0    0.0005935709775385345    0.3838883498356882
782    0.0    0.0009022679797850896    0.38357965283344164
783    0.0    0.0005962487936028662    0.38388567201962387
784    0.0    0.0009050320069267622    0.3835768888063
785    0.0    0.000599099503647221    0.3838828213095795
786    0.0    0.0009079698883476254    0.3835739509248791
787    0.0    0.0006021250618256898    0.3838797957514011
788    0.0    0.0009110836458422831    0.38357083716738444
789    0.0    0.0006053275586528461    0.3838765932545739
790    0.0    0.0009143754397676236    0.3835675453734591
791    0.0    0.0006087092254932454    0.3838732115877335
792    0.0    0.0009178475737049766    0.38356407323952174
793    0.0    0.0006122724394000043    0.38386964837382676
794    0.0    0.0009215024994817689    0.383560418313745
795    0.0    0.0006160197283255333    0.3838659010849012
796    0.0    0.0009253428225751154    0.3835565779906516
797    0.0    0.0006199537767222926    0.38386196703650444
798    0.0    0.0009293713079171976    0.38355254950530954
799    0.0    0.0006240774315608569    0.3838578433816659
800    0.0    0.0009335908861304936    0.38354832992709625
801    0.0    0.0006283937087868209    0.38385352710443993
802    0.0    0.000938004660214982    0.38354391615301175
803    0.0    0.0006329058002473938    0.38384901501297936
804    0.0    0.000942615912721622    0.38353930490050514
805    0.0    0.0006376170811189879    0.38384430373210776
806    0.0    0.0009474281134400754    0.3835344926997867
807    0.0    0.0006425311178626561    0.3838393896953641
808    0.0    0.0009524449276354396    0.3835294758855913
809    0.0    0.0006476516767534554    0.3838342691364733
810    0.0    0.0009576702248739798    0.38352425058835277
811    0.0    0.0006529827330116742    0.38382893808021507
812    0.0    0.000963108088475778    0.38351881272475097
813    0.0    0.0006585284805882867    0.38382339233263846
814    0.0    0.0009687628256428405    0.3835131579875839
815    0.0    0.0006642933426468709    0.38381762747057985
816    0.0    0.0009746389783055616    0.38350728183492117
817    0.0    0.0006702819827898892    0.38381163883043684
818    0.0    0.0009807413347466187    0.3835011794784801
819    0.0    0.0006764993170931083    0.3838054214961336
820    0.0    0.0009870749420569933    0.3834948458711697
821    0.0    0.0006829505270001653    0.38379897028622656
822    0.0    0.0009936451194883307    0.3834882756937384
823    0.0    0.0006896410731482029    0.3837922797400785
824    0.0    0.0010004574727694197    0.3834814633404573
825    0.0    0.0006965767101961925    0.38378534410303056
826    0.0    0.0010075179094654653    0.3834744029037613
827    0.0    0.0007037635027354843    0.38377815731049125
828    0.0    0.0010148326554618734    0.38346708815776487
829    0.0    0.00071120784236721    0.3837707129708595
830    0.0    0.0010224082726593949    0.38345951254056737
831    0.0    0.000718916466043941    0.3837630043471828
832    0.0    0.001030251677988003    0.38345166913523876
833    0.0    0.0007268964757798552    0.3837550243374469
834    0.0    0.0010383701638424024    0.38344355064938435
835    0.0    0.0007351553598433564    0.3837467654533834
836    0.0    0.0010467714200621786    0.3834351493931646
837    0.0    0.000743701015556534    0.3837382197976702
838    0.0    0.0010554635575870882    0.3834264572556397
839    0.0    0.0007525417738441419    0.3837293790393826
840    0.0    0.0010644551339358483    0.3834174656792909
841    0.0    0.0007616864256808627    0.3837202343875459
842    0.0    0.0010737551806657582    0.38340816563256097
843    0.0    0.0007711442506082335    0.3837107765626185
844    0.0    0.0010833732329914988    0.3833985475802352
845    0.0    0.0007809250475044357    0.3837009957657223
846    0.0    0.0010933193617585753    0.3833886014514682
847    0.0    0.0007910391678148632    0.3836908816454119
848    0.0    0.001103604207988578    0.3833783166052382
849    0.0    0.0008014975514710458    0.3836804232617557
850    0.0    0.0011142390202326347    0.38336768179299413
851    0.0    0.0008123117657472893    0.38366960904747943
852    0.0    0.001125235695002582    0.3833566851182242
853    0.0    0.0008234940473376882    0.38365842676588907
854    0.0    0.001136606820571606    0.38334531399265515
855    0.0    0.0008350573479642276    0.3836468634652625
856    0.0    0.0011483657244748255    0.38333355508875194
857    0.0    0.0008470153838589427    0.3836349054293678
858    0.0    0.0011605265250708542    0.38332139428815587
859    0.0    0.000859382689509151    0.3836225381237176
860    0.0    0.0011731041875764235    0.3833088166256503
861    0.0    0.0008721746760916771    0.38360974613713505
862    0.0    0.0011861145850229542    0.3832958062282038
863    0.0    0.000885407695082055    0.3835965131181447
864    0.0    0.001199574564648769    0.383282346248578
865    0.0    0.0008990991075686421    0.3835828217056581
866    0.0    0.0012135020202895463    0.3832684187929372
867    0.0    0.0009132673598823342    0.3835686534533444
868    0.0    0.0012279159714129273    0.3832540048418138
869    0.0    0.0009279320662121101    0.38355398874701463
870    0.0    0.0012428366495078785    0.3832390841637189
871    0.0    0.0009431140989718911    0.38353880671425483
872    0.0    0.001258285592641479    0.3832236352205853
873    0.0    0.0009588356877732344    0.3835230851254535
874    0.0    0.0012742857490894537    0.3832076350641373
875    0.0    0.0009751205279731109    0.38350680028525364
876    0.0    0.0012908615910752434    0.3831910592221515
877    0.0    0.0009919938998918503    0.3834899269133349
878    0.0    0.0013080392397753775    0.38317388157345134
879    0.0    0.001009482799938759    0.383472438013288
880    0.0    0.0013258466029180572    0.3831560742103087
881    0.0    0.0010276160850557646    0.383454304728171
882    0.0    0.0013443135264704516    0.3831376072867563
883    0.0    0.0010464246320774971    0.38343549618114925
884    0.0    0.0013634719621284455    0.3831184488510983
885    0.0    0.0010659415138359175    0.3834159792993908
886    0.0    0.001383356152555255    0.3830985646606715
887    0.0    0.0010862021940915034    0.38339571861913524
888    0.0    0.0014040028366034618    0.3830779179766233
889    0.0    0.0011072447436817365    0.383374676069545
890    0.0    0.0014254514770716499    0.3830564693361551
891    0.0    0.0011291100806227082    0.383352810732604
892    0.0    0.0014477445139394864    0.38303417629928727
893    0.0    0.0011518422373202222    0.3833300785759065
894    0.0    0.0014709276464615778    0.3830109931667652
895    0.0    0.0011754886585223394    0.3833064321547044
896    0.0    0.0014950501480289744    0.38298687066519777
897    0.0    0.001200100534219952    0.3832818202790068
898    0.0    0.0015201652183234231    0.3829617555949033
899    0.0    0.0012257331723658418    0.3832561876408609
900    0.0    0.0015463303780173735    0.38293559043520936
901    0.0    0.001252446417081092    0.38322947439614563
902    0.0    0.0015736079121368891    0.38290831290108984
903    0.0    0.0012803051189584959    0.38320161569426825
904    0.0    0.0016020653692293445    0.3828798554439974
905    0.0    0.0013093796651822097    0.38317254114804455
906    0.0    0.0016317761247037468    0.382850144688523
907    0.0    0.0013397465785421944    0.38314217423468455
908    0.0    0.0016628200181766975    0.38281910079505005
909    0.0    0.001371489196004128    0.38311043161722264
910    0.0    0.001695284076415912    0.38278663673681085
911    0.0    0.0014046984394479808    0.3830772223737788
912    0.0    0.001729263335596172    0.38275265747763054
913    0.0    0.0014394736935059238    0.3830424471197208
914    0.0    0.0017648617791569503    0.3827170590340698
915    0.0    0.0014759238082808455    0.3830059970049459
916    0.0    0.0018021934106718664    0.38267972740255485
917    0.0    0.0015141682481616162    0.3829677525650651
918    0.0    0.0018413834849617563    0.382640537328265
919    0.0    0.0015543384121943825    0.38292758240103236
920    0.0    0.0018825699253640607    0.3825993508878627
921    0.0    0.0015965791566513708    0.3828853416565754
922    0.0    0.0019259049608444574    0.3825560158523823
923    0.0    0.0016410505568660357    0.3828408702563607
924    0.0    0.001971557023787645    0.3825103637894391
925    0.0    0.0016879299533834697    0.3827939908598433
926    0.0    0.002019712958216472    0.3824622078550103
927    0.0    0.001737414337424445    0.38274450647580227
928    0.0    0.002070580599328981    0.3824113402138978
929    0.0    0.001789723143177056    0.3826921976700497
930    0.0    0.002124391799306052    0.38235752901392067
931    0.0    0.0018451015302275806    0.38263681928299914
932    0.0    0.0021814059921289796    0.3823005148210978
933    0.0    0.001903824259529049    0.3825780965536977
934    0.0    0.0022419144128585197    0.3822400064003682
935    0.0    0.001966200292008492    0.38251572052121824
936    0.0    0.0023062451159749304    0.3821756756972518
937    0.0    0.0020325782720397255    0.382449342541187
938    0.0    0.002374768975085234    0.3821071518381415
939    0.0    0.0021033531010079885    0.38237856771221873
940    0.0    0.002447906895440335    0.3820340139177864
941    0.0    0.0021789738624533217    0.38230294695077344
942    0.0    0.0025261385352572593    0.3819557822779695
943    0.0    0.002259953434517797    0.38222196737870895
944    0.0    0.0026100129173994356    0.3818719078958273
945    0.0    0.002346880224225742    0.382135040589001
946    0.0    0.002700161427357197    0.38178175938586956
947    0.0    0.0024404325909137604    0.382041488222313
948    0.0    0.0027973138479858847    0.38168460696524087
949    0.0    0.0025413967063669524    0.3819405241068598
950    0.0    0.0029023182922870957    0.38157960252093964
951    0.0    0.0026506888465437934    0.38183123196668295
952    0.0    0.0030161661865045586    0.38146575462672216
953    0.0    0.0027693834531380647    0.3817125373600887
954    0.0    0.0031400238622496307    0.3813418969509771
955    0.0    0.0028987487859182814    0.38158317202730846
956    0.0    0.0032752728915601496    0.3812066479216666
957    0.0    0.003040292674600946    0.3814416281386258
958    0.0    0.0034235621243127205    0.381058358688914
959    0.0    0.003195821873606584    0.3812860989396202
960    0.0    0.003586875590495124    0.3808950452227316
961    0.0    0.0033675199843849132    0.38111440082884185
962    0.0    0.0037676222126108868    0.38071429860061584
963    0.0    0.003558051094842414    0.3809238697183843
964    0.0    0.003968755963910649    0.3805131648493161
965    0.0    0.0037706996149885893    0.38071122119823814
966    0.0    0.00419393925043009    0.38028798156279664
967    0.0    0.004009561969842946    0.3804723588433838
968    0.0    0.0044477688151463675    0.3800341519980804
969    0.0    0.004279814065527664    0.38020210674769905
970    0.0    0.004736093981296575    0.37974582683193014
971    0.0    0.004588091940003752    0.379893828873223
972    0.0    0.005066474492775926    0.3794154463204508
973    0.0    0.004943045723782266    0.37953887508944445
974    0.0    0.0054488550338656384    0.3790330657793611
975    0.0    0.005356166539875945    0.3791257542733508
976    0.0    0.005896586325667752    0.378585334487559
977    0.0    0.005843057292182314    0.3786388635210444
978    0.0    0.0064280200422336935    0.37805390077099305
979    0.0    0.006425452701280535    0.3780564681119462
980    0.0    0.007069092701456187    0.37741282811177057
981    0.0    0.007134560227349431    0.3773473605858773
982    0.0    0.00785769659821879    0.37662422421500796
983    0.0    0.008016853046972463    0.37646506776625427
984    0.0    0.008851467957710541    0.3756304528555162
985    0.0    0.009144707974524683    0.3753372128387021
986    0.0    0.010142577238069944    0.3743393435751568
987    0.0    0.010637383293451952    0.3738445375197748
988    0.0    0.011888164209099925    0.3725937566041268
989    0.0    0.0127063346456366    0.37177558616759016
990    0.0    0.014379868618031953    0.37010205219519476
991    0.0    0.01576573239477988    0.3687161884184469
992    0.0    0.018227058280612145    0.3662548625326146
993    0.0    0.020752265225211394    0.36372965558801534
994    0.0    0.024952170145601558    0.35952975066762516
995    0.0    0.030330367051670307    0.35415155376155644
996    0.0    0.03972844701089673    0.34475347380233
997    0.0    0.056281100450202584    0.32820082036302417
998    0.0    0.09836963378082797    0.28611228703239877
999    1.365397414208648    0.341349353552162    0.043132567261064736
