0    0.2998867766621408    0.0749716941655352    0.050184056159971846
1    0.3832002260519314    0.09580005651298285    0.029355693812524203
2    0.43433273441567677    0.10858318360391919    0.016572566721587856
3    0.4639573667076246    0.11598934167690615    0.009166408648600896
4    0.4805731907674352    0.1201432976918588    0.0050124526336482456
5    0.4897276617957528    0.1224319154489382    0.0027238348765688536
6    0.4947224238940186    0.12368060597350465    0.0014751443520023971
7    0.49743326857822645    0.12435831714455661    0.0007974331809504354
8    0.4989003651520587    0.12472509128801468    0.0004306590374923702
9    0.49969314174254187    0.12492328543563547    0.00023246488987158087
10    0.5001211903795582    0.12503029759488954    0.00012545273061750906
11    0.5003522141096872    0.1250880535274218    6.769679808524276e-05
12    0.5004768768373427    0.12511921920933566    3.653111617138438e-05
13    0.5005441417642148    0.1251360354410537    1.9714884453347903e-05
14    0.5005804368444429    0.12514510921111072    1.064111439633142e-05
15    0.5006000225521701    0.12515000563804252    5.744687464531717e-06
16    0.5006105927982296    0.1251526481995574    3.1021259496444298e-06
17    0.5006162984772964    0.1251540746193241    1.675706182951986e-06
18    0.5006193790445882    0.12515484476114705    9.055643599986674e-07
19    0.5006210427799451    0.12515526069498628    4.896305207668927e-07
20    0.500621941662292    0.125155485415573    2.649099340445993e-07
21    0.5006224275416645    0.12515560688541613    1.4344009091615817e-07
22    0.5006226903331183    0.1251556725832796    7.774222746115278e-08
23    0.5006228325694599    0.12515570814236499    4.218314206272389e-08
24    0.5006229096235773    0.1251557274058943    2.2919612735483597e-08
25    0.5006229514111327    0.12515573785278317    1.2472723881495895e-08
26    0.5006229741021544    0.1251557435255386    6.7999684494335355e-09
27    0.500622986442213    0.12515574661055326    3.7149537890357465e-09
28    0.5006229931649214    0.12515574829123036    2.034276691542658e-09
29    0.5006229968347782    0.12515574920869454    1.1168125035876386e-09
30    0.5006229988427005    0.1251557497106751    6.148319353638243e-10
31    0.500622999944111    0.12515574998602774    3.394793057776013e-10
32    0.5006230005499533    0.12515575013748834    1.8801871171092444e-10
33    0.5006230008841985    0.12515575022104963    1.0445741494002903e-10
34    0.5006230010691803    0.12515575026729509    5.821196302768783e-11
35    0.500623001171884    0.125155750292971    3.253605718178676e-11
36    0.500623001229088    0.125155750307272    1.8235052356985193e-11
37    0.5006230012610493    0.12515575031526233    1.024472173760671e-11
38    0.5006230012789586    0.12515575031973966    5.767386568322763e-12
39    0.5006230012890199    0.12515575032225498    3.2520652837320085e-12
40    0.5006230012946862    0.12515575032367154    1.8355039710371557e-12
41    0.5006230012978821    0.12515575032447052    1.0365319713656618e-12
42    0.5006230012996877    0.12515575032492193    5.851152895530731e-13
43    0.5006230013007071    0.12515575032517678    3.3026359425036844e-13
44    0.5006230013012839    0.12515575032532097    1.8607337892717624e-13
45    0.5006230013016101    0.12515575032540252    1.0452749776845849e-13
46    0.5006230013017929    0.12515575032544823    5.881406472951767e-14
47    0.5006230013018962    0.12515575032547405    3.300137940698278e-14
48    0.5006230013019535    0.12515575032548837    1.867950238931826e-14
49    0.5006230013019868    0.1251557503254967    1.0352829704629585e-14
50    0.5006230013020047    0.12515575032550116    5.88418203051333e-15
51    0.500623001302015    0.12515575032550375    3.3029134982598407e-15
52    0.5006230013020205    0.12515575032550513    1.915134717478395e-15
53    0.5006230013020244    0.1251557503255061    9.43689570931383e-16
54    0.500623001302026    0.1251557503255065    5.551115123125783e-16
55    0.5006230013020282    0.12515575032550705    0.0
56    0.5006230013020281    0.12515575032550702    2.7755575615628914e-17
57    0.5006230013020279    0.12515575032550696    8.326672684688674e-17
58    0.5006230013020285    0.12515575032550713    8.326672684688674e-17
59    0.5006230013020281    0.12515575032550702    2.7755575615628914e-17
60    0.5006230013020272    0.1251557503255068    2.498001805406602e-16
61    0.5006230013020282    0.12515575032550705    0.0
62    0.5006230013020282    0.12515575032550705    0.0
63    0.5006230013020279    0.12515575032550696    8.326672684688674e-17
64    0.5006230013020272    0.1251557503255068    2.498001805406602e-16
65    0.5006230013020273    0.12515575032550683    2.220446049250313e-16
66    0.5006230013020274    0.12515575032550685    1.942890293094024e-16
67    0.5006230013020274    0.12515575032550685    1.942890293094024e-16
68    0.5006230013020283    0.12515575032550708    2.7755575615628914e-17
69    0.5006230013020286    0.12515575032550716    1.1102230246251565e-16
70    0.5006230013020279    0.12515575032550696    8.326672684688674e-17
71    0.500623001302028    0.125155750325507    5.551115123125783e-17
72    0.5006230013020276    0.1251557503255069    1.3877787807814457e-16
73    0.5006230013020274    0.12515575032550685    1.942890293094024e-16
74    0.5006230013020276    0.1251557503255069    1.3877787807814457e-16
75    0.5006230013020284    0.1251557503255071    5.551115123125783e-17
76    0.5006230013020274    0.12515575032550685    1.942890293094024e-16
77    0.500623001302028    0.125155750325507    5.551115123125783e-17
78    0.5006230013020287    0.1251557503255072    1.3877787807814457e-16
79    0.5006230013020274    0.12515575032550685    1.942890293094024e-16
80    0.5006230013020274    0.12515575032550685    1.942890293094024e-16
81    0.5006230013020274    0.12515575032550685    1.942890293094024e-16
82    0.5006230013020272    0.1251557503255068    2.498001805406602e-16
83    0.5006230013020272    0.1251557503255068    2.498001805406602e-16
84    0.5006230013020279    0.12515575032550696    8.326672684688674e-17
85    0.5006230013020276    0.1251557503255069    1.3877787807814457e-16
86    0.5006230013020283    0.12515575032550708    2.7755575615628914e-17
87    0.5006230013020279    0.12515575032550696    8.326672684688674e-17
88    0.5006230013020279    0.12515575032550696    8.326672684688674e-17
89    0.5006230013020285    0.12515575032550713    8.326672684688674e-17
90    0.5006230013020277    0.12515575032550694    1.1102230246251565e-16
91    0.5006230013020273    0.12515575032550683    2.220446049250313e-16
92    0.5006230013020282    0.12515575032550705    0.0
93    0.5006230013020287    0.1251557503255072    1.3877787807814457e-16
94    0.5006230013020296    0.1251557503255074    3.608224830031759e-16
95    0.5006230013020287    0.1251557503255072    1.3877787807814457e-16
96    0.5006230013020291    0.12515575032550727    2.220446049250313e-16
97    0.5006230013020276    0.1251557503255069    1.3877787807814457e-16
98    0.5006230013020273    0.12515575032550683    2.220446049250313e-16
99    0.5006230013020281    0.12515575032550702    2.7755575615628914e-17
100    0.5006230013020287    0.1251557503255072    1.3877787807814457e-16
101    0.5006230013020287    0.1251557503255072    1.3877787807814457e-16
102    0.5006230013020289    0.12515575032550721    1.6653345369377348e-16
103    0.5006230013020285    0.12515575032550713    8.326672684688674e-17
104    0.500623001302027    0.12515575032550674    3.0531133177191805e-16
105    0.5006230013020274    0.12515575032550685    1.942890293094024e-16
106    0.5006230013020254    0.12515575032550635    6.938893903907228e-16
107    0.5006230013020274    0.12515575032550685    1.942890293094024e-16
108    0.5006230013020269    0.12515575032550671    3.3306690738754696e-16
109    0.5006230013020269    0.12515575032550671    3.3306690738754696e-16
110    0.5006230013020272    0.1251557503255068    2.498001805406602e-16
111    0.5006230013020272    0.1251557503255068    2.498001805406602e-16
112    0.5006230013020273    0.12515575032550683    2.220446049250313e-16
113    0.5006230013020283    0.12515575032550708    2.7755575615628914e-17
114    0.5006230013020276    0.1251557503255069    1.3877787807814457e-16
115    0.5006230013020267    0.1251557503255067    3.608224830031759e-16
116    0.500623001302028    0.125155750325507    5.551115123125783e-17
117    0.5006230013020279    0.12515575032550696    8.326672684688674e-17
118    0.5006230013020267    0.1251557503255067    3.608224830031759e-16
119    0.5006230013020281    0.12515575032550702    2.7755575615628914e-17
120    0.5006230013020291    0.12515575032550727    2.220446049250313e-16
121    0.500623001302028    0.125155750325507    5.551115123125783e-17
122    0.5006230013020281    0.12515575032550702    2.7755575615628914e-17
123    0.5006230013020276    0.1251557503255069    1.3877787807814457e-16
124    0.5006230013020272    0.1251557503255068    2.498001805406602e-16
125    0.5006230013020282    0.12515575032550705    0.0
126    0.5006230013020277    0.12515575032550694    1.1102230246251565e-16
127    0.5006230013020285    0.12515575032550713    8.326672684688674e-17
128    0.5006230013020269    0.12515575032550671    3.3306690738754696e-16
129    0.5006230013020266    0.12515575032550666    3.885780586188048e-16
130    0.5006230013020267    0.1251557503255067    3.608224830031759e-16
131    0.500623001302027    0.12515575032550674    3.0531133177191805e-16
132    0.5006230013020269    0.12515575032550671    3.3306690738754696e-16
133    0.500623001302028    0.125155750325507    5.551115123125783e-17
134    0.5006230013020275    0.12515575032550688    1.6653345369377348e-16
135    0.5006230013020273    0.12515575032550683    2.220446049250313e-16
136    0.5006230013020272    0.1251557503255068    2.498001805406602e-16
137    0.5006230013020283    0.12515575032550708    2.7755575615628914e-17
138    0.5006230013020279    0.12515575032550696    8.326672684688674e-17
139    0.500623001302029    0.12515575032550724    1.942890293094024e-16
140    0.5006230013020296    0.1251557503255074    3.608224830031759e-16
141    0.5006230013020285    0.12515575032550713    8.326672684688674e-17
142    0.5006230013020273    0.12515575032550683    2.220446049250313e-16
143    0.5006230013020281    0.12515575032550702    2.7755575615628914e-17
144    0.5006230013020279    0.12515575032550696    8.326672684688674e-17
145    0.5006230013020283    0.12515575032550708    2.7755575615628914e-17
146    0.5006230013020277    0.12515575032550694    1.1102230246251565e-16
147    0.5006230013020282    0.12515575032550705    0.0
148    0.500623001302028    0.125155750325507    5.551115123125783e-17
149    0.5006230013020285    0.12515575032550713    8.326672684688674e-17
150    0.5006230013020275    0.12515575032550688    1.6653345369377348e-16
151    0.5006230013020276    0.1251557503255069    1.3877787807814457e-16
152    0.5006230013020276    0.1251557503255069    1.3877787807814457e-16
153    0.5006230013020283    0.12515575032550708    2.7755575615628914e-17
154    0.5006230013020282    0.12515575032550705    0.0
155    0.500623001302029    0.12515575032550724    1.942890293094024e-16
156    0.5006230013020282    0.12515575032550705    0.0
157    0.5006230013020275    0.12515575032550688    1.6653345369377348e-16
158    0.5006230013020274    0.12515575032550685    1.942890293094024e-16
159    0.5006230013020285    0.12515575032550713    8.326672684688674e-17
160    0.5006230013020276    0.1251557503255069    1.3877787807814457e-16
161    0.5006230013020269    0.12515575032550671    3.3306690738754696e-16
162    0.5006230013020275    0.12515575032550688    1.6653345369377348e-16
163    0.5006230013020272    0.1251557503255068    2.498001805406602e-16
164    0.5006230013020284    0.1251557503255071    5.551115123125783e-17
165    0.5006230013020273    0.12515575032550683    2.220446049250313e-16
166    0.5006230013020273    0.12515575032550683    2.220446049250313e-16
167    0.5006230013020265    0.12515575032550663    4.163336342344337e-16
168    0.5006230013020272    0.1251557503255068    2.498001805406602e-16
169    0.5006230013020279    0.12515575032550696    8.326672684688674e-17
170    0.5006230013020281    0.12515575032550702    2.7755575615628914e-17
171    0.5006230013020299    0.12515575032550746    4.163336342344337e-16
172    0.5006230013020279    0.12515575032550696    8.326672684688674e-17
173    0.5006230013020284    0.1251557503255071    5.551115123125783e-17
174    0.5006230013020281    0.12515575032550702    2.7755575615628914e-17
175    0.5006230013020296    0.1251557503255074    3.608224830031759e-16
176    0.5006230013020287    0.1251557503255072    1.3877787807814457e-16
177    0.500623001302029    0.12515575032550724    1.942890293094024e-16
178    0.5006230013020283    0.12515575032550708    2.7755575615628914e-17
179    0.5006230013020285    0.12515575032550713    8.326672684688674e-17
180    0.5006230013020295    0.12515575032550738    3.3306690738754696e-16
181    0.5006230013020294    0.12515575032550735    3.0531133177191805e-16
182    0.5006230013020299    0.12515575032550746    4.163336342344337e-16
183    0.5006230013020287    0.1251557503255072    1.3877787807814457e-16
184    0.5006230013020291    0.12515575032550727    2.220446049250313e-16
185    0.5006230013020281    0.12515575032550702    2.7755575615628914e-17
186    0.5006230013020279    0.12515575032550696    8.326672684688674e-17
187    0.5006230013020281    0.12515575032550702    2.7755575615628914e-17
188    0.5006230013020281    0.12515575032550702    2.7755575615628914e-17
189    0.5006230013020275    0.12515575032550688    1.6653345369377348e-16
190    0.5006230013020283    0.12515575032550708    2.7755575615628914e-17
191    0.5006230013020281    0.12515575032550702    2.7755575615628914e-17
192    0.5006230013020272    0.1251557503255068    2.498001805406602e-16
193    0.5006230013020281    0.12515575032550702    2.7755575615628914e-17
194    0.5006230013020271    0.12515575032550677    2.7755575615628914e-16
195    0.5006230013020243    0.12515575032550608    9.71445146547012e-16
196    0.5006230013020208    0.1251557503255052    1.8596235662471372e-15
197    0.5006230013020153    0.12515575032550383    3.219646771412954e-15
198    0.5006230013020045    0.12515575032550114    5.9119376061289586e-15
199    0.5006230013019872    0.1251557503254968    1.0241807402167069e-14
200    0.5006230013019544    0.1251557503254886    1.8457457784393227e-14
201    0.500623001301898    0.1251557503254745    3.2557290197132716e-14
202    0.5006230013017942    0.12515575032544854    5.850875339774575e-14
203    0.5006230013016101    0.12515575032540252    1.0452749776845849e-13
204    0.5006230013012839    0.12515575032532097    1.8607337892717624e-13
205    0.5006230013007079    0.12515575032517698    3.3006930522105904e-13
206    0.5006230012996875    0.12515575032492188    5.851708007043044e-13
207    0.500623001297882    0.1251557503244705    1.0365597269412774e-12
208    0.5006230012946875    0.12515575032367188    1.835170904129768e-12
209    0.5006230012890214    0.12515575032225534    3.2517044612490054e-12
210    0.5006230012789584    0.1251557503197396    5.7674420794739945e-12
211    0.500623001261049    0.12515575031526224    1.0244805004333557e-11
212    0.5006230012290884    0.1251557503072721    1.823494133468273e-11
213    0.5006230011718833    0.12515575029297082    3.253622371524045e-11
214    0.5006230010691792    0.1251557502672948    5.821224058344399e-11
215    0.5006230008841979    0.12515575022104947    1.0445758147348272e-10
216    0.500623000549952    0.125155750137488    1.8801904477783182e-10
217    0.5006229999441096    0.1251557499860274    3.394796388445087e-10
218    0.5006229988427008    0.1251557497106752    6.148318520970975e-10
219    0.5006229968347795    0.12515574920869488    1.1168121705207312e-09
220    0.5006229931649229    0.12515574829123072    2.034276330720175e-09
221    0.5006229864422131    0.1251557466105533    3.714953761280171e-09
222    0.5006229741021546    0.12515574352553865    6.799968393922384e-09
223    0.5006229514111328    0.1251557378527832    1.247272385374032e-08
224    0.500622909623578    0.1251557274058945    2.2919612541194567e-08
225    0.5006228325694603    0.12515570814236507    4.218314197945716e-08
226    0.5006226903331188    0.1251556725832797    7.774222735013048e-08
227    0.5006224275416642    0.12515560688541605    1.434400909994249e-07
228    0.5006219416622917    0.12515548541557292    2.64909934127866e-07
229    0.5006210427799451    0.12515526069498628    4.896305207668927e-07
230    0.5006193790445872    0.1251548447611468    9.055643602484675e-07
231    0.5006162984772944    0.1251540746193236    1.6757061834515863e-06
232    0.5006105927982263    0.12515264819955657    3.102125950477097e-06
233    0.5006000225521676    0.1251500056380419    5.74468746514234e-06
234    0.5005804368444413    0.12514510921111033    1.0641114396719997e-05
235    0.5005441417642148    0.1251360354410537    1.9714884453347903e-05
236    0.5004768768373399    0.12511921920933497    3.653111617207827e-05
237    0.5003522141096841    0.12508805352742103    6.769679808601992e-05
238    0.5001211903795552    0.1250302975948888    0.00012545273061825846
239    0.49969314174253987    0.12492328543563497    0.00023246488987208047
240    0.4989003651520567    0.12472509128801418    0.0004306590374928698
241    0.49743326857822673    0.12435831714455668    0.000797433180950366
242    0.4947224238940189    0.12368060597350472    0.0014751443520023277
243    0.48972766179575244    0.12243191544893811    0.002723834876568937
244    0.48057319076743593    0.12014329769185898    0.005012452633648065
245    0.46395736670762316    0.11598934167690579    0.009166408648601257
246    0.43433273441567555    0.10858318360391889    0.01657256672158816
247    0.3832002260519311    0.09580005651298278    0.029355693812524272
248    0.2998867766621411    0.07497169416553527    0.05018405615997178
249    0.17685690652893754    0.044214226632234385    0.08094152369327266
250    0.0    0.0042436504272912005    0.12091209989821584
251    0.0    0.0005074289377862452    0.1246483213877208
252    0.0    6.176831719239065e-05    0.12509398200831465
253    0.0    7.535242311276433e-06    0.12514821508319576
254    0.0    9.195049171031866e-07    0.12515483082058995
255    0.0    1.1220910273862517e-07    0.12515563811640432
256    0.0    1.3693185887259096e-08    0.12515573663232116
257    0.0    1.6710184442755849e-09    0.1251557486544886
258    0.0    2.0391912464168271e-10    0.12515575012158792
259    0.0    2.4884834644300913e-11    0.1251557503006222
260    0.0    3.0366421183147807e-12    0.1251557503224704
261    0.0    3.7050397472260244e-13    0.12515575032513654
262    0.0    4.516439305879416e-14    0.1251557503254619
263    0.0    5.499940780584467e-15    0.12515575032550155
264    0.0    6.817463260588852e-16    0.12515575032550635
265    0.0    6.418476861114186e-17    0.125155750325507
266    0.0    7.37257477290143e-17    0.12515575032550696
267    0.0    9.063930161978817e-17    0.12515575032550696
268    -0.0    -2.47198095326695e-17    0.12515575032550708
269    0.0    1.1319070680748666e-16    0.12515575032550694
270    0.0    8.673617379884035e-17    0.12515575032550696
271    -0.0    -8.239936510889834e-17    0.12515575032550713
272    0.0    1.5612511283791264e-17    0.12515575032550702
273    0.0    5.2909066017292616e-17    0.125155750325507
274    0.0    0.0    0.12515575032550705
275    -0.0    -2.2551405187698492e-17    0.12515575032550708
276    0.0    7.979727989493313e-17    0.12515575032550696
277    0.0    4.423544863740858e-17    0.125155750325507
278    -0.0    -8.586881206085195e-17    0.12515575032550713
279    0.0    9.540979117872439e-17    0.12515575032550696
280    0.0    8.673617379884035e-18    0.12515575032550705
281    0.0    6.635317295611287e-17    0.125155750325507
282    0.0    2.168404344971009e-17    0.12515575032550702
283    0.0    4.423544863740858e-17    0.125155750325507
284    0.0    1.5178830414797062e-17    0.12515575032550702
285    -0.0    -1.3444106938820255e-17    0.12515575032550705
286    0.0    3.642919299551295e-17    0.12515575032550702
287    -0.0    -2.211772431870429e-17    0.12515575032550708
288    -0.0    -6.938893903907228e-18    0.12515575032550705
289    0.0    5.789639601072594e-17    0.125155750325507
290    -0.0    -1.0408340855860843e-17    0.12515575032550705
291    -0.0    -1.2685165418080402e-16    0.1251557503255072
292    0.0    4.7704895589362195e-17    0.125155750325507
293    -0.0    -4.358492733391728e-17    0.1251557503255071
294    -0.0    -3.3393426912553537e-17    0.12515575032550708
295    0.0    3.5778671692021646e-17    0.12515575032550702
296    -0.0    -8.044780119842443e-17    0.12515575032550713
297    0.0    8.239936510889834e-17    0.12515575032550696
298    -0.0    -1.233822072288504e-16    0.12515575032550716
299    0.0    3.7730235602495554e-17    0.12515575032550702
300    -0.0    -1.1709383462843448e-17    0.12515575032550705
301    0.0    1.3660947373317356e-17    0.12515575032550705
302    -0.0    -1.0364972768961422e-16    0.12515575032550716
303    0.0    4.640385298237959e-17    0.125155750325507
304    0.0    4.9439619065339e-17    0.125155750325507
305    0.0    1.3227266504323154e-17    0.12515575032550705
306    -0.0    -1.929879867024198e-17    0.12515575032550708
307    -0.0    -6.049848122469115e-17    0.1251557503255071
308    -0.0    -1.7780915628762273e-17    0.12515575032550708
309    -0.0    -7.19910242530375e-17    0.12515575032550713
310    0.0    1.192622389734055e-16    0.12515575032550694
311    0.0    3.491130995403324e-17    0.12515575032550702
312    0.0    1.0083080204115191e-16    0.12515575032550694
313    0.0    3.3393426912553537e-17    0.12515575032550702
314    0.0    4.119968255444917e-17    0.12515575032550702
315    0.0    2.45029690981724e-17    0.12515575032550702
316    -0.0    -1.496198998029996e-17    0.12515575032550708
317    -0.0    -4.553649124439119e-18    0.12515575032550705
318    0.0    3.122502256758253e-17    0.12515575032550702
319    0.0    7.589415207398531e-17    0.12515575032550696
320    0.0    9.497611030973019e-17    0.12515575032550696
321    0.0    7.806255641895632e-18    0.12515575032550705
322    -0.0    -3.838075690598686e-17    0.12515575032550708
323    -0.0    -2.1250362580715887e-17    0.12515575032550708
324    -0.0    -2.47198095326695e-17    0.12515575032550708
325    0.0    2.0166160408230382e-17    0.12515575032550702
326    -0.0    -9.215718466126788e-17    0.12515575032550713
327    0.0    2.883977778811442e-17    0.12515575032550702
328    -0.0    -5.767955557622884e-17    0.1251557503255071
329    0.0    1.1123914289701275e-16    0.12515575032550694
330    -0.0    -2.927345865710862e-17    0.12515575032550708
331    -0.0    -7.654467337747661e-17    0.12515575032550713
332    -0.0    -3.469446951953614e-18    0.12515575032550705
333    -0.0    -6.396792817664476e-17    0.1251557503255071
334    0.0    2.3201926491189795e-17    0.12515575032550702
335    -0.0    -7.892991815694472e-17    0.12515575032550713
336    0.0    5.616167253474913e-17    0.125155750325507
337    -0.0    -1.1058862159352145e-17    0.12515575032550705
338    -0.0    -5.941427905220564e-17    0.1251557503255071
339    -0.0    -3.707971429900425e-17    0.12515575032550708
340    0.0    3.3176586478056436e-17    0.12515575032550702
341    -0.0    -1.22514845490862e-16    0.12515575032550716
342    -0.0    -5.811323644522304e-17    0.1251557503255071
343    0.0    6.114900252818245e-17    0.125155750325507
344    -0.0    -1.0148132334464322e-16    0.12515575032550716
345    0.0    2.0599841277224584e-17    0.12515575032550702
346    -0.0    -7.589415207398531e-17    0.12515575032550713
347    0.0    4.662069341687669e-17    0.125155750325507
348    -0.0    -6.353424730765056e-17    0.1251557503255071
349    0.0    9.73613550891983e-17    0.12515575032550694
350    -0.0    -2.710505431213761e-17    0.12515575032550708
351    0.0    1.0776969594505914e-16    0.12515575032550694
352    -0.0    -4.3151246464923076e-17    0.1251557503255071
353    -0.0    -1.734723475976807e-17    0.12515575032550708
354    0.0    3.7947076036992655e-17    0.12515575032550702
355    0.0    7.41594285980085e-17    0.12515575032550696
356    -0.0    -3.1008182133085427e-17    0.12515575032550708
357    0.0    2.8514517136368767e-17    0.12515575032550702
358    -0.0    -7.589415207398531e-17    0.12515575032550713
359    -0.0    -6.071532165918825e-18    0.12515575032550705
360    -0.0    -2.1033522146218786e-17    0.12515575032550708
361    0.0    8.901299836105991e-17    0.12515575032550696
362    -0.0    -8.847089727481716e-17    0.12515575032550713
363    0.0    8.814563662307151e-17    0.12515575032550696
364    -0.0    -4.662069341687669e-17    0.1251557503255071
365    0.0    1.096128396382845e-16    0.12515575032550694
366    -0.0    -6.461844948013606e-17    0.1251557503255071
367    0.0    3.209238430557093e-17    0.12515575032550702
368    -0.0    -1.951563910473908e-18    0.12515575032550705
369    0.0    1.0028870095490916e-16    0.12515575032550694
370    -0.0    -8.391724815037804e-17    0.12515575032550713
371    0.0    1.2685165418080402e-17    0.12515575032550705
372    -0.0    -1.0972125985553305e-16    0.12515575032550716
373    0.0    7.752045533271357e-17    0.12515575032550696
374    -0.0    -9.71445146547012e-17    0.12515575032550713
375    -0.0    -6.06069014419397e-17    0.1251557503255071
376    -0.0    -3.230922474006803e-17    0.12515575032550708
377    -0.0    -8.294146619514109e-17    0.12515575032550713
378    -0.0    -7.134050294954619e-17    0.12515575032550713
379    -0.0    -8.131516293641283e-18    0.12515575032550705
380    -0.0    -6.223320470066795e-17    0.1251557503255071
381    0.0    2.710505431213761e-18    0.12515575032550705
382    -0.0    -1.951563910473908e-17    0.12515575032550708
383    -0.0    -2.6346112791397758e-17    0.12515575032550708
384    0.0    3.599551212651875e-17    0.12515575032550702
385    0.0    6.483528991463317e-17    0.125155750325507
386    0.0    5.681219383824043e-17    0.125155750325507
387    0.0    3.686287386450715e-17    0.12515575032550702
388    -0.0    -8.630249292984615e-17    0.12515575032550713
389    -0.0    -1.0733601507606494e-17    0.12515575032550705
390    0.0    3.0357660829594124e-17    0.12515575032550702
391    0.0    2.3744027577432547e-17    0.12515575032550702
392    -0.0    -2.2985086056692694e-17    0.12515575032550708
393    0.0    1.0820337681405334e-16    0.12515575032550694
394    -0.0    -4.445228907190568e-17    0.1251557503255071
395    -0.0    -2.970713952610282e-17    0.12515575032550708
396    -0.0    -7.41594285980085e-17    0.12515575032550713
397    0.0    7.546047120499111e-17    0.12515575032550696
398    -0.0    -1.3682631416767066e-16    0.1251557503255072
399    -0.0    -3.144186300207963e-17    0.12515575032550708
400    -0.0    -2.47198095326695e-17    0.12515575032550708
401    0.0    3.469446951953614e-18    0.12515575032550705
402    -0.0    -4.2500725161431774e-17    0.1251557503255071
403    0.0    5.767955557622884e-17    0.125155750325507
404    -0.0    -6.960577947356938e-17    0.12515575032550713
405    0.0    3.0791341698588326e-17    0.12515575032550702
406    0.0    9.345822726825048e-17    0.12515575032550696
407    0.0    3.230922474006803e-17    0.12515575032550702
408    0.0    4.0332320816460765e-17    0.12515575032550702
409    -0.0    -1.496198998029996e-17    0.12515575032550708
410    0.0    1.3660947373317356e-17    0.12515575032550705
411    -0.0    -1.0516761073109393e-16    0.12515575032550716
412    -0.0    -6.526897078362737e-17    0.1251557503255071
413    0.0    2.190088388420719e-17    0.12515575032550702
414    -0.0    -1.242495689668388e-16    0.12515575032550716
415    0.0    5.421010862427522e-17    0.125155750325507
416    0.0    4.85722573273506e-17    0.125155750325507
417    -0.0    -1.3877787807814457e-17    0.12515575032550708
418    0.0    5.963111948670274e-17    0.125155750325507
419    -0.0    -2.3418766925686896e-17    0.12515575032550708
420    -0.0    -1.929879867024198e-17    0.12515575032550708
421    0.0    6.548581121812447e-17    0.125155750325507
422    -0.0    -1.3010426069826053e-17    0.12515575032550705
423    -0.0    -5.941427905220564e-17    0.1251557503255071
424    -0.0    -7.589415207398531e-18    0.12515575032550705
425    -0.0    -5.594483210025203e-17    0.1251557503255071
426    0.0    8.023096076392733e-18    0.12515575032550705
427    -0.0    -8.673617379884035e-18    0.12515575032550705
428    -0.0    -8.673617379884035e-18    0.12515575032550705
429    -0.0    -8.673617379884035e-19    0.12515575032550705
430    -0.0    -3.1008182133085427e-17    0.12515575032550708
431    -0.0    -2.3635607360183997e-17    0.12515575032550708
432    0.0    1.5178830414797062e-17    0.12515575032550702
433    -0.0    -4.163336342344337e-17    0.12515575032550708
434    0.0    7.15573433840433e-18    0.12515575032550705
435    0.0    1.5178830414797062e-17    0.12515575032550702
436    -0.0    -2.8189256484623115e-18    0.12515575032550705
437    0.0    1.6631661325927638e-16    0.12515575032550688
438    0.0    1.3227266504323154e-17    0.12515575032550705
439    0.0    5.117434254131581e-17    0.125155750325507
440    0.0    5.355958732078392e-17    0.125155750325507
441    -0.0    -1.6046192152785466e-17    0.12515575032550708
442    0.0    4.445228907190568e-17    0.125155750325507
443    -0.0    -4.553649124439119e-18    0.12515575032550705
444    0.0    1.3877787807814457e-17    0.12515575032550702
445    0.0    5.2909066017292616e-17    0.125155750325507
446    -0.0    -1.2576745200831851e-17    0.12515575032550705
447    0.0    7.611099250848241e-17    0.12515575032550696
448    -0.0    -4.2717565595928875e-17    0.1251557503255071
449    0.0    2.168404344971009e-18    0.12515575032550705
450    0.0    4.206704429243757e-17    0.125155750325507
451    -0.0    -1.5070410197548512e-16    0.1251557503255072
452    0.0    4.4885969940899884e-17    0.125155750325507
453    -0.0    -1.3791051634015616e-16    0.1251557503255072
454    -0.0    -8.174884380540703e-17    0.12515575032550713
455    0.0    2.45029690981724e-17    0.12515575032550702
456    0.0    1.496198998029996e-17    0.12515575032550702
457    0.0    3.599551212651875e-17    0.12515575032550702
458    0.0    3.5128150388530344e-17    0.12515575032550702
459    0.0    6.353424730765056e-17    0.125155750325507
460    0.0    1.0408340855860843e-16    0.12515575032550694
461    0.0    3.9898639947466563e-17    0.12515575032550702
462    -0.0    -1.0018028073766061e-16    0.12515575032550716
463    0.0    5.074066167232161e-17    0.125155750325507
464    -0.0    -5.724587470723463e-17    0.1251557503255071
465    -0.0    -1.5178830414797062e-17    0.12515575032550708
466    -0.0    -2.0383000842727483e-17    0.12515575032550708
467    -0.0    -4.336808689942018e-17    0.1251557503255071
468    -0.0    -7.24247051220317e-17    0.12515575032550713
469    -0.0    -1.734723475976807e-18    0.12515575032550705
470    0.0    2.0816681711721685e-17    0.12515575032550702
471    0.0    8.586881206085195e-17    0.12515575032550696
472    -0.0    -5.681219383824043e-17    0.1251557503255071
473    0.0    4.5102810375396984e-17    0.125155750325507
474    0.0    3.2959746043559335e-17    0.12515575032550702
475    0.0    6.071532165918825e-18    0.12515575032550705
476    -0.0    -8.673617379884035e-19    0.12515575032550705
477    0.0    3.5128150388530344e-17    0.12515575032550702
478    0.0    4.9873299934333204e-17    0.125155750325507
479    0.0    1.3010426069826053e-18    0.12515575032550705
480    -0.0    -8.326672684688674e-17    0.12515575032550713
481    0.0    1.1275702593849246e-17    0.12515575032550705
482    -0.0    -6.071532165918825e-18    0.12515575032550705
483    0.0    1.205632815803881e-16    0.12515575032550694
484    0.0    6.331740687315346e-16    0.1251557503255064
485    0.0    5.586676954383307e-15    0.12515575032550147
486    0.0    4.5135770121440544e-14    0.12515575032546192
487    0.0    3.705898435346633e-13    0.12515575032513646
488    0.0    3.036767885766789e-12    0.12515575032247028
489    0.0    2.488494826868859e-11    0.1251557503006221
490    0.0    2.0391918102019568e-10    0.12515575012158786
491    0.0    1.6710185240728648e-09    0.12515574865448853
492    0.0    1.3693185980934164e-08    0.12515573663232107
493    0.0    1.1220910262586814e-07    0.12515563811640443
494    0.0    9.195049169678782e-07    0.1251548308205901
495    0.0    7.535242311272963e-06    0.12514821508319576
496    0.0    6.176831719255371e-05    0.1250939820083145
497    0.0    0.0005074289377863979    0.12464832138772065
498    0.0    0.004243650427291076    0.12091209989821597
499    0.17685690652893718    0.044214226632234295    0.08094152369327276
