0    7.580670916516874e-09    1.8951677291292185e-09    1.298280056702926e-09
1    9.942281434336536e-09    2.485570358584134e-09    7.078774272480104e-10
2    1.138584361905573e-08    2.8464609047639325e-09    3.4698688106821196e-10
3    1.2157927516739248e-08    3.039481879184812e-09    1.5396590664733256e-10
4    1.2524513663160486e-08    3.1311284157901215e-09    6.231937004202298e-11
5    1.2681048502938275e-08    3.1702621257345687e-09    2.3185660097575778e-11
6    1.2741847090456948e-08    3.185461772614237e-09    7.986013217907428e-12
7    1.276353882567055e-08    3.1908847064176377e-09    2.563079414506786e-12
8    1.277070708904926e-08    3.192676772262315e-09    7.71013569829393e-13
9    1.277291727941332e-08    3.19322931985333e-09    2.184659788143084e-13
10    1.2773556244856377e-08    3.193389061214094e-09    5.872461805028761e-14
11    1.2773731535627858e-08    3.1934328839069645e-09    1.4901925179944264e-14
12    1.2773777229978939e-08    3.1934443074947347e-09    3.4783374097679953e-15
13    1.2773787829139377e-08    3.1934469572848442e-09    8.285473002134225e-16
14    1.2773790926054462e-08    3.1934477315136156e-09    5.431852884152377e-17
15    1.2773791481165975e-08    3.1934478702914937e-09    8.44593492366208e-17
16    1.2773791322872458e-08    3.1934478307181144e-09    4.4885969940899884e-17
17    1.2773791627750108e-08    3.193447906937527e-09    1.2110538266663085e-16
18    1.2773791627316428e-08    3.193447906829107e-09    1.209969624493823e-16
19    1.2773791839386373e-08    3.193447959846593e-09    1.7401444868392346e-16
20    1.2773791602162937e-08    3.1934479005407343e-09    1.1470858984896637e-16
21    1.2773791609535512e-08    3.193447902383878e-09    1.1655173354219173e-16
22    1.2773791864106182e-08    3.1934479660265455e-09    1.8019440106709084e-16
23    1.2773791308127308e-08    3.193447827031827e-09    4.119968255444917e-17
24    1.277379158828515e-08    3.1934478970712873e-09    1.1123914289701275e-16
25    1.2773791367107906e-08    3.1934478417769765e-09    5.594483210025203e-17
26    1.277379167372028e-08    3.19344791843007e-09    1.325979256949772e-16
27    1.2773791477262847e-08    3.1934478693157117e-09    8.348356728138384e-17
28    1.277379158394834e-08    3.193447895987085e-09    1.1015494072452725e-16
29    1.2773791781273136e-08    3.193447945318284e-09    1.594861395726177e-16
30    1.2773791626015385e-08    3.1934479065038462e-09    1.2067170179763664e-16
31    1.2773791812498159e-08    3.1934479531245397e-09    1.6729239521451333e-16
32    1.277379136407214e-08    3.193447841018035e-09    5.5185890579512176e-17
33    1.2773791742241858e-08    3.1934479355604645e-09    1.4972832002024816e-16
34    1.277379132373982e-08    3.193447830934955e-09    4.5102810375396984e-17
35    1.2773791576575766e-08    3.1934478941439415e-09    1.0831179703130189e-16
36    1.277379160346398e-08    3.193447900865995e-09    1.1503385050071202e-16
37    1.2773791205344942e-08    3.1934478013362355e-09    1.5504091066542713e-17
38    1.2773791367541587e-08    3.1934478418853968e-09    5.605325231750058e-17
39    1.2773791800788775e-08    3.193447950197194e-09    1.6436504934880247e-16
40    1.2773791439966292e-08    3.193447859991573e-09    7.41594285980085e-17
41    1.2773791172385196e-08    3.193447793096299e-09    7.26415455565288e-18
42    1.2773791330678713e-08    3.1934478326696783e-09    4.683753385137379e-17
43    1.2773791587851469e-08    3.193447896962867e-09    1.111307226797642e-16
44    1.2773791631219555e-08    3.193447907804889e-09    1.2197274440461925e-16
45    1.277379175308388e-08    3.19344793827097e-09    1.5243882545146192e-16
46    1.277379149851321e-08    3.1934478746283024e-09    8.879615792656281e-17
47    1.2773791502850018e-08    3.1934478757125045e-09    8.988036009904832e-17
48    1.2773791943903462e-08    3.1934479859758655e-09    2.0014372104082412e-16
49    1.277379151369204e-08    3.19344787842301e-09    9.259086553026208e-17
50    1.2773791306392585e-08    3.193447826598146e-09    4.0766001685454967e-17
51    1.2773791572672638e-08    3.1934478931681595e-09    1.0733601507606494e-16
52    1.2773791667648748e-08    3.193447916912187e-09    1.3108004265349749e-16
53    1.2773791391827716e-08    3.193447847956929e-09    6.21247844834194e-17
54    1.2773791447772548e-08    3.193447861943137e-09    7.611099250848241e-17
55    1.277379150892155e-08    3.1934478772303876e-09    9.139824314052802e-17
56    1.2773791531472956e-08    3.193447882868239e-09    9.703609443745265e-17
57    1.277379162861747e-08    3.1934479071543675e-09    1.2132222310112795e-16
58    1.2773791378383609e-08    3.193447844595902e-09    5.876375774871434e-17
59    1.2773791363204778e-08    3.1934478408011946e-09    5.4969050145015075e-17
60    1.2773791776936327e-08    3.193447944234082e-09    1.584019374001322e-16
61    1.2773791715787325e-08    3.1934479289468312e-09    1.4311468676808659e-16
62    1.277379160346398e-08    3.193447900865995e-09    1.1503385050071202e-16
63    1.2773791086516384e-08    3.193447771629096e-09    1.4203048459560108e-17
64    1.2773791774767923e-08    3.1934479436919808e-09    1.5785983631388945e-16
65    1.277379171795573e-08    3.1934479294889323e-09    1.4365678785432934e-16
66    1.2773791496778486e-08    3.1934478741946215e-09    8.836247705756861e-17
67    1.2773791308127308e-08    3.193447827031827e-09    4.119968255444917e-17
68    1.2773791301188414e-08    3.1934478252971035e-09    3.946495907847236e-17
69    1.2773791161109493e-08    3.1934477902773734e-09    4.445228907190568e-18
70    1.2773792166381748e-08    3.193448041595437e-09    2.557632924893305e-16
71    1.2773791724027261e-08    3.1934479310068153e-09    1.4517467089580904e-16
72    1.2773791508054189e-08    3.193447877013547e-09    9.118140270603092e-17
73    1.2773791650735195e-08    3.1934479126837986e-09    1.2685165418080402e-16
74    1.2773791036209403e-08    3.1934477590523508e-09    2.677979366039196e-17
75    1.277379133371448e-08    3.19344783342862e-09    4.7596475372113645e-17
76    1.2773792266128348e-08    3.193448066532087e-09    2.806999424564971e-16
77    1.2773791051821914e-08    3.1934477629554786e-09    2.2876665839444144e-17
78    1.2773792020664976e-08    3.193448005166244e-09    2.1933409949381755e-16
79    1.277379144386942e-08    3.193447860967355e-09    7.513521055324546e-17
80    1.2773791531906636e-08    3.193447882976659e-09    9.71445146547012e-17
81    1.277379118452826e-08    3.193447796132065e-09    1.0299920638612292e-17
82    1.2773791479431251e-08    3.193447869857813e-09    8.402566836762659e-17
83    1.2773791509788912e-08    3.193447877447228e-09    9.161508357502512e-17
84    1.2773791402669737e-08    3.1934478506674344e-09    6.483528991463317e-17
85    1.2773790997178125e-08    3.1934477492945312e-09    3.65376132127615e-17
86    1.2773791779538413e-08    3.193447944884603e-09    1.590524587036235e-16
87    1.2773791914846844e-08    3.193447978711711e-09    1.9287956648517124e-16
88    1.2773792265694667e-08    3.1934480664236667e-09    2.8059152223924855e-16
89    1.2773791804691903e-08    3.1934479511729758e-09    1.6534083130403943e-16
90    1.2773791451675676e-08    3.193447862918919e-09    7.708677446371937e-17
91    1.2773791167181026e-08    3.1934477917952564e-09    5.9631119486702744e-18
92    1.2773791921352057e-08    3.193447980338014e-09    1.945058697438995e-16
93    1.2773791581779936e-08    3.193447895444984e-09    1.096128396382845e-16
94    1.2773791880152374e-08    3.1934479700380936e-09    1.842059491052872e-16
95    1.2773791517595168e-08    3.193447879398792e-09    9.356664748549903e-17
96    1.277379188275446e-08    3.193447970688615e-09    1.848564704087785e-16
97    1.2773791400935014e-08    3.1934478502337535e-09    6.440160904563896e-17
98    1.2773791466420825e-08    3.1934478666052063e-09    8.077306185017008e-17
99    1.2773791710583154e-08    3.1934479276457886e-09    1.4181364416110398e-16
100    1.2773791590019873e-08    3.1934478975049682e-09    1.1167282376600696e-16
101    1.277379104921983e-08    3.1934477623049573e-09    2.3527187142935446e-17
102    1.2773791160242132e-08    3.193447790060533e-09    4.228388472693467e-18
103    1.2773791411343355e-08    3.1934478528358387e-09    6.700369425960417e-17
104    1.2773791479431251e-08    3.193447869857813e-09    8.402566836762659e-17
105    1.277379118973243e-08    3.1934477974331077e-09    1.1600963245594897e-17
106    1.2773791383154098e-08    3.1934478457885246e-09    5.99563801384484e-17
107    1.2773791814232882e-08    3.1934479535582205e-09    1.6772607608350754e-16
108    1.2773792048854232e-08    3.193448012213558e-09    2.2638141361497333e-16
109    1.2773791270830753e-08    3.1934478177076883e-09    3.187554387107383e-17
110    1.2773791537544488e-08    3.193447884386122e-09    9.855397747893235e-17
111    1.2773791819437053e-08    3.193447954859263e-09    1.6902711869049014e-16
112    1.2773791595657724e-08    3.193447898914431e-09    1.1308228659023811e-16
113    1.2773790993708678e-08    3.1934477484271695e-09    3.74049749507499e-17
114    1.2773791377949928e-08    3.193447844487482e-09    5.865533753146579e-17
115    1.2773791625148023e-08    3.193447906287006e-09    1.2045486136313954e-16
116    1.277379151369204e-08    3.19344787842301e-09    9.259086553026208e-17
117    1.2773791516727806e-08    3.1934478791819515e-09    9.334980705100193e-17
118    1.2773791874080842e-08    3.1934479685202105e-09    1.826880660638075e-16
119    1.277379173790505e-08    3.1934479344762623e-09    1.4864411784776266e-16
120    1.2773792031073317e-08    3.193448007768329e-09    2.2193618470778276e-16
121    1.2773791914413163e-08    3.1934479786032907e-09    1.927711462679227e-16
122    1.2773791604331342e-08    3.1934479010828354e-09    1.1525069093520912e-16
123    1.2773791786477307e-08    3.1934479466193266e-09    1.607871821796003e-16
124    1.2773791750481794e-08    3.1934479376204486e-09    1.5178830414797062e-16
125    1.2773791616908087e-08    3.1934479042270217e-09    1.1839487723541708e-16
126    1.2773791592188277e-08    3.1934478980470693e-09    1.122149248522497e-16
127    1.2773791527136147e-08    3.1934478817840367e-09    9.595189226496714e-17
128    1.2773792026736508e-08    3.193448006684127e-09    2.2085198253529725e-16
129    1.2773791371011034e-08    3.1934478427527585e-09    5.692061405548898e-17
130    1.2773791378383609e-08    3.193447844595902e-09    5.876375774871434e-17
131    1.2773791213151198e-08    3.1934478032877994e-09    1.745565497701662e-17
132    1.277379167849077e-08    3.1934479196226925e-09    1.3379054808471125e-16
133    1.2773791593055639e-08    3.1934478982639097e-09    1.124317652867468e-16
134    1.2773791268228668e-08    3.193447817057167e-09    3.122502256758253e-17
135    1.2773791468155549e-08    3.193447867038887e-09    8.120674271916428e-17
136    1.2773792000281975e-08    3.1934480000704937e-09    2.1423834928313568e-16
137    1.2773791366240544e-08    3.193447841560136e-09    5.572799166575493e-17
138    1.2773791485502783e-08    3.193447871375696e-09    8.55435514091063e-17
139    1.2773791529304551e-08    3.193447882326138e-09    9.64939933512099e-17
140    1.2773791627750108e-08    3.193447906937527e-09    1.2110538266663085e-16
141    1.27737915236667e-08    3.193447880916675e-09    9.508453052697874e-17
142    1.2773792007220869e-08    3.193448001805217e-09    2.1597307275911248e-16
143    1.2773791594356682e-08    3.1934478985891704e-09    1.1275702593849246e-16
144    1.2773791634689002e-08    3.1934479086722506e-09    1.2284010614260765e-16
145    1.2773792098727532e-08    3.193448024681883e-09    2.3884973859855663e-16
146    1.2773791977296889e-08    3.1934479943242222e-09    2.084920777689625e-16
147    1.2773791412644397e-08    3.1934478531610994e-09    6.732895491134983e-17
148    1.2773791924821504e-08    3.193447981205376e-09    1.953732314818879e-16
149    1.2773791604331342e-08    3.1934479010828354e-09    1.1525069093520912e-16
150    1.277379106916915e-08    3.1934477672922873e-09    1.8539857149502126e-17
151    1.2773791240473092e-08    3.193447810118273e-09    2.42861286636753e-17
152    1.2773791726195666e-08    3.1934479315489164e-09    1.457167719820518e-16
153    1.2773791467288187e-08    3.1934478668220467e-09    8.098990228466718e-17
154    1.2773791774767923e-08    3.1934479436919808e-09    1.5785983631388945e-16
155    1.2773791218355368e-08    3.193447804588842e-09    1.8756697583999227e-17
156    1.2773791874514523e-08    3.1934479686286307e-09    1.8279648628105605e-16
157    1.277379152410038e-08    3.193447881025095e-09    9.519295074422729e-17
158    1.2773792321639499e-08    3.1934480804098747e-09    2.9457773026431155e-16
159    1.2773791978597931e-08    3.193447994649483e-09    2.0881733842070815e-16
160    1.277379162861747e-08    3.1934479071543675e-09    1.2132222310112795e-16
161    1.2773791720124134e-08    3.1934479300310334e-09    1.441988889405721e-16
162    1.2773792229265474e-08    3.1934480573163684e-09    2.714842239903703e-16
163    1.2773791314632521e-08    3.1934478286581303e-09    4.2825985813177425e-17
164    1.2773791955612845e-08    3.1934479889032114e-09    2.0307106690653498e-16
165    1.2773791278203328e-08    3.193447819550832e-09    3.371868756429919e-17
166    1.2773791547952829e-08    3.193447886988207e-09    1.0115606269289756e-16
167    1.2773792034109083e-08    3.1934480085272707e-09    2.226951262285226e-16
168    1.2773791640760535e-08    3.1934479101901336e-09    1.2435798918408736e-16
169    1.2773791191900835e-08    3.1934477979752088e-09    1.214306433183765e-17
170    1.2773791447338867e-08    3.1934478618347167e-09    7.600257229123386e-17
171    1.2773791706246346e-08    3.1934479265615864e-09    1.4072944198861848e-16
172    1.2773791794283562e-08    3.1934479485708905e-09    1.6273874609007422e-16
173    1.2773791501115295e-08    3.1934478752788237e-09    8.944667923005412e-17
174    1.277379168369494e-08    3.193447920923735e-09    1.3509159069169385e-16
175    1.2773791442134697e-08    3.193447860533674e-09    7.470152968425126e-17
176    1.2773791612137597e-08    3.1934479030343993e-09    1.1720225484568303e-16
177    1.2773791647699428e-08    3.193447911924857e-09    1.2609271266006417e-16
178    1.2773791735302964e-08    3.193447933825741e-09    1.4799359654427136e-16
179    1.2773791326341905e-08    3.193447831585476e-09    4.575333167888829e-17
180    1.277379170798107e-08    3.1934479269952673e-09    1.4116312285761268e-16
181    1.277379105485768e-08    3.19344776371442e-09    2.211772431870429e-17
182    1.2773791906606907e-08    3.193447976651727e-09    1.9081958235744878e-16
183    1.2773790980698252e-08    3.193447745174563e-09    4.0657581468206416e-17
184    1.2773791900535375e-08    3.1934479751338438e-09    1.8930169931596907e-16
185    1.2773791205778623e-08    3.1934478014446557e-09    1.5612511283791264e-17
186    1.2773791884489183e-08    3.1934479711222957e-09    1.852901512777727e-16
187    1.2773791116006683e-08    3.1934477790016708e-09    6.830473686658678e-18
188    1.2773792209749835e-08    3.1934480524374587e-09    2.6660531421418554e-16
189    1.2773791539712892e-08    3.193447884928223e-09    9.90960785651751e-17
190    1.2773791730966155e-08    3.193447932741539e-09    1.4690939437178585e-16
191    1.2773791426088504e-08    3.193447856522126e-09    7.068998164605489e-17
192    1.277379168803175e-08    3.1934479220079373e-09    1.3617579286417936e-16
193    1.2773791277335966e-08    3.1934478193339916e-09    3.350184712980209e-17
194    1.277379175308388e-08    3.19344793827097e-09    1.5243882545146192e-16
195    1.2773791237003645e-08    3.1934478092509114e-09    2.3418766925686896e-17
196    1.2773791662010897e-08    3.1934479155027243e-09    1.2967057982926633e-16
197    1.2773791810329754e-08    3.1934479525824386e-09    1.6675029412827058e-16
198    1.277379175351756e-08    3.19344793837939e-09    1.5254724566871047e-16
199    1.2773791571805276e-08    3.193447892951319e-09    1.0711917464156784e-16
200    1.2773791482033336e-08    3.193447870508334e-09    8.46761896711179e-17
201    1.2773791205344942e-08    3.1934478013362355e-09    1.5504091066542713e-17
202    1.2773791348025948e-08    3.193447837006487e-09    5.117434254131581e-17
203    1.2773791452109357e-08    3.193447863027339e-09    7.719519468096792e-17
204    1.277379143909893e-08    3.1934478597747326e-09    7.39425881635114e-17
205    1.2773791518028849e-08    3.193447879507212e-09    9.367506770274758e-17
206    1.277379149374272e-08    3.19344787343568e-09    8.760353553682876e-17
207    1.2773791278203328e-08    3.193447819550832e-09    3.371868756429919e-17
208    1.2773791146798025e-08    3.193447786699506e-09    8.673617379884035e-19
209    1.2773791542314977e-08    3.1934478855787443e-09    9.974659986866641e-17
210    1.2773791476395485e-08    3.1934478690988713e-09    8.326672684688674e-17
211    1.2773791678924451e-08    3.1934479197311127e-09    1.338989683019598e-16
212    1.2773791462517697e-08    3.1934478656294243e-09    7.979727989493313e-17
213    1.2773791842422139e-08    3.1934479606055347e-09    1.7477339020466331e-16
214    1.2773791680225494e-08    3.1934479200563734e-09    1.3422422895370545e-16
215    1.2773791250881433e-08    3.1934478127203583e-09    2.688821387764051e-17
216    1.2773791565300063e-08    3.193447891325016e-09    1.0549287138283958e-16
217    1.2773791109067789e-08    3.1934477772669473e-09    8.565197162635485e-18
218    1.2773791619510172e-08    3.193447904877543e-09    1.1904539853890839e-16
219    1.2773791821171776e-08    3.193447955292944e-09    1.6946079955948434e-16
220    1.2773791876682927e-08    3.193447969170732e-09    1.833385873672988e-16
221    1.277379117932409e-08    3.1934477948310225e-09    8.998878031629687e-18
222    1.2773791567468468e-08    3.193447891867117e-09    1.0603497246908233e-16
223    1.2773791966454867e-08    3.1934479916137168e-09    2.0578157233774874e-16
224    1.2773791695838005e-08    3.1934479239595012e-09    1.3812735677465326e-16
225    1.2773791830712755e-08    3.1934479576781888e-09    1.7184604433895245e-16
226    1.2773792198474132e-08    3.193448049618533e-09    2.6378638856572323e-16
227    1.2773791681092855e-08    3.193447920273214e-09    1.3444106938820255e-16
228    1.27737916936696e-08    3.1934479234174e-09    1.3758525568841051e-16
229    1.2773791280371732e-08    3.193447820092933e-09    3.426078865054194e-17
230    1.2773791358434289e-08    3.193447839608572e-09    5.377642775528102e-17
231    1.2773791579177851e-08    3.1934478947944628e-09    1.089623183347932e-16
232    1.2773791875815566e-08    3.1934479689538914e-09    1.831217469328017e-16
233    1.2773791731399836e-08    3.193447932849959e-09    1.470178145890344e-16
234    1.2773791812498159e-08    3.1934479531245397e-09    1.6729239521451333e-16
235    1.2773791268662349e-08    3.1934478171655872e-09    3.133344278483108e-17
236    1.277379178300786e-08    3.193447945751965e-09    1.599198204416119e-16
237    1.2773791253049838e-08    3.1934478132624594e-09    2.7430314963883262e-17
238    1.2773792440468057e-08    3.1934481101170142e-09    3.242848697904144e-16
239    1.2773791505885784e-08    3.193447876471446e-09    9.063930161978817e-17
240    1.2773792031073317e-08    3.193448007768329e-09    2.2193618470778276e-16
241    1.277379151889621e-08    3.1934478797240526e-09    9.389190813724468e-17
242    1.2773791432593717e-08    3.1934478581484294e-09    7.231628490478315e-17
243    1.2773791496344805e-08    3.1934478740862013e-09    8.825405684032006e-17
244    1.2773791989439953e-08    3.1934479973599883e-09    2.1152784385192192e-16
245    1.2773791270397072e-08    3.193447817599268e-09    3.176712365382528e-17
246    1.2773791966021186e-08    3.1934479915052966e-09    2.056731521205002e-16
247    1.2773791296417925e-08    3.193447824104481e-09    3.8272336688738307e-17
248    1.2773792060563616e-08    3.193448015140904e-09    2.293087594806842e-16
249    1.2773791861504097e-08    3.1934479653760242e-09    1.7954387976359953e-16
250    1.2773791143328578e-08    3.1934477858321444e-09    0.0
251    1.277379163338796e-08    3.19344790834699e-09    1.22514845490862e-16
252    1.2773791656373046e-08    3.1934479140932615e-09    1.2826111700503517e-16
253    1.2773791561396936e-08    3.193447890349234e-09    1.0451708942760263e-16
254    1.2773791321137734e-08    3.1934478302844335e-09    4.445228907190568e-17
255    1.2773791402669737e-08    3.1934478506674344e-09    6.483528991463317e-17
256    1.2773791326775585e-08    3.1934478316938963e-09    4.586175189613684e-17
257    1.2773791426088504e-08    3.193447856522126e-09    7.068998164605489e-17
258    1.2773791662444578e-08    3.1934479156111445e-09    1.2977900004651488e-16
259    1.2773791656806727e-08    3.1934479142016817e-09    1.2836953722228372e-16
260    1.2773791560529574e-08    3.1934478901323934e-09    1.0430024899310553e-16
261    1.27737916732866e-08    3.19344791832165e-09    1.3248950547772864e-16
262    1.2773791155037961e-08    3.1934477887594903e-09    2.927345865710862e-18
263    1.2773791719690453e-08    3.193447929922613e-09    1.4409046872332354e-16
264    1.2773791883621821e-08    3.1934479709054553e-09    1.850733108432756e-16
265    1.277379153884553e-08    3.1934478847113826e-09    9.8879238130678e-17
266    1.2773791436063164e-08    3.193447859015791e-09    7.318364664277155e-17
267    1.2773791250881433e-08    3.1934478127203583e-09    2.688821387764051e-17
268    1.277379160389766e-08    3.193447900974415e-09    1.1514227071796057e-16
269    1.2773791120343492e-08    3.193447780085873e-09    5.7462715141731735e-18
270    1.2773791282540137e-08    3.193447820635034e-09    3.480288973678469e-17
271    1.2773791845891586e-08    3.1934479614728964e-09    1.7564075194265172e-16
272    1.277379215250396e-08    3.19344803812599e-09    2.522938455373769e-16
273    1.2773790949039548e-08    3.193447737259887e-09    4.85722573273506e-17
274    1.2773792030205955e-08    3.1934480075514887e-09    2.2171934427328566e-16
275    1.2773791350628033e-08    3.1934478376570083e-09    5.182486384480711e-17
276    1.2773791452976718e-08    3.1934478632441796e-09    7.741203511546502e-17
277    1.2773791295984244e-08    3.193447823996061e-09    3.8163916471489756e-17
278    1.2773791336316564e-08    3.193447834079141e-09    4.824699667560495e-17
279    1.2773790877048524e-08    3.193447719262131e-09    6.657001339060997e-17
280    1.27737922422759e-08    3.193448060568975e-09    2.747368305078268e-16
281    1.2773791727063027e-08    3.193447931765757e-09    1.459336124165489e-16
282    1.2773791747012347e-08    3.193447936753087e-09    1.5092094240998222e-16
283    1.2773791953444441e-08    3.1934479883611103e-09    2.0252896582029223e-16
284    1.2773791567034787e-08    3.1934478917586967e-09    1.0592655225183378e-16
285    1.2773792175055365e-08    3.1934480437638413e-09    2.579316968343015e-16
286    1.2773792394931566e-08    3.1934480987328914e-09    3.129007469793166e-16
287    1.2773792024134423e-08    3.1934480060336057e-09    2.2020146123180595e-16
288    1.277379174831339e-08    3.1934479370783475e-09    1.5124620306172787e-16
289    1.2773791172818877e-08    3.1934477932047192e-09    7.37257477290143e-18
290    1.2773791326775585e-08    3.1934478316938963e-09    4.586175189613684e-17
291    1.2773791515860444e-08    3.193447878965111e-09    9.313296661650483e-17
292    1.2773791335015522e-08    3.1934478337538805e-09    4.7921736023859296e-17
293    1.2773791335015522e-08    3.1934478337538805e-09    4.7921736023859296e-17
294    1.277379171838941e-08    3.1934479295973525e-09    1.437652080715779e-16
295    1.2773791774767923e-08    3.1934479436919808e-09    1.5785983631388945e-16
296    1.2773791528003509e-08    3.193447882000877e-09    9.616873269946424e-17
297    1.2773791644663662e-08    3.1934479111659156e-09    1.2533377113932431e-16
298    1.2773791464686102e-08    3.1934478661715254e-09    8.033938098117588e-17
299    1.2773791656806727e-08    3.1934479142016817e-09    1.2836953722228372e-16
300    1.2773791963852782e-08    3.1934479909631955e-09    2.0513105103425744e-16
301    1.2773791502850018e-08    3.1934478757125045e-09    8.988036009904832e-17
302    1.277379173790505e-08    3.1934479344762623e-09    1.4864411784776266e-16
303    1.2773791267794987e-08    3.193447816948747e-09    3.111660235033398e-17
304    1.2773791915280525e-08    3.193447978820131e-09    1.929879867024198e-16
305    1.2773792038879572e-08    3.193448009719893e-09    2.2388774861825667e-16
306    1.277379201762921e-08    3.1934480044073024e-09    2.185751579730777e-16
307    1.2773791402236057e-08    3.193447850559014e-09    6.472686969738461e-17
308    1.277379242181978e-08    3.193448105454945e-09    3.196228004487267e-16
309    1.2773791861504097e-08    3.1934479653760242e-09    1.7954387976359953e-16
310    1.2773791108200427e-08    3.193447777050107e-09    8.782037597132586e-18
311    1.277379151846253e-08    3.1934478796156324e-09    9.378348791999613e-17
312    1.2773791234835241e-08    3.1934478087088103e-09    2.2876665839444144e-17
313    1.2773791651168875e-08    3.193447912792219e-09    1.2696007439805257e-16
314    1.2773791682393898e-08    3.1934479205984745e-09    1.347663300399482e-16
315    1.2773791167181026e-08    3.1934477917952564e-09    5.9631119486702744e-18
316    1.2773791505452103e-08    3.193447876363026e-09    9.053088140253962e-17
317    1.2773791782140498e-08    3.1934479455351245e-09    1.597029800071148e-16
318    1.2773792057094169e-08    3.193448014273542e-09    2.284413977426958e-16
319    1.2773791331546075e-08    3.1934478328865187e-09    4.705437428587089e-17
320    1.2773791714486282e-08    3.1934479286215706e-09    1.4278942611634093e-16
321    1.2773791468155549e-08    3.193447867038887e-09    8.120674271916428e-17
322    1.2773791479431251e-08    3.193447869857813e-09    8.402566836762659e-17
323    1.2773791692802239e-08    3.1934479232005597e-09    1.373684152539134e-16
324    1.2773791669383472e-08    3.193447917345868e-09    1.315137235224917e-16
325    1.277379148376806e-08    3.193447870942015e-09    8.51098705401121e-17
326    1.2773791940000334e-08    3.1934479850000835e-09    1.9916793908558716e-16
327    1.2773791292081116e-08    3.193447823020279e-09    3.71881345162528e-17
328    1.2773791639893173e-08    3.193447909973293e-09    1.2414114874959026e-16
329    1.277379145384408e-08    3.19344786346102e-09    7.762887554996212e-17
330    1.2773791627316428e-08    3.193447906829107e-09    1.209969624493823e-16
331    1.2773791629918513e-08    3.193447907479628e-09    1.216474837528736e-16
332    1.2773791224860581e-08    3.1934478062151453e-09    2.0383000842727483e-17
333    1.2773791895764885e-08    3.1934479739412214e-09    1.8810907692623502e-16
334    1.2773791826375946e-08    3.1934479565939866e-09    1.7076184216646695e-16
335    1.2773791225727943e-08    3.1934478064319857e-09    2.0599841277224584e-17
336    1.2773791348025948e-08    3.193447837006487e-09    5.117434254131581e-17
337    1.2773791976863208e-08    3.193447994215802e-09    2.0838365755171395e-16
338    1.2773791597826128e-08    3.193447899456532e-09    1.1362438767648086e-16
339    1.2773791312464117e-08    3.193447828116029e-09    4.228388472693467e-17
340    1.2773792021098657e-08    3.193448005274664e-09    2.194425197110661e-16
341    1.2773791448206229e-08    3.193447862051557e-09    7.621941272573096e-17
342    1.2773791589586192e-08    3.193447897396548e-09    1.115644035487584e-16
343    1.2773791377949928e-08    3.193447844487482e-09    5.865533753146579e-17
344    1.2773790975494081e-08    3.1934477438735204e-09    4.195862407518902e-17
345    1.277379163382164e-08    3.19344790845541e-09    1.2262326570811055e-16
346    1.277379196255174e-08    3.193447990637935e-09    2.0480579038251179e-16
347    1.2773791570070553e-08    3.1934478925176382e-09    1.0668549377257364e-16
348    1.2773791235702603e-08    3.1934478089256507e-09    2.3093506273941244e-17
349    1.2773791308560989e-08    3.1934478271402472e-09    4.130810277169772e-17
350    1.2773791925255185e-08    3.193447981313796e-09    1.9548165169913645e-16
351    1.2773791789079392e-08    3.193447947269848e-09    1.614377034830916e-16
352    1.2773791864539863e-08    3.1934479661349657e-09    1.8030282128433939e-16
353    1.2773791555325403e-08    3.193447888831351e-09    1.0299920638612292e-16
354    1.2773792261791539e-08    3.1934480654478847e-09    2.796157402840116e-16
355    1.2773791364505821e-08    3.1934478411264552e-09    5.5294310796760726e-17
356    1.2773791694970643e-08    3.1934479237426608e-09    1.3791051634015616e-16
357    1.2773791746144986e-08    3.1934479365362464e-09    1.5070410197548512e-16
358    1.2773791151134833e-08    3.1934477877837084e-09    1.951563910473908e-18
359    1.2773791772599519e-08    3.1934479431498797e-09    1.573177352276467e-16
360    1.2773791520197253e-08    3.1934478800493132e-09    9.421716878899034e-17
361    1.2773791271698115e-08    3.1934478179245288e-09    3.209238430557093e-17
362    1.2773792043650062e-08    3.1934480109125155e-09    2.250803710079907e-16
363    1.2773792241408538e-08    3.1934480603521345e-09    2.745199900733297e-16
364    1.2773791130318152e-08    3.193447782579538e-09    3.2526065174565133e-18
365    1.277379170841475e-08    3.1934479271036875e-09    1.4127154307486123e-16
366    1.2773791505018423e-08    3.1934478762546056e-09    9.042246118529107e-17
367    1.2773791331979756e-08    3.193447832994939e-09    4.716279450311944e-17
368    1.2773791053556638e-08    3.1934477633891595e-09    2.2442984970449942e-17
369    1.27737910249337e-08    3.193447756233425e-09    2.959871930885427e-17
370    1.277379160346398e-08    3.193447900865995e-09    1.1503385050071202e-16
371    1.2773791776936327e-08    3.193447944234082e-09    1.584019374001322e-16
372    1.2773792048420551e-08    3.193448012105138e-09    2.262729933977248e-16
373    1.2773791295116882e-08    3.1934478237792205e-09    3.7947076036992655e-17
374    1.2773791475094443e-08    3.1934478687736106e-09    8.294146619514109e-17
375    1.277379141394544e-08    3.19344785348636e-09    6.765421556309548e-17
376    1.2773791521064615e-08    3.1934478802661537e-09    9.443400922348744e-17
377    1.277379182854435e-08    3.1934479571360877e-09    1.713039432527097e-16
378    1.277379230255754e-08    3.193448075639385e-09    2.8980724070537534e-16
379    1.2773791519329891e-08    3.193447879832473e-09    9.400032835449323e-17
380    1.2773790962049975e-08    3.1934477405124936e-09    4.5319650809894085e-17
381    1.2773791824641223e-08    3.1934479561603057e-09    1.7032816129747275e-16
382    1.2773791767395348e-08    3.193447941848837e-09    1.560166926206641e-16
383    1.2773791232233156e-08    3.193447808058289e-09    2.222614453595284e-17
384    1.277379188795863e-08    3.1934479719896575e-09    1.861575130157611e-16
385    1.2773791331546075e-08    3.1934478328865187e-09    4.705437428587089e-17
386    1.2773792011991358e-08    3.1934480029978396e-09    2.1716569514884654e-16
387    1.2773791602162937e-08    3.1934479005407343e-09    1.1470858984896637e-16
388    1.2773792035843806e-08    3.1934480089609515e-09    2.231288070975168e-16
389    1.2773790947304825e-08    3.1934477368262063e-09    4.90059381963448e-17
390    1.2773791310295712e-08    3.193447827573928e-09    4.174178364069192e-17
391    1.2773791619943853e-08    3.193447904985963e-09    1.1915381875615694e-16
392    1.2773791562697978e-08    3.1934478906744945e-09    1.0484235007934828e-16
393    1.2773791310729393e-08    3.1934478276823483e-09    4.185020385794047e-17
394    1.2773791500681614e-08    3.1934478751704035e-09    8.933825901280557e-17
395    1.2773791370577353e-08    3.1934478426443383e-09    5.681219383824043e-17
396    1.2773791642495258e-08    3.1934479106238145e-09    1.2479167005308156e-16
397    1.2773791896632247e-08    3.193447974158062e-09    1.8832591736073212e-16
398    1.2773792138192491e-08    3.193448034548123e-09    2.487159783681747e-16
399    1.2773791715353644e-08    3.193447928838411e-09    1.4300626655083803e-16
400    1.2773791934796164e-08    3.193447983699041e-09    1.9786689647860456e-16
401    1.2773791166313664e-08    3.193447791578416e-09    5.7462715141731735e-18
402    1.2773790985902422e-08    3.1934477464756056e-09    3.935653886122381e-17
403    1.277379139356244e-08    3.19344784839061e-09    6.25584653524136e-17
404    1.2773791447772548e-08    3.193447861943137e-09    7.611099250848241e-17
405    1.2773790802455415e-08    3.1934477006138537e-09    8.521829075736065e-17
406    1.2773791747446028e-08    3.193447936861507e-09    1.5102936262723077e-16
407    1.2773792243576942e-08    3.1934480608942356e-09    2.7506209115957247e-16
408    1.2773792288679753e-08    3.193448072169938e-09    2.863377937534217e-16
409    1.2773791815100244e-08    3.193447953775061e-09    1.6794291651800464e-16
410    1.2773791388358269e-08    3.193447847089567e-09    6.1257422745431e-17
411    1.2773791738772411e-08    3.1934479346931027e-09    1.4886095828225976e-16
412    1.2773792529806316e-08    3.193448132451579e-09    3.4661943454361577e-16
413    1.2773791176722005e-08    3.193447794180501e-09    8.348356728138384e-18
414    1.2773791624280662e-08    3.1934479060701654e-09    1.2023802092864244e-16
415    1.2773791469890272e-08    3.193447867472568e-09    8.164042358815848e-17
416    1.2773791645531024e-08    3.193447911382756e-09    1.2555061157382141e-16
417    1.2773791660276174e-08    3.1934479150690434e-09    1.2923689896027213e-16
418    1.277379202803755e-08    3.1934480070093876e-09    2.211772431870429e-16
419    1.2773791313331478e-08    3.1934478283328696e-09    4.2500725161431774e-17
420    1.2773791627316428e-08    3.193447906829107e-09    1.209969624493823e-16
421    1.2773791461216655e-08    3.1934478653041637e-09    7.947201924318748e-17
422    1.2773791220957453e-08    3.1934478052393633e-09    1.940721888749053e-17
423    1.277379164336262e-08    3.193447910840655e-09    1.2500851048757866e-16
424    1.2773791473359719e-08    3.1934478683399298e-09    8.250778532614689e-17
425    1.2773791629918513e-08    3.193447907479628e-09    1.216474837528736e-16
426    1.2773791752216518e-08    3.1934479380541295e-09    1.5222198501696482e-16
427    1.2773791774334242e-08    3.1934479435835605e-09    1.577514160966409e-16
428    1.2773791925255185e-08    3.193447981313796e-09    1.9548165169913645e-16
429    1.2773791146364344e-08    3.193447786591086e-09    7.589415207398531e-19
430    1.2773791665914025e-08    3.1934479164785062e-09    1.3064636178450328e-16
431    1.277379103490836e-08    3.19344775872709e-09    2.710505431213761e-17
432    1.2773791374914162e-08    3.1934478437285405e-09    5.789639601072594e-17
433    1.2773791626882747e-08    3.1934479067206867e-09    1.2088854223213374e-16
434    1.2773792388426353e-08    3.193448097106588e-09    3.112744437205883e-16
435    1.2773791461216655e-08    3.1934478653041637e-09    7.947201924318748e-17
436    1.2773791765660625e-08    3.193447941415156e-09    1.5558301175166989e-16
437    1.2773791936530887e-08    3.193447984132722e-09    1.9830057734759876e-16
438    1.2773791904004822e-08    3.1934479760012055e-09    1.9016906105395748e-16
439    1.2773791521931976e-08    3.193447880482994e-09    9.465084965798454e-17
440    1.2773791590887235e-08    3.1934478977218086e-09    1.1188966420050406e-16
441    1.2773791828978032e-08    3.193447957244508e-09    1.7141236346995825e-16
442    1.2773792028904912e-08    3.193448007226228e-09    2.2139408362154e-16
443    1.2773791826375946e-08    3.1934479565939866e-09    1.7076184216646695e-16
444    1.2773791771732157e-08    3.1934479429330392e-09    1.571008947931496e-16
445    1.277379134889331e-08    3.1934478372233274e-09    5.139118297581291e-17
446    1.2773792129085193e-08    3.1934480322712983e-09    2.4643915380595516e-16
447    1.2773791248279348e-08    3.193447812069837e-09    2.6237692574149207e-17
448    1.277379203801221e-08    3.1934480095030526e-09    2.2367090818375956e-16
449    1.2773791560095893e-08    3.1934478900239732e-09    1.0419182877585698e-16
450    1.2773791755685965e-08    3.193447938921491e-09    1.5308934675495323e-16
451    1.2773791381853056e-08    3.193447845463264e-09    5.963111948670274e-17
452    1.277379200765455e-08    3.1934480019136374e-09    2.1608149297636103e-16
453    1.2773791469456591e-08    3.193447867364148e-09    8.153200337090993e-17
454    1.2773792518096933e-08    3.193448129524233e-09    3.436920886779049e-16
455    1.2773791669817153e-08    3.193447917454288e-09    1.3162214373974024e-16
456    1.2773791856299926e-08    3.1934479640749816e-09    1.7824283715661693e-16
457    1.2773791438231569e-08    3.193447859557892e-09    7.37257477290143e-17
458    1.2773791497645848e-08    3.193447874411462e-09    8.857931749206571e-17
459    1.2773791297285286e-08    3.1934478243213216e-09    3.848917712323541e-17
460    1.2773791749180752e-08    3.193447937295188e-09    1.5146304349622497e-16
461    1.277379129381584e-08    3.19344782345396e-09    3.7621815385247004e-17
462    1.2773791705812665e-08    3.1934479264531662e-09    1.4062102177136993e-16
463    1.277379157831049e-08    3.1934478945776223e-09    1.087454779002961e-16
464    1.2773792155973407e-08    3.1934480389933517e-09    2.531612072753653e-16
465    1.2773791556192765e-08    3.1934478890481913e-09    1.0321604682062002e-16
466    1.2773791739206092e-08    3.193447934801523e-09    1.489693784995083e-16
467    1.2773791649000471e-08    3.1934479122501178e-09    1.2641797331180982e-16
468    1.2773791465987144e-08    3.193447866496786e-09    8.066464163292153e-17
469    1.2773790991973955e-08    3.1934477479934886e-09    3.7838655819744105e-17
470    1.277379120968175e-08    3.1934478024204377e-09    1.6588293239028218e-17
471    1.2773791222692177e-08    3.193447805673044e-09    1.984089975648473e-17
472    1.277379120447758e-08    3.193447801119395e-09    1.5287250632045613e-17
473    1.2773791378383609e-08    3.193447844595902e-09    5.876375774871434e-17
474    1.2773791287744307e-08    3.1934478219360768e-09    3.61039323437673e-17
475    1.277379168803175e-08    3.1934479220079373e-09    1.3617579286417936e-16
476    1.2773791299887371e-08    3.193447824971843e-09    3.913969842672671e-17
477    1.277379164856679e-08    3.1934479121416975e-09    1.2630955309456127e-16
478    1.2773791756119646e-08    3.1934479390299114e-09    1.5319776697220178e-16
479    1.277379133935233e-08    3.1934478348380826e-09    4.90059381963448e-17
480    1.2773791857600969e-08    3.1934479644002423e-09    1.7856809780836258e-16
481    1.2773791000647572e-08    3.193447750161893e-09    3.5670251474773096e-17
482    1.2773791836350606e-08    3.1934479590876516e-09    1.732555071631836e-16
483    1.2773791391394035e-08    3.1934478478485087e-09    6.201636426617085e-17
484    1.277379133414816e-08    3.19344783353704e-09    4.7704895589362195e-17
485    1.2773787997407554e-08    3.1934469993518885e-09    7.864802559209849e-16
486    1.2773777169697298e-08    3.1934442924243245e-09    3.493407819965544e-15
487    1.2773731713437014e-08    3.1934329283592536e-09    1.485747289087236e-14
488    1.2773556612184073e-08    3.193389153046018e-09    5.863278612627809e-14
489    1.2772916847033494e-08    3.1932292117583735e-09    2.185740737709052e-13
490    1.2770706768559098e-08    3.1926766921397745e-09    7.710936923699396e-13
491    1.2763538123541224e-08    3.190884530885306e-09    2.5632549468385113e-12
492    1.2741846734838636e-08    3.185461683709659e-09    7.986102122485572e-12
493    1.2681047448660082e-08    3.1702618621650205e-09    2.318592366712391e-11
494    1.2524512801002918e-08    3.1311282002507296e-09    6.231958558141487e-11
495    1.2157926696215043e-08    3.039481674053761e-09    1.539661117783836e-10
496    1.1385842602941454e-08    2.8464606507353635e-09    3.46987135096781e-10
497    9.942283320414635e-09    2.485570830103659e-09    7.078769557284856e-10
498    7.580672109139264e-09    1.895168027284816e-09    1.2982797585473285e-09
499    4.250565332000744e-09    1.062641333000186e-09    2.1308064528319584e-09
500    0.0    5.298405659527605e-11    3.1404637292368684e-09
501    0.0    3.227380385509293e-12    3.190220405446635e-09
502    0.0    1.994279307665492e-13    3.193248357901378e-09
503    0.0    1.2357844782207028e-14    3.1934354279873622e-09
504    0.0    6.928051882182373e-16    3.1934470930269562e-09
505    0.0    9.313296661650483e-17    3.193447692699178e-09
506    -0.0    -9.454242944073599e-17    3.193447880374574e-09
507    0.0    9.8879238130678e-17    3.1934476869529063e-09
508    -0.0    -1.5720931501039814e-17    3.193447801553076e-09
509    -0.0    -3.71881345162528e-17    3.193447823020279e-09
510    0.0    1.1709383462843448e-17    3.193447774122761e-09
511    -0.0    -8.890457814381136e-18    3.1934477947226023e-09
512    0.0    1.713039432527097e-17    3.19344776870175e-09
513    0.0    2.8189256484623115e-17    3.193447757642888e-09
514    -0.0    -1.113475631142613e-16    3.1934478971797076e-09
515    -0.0    -7.621941272573096e-17    3.193447862051557e-09
516    -0.0    -1.371515748194163e-16    3.1934479229837193e-09
517    0.0    9.86623976961809e-17    3.1934476871697468e-09
518    0.0    1.093959992037874e-16    3.1934476764361452e-09
519    0.0    1.4929463915125396e-16    3.1934476365375053e-09
520    -0.0    -2.2768245622195593e-18    3.193447788108969e-09
521    0.0    1.3780209612290761e-16    3.1934476480300483e-09
522    -0.0    -1.1058862159352145e-17    3.1934477968910066e-09
523    0.0    4.4994390158148434e-17    3.1934477408377543e-09
524    0.0    3.729655473350135e-17    3.1934477485355897e-09
525    -0.0    -4.228388472693467e-17    3.193447828116029e-09
526    0.0    7.39425881635114e-17    3.1934477118895563e-09
527    0.0    1.43982048506075e-16    3.193447641850096e-09
528    0.0    7.112366251504909e-17    3.193447714708482e-09
529    -0.0    -8.207410445715269e-17    3.193447867906249e-09
530    -0.0    -1.3823577699190182e-16    3.1934479240679214e-09
531    0.0    1.2630955309456127e-16    3.1934476595225914e-09
532    -0.0    -3.838075690598686e-17    3.1934478242129014e-09
533    -0.0    -2.4936649967166602e-17    3.1934478107687944e-09
534    0.0    5.171644362755856e-17    3.193447734115701e-09
535    -0.0    -4.5536491244391186e-17    3.1934478313686357e-09
536    -0.0    -1.8865117801247777e-16    3.1934479744833225e-09
537    0.0    1.0083080204115191e-17    3.1934477757490642e-09
538    -0.0    -3.686287386450715e-17    3.1934478226950183e-09
539    0.0    5.2909066017292616e-17    3.1934477329230784e-09
540    -0.0    -1.1600963245594897e-17    3.1934477974331077e-09
541    0.0    1.0776969594505914e-16    3.1934476780624485e-09
542    0.0    1.1763593571467723e-16    3.1934476681962087e-09
543    -0.0    -1.4094628242311558e-17    3.1934477999267727e-09
544    0.0    3.155028321932818e-17    3.1934477542818612e-09
545    0.0    1.4560835176480325e-16    3.1934476402237927e-09
546    -0.0    -7.784571598445922e-17    3.1934478636778604e-09
547    0.0    8.64109131470947e-17    3.1934476994212313e-09
548    -0.0    -9.6710833785707e-17    3.1934478825429782e-09
549    -0.0    -3.0791341698588326e-17    3.193447816623486e-09
550    -0.0    -1.2500851048757866e-16    3.193447910840655e-09
551    -0.0    -7.589415207398531e-19    3.193447786591086e-09
552    -0.0    -2.0458894994801469e-16    3.1934479904210944e-09
553    -0.0    -4.336808689942018e-19    3.1934477862658253e-09
554    -0.0    -2.592327394412841e-16    3.193448045064884e-09
555    -0.0    -7.48099499014998e-18    3.1934477933131394e-09
556    -0.0    -2.3960868011929648e-17    3.1934478097930125e-09
557    -0.0    -9.75781955236954e-19    3.1934477868079264e-09
558    -0.0    -1.1817803680091998e-16    3.1934479040101812e-09
559    0.0    1.3227266504323154e-17    3.193447772604878e-09
560    0.0    6.635317295611287e-17    3.1934477194789715e-09
561    0.0    1.8279648628105605e-16    3.193447603035658e-09
562    0.0    6.16911036144252e-17    3.193447724141041e-09
563    0.0    1.1275702593849246e-17    3.193447774556442e-09
564    0.0    2.2659825404947043e-17    3.193447763172319e-09
565    0.0    1.354168513434395e-16    3.193447650415293e-09
566    -0.0    -2.1239520558991032e-16    3.19344799822735e-09
567    0.0    4.662069341687669e-17    3.193447739211451e-09
568    -0.0    -5.908901840045999e-17    3.193447844921163e-09
569    0.0    1.323810852604801e-16    3.193447653451059e-09
570    -0.0    -3.642919299551295e-17    3.1934478222613374e-09
571    0.0    8.42425088021237e-17    3.1934477015896356e-09
572    0.0    6.483528991463317e-17    3.1934477209968545e-09
573    -0.0    -1.6501557065229377e-16    3.193447950847715e-09
574    -0.0    -9.280770596475918e-17    3.1934478786398504e-09
575    0.0    3.838075690598686e-17    3.1934477474513875e-09
576    -0.0    -2.2659825404947043e-17    3.19344780849197e-09
577    -0.0    -3.426078865054194e-17    3.193447820092933e-09
578    -0.0    -1.4333152720258369e-16    3.1934479291636717e-09
579    -0.0    -3.122502256758253e-17    3.193447817057167e-09
580    -0.0    -1.0321604682062002e-16    3.1934478890481913e-09
581    0.0    5.0415401020575956e-17    3.1934477354167434e-09
582    -0.0    -1.9830057734759876e-16    3.193447984132722e-09
583    0.0    1.3227266504323154e-17    3.193447772604878e-09
584    0.0    3.7838655819744105e-17    3.1934477479934886e-09
585    -0.0    -1.1167282376600696e-17    3.193447796999427e-09
586    -0.0    -3.491130995403324e-17    3.1934478207434544e-09
587    0.0    1.126486057212439e-16    3.1934476731835387e-09
588    -0.0    -1.1351596745923231e-16    3.193447899348112e-09
589    -0.0    -7.719519468096792e-17    3.193447863027339e-09
590    0.0    1.2598429244281562e-16    3.193447659847852e-09
591    0.0    1.0072238182390336e-16    3.1934476851097626e-09
592    -0.0    -1.0343288725511712e-16    3.1934478892650317e-09
593    -0.0    -6.14742631799281e-17    3.1934478473064076e-09
594    -0.0    -8.586881206085195e-17    3.1934478717009565e-09
595    0.0    8.673617379884035e-17    3.1934476990959706e-09
596    -0.0    -1.8171228410857054e-16    3.1934479675444286e-09
597    -0.0    -4.7704895589362195e-18    3.193447790602634e-09
598    -0.0    -5.355958732078392e-17    3.1934478393917318e-09
599    0.0    1.3108004265349749e-16    3.193447654752102e-09
600    -0.0    -5.746271514173174e-17    3.1934478432948596e-09
601    0.0    1.1850329745266563e-16    3.193447667328847e-09
602    0.0    6.158268339717665e-17    3.193447724249461e-09
603    0.0    6.505213034913027e-19    3.193447785181623e-09
604    -0.0    -4.358492733391728e-17    3.1934478294170718e-09
605    -0.0    -2.3418766925686896e-17    3.1934478092509114e-09
606    0.0    5.421010862427522e-19    3.1934477852900434e-09
607    -0.0    -1.441988889405721e-17    3.1934478002520333e-09
608    0.0    5.312590645178972e-18    3.193447780519554e-09
609    0.0    9.237402509576498e-17    3.1934476934581194e-09
610    0.0    3.5453411040275995e-17    3.1934477503787334e-09
611    0.0    5.637851296924623e-18    3.193447780194293e-09
612    -0.0    -1.7770073607037418e-16    3.1934479635328805e-09
613    0.0    7.860465750519907e-17    3.193447707227487e-09
614    -0.0    -3.5561831257524545e-17    3.1934478213939757e-09
615    -0.0    -8.565197162635485e-18    3.1934477943973416e-09
616    -0.0    -2.275740360047074e-16    3.1934480134061805e-09
617    0.0    1.0842021724855044e-18    3.1934477847479423e-09
618    0.0    3.371868756429919e-17    3.193447752113457e-09
619    -0.0    -5.0306980803327406e-17    3.1934478361391253e-09
620    0.0    2.168404344971009e-17    3.193447764148101e-09
621    0.0    1.20346441145891e-16    3.1934476654857033e-09
622    0.0    5.139118297581291e-17    3.1934477344409615e-09
623    -0.0    -5.5185890579512176e-17    3.193447841018035e-09
624    0.0    8.326672684688674e-17    3.1934477025654176e-09
625    0.0    4.5102810375396984e-17    3.193447740729334e-09
626    0.0    1.3444106938820255e-17    3.1934477723880375e-09
627    -0.0    -6.624475273886432e-17    3.193447852076897e-09
628    -0.0    -2.246466901389965e-16    3.1934480104788346e-09
629    0.0    1.8431436932253575e-16    3.193447601517775e-09
630    -0.0    -1.951563910473908e-17    3.1934478053477836e-09
631    0.0    1.5829351718288365e-17    3.1934477700027927e-09
632    0.0    5.692061405548898e-17    3.1934477289115304e-09
633    0.0    2.439454888092385e-17    3.1934477614375956e-09
634    0.0    1.3379054808471125e-16    3.1934476520415964e-09
635    -0.0    -9.302454639925628e-17    3.193447878856691e-09
636    0.0    1.3975366003338152e-16    3.1934476460784844e-09
637    -0.0    -9.031404096804252e-17    3.1934478761461854e-09
638    -0.0    -2.38524477946811e-16    3.1934480243566224e-09
639    -0.0    -4.445228907190568e-18    3.1934477902773734e-09
640    0.0    1.2468324983583301e-17    3.1934477733638195e-09
641    0.0    3.0791341698588326e-17    3.1934477550408027e-09
642    0.0    2.6237692574149207e-17    3.193447759594452e-09
643    0.0    6.689527404235562e-17    3.1934477189368704e-09
644    -0.0    -3.881443777498106e-17    3.1934478246465822e-09
645    0.0    7.708677446371937e-17    3.19344770874537e-09
646    -0.0    -1.6436504934880247e-16    3.193447950197194e-09
647    0.0    1.5720931501039814e-16    3.1934476286228294e-09
648    -0.0    -2.2876665839444144e-17    3.1934478087088103e-09
649    -0.0    -2.4069288229178198e-17    3.1934478099014327e-09
650    -0.0    -3.3393426912553537e-17    3.1934478192255714e-09
651    0.0    9.93129189996722e-17    3.1934476865192254e-09
652    -0.0    -6.201636426617085e-17    3.1934478478485087e-09
653    -0.0    -7.524363077049401e-17    3.1934478610757752e-09
654    -0.0    -6.028164079019405e-17    3.1934478461137852e-09
655    -0.0    -7.177418381854039e-17    3.1934478576063283e-09
656    0.0    1.354168513434395e-16    3.193447650415293e-09
657    -0.0    -9.215718466126788e-18    3.193447795047863e-09
658    -0.0    -8.890457814381136e-18    3.1934477947226023e-09
659    -0.0    -8.413408858487514e-17    3.193447869966233e-09
660    -0.0    -6.938893903907228e-18    3.1934477927710384e-09
661    0.0    8.315830662963819e-17    3.193447702673838e-09
662    0.0    6.938893903907228e-18    3.1934477788932505e-09
663    -0.0    -2.2768245622195593e-17    3.19344780860039e-09
664    0.0    1.691355389077387e-17    3.1934477689185906e-09
665    0.0    5.5402731014009277e-17    3.1934477304294134e-09
666    0.0    3.0140820395097023e-17    3.193447755691324e-09
667    -0.0    -6.245004513516506e-17    3.1934478482821896e-09
668    -0.0    -2.5261910618912253e-17    3.193447811094055e-09
669    0.0    1.4799359654427136e-16    3.193447637838548e-09
670    -0.0    -6.440160904563896e-17    3.1934478502337535e-09
671    -0.0    -6.494371013188172e-17    3.1934478507758546e-09
672    -0.0    -2.0599841277224584e-18    3.1934477878921286e-09
673    0.0    8.044780119842443e-17    3.1934477053843432e-09
674    -0.0    -8.651933336434325e-17    3.193447872351478e-09
675    -0.0    -8.716985466783456e-17    3.193447873001999e-09
676    0.0    1.0278236595162582e-16    3.1934476830497785e-09
677    -0.0    -3.404394821604484e-17    3.1934478198760927e-09
678    0.0    1.1644331332494318e-16    3.193447669388831e-09
679    -0.0    -2.168404344971009e-19    3.193447786048985e-09
680    -0.0    -1.2717691483254967e-16    3.1934479130090593e-09
681    0.0    6.288372600415926e-17    3.1934477229484184e-09
682    -0.0    -2.8406096919120216e-17    3.1934478142382414e-09
683    -0.0    -7.35089072945172e-17    3.1934478593410517e-09
684    0.0    1.2696007439805257e-16    3.19344765887207e-09
685    -0.0    -1.08528637465799e-16    3.193447894360782e-09
686    0.0    1.087454779002961e-16    3.1934476770866665e-09
687    0.0    1.0560129160008813e-16    3.193447680230853e-09
688    0.0    1.1492543028346347e-16    3.193447670906714e-09
689    0.0    3.71881345162528e-17    3.19344774864401e-09
690    0.0    3.979021973021801e-17    3.1934477460419247e-09
691    0.0    9.194034422677078e-17    3.1934476938918002e-09
692    -0.0    -2.927345865710862e-17    3.193447815105603e-09
693    0.0    8.478460988836645e-17    3.1934477010475346e-09
694    -0.0    -8.239936510889834e-18    3.193447794072081e-09
695    -0.0    -4.662069341687669e-17    3.193447832452838e-09
696    -0.0    -1.8127860323957634e-16    3.1934479671107477e-09
697    0.0    8.565197162635485e-17    3.193447700180173e-09
698    -0.0    -3.7621815385247004e-17    3.19344782345396e-09
699    -0.0    -1.6696713456276768e-17    3.193447802528858e-09
700    -0.0    -1.6371452804531117e-16    3.1934479495466725e-09
701    -0.0    -1.0104764247564901e-16    3.193447886879787e-09
702    -0.0    -1.5937771935536915e-17    3.1934478017699164e-09
703    0.0    5.648693318649478e-17    3.1934477293452113e-09
704    -0.0    -1.0722759485881639e-16    3.1934478930597393e-09
705    -0.0    -9.475926987523309e-17    3.1934478805914143e-09
706    -0.0    -7.22078646875346e-17    3.193447858040009e-09
707    0.0    9.519295074422729e-17    3.1934476906391937e-09
708    0.0    3.111660235033398e-17    3.193447754715542e-09
709    -0.0    -9.519295074422729e-17    3.193447881025095e-09
710    -0.0    -4.553649124439119e-18    3.1934477903857936e-09
711    -0.0    -1.5178830414797062e-18    3.1934477873500275e-09
712    -0.0    -7.524363077049401e-17    3.1934478610757752e-09
713    0.0    9.291612618200773e-17    3.1934476929160183e-09
714    -0.0    -1.205632815803881e-16    3.193447906395426e-09
715    -0.0    -2.2876665839444144e-17    3.1934478087088103e-09
716    0.0    1.0625181290357943e-17    3.193447775206963e-09
717    0.0    3.003240017784847e-17    3.1934477557997443e-09
718    0.0    8.326672684688674e-17    3.1934477025654176e-09
719    -0.0    -7.719519468096792e-17    3.193447863027339e-09
720    -0.0    -1.7444812955291766e-16    3.193447960280274e-09
721    0.0    1.6588293239028218e-16    3.193447619949212e-09
722    0.0    5.399326818977812e-17    3.1934477318388763e-09
723    -0.0    -7.426784881525705e-17    3.1934478600999933e-09
724    0.0    2.3310346708438345e-17    3.1934477625217977e-09
725    0.0    7.426784881525705e-17    3.1934477115642956e-09
726    0.0    3.209238430557093e-17    3.19344775373976e-09
727    0.0    8.814563662307151e-17    3.193447697686508e-09
728    -0.0    -1.936385080059111e-16    3.1934479794706525e-09
729    0.0    5.930585883495709e-17    3.1934477265262856e-09
730    -0.0    -1.8539857149502126e-17    3.1934478043720016e-09
731    -0.0    -3.0357660829594124e-18    3.1934477888679105e-09
732    0.0    3.5128150388530344e-17    3.193447750703994e-09
733    -0.0    -1.7227972520794665e-16    3.1934479581118697e-09
734    0.0    7.32920668600201e-17    3.1934477125400776e-09
735    0.0    3.469446951953614e-17    3.193447751137675e-09
736    0.0    3.3393426912553537e-17    3.1934477524387175e-09
737    0.0    1.4268100589909238e-16    3.1934476431511385e-09
738    -0.0    -2.5478751053409354e-17    3.1934478113108955e-09
739    0.0    1.2500851048757866e-16    3.193447660823634e-09
740    0.0    7.19910242530375e-17    3.19344771384112e-09
741    -0.0    -7.036472099430924e-17    3.1934478561968654e-09
742    0.0    1.5612511283791264e-17    3.193447770219633e-09
743    0.0    8.738669510233166e-17    3.1934476984454493e-09
744    0.0    9.194034422677078e-17    3.1934476938918002e-09
745    -0.0    -1.1123914289701275e-16    3.1934478970712873e-09
746    -0.0    -9.324138683375338e-18    3.193447795156283e-09
747    -0.0    -2.6454533008646308e-17    3.1934478122866775e-09
748    -0.0    -1.485356976305141e-17    3.1934478006857142e-09
749    -0.0    -3.111660235033398e-17    3.193447816948747e-09
750    0.0    4.152494320619482e-17    3.1934477443072012e-09
751    0.0    1.680513367352532e-17    3.1934477690270108e-09
752    -0.0    -4.9439619065339e-17    3.1934478352717635e-09
753    0.0    2.5804011705155006e-17    3.1934477600281327e-09
754    -0.0    -8.337514706413529e-17    3.1934478692072915e-09
755    0.0    4.640385298237959e-17    3.1934477394282915e-09
756    -0.0    -1.087454779002961e-16    3.1934478945776223e-09
757    0.0    1.5807667674838655e-16    3.1934476277554677e-09
758    -0.0    -9.64939933512099e-17    3.193447882326138e-09
759    -0.0    -7.589415207398531e-18    3.1934477934215597e-09
760    -0.0    -1.5124620306172787e-16    3.1934479370783475e-09
761    -0.0    -3.155028321932818e-17    3.1934478173824277e-09
762    0.0    1.0538445116559103e-16    3.1934476804476933e-09
763    -0.0    -1.3108004265349749e-16    3.193447916912187e-09
764    -0.0    -9.389190813724468e-17    3.1934478797240526e-09
765    -0.0    -4.0549161250957866e-17    3.1934478263813057e-09
766    -0.0    -5.5294310796760726e-18    3.1934477913615755e-09
767    0.0    1.6263032587282567e-17    3.193447769569112e-09
768    -0.0    -8.988036009904832e-17    3.1934478757125045e-09
769    0.0    4.4777549723651333e-17    3.1934477410545947e-09
770    -0.0    -8.196568423990414e-17    3.1934478677978287e-09
771    0.0    8.456776945386935e-18    3.1934477773753675e-09
772    -0.0    -7.3075226425523e-17    3.193447858907371e-09
773    -0.0    -9.324138683375338e-18    3.193447795156283e-09
774    -0.0    -8.42425088021237e-17    3.1934478700746532e-09
775    -0.0    -7.535205098774256e-17    3.1934478611841954e-09
776    -0.0    -1.0538445116559103e-16    3.1934478912165956e-09
777    -0.0    -3.67544536472586e-17    3.193447822586598e-09
778    -0.0    -8.456776945386935e-17    3.193447870399914e-09
779    -0.0    -3.144186300207963e-18    3.1934477889763307e-09
780    -0.0    -3.71881345162528e-17    3.193447823020279e-09
781    0.0    5.670377362099188e-17    3.193447729128371e-09
782    0.0    1.2240642527361345e-16    3.193447663425719e-09
783    -0.0    -2.970713952610282e-17    3.193447815539284e-09
784    -0.0    -3.187554387107383e-17    3.1934478177076883e-09
785    0.0    5.670377362099188e-17    3.193447729128371e-09
786    0.0    4.5102810375396984e-17    3.193447740729334e-09
787    -0.0    -8.131516293641283e-18    3.1934477939636607e-09
788    0.0    3.924811864397526e-17    3.193447746584026e-09
789    0.0    7.567731163948821e-17    3.193447710154833e-09
790    -0.0    -4.0549161250957866e-17    3.1934478263813057e-09
791    0.0    5.399326818977812e-17    3.1934477318388763e-09
792    -0.0    -2.168404344971009e-19    3.193447786048985e-09
793    0.0    3.415236843329339e-17    3.193447751679776e-09
794    -0.0    -4.0766001685454967e-17    3.193447826598146e-09
795    0.0    8.565197162635485e-18    3.1934477772669473e-09
796    -0.0    -5.833007687972014e-17    3.1934478441622213e-09
797    0.0    7.144892316679474e-17    3.1934477143832213e-09
798    -0.0    -1.485356976305141e-17    3.1934478006857142e-09
799    0.0    5.984795992119984e-17    3.1934477259841845e-09
800    0.0    3.5887091909270197e-17    3.1934477499450525e-09
801    -0.0    -2.6346112791397758e-17    3.1934478121782572e-09
802    -0.0    -3.881443777498106e-17    3.1934478246465822e-09
803    -0.0    -3.903127820947816e-17    3.1934478248634227e-09
804    0.0    3.2742905609062234e-17    3.193447753089239e-09
805    -0.0    -4.3042826247674526e-17    3.1934478288749707e-09
806    -0.0    -1.0213184464813452e-16    3.193447887963989e-09
807    0.0    3.7947076036992655e-17    3.1934477478850684e-09
808    -0.0    -9.107298248878237e-18    3.1934477949394427e-09
809    0.0    2.7321894746634712e-17    3.1934477585102497e-09
810    0.0    9.128982292327947e-17    3.1934476945423215e-09
811    0.0    6.03900610074426e-17    3.1934477254420834e-09
812    0.0    3.003240017784847e-17    3.1934477557997443e-09
813    0.0    6.451002926288751e-17    3.193447721322115e-09
814    -0.0    -4.358492733391728e-17    3.1934478294170718e-09
815    0.0    1.6360610782806262e-16    3.1934476222260366e-09
816    0.0    1.0018028073766061e-16    3.1934476856518637e-09
817    0.0    4.672911363412524e-17    3.193447739103031e-09
818    -0.0    -2.1033522146218786e-17    3.1934478068656666e-09
819    0.0    2.699663409488906e-17    3.1934477588355104e-09
820    -0.0    -1.5016200088924236e-16    3.1934479359941453e-09
821    -0.0    -1.463672932855431e-17    3.1934478004688738e-09
822    -0.0    -1.5872719805187785e-16    3.1934479445593425e-09
823    -0.0    -3.2742905609062234e-17    3.19344781857505e-09
824    0.0    2.6129272356900657e-17    3.193447759702872e-09
825    0.0    4.195862407518902e-17    3.1934477438735204e-09
826    0.0    3.5019730171281793e-17    3.1934477508124143e-09
827    0.0    2.5045070184415152e-17    3.1934477607870743e-09
828    -0.0    -4.662069341687669e-17    3.193447832452838e-09
829    -0.0    -4.87890977618477e-18    3.1934477907110542e-09
830    -0.0    -7.37257477290143e-18    3.1934477932047192e-09
831    0.0    4.9439619065339e-17    3.1934477363925254e-09
832    -0.0    -2.6020852139652106e-18    3.1934477884342297e-09
833    -0.0    -9.215718466126788e-18    3.193447795047863e-09
834    -0.0    -1.3704315460216776e-16    3.193447922875299e-09
835    0.0    2.3852447794681098e-17    3.1934477619796967e-09
836    0.0    7.253312533928025e-17    3.193447713299019e-09
837    0.0    9.833713704443525e-17    3.1934476874950074e-09
838    -0.0    -4.7488055154865094e-17    3.1934478333201996e-09
839    0.0    1.0148132334464322e-16    3.193447684350821e-09
840    0.0    9.6710833785707e-17    3.1934476891213107e-09
841    -0.0    -1.680513367352532e-17    3.193447802637278e-09
842    -0.0    -6.624475273886432e-17    3.193447852076897e-09
843    0.0    3.0357660829594124e-17    3.1934477554744836e-09
844    0.0    3.8163916471489756e-17    3.193447747668228e-09
845    -0.0    -8.565197162635485e-17    3.193447871484116e-09
846    -0.0    -7.470152968425126e-17    3.193447860533674e-09
847    0.0    1.0202342443088597e-16    3.19344768380872e-09
848    0.0    4.109126233720062e-17    3.193447744740882e-09
849    -0.0    -7.37257477290143e-17    3.193447859557892e-09
850    0.0    4.098284211995207e-17    3.1934477448493023e-09
851    0.0    3.1008182133085427e-17    3.1934477548239623e-09
852    -0.0    -1.0343288725511712e-16    3.1934478892650317e-09
853    -0.0    -1.1872013788716274e-16    3.1934479045522823e-09
854    -0.0    -7.26415455565288e-18    3.193447793096299e-09
855    -0.0    -6.136584296267955e-17    3.1934478471979874e-09
856    0.0    1.2685165418080402e-17    3.193447773146979e-09
857    0.0    3.924811864397526e-17    3.193447746584026e-09
858    -0.0    -1.5612511283791264e-17    3.1934478014446557e-09
859    -0.0    -3.8163916471489756e-17    3.193447823996061e-09
860    -0.0    -5.984795992119984e-17    3.1934478456801044e-09
861    0.0    6.288372600415926e-18    3.193447779543772e-09
862    -0.0    -4.445228907190568e-17    3.1934478302844335e-09
863    0.0    1.6588293239028218e-16    3.193447619949212e-09
864    -0.0    -4.5102810375396984e-17    3.193447830934955e-09
865    0.0    3.0249240612345574e-17    3.193447755582904e-09
866    0.0    1.1546753136970622e-16    3.193447670364613e-09
867    0.0    1.463672932855431e-17    3.193447771195415e-09
868    0.0    1.2685165418080402e-17    3.193447773146979e-09
869    0.0    7.697835424647081e-18    3.193447778134309e-09
870    -0.0    -7.426784881525705e-17    3.1934478600999933e-09
871    -0.0    -9.280770596475918e-17    3.1934478786398504e-09
872    0.0    6.657001339060997e-17    3.193447719262131e-09
873    -0.0    -1.940721888749053e-17    3.1934478052393633e-09
874    -0.0    -7.48099499014998e-18    3.1934477933131394e-09
875    0.0    5.355958732078392e-17    3.193447732272557e-09
876    -0.0    -3.924811864397526e-17    3.193447825080263e-09
877    -0.0    -2.6129272356900657e-17    3.193447811961417e-09
878    0.0    7.26415455565288e-18    3.19344777856799e-09
879    0.0    3.729655473350135e-17    3.1934477485355897e-09
880    -0.0    -8.46761896711179e-17    3.193447870508334e-09
881    -0.0    -9.183192400952223e-17    3.1934478776640685e-09
882    0.0    4.336808689942018e-19    3.1934477853984636e-09
883    -0.0    -7.936359902593892e-17    3.1934478651957435e-09
884    -0.0    -5.453536927602087e-17    3.1934478403675137e-09
885    0.0    3.7513395167998453e-17    3.1934477483187493e-09
886    -0.0    -3.2526065174565133e-18    3.193447789084751e-09
887    0.0    5.084908188957016e-17    3.1934477349830626e-09
888    0.0    3.7947076036992655e-17    3.1934477478850684e-09
889    -0.0    -3.3176586478056436e-17    3.193447819008731e-09
890    -0.0    -3.0899761915836876e-17    3.1934478167319064e-09
891    0.0    1.1980434005964824e-16    3.1934476660278044e-09
892    0.0    9.107298248878237e-17    3.193447694759162e-09
893    -0.0    -4.163336342344337e-17    3.193447827465508e-09
894    -0.0    -5.334274688628682e-17    3.1934478391748913e-09
895    0.0    1.1817803680091998e-17    3.1934477740143408e-09
896    -0.0    -6.1257422745431e-17    3.193447847089567e-09
897    -0.0    -3.3610267347050637e-18    3.193447789193171e-09
898    0.0    3.458604930228759e-17    3.193447751246095e-09
899    0.0    1.0625181290357943e-17    3.193447775206963e-09
900    0.0    5.421010862427522e-17    3.193447731622036e-09
901    -0.0    -4.640385298237959e-17    3.1934478322359974e-09
902    -0.0    -9.118140270603092e-17    3.193447877013547e-09
903    0.0    8.922983879555701e-17    3.1934476966023057e-09
904    0.0    4.2934406030425976e-17    3.1934477428977384e-09
905    0.0    4.0766001685454967e-17    3.1934477450661428e-09
906    -0.0    -7.914675859144182e-17    3.193447864978903e-09
907    0.0    5.637851296924623e-18    3.193447780194293e-09
908    -0.0    -1.9081958235744878e-17    3.1934478049141027e-09
909    0.0    3.913969842672671e-17    3.193447746692446e-09
910    -0.0    -1.0299920638612292e-17    3.193447796132065e-09
911    -0.0    -7.39425881635114e-17    3.1934478597747326e-09
912    -0.0    -9.6710833785707e-17    3.1934478825429782e-09
913    0.0    6.299214622140781e-17    3.1934477228399982e-09
914    0.0    6.743737512859838e-17    3.1934477183947693e-09
915    0.0    1.0928757898653885e-16    3.1934476765445655e-09
916    0.0    1.7672495411513722e-17    3.193447768159649e-09
917    -0.0    -7.806255641895632e-18    3.1934477936384e-09
918    0.0    1.1926223897340549e-17    3.1934477739059206e-09
919    -0.0    -4.336808689942018e-19    3.1934477862658253e-09
920    -0.0    -3.903127820947816e-18    3.1934477897352723e-09
921    -0.0    -1.474514954580286e-17    3.193447800577294e-09
922    -0.0    -5.2475385148298415e-17    3.1934478383075296e-09
923    0.0    3.480288973678469e-17    3.1934477510292547e-09
924    -0.0    -2.7321894746634712e-17    3.193447813154039e-09
925    0.0    8.283304597789254e-17    3.1934477029990985e-09
926    -0.0    -1.5720931501039814e-17    3.193447801553076e-09
927    -0.0    -1.463672932855431e-17    3.1934478004688738e-09
928    -0.0    -7.990570011218168e-17    3.1934478657378446e-09
929    0.0    2.8189256484623115e-18    3.193447783013219e-09
930    0.0    3.371868756429919e-17    3.193447752113457e-09
931    -0.0    -1.0408340855860843e-17    3.1934477962404853e-09
932    0.0    1.5720931501039814e-17    3.193447770111213e-09
933    0.0    7.253312533928025e-17    3.193447713299019e-09
934    -0.0    -3.0140820395097023e-17    3.193447815972965e-09
935    0.0    6.396792817664476e-18    3.1934477794353516e-09
936    -0.0    -6.754579534584693e-17    3.19344785337794e-09
937    0.0    1.3888629829539312e-16    3.193447646945846e-09
938    0.0    4.412702842016003e-17    3.193447741705116e-09
939    -0.0    -6.03900610074426e-17    3.1934478462222055e-09
940    -0.0    -1.2620113287731272e-16    3.1934479120332773e-09
941    -0.0    -4.618701254788249e-17    3.193447832019157e-09
942    0.0    3.5561831257524545e-17    3.193447750270313e-09
943    0.0    2.417770844642675e-17    3.193447761654436e-09
944    -0.0    -1.6696713456276768e-17    3.193447802528858e-09
945    0.0    3.5344990823027445e-17    3.1934477504871536e-09
946    0.0    7.047314121155779e-17    3.1934477153590032e-09
947    0.0    1.4105470264036413e-16    3.193447644777442e-09
948    0.0    1.4051260155412137e-16    3.193447645319543e-09
949    0.0    8.239936510889834e-18    3.193447777592208e-09
950    -0.0    -2.0925101928970236e-17    3.1934478067572464e-09
951    0.0    2.938187887435717e-17    3.1934477564502656e-09
952    -0.0    -8.727827488508311e-17    3.1934478731104193e-09
953    0.0    7.936359902593892e-17    3.1934477064685454e-09
954    -0.0    -5.128276275856436e-17    3.193447837114907e-09
955    -0.0    -6.440160904563896e-17    3.1934478502337535e-09
956    0.0    7.426784881525705e-17    3.1934477115642956e-09
957    0.0    5.876375774871434e-17    3.1934477270683867e-09
958    0.0    3.0682921481339775e-17    3.193447755149223e-09
959    -0.0    -5.095750210681871e-17    3.1934478367896466e-09
960    0.0    2.721347452938616e-17    3.19344775861867e-09
961    0.0    1.919037845299343e-17    3.193447766641766e-09
962    0.0    1.973247953923618e-17    3.193447766099665e-09
963    -0.0    -2.7430314963883262e-17    3.1934478132624594e-09
964    -0.0    -1.3010426069826053e-17    3.1934477988425705e-09
965    0.0    4.586175189613684e-17    3.1934477399703926e-09
966    0.0    7.090682208055199e-17    3.1934477149253224e-09
967    0.0    3.393552799879629e-17    3.1934477518966164e-09
968    0.0    9.974659986866641e-18    3.1934477758574845e-09
969    0.0    5.128276275856436e-17    3.1934477345493817e-09
970    0.0    1.0711917464156784e-16    3.19344767871297e-09
971    0.0    5.963111948670274e-17    3.193447726201025e-09
972    -0.0    -8.543513119185775e-17    3.1934478712672756e-09
973    0.0    5.2909066017292616e-17    3.1934477329230784e-09
974    0.0    1.2305694657710475e-16    3.193447662775198e-09
975    -0.0    -9.194034422677078e-17    3.1934478777724887e-09
976    0.0    8.098990228466718e-17    3.193447704842242e-09
977    -0.0    -3.5778671692021646e-17    3.193447821610816e-09
978    0.0    2.894819800536297e-17    3.1934477568839464e-09
979    -0.0    -1.4094628242311558e-18    3.1934477872416073e-09
980    -0.0    -3.0357660829594124e-17    3.1934478161898053e-09
981    0.0    4.412702842016003e-17    3.193447741705116e-09
982    -0.0    -1.4062102177136993e-16    3.1934479264531662e-09
983    -0.0    -4.92227786308419e-17    3.193447835054923e-09
984    -0.0    -6.158268339717665e-17    3.193447847414828e-09
985    0.0    1.0278236595162582e-16    3.1934476830497785e-09
986    -0.0    -1.1600963245594897e-17    3.1934477974331077e-09
987    -0.0    -4.640385298237959e-17    3.1934478322359974e-09
988    -0.0    -7.719519468096792e-17    3.193447863027339e-09
989    0.0    3.3285006695304986e-17    3.1934477525471378e-09
990    -0.0    -6.982261990806649e-17    3.1934478556547644e-09
991    0.0    5.9631119486702744e-18    3.1934477798690325e-09
992    0.0    3.176712365382528e-17    3.193447754065021e-09
993    0.0    1.1600963245594897e-16    3.193447669822512e-09
994    0.0    6.385950795939621e-16    3.193447147237065e-09
995    0.0    1.2361964750462473e-14    3.193435423867394e-09
996    0.0    1.9950035547167122e-13    3.1932482854766728e-09
997    0.0    3.2274419681926902e-12    3.1902203438639518e-09
998    0.0    5.2984349329862623e-11    3.140463436502282e-09
999    4.25056224072351e-09    1.0626405601808775e-09    2.130807225651267e-09
