##delta---free_energy
0.0 -0.0011670019658286037
0.003448275862068966 -0.0011484502685201732
0.006896551724137932 -0.0010927958007026972
0.010344827586206898 -0.0010000404347545555
0.013793103448275864 -0.0008701872914862179
0.01724137931034483 -0.0007032407404110927
0.020689655172413796 -0.0004992064001256949
0.024137931034482762 -0.0002580911387969536
0.027586206896551727 2.009692523861304e-05
0.031034482758620693 0.0003353484227644003
0.03448275862068966 0.0006876527250935396
0.03793103448275863 -6.421032594516873e-14
0.04137931034482759 -2.3519532987847924e-13
0.04482758620689656 -1.1095835361629725e-14
0.048275862068965524 -1.6534613678231834e-13
0.05172413793103449 -1.6516423784196378e-13
0.055172413793103454 -1.1459633242338896e-14
0.05862068965517242 -2.3501343093812467e-13
0.062068965517241385 -6.421032594516873e-14
0.06551724137931035 -8.840288501232862e-14
0.06896551724137932 -2.2409949451684953e-13
0.07241379310344828 -3.092281986027956e-15
0.07586206896551725 -1.8826540326699614e-13
0.07931034482758621 -1.4042598195374013e-13
0.08275862068965519 -2.4738255888223647e-14
0.08620689655172414 -2.4047039914876225e-13
0.08965517241379312 -4.256435204297304e-14
0.09310344827586207 -1.1423253454267978e-13
0.09655172413793105 -2.0845618564635514e-13
0.1 0.0
