-3.9 1684918283.4699395 
-3.8212121212121213 nan 
-3.742424242424242 592897355.5001924 
-3.6636363636363636 805655302.4778488 
-3.584848484848485 53.58366376665507 
-3.506060606060606 74.93285709230406 
-3.4272727272727272 954223475.5114905 
-3.3484848484848486 193.33915984800453 
-3.2696969696969695 1282823770.085629 
-3.190909090909091 48.98729299496947 
-3.1121212121212123 972412224.7874143 
-3.033333333333333 45.1259148607677 
-2.9545454545454546 29.420758757705713 
-2.875757575757576 145.27805813577618 
-2.796969696969697 24.617793675248702 
-2.7181818181818183 42.46776269119628 
-2.6393939393939396 21.630195404129736 
-2.5606060606060606 20.958477709504237 
-2.481818181818182 23.669375815062953 
-2.4030303030303033 14.663793098842154 
-2.324242424242424 12.435572717258642 
-2.2454545454545456 11.092500395288205 
-2.166666666666667 10.336539663793136 
-2.087878787878788 9.337855370598678 
-2.0090909090909093 7.271981759940369 
-1.9303030303030304 6.760026077391288 
-1.8515151515151516 6.600956885377562 
-1.772727272727273 6.446787969461013 
-1.6939393939393939 6.197953416328263 
-1.6151515151515152 5.902715473426255 
-1.5363636363636366 5.951179714485898 
-1.4575757575757575 5.900927196682856 
-1.378787878787879 5.708696650997391 
-1.3000000000000003 5.679232135986205 
-1.2212121212121212 5.746468360184353 
-1.1424242424242426 5.744500467006289 
-1.063636363636364 5.563507288652433 
-0.9848484848484849 5.433426926813448 
-0.9060606060606062 5.575869898839615 
-0.8272727272727276 5.682238387643896 
-0.7484848484848485 5.603403564801133 
-0.6696969696969699 5.415227069293534 
-0.5909090909090913 5.361269616484203 
-0.5121212121212122 5.517855210597509 
-0.43333333333333357 5.606977815765839 
-0.35454545454545494 5.542356863848474 
-0.27575757575757587 5.4047657848100235 
-0.19696969696969724 5.336693530107863 
-0.11818181818181861 5.452042438904554 
-0.03939393939393954 5.553834652923394 
0.03939393939393909 5.553834656889184 
0.11818181818181772 5.452042438905278 
0.1969696969696968 5.3366935318683755 
0.27575757575757587 5.40476578982452 
0.35454545454545405 5.54235686430895 
0.4333333333333331 5.606977823917329 
0.5121212121212122 5.517855207981758 
0.5909090909090904 5.361269622909159 
0.6696969696969695 5.415227077690815 
0.7484848484848485 5.603403570172145 
0.8272727272727267 5.68223838212789 
0.9060606060606058 5.575869891928705 
0.9848484848484849 5.433426933727969 
1.063636363636363 5.563507277001047 
1.1424242424242421 5.744500475888557 
1.2212121212121212 5.746468363359579 
1.2999999999999994 5.679232121756173 
1.3787878787878785 5.708696651855506 
1.4575757575757575 5.900927187702553 
1.5363636363636357 5.951179711963901 
1.6151515151515148 5.902715479420349 
1.6939393939393939 6.1979534111390215 
1.772727272727272 6.446787978085641 
1.8515151515151511 6.600956887553914 
1.9303030303030302 6.760026080867404 
2.0090909090909084 7.271981746809857 
2.0878787878787874 9.337855382281518 
2.1666666666666665 10.336539650294698 
2.2454545454545447 11.092500426263298 
2.3242424242424238 12.435572713485255 
2.403030303030303 14.663793044922619 
2.481818181818181 23.669375890912967 
2.56060606060606 20.958477722699847 
2.639393939393939 21.630195360044127 
2.7181818181818174 42.467762228821755 
2.7969696969696964 24.617793616326544 
2.8757575757575755 145.27806053379337 
2.9545454545454537 29.420758741939505 
3.0333333333333328 45.12591460668338 
3.112121212121212 972412244.0097566 
3.19090909090909 48.98729284131214 
3.269696969696969 1282823770.2056093 
3.348484848484848 193.33916179930273 
3.4272727272727264 954223475.1327617 
3.5060606060606054 74.93285731467624 
3.5848484848484845 53.58366375773286 
3.6636363636363627 805655298.0686291 
3.7424242424242418 592897357.775459 
3.821212121212121 nan 
3.9 1684918291.409452 
