##q-\DeltaF
0.001 9779901.93393945 
0.00301010101010101 9779901.93393945 
0.00502020202020202 9779901.93393945 
0.00703030303030303 9779901.93393945 
0.00904040404040404 9779901.93393945 
0.01105050505050505 9779901.93393945 
0.01306060606060606 9779901.93393945 
0.015070707070707071 9779901.93393945 
0.017080808080808082 9779901.933944805 
0.019090909090909092 9779901.934148183 
0.021101010101010103 9779901.938529342 
0.023111111111111114 9779901.992600992 
0.02512121212121212 9779871.249268537 
0.02713131313131313 9779873.796222107 
0.02914141414141414 9779932.1569104 
0.031151515151515152 9779990.699882297 
0.03316161616161616 9780047.12239408 
0.03517171717171717 9780428.267255016 
0.037181818181818184 9781298.154193986 
0.039191919191919194 9783102.758712947 
0.041202020202020205 9786831.580038816 
0.043212121212121216 9793953.898893166 
0.045222222222222226 9806398.256762078 
0.04723232323232324 9827365.56850859 
0.04924242424242424 9861130.947717061 
0.05125252525252525 9913254.25021168 
0.05326262626262626 9990994.03340473 
0.05527272727272727 10103878.674509902 
0.05728282828282828 10263650.465542968 
0.05929292929292929 10485120.23415455 
0.061303030303030304 10787417.134147918 
0.06331313131313131 11194678.991141202 
0.06532323232323232 11738650.08576401 
0.06733333333333333 12461071.69168637 
0.06934343434343435 13418852.259146677 
0.07135353535353535 14690889.403647844 
0.07336363636363637 16388889.098109359 
0.07537373737373737 18674911.838184226 
0.07738383838383839 21789943.9136994 
0.07939393939393939 26100082.883341763 
0.08140404040404041 32176770.56853031 
0.08341414141414141 40934588.14533779 
0.08542424242424243 53880911.49905956 
0.08743434343434343 73571847.28279184 
0.08944444444444445 104482151.95975791 
0.09145454545454546 154719465.61882257 
0.09346464646464647 239499300.51920432 
0.09547474747474748 388489340.5175359 
0.09748484848484848 661895195.4006027 
0.0994949494949495 714139188.8696501 
0.1015050505050505 727735390.9455668 
0.10351515151515152 736459287.2335122 
0.10552525252525252 756867608.3175925 
0.10753535353535354 765477326.4880631 
0.10954545454545454 780577726.608345 
0.11155555555555556 800625291.009487 
0.11356565656565656 814885943.5621238 
0.11557575757575758 829585751.4820601 
0.11758585858585859 853444224.8103638 
0.1195959595959596 864438662.6280633 
0.1216060606060606 882767277.8229539 
0.12361616161616162 909465904.6541914 
0.1256262626262626 918223273.6706601 
0.12763636363636363 949905373.3736119 
0.12964646464646465 962055283.312492 
0.13165656565656567 985444455.5340946 
0.13366666666666666 1005309483.4436165 
0.13567676767676767 1022257627.8264005 
0.1376868686868687 1037377853.3825445 
0.1396969696969697 1052259678.0422047 
0.1417070707070707 1069009779.425647 
0.14371717171717172 1090321350.5198677 
0.14572727272727273 1119584454.5793653 
0.14773737373737375 1132082259.1157486 
0.14974747474747474 1157735479.5288591 
0.15175757575757576 1169367444.016982 
0.15376767676767678 1201579974.2573774 
0.1557777777777778 1188255506.6148741 
0.15778787878787878 1201015697.9162476 
0.1597979797979798 1247259041.1823013 
0.16180808080808082 1250550580.561924 
0.1638181818181818 1251465812.1989572 
0.16582828282828282 1299455263.7985063 
0.16783838383838384 1305815985.0809894 
0.16984848484848486 1318886937.9346464 
0.17185858585858585 1342517470.3675988 
0.17386868686868687 1323826409.6602201 
0.17587878787878788 1378916080.9489682 
0.1778888888888889 1395978841.8495948 
0.1798989898989899 1371885345.2290773 
0.1819090909090909 1372423717.7369988 
0.18391919191919193 1402770187.3074894 
0.18592929292929294 1396078779.467994 
0.18793939393939393 1426024937.081723 
0.18994949494949495 1420341194.114042 
0.19195959595959597 1459151592.4934738 
0.19396969696969696 1464256522.3085961 
0.19597979797979798 1434218931.4682972 
0.197989898989899 1458225491.8939126 
0.2 1450246002.3002284 
