0    0.0    0.032560839419110525    0.32098541076709913
1    0.0    0.026434592298371775    0.3271116578878379
2    0.0    0.022550536860256147    0.3309957133259535
3    0.0    0.024732517520222087    0.32881373266598757
4    0.0    0.02448091806882944    0.3290653321173802
5    0.0    0.02951640618201388    0.32402984400419577
6    0.0    0.032669190884299065    0.32087705930191057
7    0.0    0.043084515954409694    0.31046173423179996
8    0.0    0.05699194607428433    0.29655430411192535
9    0.0    0.09706659841873591    0.2564796517674738
10    1.0459611449949244    0.2988460414271213    0.054700208759088376
11    1.1815869841471187    0.33759628118489104    0.01594996900131862
12    1.222663090437857    0.34933231155367345    0.004213938632536218
13    1.2330521058337778    0.35230060166679367    0.0012456485194159983
14    1.2361895825503573    0.3531970235858164    0.0003492266003932709
15    1.2370487767003282    0.3534425076286652    0.00010374255754447281
16    1.2373070858439446    0.353516310241127    2.9939945082657626e-05
17    1.2373806328631245    0.3535373236751784    8.926511031237538e-06
18    1.2374027093298818    0.3535436312371091    2.618949100585688e-06
19    1.2374091346405294    0.3535454670401513    7.831460583918037e-07
20    1.2374110629817203    0.35354601799477725    2.321914324143748e-07
21    1.2374116320348145    0.3535461805813756    6.960483406315277e-08
22    1.2374118028964876    0.35354622939899644    2.0787213228512513e-08
23    1.2374118537956362    0.3535462439416104    6.244599282112517e-09
24    1.2374118690896145    0.3535462483113184    1.87489124225948e-09
25    1.237411873676872    0.35354624962196346    5.642462053145891e-10
26    1.2374118750563676    0.353546250016105    1.70104652585934e-10
27    1.2374118754722805    0.3535462501349373    5.127237523439021e-11
28    1.237411875597457    0.353546250170702    1.5507650719115418e-11
29    1.237411875635352    0.35354625018152913    4.680533738365966e-12
30    1.2374118756467656    0.35354625018479013    1.4195311592857252e-12
31    1.237411875650232    0.35354625018578056    4.29101199017623e-13
32    1.2374118756512769    0.3535462501860791    1.305622276959184e-13
33    1.2374118756515973    0.35354625018617064    3.902433931557425e-14
34    1.237411875651691    0.35354625018619745    1.2212453270876722e-14
35    1.2374118756517218    0.3535462501862062    3.4416913763379853e-15
36    1.2374118756517294    0.3535462501862084    1.27675647831893e-15
37    1.2374118756517327    0.35354625018620933    3.3306690738754696e-16
38    1.2374118756517318    0.3535462501862091    5.551115123125783e-16
39    1.2374118756517334    0.35354625018620955    1.1102230246251565e-16
40    1.2374118756517343    0.3535462501862098    1.1102230246251565e-16
41    1.2374118756517345    0.3535462501862099    2.220446049250313e-16
42    1.2374118756517338    0.35354625018620967    0.0
43    1.2374118756517338    0.35354625018620967    0.0
44    1.2374118756517343    0.3535462501862098    1.1102230246251565e-16
45    1.2374118756517345    0.3535462501862099    2.220446049250313e-16
46    1.2374118756517338    0.35354625018620967    0.0
47    1.2374118756517338    0.35354625018620967    0.0
48    1.237411875651735    0.35354625018621    3.3306690738754696e-16
49    1.2374118756517338    0.35354625018620967    0.0
50    1.2374118756517327    0.35354625018620933    3.3306690738754696e-16
51    1.2374118756517338    0.35354625018620967    0.0
52    1.237411875651733    0.3535462501862094    2.7755575615628914e-16
53    1.2374118756517336    0.3535462501862096    5.551115123125783e-17
54    1.2374118756517338    0.35354625018620967    0.0
55    1.2374118756517343    0.3535462501862098    1.1102230246251565e-16
56    1.2374118756517343    0.3535462501862098    1.1102230246251565e-16
57    1.2374118756517345    0.35354625018620983    1.6653345369377348e-16
58    1.2374118756517332    0.35354625018620944    2.220446049250313e-16
59    1.2374118756517332    0.35354625018620944    2.220446049250313e-16
60    1.237411875651734    0.3535462501862097    5.551115123125783e-17
61    1.2374118756517332    0.3535462501862095    1.6653345369377348e-16
62    1.2374118756517334    0.35354625018620955    1.1102230246251565e-16
63    1.2374118756517345    0.3535462501862099    2.220446049250313e-16
64    1.2374118756517334    0.35354625018620955    1.1102230246251565e-16
65    1.2374118756517343    0.3535462501862098    1.1102230246251565e-16
66    1.2374118756517345    0.35354625018620983    1.6653345369377348e-16
67    1.2374118756517343    0.3535462501862098    1.1102230246251565e-16
68    1.2374118756517338    0.35354625018620967    0.0
69    1.2374118756517334    0.35354625018620955    1.1102230246251565e-16
70    1.2374118756517338    0.35354625018620967    0.0
71    1.237411875651734    0.3535462501862097    5.551115123125783e-17
72    1.2374118756517336    0.3535462501862096    5.551115123125783e-17
73    1.237411875651734    0.3535462501862097    5.551115123125783e-17
74    1.2374118756517332    0.3535462501862095    1.6653345369377348e-16
75    1.2374118756517338    0.35354625018620967    0.0
76    1.237411875651734    0.3535462501862097    5.551115123125783e-17
77    1.2374118756517345    0.3535462501862099    2.220446049250313e-16
78    1.2374118756517343    0.3535462501862098    1.1102230246251565e-16
79    1.2374118756517343    0.3535462501862098    1.1102230246251565e-16
80    1.2374118756517345    0.35354625018620983    1.6653345369377348e-16
81    1.2374118756517332    0.3535462501862095    1.6653345369377348e-16
82    1.2374118756517338    0.35354625018620967    0.0
83    1.2374118756517338    0.35354625018620967    0.0
84    1.237411875651733    0.3535462501862094    2.7755575615628914e-16
85    1.2374118756517338    0.35354625018620967    0.0
86    1.237411875651733    0.3535462501862094    2.7755575615628914e-16
87    1.2374118756517345    0.3535462501862099    2.220446049250313e-16
88    1.2374118756517332    0.35354625018620944    2.220446049250313e-16
89    1.2374118756517332    0.35354625018620944    2.220446049250313e-16
90    1.237411875651733    0.3535462501862094    2.7755575615628914e-16
91    1.2374118756517338    0.35354625018620967    0.0
92    1.2374118756517332    0.3535462501862095    1.6653345369377348e-16
93    1.237411875651734    0.3535462501862097    5.551115123125783e-17
94    1.2374118756517338    0.35354625018620967    0.0
95    1.2374118756517338    0.35354625018620967    0.0
96    1.2374118756517334    0.35354625018620955    1.1102230246251565e-16
97    1.2374118756517352    0.35354625018621005    3.885780586188048e-16
98    1.2374118756517338    0.35354625018620967    0.0
99    1.2374118756517343    0.3535462501862098    1.1102230246251565e-16
100    1.2374118756517343    0.3535462501862098    1.1102230246251565e-16
101    1.2374118756517345    0.3535462501862099    2.220446049250313e-16
102    1.2374118756517334    0.35354625018620955    1.1102230246251565e-16
103    1.2374118756517338    0.35354625018620967    0.0
104    1.2374118756517343    0.3535462501862098    1.1102230246251565e-16
105    1.2374118756517347    0.35354625018620994    2.7755575615628914e-16
106    1.2374118756517334    0.35354625018620955    1.1102230246251565e-16
107    1.2374118756517345    0.3535462501862099    2.220446049250313e-16
108    1.2374118756517338    0.35354625018620967    0.0
109    1.2374118756517343    0.3535462501862098    1.1102230246251565e-16
110    1.2374118756517338    0.35354625018620967    0.0
111    1.2374118756517334    0.35354625018620955    1.1102230246251565e-16
112    1.2374118756517334    0.35354625018620955    1.1102230246251565e-16
113    1.2374118756517345    0.35354625018620983    1.6653345369377348e-16
114    1.2374118756517338    0.35354625018620967    0.0
115    1.2374118756517338    0.35354625018620967    0.0
116    1.2374118756517332    0.35354625018620944    2.220446049250313e-16
117    1.2374118756517336    0.3535462501862096    5.551115123125783e-17
118    1.2374118756517334    0.35354625018620955    1.1102230246251565e-16
119    1.2374118756517343    0.3535462501862098    1.1102230246251565e-16
120    1.2374118756517338    0.35354625018620967    0.0
121    1.2374118756517334    0.35354625018620955    1.1102230246251565e-16
122    1.2374118756517327    0.35354625018620933    3.3306690738754696e-16
123    1.2374118756517347    0.35354625018620994    2.7755575615628914e-16
124    1.2374118756517334    0.35354625018620955    1.1102230246251565e-16
125    1.2374118756517338    0.35354625018620967    0.0
126    1.2374118756517327    0.35354625018620933    3.3306690738754696e-16
127    1.2374118756517334    0.35354625018620955    1.1102230246251565e-16
128    1.2374118756517338    0.35354625018620967    0.0
129    1.2374118756517336    0.3535462501862096    5.551115123125783e-17
130    1.2374118756517338    0.35354625018620967    0.0
131    1.2374118756517323    0.3535462501862092    4.440892098500626e-16
132    1.2374118756517332    0.3535462501862095    1.6653345369377348e-16
133    1.2374118756517338    0.35354625018620967    0.0
134    1.2374118756517345    0.3535462501862099    2.220446049250313e-16
135    1.237411875651734    0.3535462501862097    5.551115123125783e-17
136    1.2374118756517343    0.3535462501862098    1.1102230246251565e-16
137    1.2374118756517338    0.35354625018620967    0.0
138    1.2374118756517347    0.35354625018620994    2.7755575615628914e-16
139    1.2374118756517338    0.35354625018620967    0.0
140    1.237411875651735    0.35354625018621    3.3306690738754696e-16
141    1.237411875651734    0.3535462501862097    5.551115123125783e-17
142    1.237411875651734    0.3535462501862097    5.551115123125783e-17
143    1.2374118756517338    0.35354625018620967    0.0
144    1.2374118756517343    0.3535462501862098    1.1102230246251565e-16
145    1.2374118756517332    0.35354625018620944    2.220446049250313e-16
146    1.2374118756517334    0.35354625018620955    1.1102230246251565e-16
147    1.2374118756517343    0.3535462501862098    1.1102230246251565e-16
148    1.2374118756517334    0.35354625018620955    1.1102230246251565e-16
149    1.2374118756517334    0.35354625018620955    1.1102230246251565e-16
150    1.2374118756517338    0.35354625018620967    0.0
151    1.2374118756517327    0.35354625018620933    3.3306690738754696e-16
152    1.2374118756517338    0.35354625018620967    0.0
153    1.2374118756517334    0.35354625018620955    1.1102230246251565e-16
154    1.2374118756517347    0.35354625018620994    2.7755575615628914e-16
155    1.237411875651733    0.3535462501862094    2.7755575615628914e-16
156    1.237411875651735    0.35354625018621    3.3306690738754696e-16
157    1.237411875651733    0.3535462501862094    2.7755575615628914e-16
158    1.2374118756517332    0.35354625018620944    2.220446049250313e-16
159    1.2374118756517332    0.35354625018620944    2.220446049250313e-16
160    1.2374118756517338    0.35354625018620967    0.0
161    1.2374118756517343    0.3535462501862098    1.1102230246251565e-16
162    1.2374118756517338    0.35354625018620967    0.0
163    1.2374118756517332    0.35354625018620944    2.220446049250313e-16
164    1.2374118756517334    0.35354625018620955    1.1102230246251565e-16
165    1.2374118756517334    0.35354625018620955    1.1102230246251565e-16
166    1.2374118756517334    0.35354625018620955    1.1102230246251565e-16
167    1.2374118756517334    0.35354625018620955    1.1102230246251565e-16
168    1.2374118756517343    0.3535462501862098    1.1102230246251565e-16
169    1.2374118756517334    0.35354625018620955    1.1102230246251565e-16
170    1.237411875651734    0.3535462501862097    5.551115123125783e-17
171    1.2374118756517338    0.35354625018620967    0.0
172    1.2374118756517343    0.3535462501862098    1.1102230246251565e-16
173    1.2374118756517336    0.3535462501862096    5.551115123125783e-17
174    1.2374118756517343    0.3535462501862098    1.1102230246251565e-16
175    1.2374118756517325    0.3535462501862093    3.885780586188048e-16
176    1.2374118756517338    0.35354625018620967    0.0
177    1.2374118756517338    0.35354625018620967    0.0
178    1.237411875651734    0.3535462501862097    5.551115123125783e-17
179    1.2374118756517343    0.3535462501862098    1.1102230246251565e-16
180    1.2374118756517334    0.35354625018620955    1.1102230246251565e-16
181    1.2374118756517332    0.35354625018620944    2.220446049250313e-16
182    1.2374118756517334    0.35354625018620955    1.1102230246251565e-16
183    1.2374118756517338    0.35354625018620967    0.0
184    1.2374118756517343    0.3535462501862098    1.1102230246251565e-16
185    1.2374118756517338    0.35354625018620967    0.0
186    1.2374118756517338    0.35354625018620967    0.0
187    1.2374118756517338    0.35354625018620967    0.0
188    1.2374118756517345    0.3535462501862099    2.220446049250313e-16
189    1.2374118756517334    0.35354625018620955    1.1102230246251565e-16
190    1.2374118756517345    0.3535462501862099    2.220446049250313e-16
191    1.2374118756517334    0.35354625018620955    1.1102230246251565e-16
192    1.2374118756517332    0.35354625018620944    2.220446049250313e-16
193    1.2374118756517338    0.35354625018620967    0.0
194    1.2374118756517332    0.35354625018620944    2.220446049250313e-16
195    1.2374118756517343    0.3535462501862098    1.1102230246251565e-16
196    1.2374118756517338    0.35354625018620967    0.0
197    1.2374118756517332    0.35354625018620944    2.220446049250313e-16
198    1.2374118756517347    0.35354625018620994    2.7755575615628914e-16
199    1.2374118756517343    0.3535462501862098    1.1102230246251565e-16
200    1.2374118756517338    0.35354625018620967    0.0
201    1.2374118756517334    0.35354625018620955    1.1102230246251565e-16
202    1.237411875651734    0.3535462501862097    5.551115123125783e-17
203    1.2374118756517334    0.35354625018620955    1.1102230246251565e-16
204    1.237411875651735    0.35354625018621    3.3306690738754696e-16
205    1.2374118756517332    0.35354625018620944    2.220446049250313e-16
206    1.2374118756517338    0.35354625018620967    0.0
207    1.2374118756517334    0.35354625018620955    1.1102230246251565e-16
208    1.2374118756517345    0.35354625018620983    1.6653345369377348e-16
209    1.237411875651733    0.3535462501862094    2.7755575615628914e-16
210    1.237411875651734    0.3535462501862097    5.551115123125783e-17
211    1.2374118756517338    0.35354625018620967    0.0
212    1.237411875651735    0.35354625018621    3.3306690738754696e-16
213    1.2374118756517334    0.35354625018620955    1.1102230246251565e-16
214    1.2374118756517345    0.35354625018620983    1.6653345369377348e-16
215    1.237411875651734    0.3535462501862097    5.551115123125783e-17
216    1.2374118756517345    0.35354625018620983    1.6653345369377348e-16
217    1.2374118756517334    0.35354625018620955    1.1102230246251565e-16
218    1.2374118756517343    0.3535462501862098    1.1102230246251565e-16
219    1.237411875651733    0.3535462501862094    2.7755575615628914e-16
220    1.2374118756517338    0.35354625018620967    0.0
221    1.2374118756517334    0.35354625018620955    1.1102230246251565e-16
222    1.2374118756517332    0.3535462501862095    1.6653345369377348e-16
223    1.2374118756517296    0.35354625018620844    1.2212453270876722e-15
224    1.237411875651722    0.35354625018620633    3.3306690738754696e-15
225    1.2374118756516903    0.35354625018619723    1.2434497875801753e-14
226    1.2374118756515935    0.3535462501861696    4.007905118896815e-14
227    1.2374118756512689    0.3535462501860768    1.3283818489639998e-13
228    1.2374118756501926    0.35354625018576935    4.403144515663371e-13
229    1.237411875646675    0.35354625018476427    1.4453993557594913e-12
230    1.2374118756349313    0.35354625018140895    4.800715380781639e-12
231    1.2374118755965404    0.3535462501704401    1.5769552330624492e-11
232    1.2374118754679055    0.3535462501336873    5.2522375337815674e-11
233    1.2374118750472374    0.3535462500134964    1.727132881157445e-10
234    1.2374118736313884    0.35354624960896813    5.772415323512803e-10
235    1.237411868999954    0.35354624828570114    1.9005085283296808e-09
236    1.2374118533226646    0.3535462438064756    6.379734074357657e-09
237    1.2374118020324467    0.35354622915212763    2.1034082031690104e-08
238    1.2374116271133118    0.35354617917523196    7.101097770911835e-08
239    1.2374110549020108    0.3535460156862888    2.3449992087032356e-07
240    1.2374090833366367    0.3535454523818962    7.978043134460044e-07
241    1.2374026377526781    0.35354361078647945    2.6393997302198713e-06
242    1.237380095703639    0.3535371702010397    9.079985169968552e-06
243    1.2373065219497756    0.3535161491285073    3.01010577023475e-05
244    1.2370430945543507    0.3534408841583859    0.00010536602782373894
245    1.2361865621943002    0.3531961606269429    0.0003500895592667419
246    1.2329905366014935    0.35228301045756955    0.0012632397286401198
247    1.2226830889285953    0.3493380254081701    0.00420822477803956
248    1.1808883303930018    0.3373966658265719    0.01614958435963776
249    1.0473197637146654    0.2992342182041901    0.05431203198201956
250    0.0    0.09551126439257374    0.25803498579363593
251    0.0    0.05654543121187366    0.297000818974336
252    0.0    0.0407589838943732    0.31278726629183645
253    0.0    0.031324415798762335    0.32222183438744734
254    0.0    0.02607764927164945    0.3274686009145602
255    0.0    0.021674810370384528    0.3318714398158251
256    0.0    0.0192379039396897    0.33430834624651995
257    0.0    0.016568691087648663    0.336977559098561
258    0.0    0.015278491544663856    0.3382677586415458
259    0.0    0.013407920517076916    0.34013832966913277
260    0.0    0.012696576717257676    0.340849673468952
261    0.0    0.011259120744878705    0.34228712944133094
262    0.0    0.010880380315814862    0.3426658698703948
263    0.0    0.009703935057417042    0.3438423151287926
264    0.0    0.009533814482362958    0.3440124357038467
265    0.0    0.008526759019319052    0.3450194911668906
266    0.0    0.008496066120723044    0.3450501840654866
267    0.0    0.007605157250238438    0.34594109293597125
268    0.0    0.00767224542748462    0.34587400475872504
269    0.0    0.006864434395098059    0.3466818157911116
270    0.0    0.007002740003473563    0.3465435101827361
271    0.0    0.0062564301045307125    0.34728982008167897
272    0.0    0.006448213095245223    0.34709803709096443
273    0.0    0.0057486960366476625    0.347797554149562
274    0.0    0.0059816582114318225    0.34756459197477785
275    0.0    0.00531857130190333    0.34822767888430634
276    0.0    0.0055839188751871886    0.3479623313110225
277    0.0    0.0049497509799692075    0.3485964992062405
278    0.0    0.005241029724995162    0.3483052204612145
279    0.0    0.0046302038690940435    0.34891604631711565
280    0.0    0.004942569870591442    0.3486036803156182
281    0.0    0.004350858558725929    0.34919539162748375
282    0.0    0.004680605698130678    0.348865644488079
283    0.0    0.004104746213826231    0.34944150397238344
284    0.0    0.004448990796817332    0.34909725938939234
285    0.0    0.0038864249943017055    0.34965982519190797
286    0.0    0.004242889759152659    0.349303360427057
287    0.0    0.003691583756879007    0.34985466642933066
288    0.0    0.004058446554036166    0.3494878036321735
289    0.0    0.0035167631019719487    0.3500294870842377
290    0.0    0.0038925487301306027    0.34965370145607905
291    0.0    0.003359155133702482    0.35018709505250717
292    0.0    0.003742656625876563    0.3498035935603331
293    0.0    0.003216457184056529    0.3503297930021531
294    0.0    0.0036066775959392424    0.3499395725902704
295    0.0    0.003086763263489405    0.3504594869227203
296    0.0    0.003482871993878335    0.35006337819233135
297    0.0    0.0029684823542472966    0.3505777678319624
298    0.0    0.0033697819347305973    0.3501764682514791
299    0.0    0.002860276109193605    0.35068597407701607
300    0.0    0.0032661766485000006    0.3502800735377097
301    0.0    0.0027610107843365826    0.35078523940187306
302    0.0    0.003171010085530954    0.3503752401006787
303    0.0    0.002669719750824416    0.35087653043538525
304    0.0    0.003083387684997662    0.350462862501212
305    0.0    0.002585573966474291    0.35096067621973537
306    0.0    0.0030025400768069325    0.3505437101094027
307    0.0    0.0025078585031319696    0.3510383916830777
308    0.0    0.0029278020865097227    0.35061844809969994
309    0.0    0.002435953729368295    0.3511102964568414
310    0.0    0.0028585958367870774    0.35068765434942256
311    0.0    0.00236932010639195    0.3511769300798177
312    0.0    0.002794417042931382    0.3507518331432783
313    0.0    0.002307485813452112    0.35123876437275753
314    0.0    0.002734823820125188    0.3508114263660845
315    0.0    0.002250036607499017    0.35129621357871066
316    0.0    0.0026794274819644547    0.3508668227042452
317    0.0    0.002196607460847975    0.3513496427253617
318    0.0    0.0026278849294758067    0.35091836525673387
319    0.0    0.0021468756241099594    0.3513993745620997
320    0.0    0.0025798923195222236    0.35096635786668745
321    0.0    0.0021005548394759854    0.3514456953467337
322    0.0    0.002535179769209621    0.351011070417
323    0.0    0.0020573904884747364    0.3514888596977349
324    0.0    0.0024935069044738603    0.3510527432817358
325    0.0    0.0020171555034739453    0.35152909468273574
326    0.0    0.002454659100633251    0.3510915910855764
327    0.0    0.001979646906994141    0.3515666032792155
328    0.0    0.0024184442933293145    0.35112780589288034
329    0.0    0.0019446828699325003    0.3516015673162772
330    0.0    0.002384690262160732    0.35116155992404896
331    0.0    0.0019121002009267391    0.3516341499852829
332    0.0    0.0023532423080463737    0.35119300787816327
333    0.0    0.001881752195722738    0.35166449799048694
334    0.0    0.002323961260150485    0.35122228892605917
335    0.0    0.0018535067885894672    0.3516927433976202
336    0.0    0.0022967217599545262    0.3512495284262551
337    0.0    0.0018272449583225474    0.3517190052278871
338    0.0    0.002271410779456983    0.3512748394067527
339    0.0    0.0018028593497940522    0.3517433908364156
340    0.0    0.002247926338029959    0.3512983238481797
341    0.0    0.0017802530787919464    0.35176599710741774
342    0.0    0.002226176388563131    0.3513200737976465
343    0.0    0.0017593386933773287    0.3517869114928323
344    0.0    0.0022060778484753437    0.35134017233773435
345    0.0    0.00174003726946946    0.3518062129167402
346    0.0    0.002187555755224547    0.3513586944309851
347    0.0    0.0017222776220253459    0.3518239725641843
348    0.0    0.0021705425292571435    0.35137570765695253
349    0.0    0.0017059956161847246    0.35184025457002494
350    0.0    0.0021549773300735646    0.3513912728561361
351    0.0    0.0016911335652476031    0.3518551166209621
352    0.0    0.0021408054933502616    0.3514054446928594
353    0.0    0.0016776397044015944    0.35186861048180806
354    0.0    0.002127978038940746    0.3514182721472689
355    0.0    0.0016654677308489672    0.3518807824553607
356    0.0    0.002116451241152899    0.35142979894505677
357    0.0    0.0016545764024164852    0.35189167378379316
358    0.0    0.0021061862540204643    0.3514400639321892
359    0.0    0.0016449291879524475    0.3519013209982572
360    0.0    0.002097148785408077    0.3514491014008016
361    0.0    0.0016364939638359934    0.3519097562223737
362    0.0    0.0020893088147310927    0.3514569413714786
363    0.0    0.001629242751810928    0.35191700743439874
364    0.0    0.002082640349891123    0.3514636098363185
365    0.0    0.001623151494094974    0.3519230986921147
366    0.0    0.002077121219716178    0.35146912896649346
367    0.0    0.0016181998623781657    0.3519280503238315
368    0.0    0.002072732898808675    0.351473517287401
369    0.0    0.001614371097879092    0.35193187908833057
370    0.0    0.00206946036222837    0.3514767898239813
371    0.0    0.0016116518801286282    0.35193459830608104
372    0.0    0.002067291967908045    0.3514789582183016
373    0.0    0.0016100322225978262    0.35193621796361185
374    0.0    0.002066219365119242    0.3514800308210904
375    0.0    0.0016095053936771373    0.3519367447925325
376    0.0    0.0020662374276852274    0.3514800127585244
377    0.0    0.0016100678618850765    0.3519361823243246
378    0.0    0.0020673442109908915    0.35147890597521875
379    0.0    0.00161171926452324    0.3519345309216864
380    0.0    0.0020695409321667716    0.3514767092540429
381    0.0    0.0016144623993151676    0.3519317877868945
382    0.0    0.0020728319731435105    0.35147341821306616
383    0.0    0.001618303238874718    0.3519279469473349
384    0.0    0.002077224906576704    0.351469025279633
385    0.0    0.0016232509681664254    0.35192299921804326
386    0.0    0.002082730544955859    0.35146351964125383
387    0.0    0.0016293180454195178    0.3519169321407902
388    0.0    0.0020893630135219205    0.35145688717268775
389    0.0    0.0016365202872858297    0.35190972989892383
390    0.0    0.00209713984794581    0.35144911033826387
391    0.0    0.0016448769793658642    0.3519013732068438
392    0.0    0.0021060821180730158    0.35144016806813666
393    0.0    0.0016544110135885998    0.35189183917262107
394    0.0    0.002116214579409423    0.35143003560680025
395    0.0    0.0016651490543274391    0.3518811011318822
396    0.0    0.0021275658544440404    0.35141868433176565
397    0.0    0.001677121735567829    0.35186912845064183
398    0.0    0.002140168646363368    0.3514060815398463
399    0.0    0.0016903638919370594    0.3518558862942726
400    0.0    0.002154059988236893    0.3513921901979728
401    0.0    0.0017049148269595814    0.3518413353592501
402    0.0    0.002169281531342022    0.3513769686548676
403    0.0    0.0017208186225416752    0.35182543156366797
404    0.0    0.0021858798769892624    0.3513603703092204
405    0.0    0.001738124494423759    0.35180812569178593
406    0.0    0.0022039069570005273    0.35134234322920915
407    0.0    0.0017568871991986506    0.351789362987011
408    0.0    0.0022234204689167984    0.35132282971729284
409    0.0    0.001777167499502705    0.351769082686707
410    0.0    0.0022444843731142857    0.35130176581309536
411    0.0    0.001799032695167773    0.3517472174910419
412    0.0    0.002267169460288753    0.3512790807259209
413    0.0    0.0018225572295321878    0.3517236929566775
414    0.0    0.0022915539993075295    0.35125469618690214
415    0.0    0.0018478233817877377    0.3516984268044219
416    0.0    0.002317724477263765    0.3512285257089459
417    0.0    0.0018749220582416177    0.35167132812796803
418    0.0    0.002345776445765364    0.3512004737404443
419    0.0    0.0019039536977955782    0.3516422964884141
420    0.0    0.00237581549014914    0.3511704346960605
421    0.0    0.001935029309864367    0.3516112208763453
422    0.0    0.0024079583415338897    0.35113829184467577
423    0.0    0.0019682716665065285    0.3515779785197031
424    0.0    0.0024423341555440195    0.35110391603066565
425    0.0    0.002003816674883134    0.3515424335113265
426    0.0    0.002479085986341979    0.35106716419986767
427    0.0    0.00204181496148063    0.351504435224729
428    0.0    0.0025183724905204464    0.3510278776956892
429    0.0    0.0020824337061086445    0.351463816480101
430    0.0    0.0025603699027126245    0.35098588028349703
431    0.0    0.002125858771827584    0.3514203914143821
432    0.0    0.002605274333882096    0.3509409758523276
433    0.0    0.0021722971871436293    0.35137395299906604
434    0.0    0.002653304454641678    0.350892945731568
435    0.0    0.002221980049559474    0.3513242701366502
436    0.0    0.00270470464027686    0.35084154554593283
437    0.0    0.002275165935707115    0.3512710842505026
438    0.0    0.0027597486723269634    0.3507865015138827
439    0.0    0.0023321449237806735    0.35121410526242897
440    0.0    0.002818744114744163    0.3507275060714655
441    0.0    0.002393243360238675    0.351153006825971
442    0.0    0.0028820375124446076    0.3506642126737651
443    0.0    0.0024588295366190544    0.3510874206495906
444    0.0    0.002950020598640705    0.350596229587569
445    0.0    0.00252932048633351    0.35101692969987613
446    0.0    0.0030231377477180194    0.35052311243849166
447    0.0    0.0026051901690711003    0.35094106001713854
448    0.0    0.003101894976782614    0.35044435520942707
449    0.0    0.0026869793868670123    0.35085927079934265
450    0.0    0.0031868708872540745    0.3503593792989556
451    0.0    0.0027753078780485595    0.3507709423081611
452    0.0    0.0032787300564344267    0.35026752012977524
453    0.0    0.002870889173243802    0.35067536101296587
454    0.0    0.003378239550020288    0.35016801063618935
455    0.0    0.0029745489861418427    0.3505717012000678
456    0.0    0.003486289447862468    0.3500599607383472
457    0.0    0.0030872481724359565    0.3504590020137737
458    0.0    0.0036039185834895004    0.34994233160272015
459    0.0    0.003210111655987528    0.35033613853022216
460    0.0    0.0037323471331891828    0.34981390305302046
461    0.0    0.0033444652415001723    0.3502017849447095
462    0.0    0.0038730183148198965    0.34967323187138977
463    0.0    0.0034918829855373483    0.3500543672006723
464    0.0    0.004027652367617256    0.3495185978185924
465    0.0    0.0036542489060321245    0.34989200128017756
466    0.0    0.0041983173392763405    0.34934793284693333
467    0.0    0.0038338384758474166    0.34971241171036227
468    0.0    0.004387523265002569    0.3491587269212071
469    0.0    0.004033427905279364    0.3495128222809303
470    0.0    0.0045983495255424375    0.3489479006606672
471    0.0    0.004256443252261817    0.34928980693394784
472    0.0    0.004834620289063605    0.34871162989714605
473    0.0    0.004507167942032065    0.3490390822441776
474    0.0    0.005101151375576197    0.34844509881063346
475    0.0    0.004791038245007191    0.34875521194120246
476    0.0    0.005404106278880312    0.34814214390732934
477    0.0    0.005115075352802581    0.3484311748334071
478    0.0    0.0057515246779860614    0.3477947255082236
479    0.0    0.005488537423051619    0.34805771276315806
480    0.0    0.006154134506795343    0.3473921156794143
481    0.0    0.005923941507646777    0.34762230867856286
482    0.0    0.006626652849847406    0.34691959733636224
483    0.0    0.006438740895517751    0.3471075092906919
484    0.0    0.007189979837145389    0.3463562703490643
485    0.0    0.007058241183790494    0.34648800900241916
486    0.0    0.007875145814309373    0.3456711043719003
487    0.0    0.007821055029194193    0.3457251951570155
488    0.0    0.008731030816114763    0.3448152193700949
489    0.0    0.008790331052219035    0.3447559191339906
490    0.0    0.009841230884176008    0.3437050193020337
491    0.0    0.010080065612958452    0.34346618457325123
492    0.0    0.011367008278122126    0.3421792419080875
493    0.0    0.011929193652548365    0.3416170565336613
494    0.0    0.013684219023438799    0.33986203116277086
495    0.0    0.014978178097525326    0.33856807208868434
496    0.0    0.018013664806249746    0.3355325853799599
497    0.0    0.021985001449985244    0.33156124873622445
498    0.0    0.03276318578535397    0.3207830644008557
499    0.31531426819368485    0.09008979091248139    0.2634564592737283
