0    0.0    0.07629501156701617    0.3473730088930534
1    0.0    0.045960499101099304    0.3777075213589703
2    0.0    0.03322825900334315    0.39043976145672643
3    0.0    0.03086463097554563    0.3928033894845239
4    0.0    0.02763235925861959    0.39603566120145
5    0.0    0.030564174044926177    0.3931038464151434
6    0.0    0.03193455389233872    0.39173346656773084
7    0.0    0.04098534298266649    0.3826826774774031
8    0.0    0.05422759822453981    0.36944042223552975
9    0.0    0.09879361899661006    0.32487440146345953
10    1.975113584029586    0.39502271680591716    0.02864530365415241
11    2.0953703722891466    0.4190740744578293    0.004593946002240279
12    2.1154894210037214    0.4230978842007443    0.0005701362593252823
13    2.117898525627422    0.4235797051254844    8.831533458519836e-05
14    2.1182796141860334    0.4236559228372067    1.209762286286109e-05
15    2.1183308434867336    0.42366616869734675    1.8517627228265e-06
16    2.1183387785917467    0.42366775571834936    2.647417202128466e-07
17    2.118339900243902    0.42366798004878037    4.041128920384551e-08
18    2.1183400727448225    0.4236680145489645    5.911105049882792e-09
19    2.118340097787888    0.42366801955757755    9.024920255562563e-10
20    2.118340101630934    0.4236680203261868    1.338827937402698e-10
21    2.1183401021980237    0.4236680204396048    2.0464796524066742e-11
22    2.118340102285022    0.4236680204570044    3.0651592375363634e-12
23    2.1183401022980015    0.4236680204596003    4.692912725090537e-13
24    2.118340102299995    0.42366802045999896    7.061018436615996e-14
25    2.118340102300293    0.4236680204600586    1.099120794378905e-14
26    2.118340102300341    0.4236680204600682    1.3877787807814457e-15
27    2.1183401023003463    0.4236680204600693    2.7755575615628914e-16
28    2.1183401023003476    0.42366802046006957    0.0
29    2.1183401023003463    0.42366802046006924    3.3306690738754696e-16
30    2.118340102300347    0.42366802046006946    1.1102230246251565e-16
31    2.1183401023003476    0.4236680204600695    5.551115123125783e-17
32    2.1183401023003476    0.42366802046006957    0.0
33    2.1183401023003485    0.42366802046006974    1.6653345369377348e-16
34    2.118340102300345    0.423668020460069    5.551115123125783e-16
35    2.118340102300349    0.4236680204600698    2.220446049250313e-16
36    2.1183401023003468    0.42366802046006935    2.220446049250313e-16
37    2.118340102300347    0.4236680204600694    1.6653345369377348e-16
38    2.1183401023003494    0.4236680204600699    3.3306690738754696e-16
39    2.1183401023003494    0.42366802046006985    2.7755575615628914e-16
40    2.118340102300349    0.4236680204600698    2.220446049250313e-16
41    2.1183401023003476    0.42366802046006957    0.0
42    2.1183401023003494    0.42366802046006985    2.7755575615628914e-16
43    2.118340102300349    0.4236680204600698    2.220446049250313e-16
44    2.1183401023003503    0.42366802046007007    4.996003610813204e-16
45    2.118340102300347    0.42366802046006946    1.1102230246251565e-16
46    2.1183401023003485    0.42366802046006974    1.6653345369377348e-16
47    2.1183401023003494    0.4236680204600699    3.3306690738754696e-16
48    2.1183401023003516    0.42366802046007035    7.771561172376096e-16
49    2.118340102300348    0.4236680204600696    5.551115123125783e-17
50    2.1183401023003503    0.42366802046007    4.440892098500626e-16
51    2.1183401023003494    0.42366802046006985    2.7755575615628914e-16
52    2.1183401023003485    0.4236680204600697    1.1102230246251565e-16
53    2.1183401023003485    0.4236680204600697    1.1102230246251565e-16
54    2.118340102300345    0.423668020460069    5.551115123125783e-16
55    2.118340102300347    0.42366802046006946    1.1102230246251565e-16
56    2.1183401023003494    0.42366802046006985    2.7755575615628914e-16
57    2.1183401023003476    0.42366802046006957    0.0
58    2.118340102300347    0.42366802046006946    1.1102230246251565e-16
59    2.118340102300347    0.4236680204600694    1.6653345369377348e-16
60    2.1183401023003485    0.42366802046006974    1.6653345369377348e-16
61    2.1183401023003494    0.42366802046006985    2.7755575615628914e-16
62    2.118340102300348    0.4236680204600696    5.551115123125783e-17
63    2.1183401023003476    0.4236680204600695    5.551115123125783e-17
64    2.1183401023003468    0.42366802046006935    2.220446049250313e-16
65    2.1183401023003476    0.42366802046006957    0.0
66    2.1183401023003494    0.42366802046006985    2.7755575615628914e-16
67    2.1183401023003463    0.4236680204600693    2.7755575615628914e-16
68    2.1183401023003476    0.42366802046006957    0.0
69    2.1183401023003468    0.42366802046006935    2.220446049250313e-16
70    2.1183401023003485    0.4236680204600697    1.1102230246251565e-16
71    2.1183401023003485    0.4236680204600697    1.1102230246251565e-16
72    2.118340102300346    0.4236680204600692    3.885780586188048e-16
73    2.1183401023003468    0.42366802046006935    2.220446049250313e-16
74    2.11834010230035    0.42366802046006996    3.885780586188048e-16
75    2.118340102300347    0.42366802046006946    1.1102230246251565e-16
76    2.118340102300348    0.4236680204600696    5.551115123125783e-17
77    2.1183401023003485    0.4236680204600697    1.1102230246251565e-16
78    2.1183401023003485    0.42366802046006974    1.6653345369377348e-16
79    2.1183401023003463    0.4236680204600693    2.7755575615628914e-16
80    2.118340102300347    0.4236680204600694    1.6653345369377348e-16
81    2.1183401023003485    0.4236680204600697    1.1102230246251565e-16
82    2.1183401023003476    0.42366802046006957    0.0
83    2.1183401023003485    0.42366802046006974    1.6653345369377348e-16
84    2.118340102300349    0.4236680204600698    2.220446049250313e-16
85    2.1183401023003476    0.4236680204600695    5.551115123125783e-17
86    2.1183401023003494    0.4236680204600699    3.3306690738754696e-16
87    2.118340102300347    0.4236680204600694    1.6653345369377348e-16
88    2.1183401023003463    0.4236680204600693    2.7755575615628914e-16
89    2.1183401023003485    0.4236680204600697    1.1102230246251565e-16
90    2.118340102300346    0.4236680204600692    3.885780586188048e-16
91    2.118340102300347    0.4236680204600694    1.6653345369377348e-16
92    2.118340102300346    0.4236680204600692    3.885780586188048e-16
93    2.118340102300348    0.4236680204600696    5.551115123125783e-17
94    2.118340102300347    0.42366802046006946    1.1102230246251565e-16
95    2.1183401023003476    0.42366802046006957    0.0
96    2.1183401023003503    0.42366802046007    4.440892098500626e-16
97    2.1183401023003476    0.42366802046006957    0.0
98    2.118340102300351    0.42366802046007024    6.661338147750939e-16
99    2.1183401023003503    0.42366802046007007    4.996003610813204e-16
100    2.1183401023003516    0.4236680204600703    7.216449660063518e-16
101    2.118340102300349    0.4236680204600698    2.220446049250313e-16
102    2.118340102300349    0.4236680204600698    2.220446049250313e-16
103    2.118340102300347    0.4236680204600694    1.6653345369377348e-16
104    2.1183401023003485    0.42366802046006974    1.6653345369377348e-16
105    2.1183401023003476    0.42366802046006957    0.0
106    2.1183401023003494    0.42366802046006985    2.7755575615628914e-16
107    2.1183401023003476    0.4236680204600695    5.551115123125783e-17
108    2.118340102300349    0.4236680204600698    2.220446049250313e-16
109    2.1183401023003476    0.42366802046006957    0.0
110    2.11834010230035    0.42366802046006996    3.885780586188048e-16
111    2.1183401023003485    0.4236680204600697    1.1102230246251565e-16
112    2.118340102300351    0.42366802046007024    6.661338147750939e-16
113    2.1183401023003503    0.42366802046007    4.440892098500626e-16
114    2.1183401023003503    0.42366802046007007    4.996003610813204e-16
115    2.1183401023003494    0.42366802046006985    2.7755575615628914e-16
116    2.1183401023003485    0.4236680204600697    1.1102230246251565e-16
117    2.118340102300347    0.4236680204600694    1.6653345369377348e-16
118    2.1183401023003494    0.4236680204600699    3.3306690738754696e-16
119    2.1183401023003507    0.4236680204600702    6.106226635438361e-16
120    2.1183401023003494    0.42366802046006985    2.7755575615628914e-16
121    2.118340102300348    0.4236680204600696    5.551115123125783e-17
122    2.1183401023003494    0.4236680204600699    3.3306690738754696e-16
123    2.1183401023003485    0.4236680204600697    1.1102230246251565e-16
124    2.11834010230035    0.42366802046006996    3.885780586188048e-16
125    2.1183401023003476    0.42366802046006957    0.0
126    2.118340102300351    0.42366802046007024    6.661338147750939e-16
127    2.1183401023003503    0.42366802046007    4.440892098500626e-16
128    2.118340102300348    0.4236680204600696    5.551115123125783e-17
129    2.1183401023003494    0.4236680204600699    3.3306690738754696e-16
130    2.118340102300349    0.4236680204600698    2.220446049250313e-16
131    2.118340102300348    0.4236680204600696    5.551115123125783e-17
132    2.1183401023003503    0.42366802046007    4.440892098500626e-16
133    2.1183401023003463    0.4236680204600693    2.7755575615628914e-16
134    2.1183401023003494    0.42366802046006985    2.7755575615628914e-16
135    2.118340102300347    0.42366802046006946    1.1102230246251565e-16
136    2.1183401023003485    0.42366802046006974    1.6653345369377348e-16
137    2.1183401023003476    0.4236680204600695    5.551115123125783e-17
138    2.118340102300348    0.4236680204600696    5.551115123125783e-17
139    2.1183401023003494    0.42366802046006985    2.7755575615628914e-16
140    2.1183401023003503    0.42366802046007007    4.996003610813204e-16
141    2.1183401023003468    0.42366802046006935    2.220446049250313e-16
142    2.118340102300348    0.4236680204600696    5.551115123125783e-17
143    2.1183401023003485    0.42366802046006974    1.6653345369377348e-16
144    2.1183401023003503    0.42366802046007    4.440892098500626e-16
145    2.1183401023003468    0.42366802046006935    2.220446049250313e-16
146    2.1183401023003503    0.42366802046007007    4.996003610813204e-16
147    2.1183401023003468    0.42366802046006935    2.220446049250313e-16
148    2.1183401023003494    0.42366802046006985    2.7755575615628914e-16
149    2.1183401023003494    0.4236680204600699    3.3306690738754696e-16
150    2.1183401023003468    0.42366802046006935    2.220446049250313e-16
151    2.1183401023003476    0.42366802046006957    0.0
152    2.1183401023003476    0.4236680204600695    5.551115123125783e-17
153    2.1183401023003468    0.42366802046006935    2.220446049250313e-16
154    2.1183401023003507    0.4236680204600701    5.551115123125783e-16
155    2.1183401023003485    0.4236680204600697    1.1102230246251565e-16
156    2.1183401023003476    0.42366802046006957    0.0
157    2.118340102300347    0.4236680204600694    1.6653345369377348e-16
158    2.1183401023003507    0.4236680204600702    6.106226635438361e-16
159    2.118340102300347    0.42366802046006946    1.1102230246251565e-16
160    2.1183401023003503    0.42366802046007007    4.996003610813204e-16
161    2.1183401023003476    0.42366802046006957    0.0
162    2.118340102300349    0.4236680204600698    2.220446049250313e-16
163    2.1183401023003476    0.4236680204600695    5.551115123125783e-17
164    2.1183401023003494    0.42366802046006985    2.7755575615628914e-16
165    2.1183401023003463    0.42366802046006924    3.3306690738754696e-16
166    2.1183401023003485    0.4236680204600697    1.1102230246251565e-16
167    2.118340102300349    0.4236680204600698    2.220446049250313e-16
168    2.1183401023003516    0.4236680204600703    7.216449660063518e-16
169    2.1183401023003463    0.42366802046006924    3.3306690738754696e-16
170    2.118340102300347    0.42366802046006946    1.1102230246251565e-16
171    2.1183401023003494    0.42366802046006985    2.7755575615628914e-16
172    2.1183401023003485    0.42366802046006974    1.6653345369377348e-16
173    2.1183401023003476    0.4236680204600695    5.551115123125783e-17
174    2.1183401023003503    0.42366802046007    4.440892098500626e-16
175    2.1183401023003485    0.42366802046006974    1.6653345369377348e-16
176    2.1183401023003476    0.42366802046006957    0.0
177    2.118340102300348    0.4236680204600696    5.551115123125783e-17
178    2.1183401023003468    0.42366802046006935    2.220446049250313e-16
179    2.1183401023003485    0.4236680204600697    1.1102230246251565e-16
180    2.1183401023003485    0.42366802046006974    1.6653345369377348e-16
181    2.118340102300348    0.4236680204600696    5.551115123125783e-17
182    2.1183401023003507    0.4236680204600702    6.106226635438361e-16
183    2.1183401023003485    0.42366802046006974    1.6653345369377348e-16
184    2.1183401023003485    0.4236680204600697    1.1102230246251565e-16
185    2.118340102300347    0.42366802046006946    1.1102230246251565e-16
186    2.1183401023003494    0.42366802046006985    2.7755575615628914e-16
187    2.1183401023003485    0.42366802046006974    1.6653345369377348e-16
188    2.1183401023003476    0.42366802046006957    0.0
189    2.118340102300348    0.4236680204600696    5.551115123125783e-17
190    2.118340102300348    0.4236680204600696    5.551115123125783e-17
191    2.1183401023003476    0.4236680204600695    5.551115123125783e-17
192    2.1183401023003476    0.42366802046006957    0.0
193    2.1183401023003476    0.42366802046006957    0.0
194    2.1183401023003485    0.4236680204600697    1.1102230246251565e-16
195    2.1183401023003494    0.42366802046006985    2.7755575615628914e-16
196    2.1183401023003476    0.42366802046006957    0.0
197    2.118340102300347    0.4236680204600694    1.6653345369377348e-16
198    2.118340102300346    0.42366802046006913    4.440892098500626e-16
199    2.1183401023003485    0.4236680204600697    1.1102230246251565e-16
200    2.1183401023003468    0.42366802046006935    2.220446049250313e-16
201    2.1183401023003494    0.42366802046006985    2.7755575615628914e-16
202    2.118340102300347    0.42366802046006946    1.1102230246251565e-16
203    2.1183401023003485    0.4236680204600697    1.1102230246251565e-16
204    2.1183401023003485    0.42366802046006974    1.6653345369377348e-16
205    2.1183401023003485    0.42366802046006974    1.6653345369377348e-16
206    2.1183401023003485    0.4236680204600697    1.1102230246251565e-16
207    2.1183401023003485    0.42366802046006974    1.6653345369377348e-16
208    2.118340102300347    0.4236680204600694    1.6653345369377348e-16
209    2.118340102300348    0.4236680204600696    5.551115123125783e-17
210    2.1183401023003463    0.42366802046006924    3.3306690738754696e-16
211    2.1183401023003494    0.42366802046006985    2.7755575615628914e-16
212    2.118340102300347    0.4236680204600694    1.6653345369377348e-16
213    2.1183401023003503    0.42366802046007    4.440892098500626e-16
214    2.1183401023003468    0.42366802046006935    2.220446049250313e-16
215    2.1183401023003485    0.4236680204600697    1.1102230246251565e-16
216    2.118340102300345    0.42366802046006896    6.106226635438361e-16
217    2.118340102300348    0.4236680204600696    5.551115123125783e-17
218    2.118340102300346    0.4236680204600692    3.885780586188048e-16
219    2.1183401023003494    0.4236680204600699    3.3306690738754696e-16
220    2.1183401023003476    0.4236680204600695    5.551115123125783e-17
221    2.1183401023003463    0.4236680204600693    2.7755575615628914e-16
222    2.118340102300347    0.42366802046006946    1.1102230246251565e-16
223    2.1183401023003468    0.42366802046006935    2.220446049250313e-16
224    2.1183401023003463    0.42366802046006924    3.3306690738754696e-16
225    2.11834010230035    0.42366802046006996    3.885780586188048e-16
226    2.118340102300348    0.4236680204600696    5.551115123125783e-17
227    2.1183401023003494    0.42366802046006985    2.7755575615628914e-16
228    2.1183401023003463    0.4236680204600693    2.7755575615628914e-16
229    2.1183401023003476    0.4236680204600695    5.551115123125783e-17
230    2.1183401023003485    0.4236680204600697    1.1102230246251565e-16
231    2.11834010230035    0.42366802046006996    3.885780586188048e-16
232    2.1183401023003468    0.42366802046006935    2.220446049250313e-16
233    2.118340102300339    0.42366802046006785    1.7208456881689926e-15
234    2.118340102300291    0.42366802046005814    1.1435297153639112e-14
235    2.1183401022999804    0.4236680204599961    7.349676423018536e-14
236    2.118340102297906    0.4236680204595812    4.883871085326064e-13
237    2.11834010228445    0.42366802045689    3.179567720223986e-12
238    2.1183401021942787    0.4236680204388557    2.1213863998781335e-11
239    2.1183401016085837    0.4236680203217167    1.3835288470431806e-10
240    2.118340097640786    0.42366801952815725    9.319123250861594e-10
241    2.1183400718834724    0.42366801437669444    6.083375136967106e-09
242    2.1183398945070953    0.42366797890141905    4.155865052091201e-08
243    2.118338745943596    0.4236677491887192    2.712713503827402e-07
244    2.118330621729349    0.4236661243458698    1.896114199761989e-06
245    2.118278414902091    0.42365568298041817    1.2337479651403083e-05
246    2.117890058619035    0.423578011723807    9.000873626258121e-05
247    2.1154486175321034    0.4230897235064207    0.0005782969536488602
248    2.095053000931465    0.41901060018629305    0.004657420273776525
249    1.9741480253637902    0.39482960507275805    0.028838415387311522
250    0.0    0.09721778401624288    0.3264502364438267
251    0.0    0.052005684643979706    0.3716623358160899
252    0.0    0.03707106848494482    0.3865969519751248
253    0.0    0.02696530011976847    0.3967027203403011
254    0.0    0.02323945466477151    0.40042856579529806
255    0.0    0.0181587155352778    0.40550930492479176
256    0.0    0.017128639550804986    0.40653938090926456
257    0.0    0.013665551291369855    0.4100024691686997
258    0.0    0.013683880011287206    0.40998414044878234
259    0.0    0.010939673886990221    0.41272834657307933
260    0.0    0.011472674989765981    0.41219534547030356
261    0.0    0.009109743988180123    0.4145582764718895
262    0.0    0.009933141731422573    0.413734878728647
263    0.0    0.0077965334240249606    0.4158714870360446
264    0.0    0.008799767993004068    0.4148682524670655
265    0.0    0.006808444460842412    0.4168595759992272
266    0.0    0.007930742985609456    0.4157372774744601
267    0.0    0.00603822316818007    0.4176297972918895
268    0.0    0.007243421661141837    0.41642459879892774
269    0.0    0.0054211424350586075    0.418246878025011
270    0.0    0.006686378762074685    0.4169816416979949
271    0.0    0.0049158225259770165    0.4187521979340926
272    0.0    0.006225937296610486    0.4174420831634591
273    0.0    0.004494573860112087    0.4191734465999575
274    0.0    0.005839119259671023    0.41782890120039856
275    0.0    0.004138167505662398    0.4195298529544072
276    0.0    0.0055097092683563985    0.41815831119171315
277    0.0    0.0038328329267435066    0.41983518753332605
278    0.0    0.005225937173429112    0.41844208328664045
279    0.0    0.003568449557291568    0.420099570902778
280    0.0    0.00497905258089462    0.418688967879175
281    0.0    0.003337412747533451    0.4203306077125361
282    0.0    0.0047624149082478515    0.4189056055518217
283    0.0    0.003133897840517574    0.420534122619552
284    0.0    0.00457089380613761    0.41909712665393195
285    0.0    0.002953368316730361    0.4207146521433392
286    0.0    0.004400463078169642    0.4192675573818999
287    0.0    0.00279223851257503    0.42087578194749453
288    0.0    0.004247918959689859    0.4194201015003797
289    0.0    0.002647637057165544    0.42102038340290404
290    0.0    0.004110680480080921    0.4195573399799887
291    0.0    0.002517237600753185    0.4211507828593164
292    0.0    0.003986645297705518    0.41968137516236403
293    0.0    0.0023991355133738865    0.4212688849466957
294    0.0    0.003874083820166184    0.4197939366399034
295    0.0    0.002291756619143665    0.4213762638409259
296    0.0    0.0037715602508597832    0.4198964602092098
297    0.0    0.0021937886587797013    0.42147423180128984
298    0.0    0.0036778728979824375    0.41999014756208713
299    0.0    0.00210412914034784    0.4215638913197217
300    0.0    0.0035920084777913224    0.42007601198227823
301    0.0    0.002021845182068848    0.42164617527800075
302    0.0    0.003513106728775225    0.4201549137312943
303    0.0    0.0019461422491140283    0.4217218782109555
304    0.0    0.003440432721275422    0.42022758773879415
305    0.0    0.0018763395685326676    0.4217916808915369
306    0.0    0.003373354978870479    0.4202946654811991
307    0.0    0.001811850615763568    0.421856169844306
308    0.0    0.003311328037042206    0.42035669242302737
309    0.0    0.0017521674932636606    0.4219158529668059
310    0.0    0.0032538784240662777    0.4204141420360033
311    0.0    0.0016968483252370518    0.42197117213483254
312    0.0    0.0032005933060876355    0.42046742715398194
313    0.0    0.0016455070108357642    0.4220225134492338
314    0.0    0.00315111122441931    0.42051690923565027
315    0.0    0.0015978048371564268    0.42207021562291314
316    0.0    0.003105114489294899    0.42056290597077467
317    0.0    0.001553443570401878    0.4221145768896677
318    0.0    0.003062322895107988    0.4206056975649616
319    0.0    0.001512159730559915    0.42215586072950967
320    0.0    0.0030224884974505823    0.420645531962619
321    0.0    0.0014737198202902767    0.4221943006397793
322    0.0    0.0029853912490615583    0.420682629211008
323    0.0    0.0014379163281604923    0.4222301041319091
324    0.0    0.002950835334971938    0.42071718512509765
325    0.0    0.0014045643641723419    0.4222634560958972
326    0.0    0.0029186460802666245    0.4207493743798029
327    0.0    0.0013734988145982971    0.42229452164547127
328    0.0    0.0028886673294684995    0.42077935313060105
329    0.0    0.001344571925713232    0.4223234485343563
330    0.0    0.0028607592164783457    0.42080726124359125
331    0.0    0.0013176512436289896    0.4223503692164406
332    0.0    0.0028347962596134437    0.4208332242004561
333    0.0    0.0012926178512923056    0.42237540260877726
334    0.0    0.0028106657286096188    0.42085735473145996
335    0.0    0.0012693648546813687    0.4223986556053882
336    0.0    0.0027882662402253827    0.4208797542198442
337    0.0    0.001247796078953685    0.42242022438111587
338    0.0    0.0027675065468953496    0.42090051391317423
339    0.0    0.0012278249423025762    0.422440195517767
340    0.0    0.0027483044891490928    0.4209197159709205
341    0.0    0.001209373480897451    0.4224586469791721
342    0.0    0.0027305860875735666    0.420937434372496
343    0.0    0.001192371502851696    0.4224756489572179
344    0.0    0.0027142847542064538    0.42095373570586314
345    0.0    0.0011767558528593912    0.4224912646072102
346    0.0    0.002699340606595125    0.42096867985347447
347    0.0    0.001162469772184538    0.42250555068788503
348    0.0    0.002685699870514989    0.4209823205895546
349    0.0    0.0011494623411728048    0.42251855811889677
350    0.0    0.0026733143595913697    0.4209947061004782
351    0.0    0.0011376879935235374    0.42253033246654603
352    0.0    0.002662141021959231    0.42100587943811035
353    0.0    0.0011271060932607619    0.4225409143668088
354    0.0    0.00265214154564222    0.4210158789144274
355    0.0    0.0011176805667748705    0.4225503398932947
356    0.0    0.0026432820156521942    0.4210247384444174
357    0.0    0.0011093795835037167    0.42255864087656586
358    0.0    0.0026355326168983687    0.4210324878431712
359    0.0    0.0011021752798288586    0.4225658451802407
360    0.0    0.002628867377930621    0.42103915308213896
361    0.0    0.0010960435216232612    0.42257197693844634
362    0.0    0.002623263951336958    0.42104475650873263
363    0.0    0.0010909637016193563    0.4225770567584502
364    0.0    0.0026187034272838754    0.4210493170327857
365    0.0    0.0010869185683997594    0.4225811018916698
366    0.0    0.002615170177292832    0.4210528502827767
367    0.0    0.0010838940843565738    0.422584126375713
368    0.0    0.002612651725846151    0.42105536873422345
369    0.0    0.0010818793104590528    0.4225861411496105
370    0.0    0.002611138647878891    0.4210568818121907
371    0.0    0.0010808663160860265    0.42258715414398357
372    0.0    0.0026106244906163377    0.42105739596945324
373    0.0    0.001080850112575501    0.42258717034749405
374    0.0    0.002611105718588611    0.42105691474148094
375    0.0    0.001081828609497878    0.42258619185057167
376    0.0    0.002612581680993045    0.42105543877907653
377    0.0    0.001083802592983209    0.4225842178670864
378    0.0    0.002615054600902782    0.4210529658591668
379    0.0    0.0010867757257598722    0.4225812447343097
380    0.0    0.002618529586122848    0.4210494908739467
381    0.0    0.0010907545688571315    0.4225772658912124
382    0.0    0.0026230146618073536    0.4210450057982622
383    0.0    0.001095748625241474    0.4225722718348281
384    0.0    0.0026285208252548476    0.42103949963481474
385    0.0    0.001101770405953356    0.42256625005411624
386    0.0    0.0026350621236144655    0.4210329583364551
387    0.0    0.001108835519650418    0.42255918494041916
388    0.0    0.002642655755573248    0.4210253647044963
389    0.0    0.0011169627867922416    0.42255105767327733
390    0.0    0.0026513221984435357    0.421016698261626
391    0.0    0.0011261743800853082    0.42254184607998424
392    0.0    0.002661085362467346    0.42100693509760223
393    0.0    0.0011364959932054456    0.42253152446686415
394    0.0    0.002671972774578909    0.42099604768549065
395    0.0    0.0011479570402835877    0.422520063419786
396    0.0    0.0026840157943608463    0.42098400466570873
397    0.0    0.0011605908891483942    0.4225074295709212
398    0.0    0.002697249865469304    0.42097077059460025
399    0.0    0.0011744351319170226    0.42249358532815257
400    0.0    0.0027117148064559195    0.42095630565361364
401    0.0    0.0011895318972056591    0.4224784885628639
402    0.0    0.0027274551456332283    0.42094056531443635
403    0.0    0.0012059282090297557    0.4224620922510398
404    0.0    0.002744520505506675    0.4209234999545629
405    0.0    0.0012236763983955895    0.42244434406167397
406    0.0    0.0027629660432978926    0.4209050544167717
407    0.0    0.0012428345746823286    0.42242518588538724
408    0.0    0.002782852955286367    0.4208851675047832
409    0.0    0.0012634671652304703    0.4224045532948391
410    0.0    0.002804249054127344    0.4208637714059422
411    0.0    0.0012856455330984295    0.4223823749269711
412    0.0    0.0028272294300067382    0.42084079103006283
413    0.0    0.00130944868483559    0.422358571775234
414    0.0    0.002851877208545013    0.42081614325152455
415    0.0    0.0013349640823615628    0.422333056377708
416    0.0    0.002878284420853625    0.42078973603921593
417    0.0    0.0013622885757891136    0.42230573188428044
418    0.0    0.002906553004150294    0.4207614674559193
419    0.0    0.0013915294773452404    0.42227649098272435
420    0.0    0.0029367959550297977    0.42073122450503975
421    0.0    0.0014228058006243152    0.42224521465944526
422    0.0    0.00296913866199277    0.4206988817980768
423    0.0    0.0014562496944181603    0.4222117707656514
424    0.0    0.003003720449411932    0.42066430001065763
425    0.0    0.0014920081065580447    0.42217601235351154
426    0.0    0.0030406963720062256    0.42062732408806336
427    0.0    0.0015302447209089862    0.42213777573916056
428    0.0    0.003080239307507926    0.4205877811525616
429    0.0    0.0015711422202825778    0.422096878239787
430    0.0    0.0031225424059892893    0.42054547805408027
431    0.0    0.0016149049401429144    0.42205311551992664
432    0.0    0.0031678219679342205    0.4205001984921353
433    0.0    0.0016617619933082994    0.42200625846676126
434    0.0    0.0032163208404123395    0.4204516996196572
435    0.0    0.0017119709653622866    0.4219560494947073
436    0.0    0.0032683124428059653    0.4203997080172636
437    0.0    0.0017658223055351805    0.4219021981545344
438    0.0    0.003324105561968304    0.42034391489810125
439    0.0    0.0018236445701540736    0.4218443758899155
440    0.0    0.0033840500935682326    0.42028397036650134
441    0.0    0.0018858107178826994    0.4217822097421869
442    0.0    0.0034485439545766435    0.4202194765054929
443    0.0    0.0019527457112642397    0.4217152747488053
444    0.0    0.003518041455420073    0.4201499790046495
445    0.0    0.0020249357523068    0.4216430847077628
446    0.0    0.0035930635048798984    0.42007495695518965
447    0.0    0.002102939577744309    0.42156508088232525
448    0.0    0.0036742101344257867    0.4199938103256438
449    0.0    0.002187402371782612    0.42148061808828696
450    0.0    0.003762175982874274    0.4199058444771953
451    0.0    0.0022790730345464763    0.4213889474255231
452    0.0    0.003857769593928382    0.4198102508661412
453    0.0    0.002378825793525478    0.4212891946665441
454    0.0    0.003961937673190962    0.4197060827868786
455    0.0    0.002487687493550835    0.42118033296651874
456    0.0    0.004075795865049726    0.4195922245950198
457    0.0    0.002606872394290329    0.42106114806577927
458    0.0    0.004200668200438658    0.4194673522596309
459    0.0    0.002737827013839245    0.42093019344623034
460    0.0    0.004338138222423614    0.41932988223764595
461    0.0    0.0028822885937903465    0.4207857318662792
462    0.0    0.004490116057967731    0.41917790440210184
463    0.0    0.0030423623028689633    0.4206256581572006
464    0.0    0.004658927597556523    0.41900909286251303
465    0.0    0.0032206246331389584    0.42044739582693064
466    0.0    0.004847434844189645    0.4188205856158799
467    0.0    0.0034202640612506284    0.42024775639881895
468    0.0    0.00505920103509886    0.4186088194249707
469    0.0    0.0036452757836579384    0.42002274467641165
470    0.0    0.00529872143264045    0.41836929902742914
471    0.0    0.003900736671706828    0.41976728378836276
472    0.0    0.005571752723185497    0.4180962677368841
473    0.0    0.004193202246700237    0.41947481821336935
474    0.0    0.005885794483226792    0.4177822259768428
475    0.0    0.004531294615784187    0.4191367258442854
476    0.0    0.006250812413650063    0.4174172080464195
477    0.0    0.004926599202627198    0.41874142125744235
478    0.0    0.006680359735022991    0.41698766072504656
479    0.0    0.005395080164245998    0.41827294029582357
480    0.0    0.007193381850386678    0.41647463860968287
481    0.0    0.00595940687825883    0.4177086135818107
482    0.0    0.007817252083699346    0.41585076837637025
483    0.0    0.006652968380989397    0.4170150520790802
484    0.0    0.008593159420620264    0.4150748610394493
485    0.0    0.007527224294608085    0.4161407961654615
486    0.0    0.00958632488137891    0.4140816955786907
487    0.0    0.008666202738049404    0.41500181772202016
488    0.0    0.010907069400951442    0.41276095105911814
489    0.0    0.010217961978723732    0.41345005848134586
490    0.0    0.012759310319002778    0.4109087101410668
491    0.0    0.012472190376737028    0.41119583008333255
492    0.0    0.0155704136515242    0.4080976068085454
493    0.0    0.01608972916357373    0.40757829129649586
494    0.0    0.02042583946602693    0.40324218099404263
495    0.0    0.02300324710755904    0.40066477335251055
496    0.0    0.031182799916416117    0.3924852205436535
497    0.0    0.042400294757426724    0.38126772570264283
498    0.0    0.07805400443141204    0.34561401602865754
499    1.5720991814813083    0.3144198362962617    0.10924818416380788
