0    0.0    0.07927796667152108    0.3570610594290107
1    0.0    0.0459427419089671    0.3903962841915647
2    0.0    0.03302051516222385    0.4033185109383079
3    0.0    0.0298146951212459    0.40652433097928586
4    0.0    0.026801329911713783    0.40953769618881797
5    0.0    0.02896910251902043    0.40736992358151136
6    0.0    0.030505958118972873    0.4058330679815589
7    0.0    0.03863758632608491    0.39770143977444683
8    0.0    0.05178990540752905    0.38454912069300273
9    0.0    0.09555339776096906    0.3407856283395627
10    2.2684597274108658    0.41244722316561194    0.023891802934919826
11    2.381940481563563    0.43308008755701144    0.003258938543520329
12    2.3980453877698054    0.4360082523217828    0.00033077377874896063
13    2.399628670048162    0.43629612182693855    4.2904273593213915e-05
14    2.3998380217540425    0.4363341857734623    4.840327069488559e-06
15    2.399861245549318    0.4363384082816942    6.178188375893789e-07
16    2.399864242573976    0.43633895319526833    7.290526343739501e-08
17    2.399864592583455    0.43633901683335546    9.267176304117442e-09
18    2.3998646373937853    0.4363390249806883    1.1198434957115921e-09
19    2.399864642770274    0.4363390259582316    1.4230017164607034e-10
20    2.3998646434569664    0.4363390260830848    1.744698829853064e-11
21    2.3998646435407185    0.4363390260983125    2.2192803150744567e-12
22    2.399864643551415    0.43633902610025727    2.7450264283856995e-13
23    2.399864643552732    0.4363390261004967    3.5083047578154947e-14
24    2.399864643552899    0.43633902610052705    4.718447854656915e-15
25    2.399864643552922    0.43633902610053127    4.996003610813204e-16
26    2.3998646435529216    0.4363390261005312    5.551115123125783e-16
27    2.3998646435529216    0.4363390261005312    5.551115123125783e-16
28    2.399864643552921    0.4363390261005311    6.661338147750939e-16
29    2.3998646435529234    0.4363390261005315    2.7755575615628914e-16
30    2.399864643552925    0.4363390261005319    1.1102230246251565e-16
31    2.3998646435529225    0.4363390261005314    3.885780586188048e-16
32    2.399864643552923    0.43633902610053144    3.3306690738754696e-16
33    2.3998646435529256    0.43633902610053193    1.6653345369377348e-16
34    2.3998646435529234    0.43633902610053155    2.220446049250313e-16
35    2.3998646435529247    0.43633902610053177    0.0
36    2.3998646435529225    0.4363390261005314    3.885780586188048e-16
37    2.399864643552925    0.4363390261005318    5.551115123125783e-17
38    2.3998646435529203    0.43633902610053094    8.326672684688674e-16
39    2.399864643552924    0.4363390261005316    1.6653345369377348e-16
40    2.3998646435529234    0.43633902610053155    2.220446049250313e-16
41    2.3998646435529243    0.4363390261005317    5.551115123125783e-17
42    2.3998646435529234    0.43633902610053155    2.220446049250313e-16
43    2.3998646435529243    0.43633902610053166    1.1102230246251565e-16
44    2.399864643552921    0.43633902610053116    6.106226635438361e-16
45    2.3998646435529247    0.43633902610053177    0.0
46    2.399864643552925    0.4363390261005319    1.1102230246251565e-16
47    2.3998646435529256    0.43633902610053193    1.6653345369377348e-16
48    2.399864643552925    0.4363390261005318    5.551115123125783e-17
49    2.3998646435529274    0.43633902610053227    4.996003610813204e-16
50    2.3998646435529234    0.4363390261005315    2.7755575615628914e-16
51    2.399864643552925    0.4363390261005319    1.1102230246251565e-16
52    2.399864643552922    0.43633902610053127    4.996003610813204e-16
53    2.399864643552922    0.4363390261005313    4.440892098500626e-16
54    2.3998646435529256    0.43633902610053193    1.6653345369377348e-16
55    2.399864643552924    0.4363390261005316    1.6653345369377348e-16
56    2.399864643552926    0.43633902610053205    2.7755575615628914e-16
57    2.399864643552924    0.4363390261005316    1.6653345369377348e-16
58    2.3998646435529234    0.43633902610053155    2.220446049250313e-16
59    2.3998646435529234    0.43633902610053155    2.220446049250313e-16
60    2.3998646435529234    0.4363390261005315    2.7755575615628914e-16
61    2.399864643552925    0.4363390261005318    5.551115123125783e-17
62    2.3998646435529247    0.43633902610053177    0.0
63    2.3998646435529243    0.43633902610053166    1.1102230246251565e-16
64    2.399864643552928    0.4363390261005323    5.551115123125783e-16
65    2.3998646435529234    0.4363390261005315    2.7755575615628914e-16
66    2.3998646435529243    0.43633902610053166    1.1102230246251565e-16
67    2.399864643552921    0.43633902610053116    6.106226635438361e-16
68    2.3998646435529243    0.43633902610053166    1.1102230246251565e-16
69    2.3998646435529247    0.43633902610053177    0.0
70    2.399864643552923    0.43633902610053144    3.3306690738754696e-16
71    2.399864643552925    0.4363390261005319    1.1102230246251565e-16
72    2.3998646435529243    0.43633902610053166    1.1102230246251565e-16
73    2.3998646435529234    0.43633902610053155    2.220446049250313e-16
74    2.3998646435529247    0.43633902610053177    0.0
75    2.3998646435529243    0.43633902610053166    1.1102230246251565e-16
76    2.3998646435529247    0.43633902610053177    0.0
77    2.3998646435529243    0.4363390261005317    5.551115123125783e-17
78    2.399864643552926    0.436339026100532    2.220446049250313e-16
79    2.3998646435529234    0.4363390261005315    2.7755575615628914e-16
80    2.399864643552925    0.4363390261005319    1.1102230246251565e-16
81    2.3998646435529256    0.43633902610053193    1.6653345369377348e-16
82    2.3998646435529247    0.43633902610053177    0.0
83    2.3998646435529216    0.4363390261005312    5.551115123125783e-16
84    2.3998646435529274    0.4363390261005322    4.440892098500626e-16
85    2.3998646435529243    0.4363390261005317    5.551115123125783e-17
86    2.3998646435529256    0.43633902610053193    1.6653345369377348e-16
87    2.3998646435529243    0.43633902610053166    1.1102230246251565e-16
88    2.3998646435529234    0.4363390261005315    2.7755575615628914e-16
89    2.399864643552924    0.4363390261005316    1.6653345369377348e-16
90    2.399864643552922    0.4363390261005313    4.440892098500626e-16
91    2.3998646435529247    0.43633902610053177    0.0
92    2.3998646435529243    0.4363390261005317    5.551115123125783e-17
93    2.399864643552924    0.4363390261005316    1.6653345369377348e-16
94    2.3998646435529247    0.43633902610053177    0.0
95    2.399864643552924    0.4363390261005316    1.6653345369377348e-16
96    2.3998646435529243    0.43633902610053166    1.1102230246251565e-16
97    2.399864643552923    0.43633902610053144    3.3306690738754696e-16
98    2.399864643552926    0.436339026100532    2.220446049250313e-16
99    2.399864643552925    0.4363390261005318    5.551115123125783e-17
100    2.399864643552926    0.43633902610053205    2.7755575615628914e-16
101    2.3998646435529247    0.43633902610053177    0.0
102    2.3998646435529243    0.4363390261005317    5.551115123125783e-17
103    2.3998646435529243    0.4363390261005317    5.551115123125783e-17
104    2.399864643552924    0.4363390261005316    1.6653345369377348e-16
105    2.399864643552921    0.43633902610053116    6.106226635438361e-16
106    2.399864643552926    0.436339026100532    2.220446049250313e-16
107    2.3998646435529234    0.4363390261005315    2.7755575615628914e-16
108    2.3998646435529247    0.43633902610053177    0.0
109    2.3998646435529234    0.43633902610053155    2.220446049250313e-16
110    2.3998646435529256    0.43633902610053193    1.6653345369377348e-16
111    2.399864643552922    0.43633902610053127    4.996003610813204e-16
112    2.3998646435529243    0.43633902610053166    1.1102230246251565e-16
113    2.399864643552922    0.43633902610053127    4.996003610813204e-16
114    2.399864643552926    0.43633902610053205    2.7755575615628914e-16
115    2.399864643552923    0.43633902610053144    3.3306690738754696e-16
116    2.399864643552927    0.43633902610053216    3.885780586188048e-16
117    2.3998646435529234    0.43633902610053155    2.220446049250313e-16
118    2.399864643552925    0.4363390261005318    5.551115123125783e-17
119    2.399864643552922    0.43633902610053127    4.996003610813204e-16
120    2.3998646435529274    0.4363390261005322    4.440892098500626e-16
121    2.399864643552924    0.4363390261005316    1.6653345369377348e-16
122    2.399864643552925    0.4363390261005319    1.1102230246251565e-16
123    2.3998646435529234    0.4363390261005315    2.7755575615628914e-16
124    2.3998646435529234    0.43633902610053155    2.220446049250313e-16
125    2.3998646435529247    0.43633902610053177    0.0
126    2.3998646435529243    0.4363390261005317    5.551115123125783e-17
127    2.399864643552924    0.4363390261005316    1.6653345369377348e-16
128    2.3998646435529256    0.43633902610053193    1.6653345369377348e-16
129    2.3998646435529243    0.4363390261005317    5.551115123125783e-17
130    2.399864643552925    0.4363390261005319    1.1102230246251565e-16
131    2.3998646435529265    0.4363390261005321    3.3306690738754696e-16
132    2.399864643552925    0.4363390261005319    1.1102230246251565e-16
133    2.3998646435529243    0.4363390261005317    5.551115123125783e-17
134    2.399864643552924    0.4363390261005316    1.6653345369377348e-16
135    2.3998646435529243    0.4363390261005317    5.551115123125783e-17
136    2.3998646435529234    0.4363390261005315    2.7755575615628914e-16
137    2.3998646435529225    0.4363390261005314    3.885780586188048e-16
138    2.3998646435529247    0.43633902610053177    0.0
139    2.399864643552925    0.4363390261005319    1.1102230246251565e-16
140    2.3998646435529243    0.4363390261005317    5.551115123125783e-17
141    2.3998646435529225    0.4363390261005314    3.885780586188048e-16
142    2.399864643552924    0.4363390261005316    1.6653345369377348e-16
143    2.3998646435529234    0.43633902610053155    2.220446049250313e-16
144    2.3998646435529243    0.43633902610053166    1.1102230246251565e-16
145    2.399864643552923    0.43633902610053144    3.3306690738754696e-16
146    2.399864643552922    0.4363390261005313    4.440892098500626e-16
147    2.399864643552922    0.4363390261005313    4.440892098500626e-16
148    2.399864643552925    0.4363390261005319    1.1102230246251565e-16
149    2.3998646435529243    0.43633902610053166    1.1102230246251565e-16
150    2.3998646435529216    0.4363390261005312    5.551115123125783e-16
151    2.399864643552923    0.43633902610053144    3.3306690738754696e-16
152    2.3998646435529207    0.43633902610053105    7.216449660063518e-16
153    2.3998646435529234    0.4363390261005315    2.7755575615628914e-16
154    2.399864643552924    0.4363390261005316    1.6653345369377348e-16
155    2.3998646435529234    0.4363390261005315    2.7755575615628914e-16
156    2.3998646435529216    0.4363390261005312    5.551115123125783e-16
157    2.3998646435529243    0.43633902610053166    1.1102230246251565e-16
158    2.3998646435529203    0.43633902610053094    8.326672684688674e-16
159    2.399864643552923    0.43633902610053144    3.3306690738754696e-16
160    2.399864643552921    0.43633902610053116    6.106226635438361e-16
161    2.399864643552923    0.43633902610053144    3.3306690738754696e-16
162    2.399864643552924    0.4363390261005316    1.6653345369377348e-16
163    2.399864643552923    0.43633902610053144    3.3306690738754696e-16
164    2.3998646435529216    0.4363390261005312    5.551115123125783e-16
165    2.399864643552926    0.436339026100532    2.220446049250313e-16
166    2.399864643552924    0.4363390261005316    1.6653345369377348e-16
167    2.3998646435529234    0.4363390261005315    2.7755575615628914e-16
168    2.3998646435529243    0.4363390261005317    5.551115123125783e-17
169    2.399864643552925    0.4363390261005319    1.1102230246251565e-16
170    2.399864643552923    0.43633902610053144    3.3306690738754696e-16
171    2.3998646435529216    0.4363390261005312    5.551115123125783e-16
172    2.3998646435529234    0.4363390261005315    2.7755575615628914e-16
173    2.399864643552925    0.4363390261005318    5.551115123125783e-17
174    2.3998646435529234    0.4363390261005315    2.7755575615628914e-16
175    2.3998646435529207    0.43633902610053105    7.216449660063518e-16
176    2.3998646435529234    0.43633902610053155    2.220446049250313e-16
177    2.3998646435529247    0.43633902610053177    0.0
178    2.3998646435529234    0.4363390261005315    2.7755575615628914e-16
179    2.3998646435529234    0.4363390261005315    2.7755575615628914e-16
180    2.399864643552926    0.436339026100532    2.220446049250313e-16
181    2.3998646435529207    0.43633902610053105    7.216449660063518e-16
182    2.3998646435529216    0.4363390261005312    5.551115123125783e-16
183    2.399864643552924    0.4363390261005316    1.6653345369377348e-16
184    2.3998646435529256    0.43633902610053193    1.6653345369377348e-16
185    2.399864643552924    0.4363390261005316    1.6653345369377348e-16
186    2.399864643552925    0.4363390261005318    5.551115123125783e-17
187    2.3998646435529234    0.43633902610053155    2.220446049250313e-16
188    2.3998646435529247    0.43633902610053177    0.0
189    2.3998646435529234    0.43633902610053155    2.220446049250313e-16
190    2.3998646435529265    0.4363390261005321    3.3306690738754696e-16
191    2.399864643552922    0.43633902610053127    4.996003610813204e-16
192    2.399864643552925    0.4363390261005318    5.551115123125783e-17
193    2.3998646435529247    0.43633902610053177    0.0
194    2.3998646435529234    0.4363390261005315    2.7755575615628914e-16
195    2.399864643552923    0.43633902610053144    3.3306690738754696e-16
196    2.399864643552925    0.4363390261005318    5.551115123125783e-17
197    2.3998646435529234    0.43633902610053155    2.220446049250313e-16
198    2.399864643552923    0.43633902610053144    3.3306690738754696e-16
199    2.3998646435529216    0.4363390261005312    5.551115123125783e-16
200    2.399864643552926    0.436339026100532    2.220446049250313e-16
201    2.399864643552922    0.4363390261005313    4.440892098500626e-16
202    2.3998646435529243    0.4363390261005317    5.551115123125783e-17
203    2.3998646435529225    0.4363390261005314    3.885780586188048e-16
204    2.399864643552926    0.436339026100532    2.220446049250313e-16
205    2.3998646435529243    0.4363390261005317    5.551115123125783e-17
206    2.3998646435529256    0.43633902610053193    1.6653345369377348e-16
207    2.399864643552925    0.4363390261005319    1.1102230246251565e-16
208    2.3998646435529247    0.43633902610053177    0.0
209    2.3998646435529247    0.43633902610053177    0.0
210    2.399864643552925    0.4363390261005318    5.551115123125783e-17
211    2.3998646435529225    0.4363390261005314    3.885780586188048e-16
212    2.3998646435529225    0.4363390261005314    3.885780586188048e-16
213    2.399864643552925    0.4363390261005319    1.1102230246251565e-16
214    2.399864643552925    0.4363390261005319    1.1102230246251565e-16
215    2.3998646435529243    0.43633902610053166    1.1102230246251565e-16
216    2.399864643552925    0.4363390261005318    5.551115123125783e-17
217    2.399864643552924    0.4363390261005316    1.6653345369377348e-16
218    2.3998646435529234    0.43633902610053155    2.220446049250313e-16
219    2.399864643552926    0.436339026100532    2.220446049250313e-16
220    2.399864643552925    0.4363390261005318    5.551115123125783e-17
221    2.3998646435529243    0.4363390261005317    5.551115123125783e-17
222    2.3998646435529256    0.43633902610053193    1.6653345369377348e-16
223    2.3998646435529274    0.43633902610053227    4.996003610813204e-16
224    2.3998646435529243    0.43633902610053166    1.1102230246251565e-16
225    2.3998646435529265    0.4363390261005321    3.3306690738754696e-16
226    2.3998646435529243    0.43633902610053166    1.1102230246251565e-16
227    2.399864643552924    0.4363390261005316    1.6653345369377348e-16
228    2.3998646435529243    0.4363390261005317    5.551115123125783e-17
229    2.3998646435529247    0.43633902610053177    0.0
230    2.3998646435529243    0.4363390261005317    5.551115123125783e-17
231    2.3998646435529247    0.43633902610053177    0.0
232    2.399864643552924    0.4363390261005316    1.6653345369377348e-16
233    2.3998646435529234    0.43633902610053155    2.220446049250313e-16
234    2.3998646435529203    0.436339026100531    7.771561172376096e-16
235    2.3998646435529007    0.43633902610052744    4.3298697960381105e-15
236    2.399864643552726    0.4363390261004957    3.608224830031759e-14
237    2.3998646435513575    0.43633902610024683    2.8493873927004643e-13
238    2.3998646435403055    0.4363390260982373    2.2944424138415798e-12
239    2.399864643453722    0.43633902608249486    1.8036905302665218e-11
240    2.3998646427469046    0.43633902595398266    1.4654910618361328e-10
241    2.3998646372102654    0.436339024947321    1.1532107491163401e-09
242    2.3998645912705237    0.4363390165946407    9.505891074290673e-09
243    2.399864232301034    0.4363389513274607    7.477307106817932e-08
244    2.3998611728127566    0.43633839505686484    6.310436669321184e-07
245    2.3998374567983243    0.43633408305424076    4.943046291006059e-06
246    2.399624737861145    0.43629540688384455    4.3619216687218465e-05
247    2.3980154512491048    0.43600280931801905    0.0003362167825127216
248    2.381739201849183    0.433043491245306    0.003295534855225768
249    2.2670753357212226    0.4121955155856768    0.02414351051485497
250    0.0    0.09451810099980743    0.34182092510072437
251    0.0    0.049445240189221376    0.3868937859113104
252    0.0    0.03518591304168362    0.40115311305884815
253    0.0    0.025331226691729172    0.4110077994088026
254    0.0    0.02200839386735627    0.4143306322331755
255    0.0    0.01699013592631636    0.4193488901742154
256    0.0    0.016241595058958266    0.4200974310415735
257    0.0    0.012760320643807246    0.42357870545672455
258    0.0    0.013004422937895482    0.42333460316263627
259    0.0    0.010202049806006822    0.42613697629452496
260    0.0    0.010931247660082351    0.4254077784404494
261    0.0    0.008487682847814173    0.4278513432527176
262    0.0    0.009489823807990364    0.4268492022925414
263    0.0    0.007258759853807128    0.42908026624672463
264    0.0    0.008429608985225379    0.4279094171153064
265    0.0    0.006334739486794582    0.4300042866137372
266    0.0    0.007617132785045231    0.42872189331548655
267    0.0    0.005614776533220157    0.4307242495673116
268    0.0    0.006974755141841751    0.42936427095869
269    0.0    0.0050381091528365896    0.4313009169476952
270    0.0    0.006454232813832546    0.4298847932866992
271    0.0    0.004565940552510322    0.43177308554802146
272    0.0    0.006024007256722399    0.43031501884380935
273    0.0    0.004172334982345189    0.43216669111818656
274    0.0    0.005662564859315449    0.43067646124121634
275    0.0    0.003839295788029874    0.4324997303125019
276    0.0    0.005354734620449935    0.4309842914800818
277    0.0    0.003553943403805829    0.43278508269672594
278    0.0    0.005089511108914601    0.4312495149916172
279    0.0    0.0033068173170608265    0.43303220878347093
280    0.0    0.004858716624461789    0.43148030947606997
281    0.0    0.0030908121936329613    0.4332482139068988
282    0.0    0.004656147901746733    0.43168287819878504
283    0.0    0.002900488020929092    0.4334385380796027
284    0.0    0.004477014254469018    0.43186201184606277
285    0.0    0.00273160934310345    0.4336074167574283
286    0.0    0.004317557275814383    0.43202146882471737
287    0.0    0.0025808294793235125    0.43375819662120824
288    0.0    0.004174787143393328    0.43216423895713846
289    0.0    0.0024454691508737324    0.43389355694965803
290    0.0    0.004046295843338711    0.43229273025719306
291    0.0    0.002323358149026958    0.4340156679515048
292    0.0    0.003930122349477879    0.4324089037510539
293    0.0    0.002212720047723716    0.43412630605280805
294    0.0    0.0038246536432757737    0.432514372457256
295    0.0    0.0021120868999125668    0.4342269392006192
296    0.0    0.0037285509301853864    0.4326104751703464
297    0.0    0.0020202351977951305    0.4343187909027366
298    0.0    0.0036406938740867222    0.43269833222644505
299    0.0    0.001936137159919411    0.43440288894061235
300    0.0    0.0035601379174565136    0.43277888818307525
301    0.0    0.0018589232299891637    0.4344801028705426
302    0.0    0.0034860812400183817    0.4328529448605134
303    0.0    0.0017878528884298602    0.4345511732121019
304    0.0    0.0034178389089401786    0.4329211871915916
305    0.0    0.0017222917039549333    0.43461673439657683
306    0.0    0.0033548224587969656    0.4329842036417348
307    0.0    0.0016616931227935116    0.43467733297773825
308    0.0    0.0032965236161697064    0.43304250248436205
309    0.0    0.001605583892920486    0.4347334422076113
310    0.0    0.003242501220044841    0.43309652488048694
311    0.0    0.001553552304546319    0.4347854737959854
312    0.0    0.0031923706296223485    0.4331466554709094
313    0.0    0.0015052386323611143    0.43483378746817064
314    0.0    0.0031457950851359667    0.4331932310153958
315    0.0    0.0014603273136839141    0.4348786987868479
316    0.0    0.003102478614647554    0.4332365474858842
317    0.0    0.0014185405060560309    0.4349204855944757
318    0.0    0.003062160173970465    0.4332768659265613
319    0.0    0.001379632749144252    0.4349593933513875
320    0.0    0.003024608777253879    0.4333144173232779
321    0.0    0.0013433865168461434    0.43499563958368564
322    0.0    0.0029896194288043998    0.4333494066717274
323    0.0    0.0013096084917068264    0.43502941760882496
324    0.0    0.002957009707075072    0.4333820163934567
325    0.0    0.0012781264290550054    0.43506089967147676
326    0.0    0.0029266168826832047    0.43341240921784857
327    0.0    0.0012487865054200532    0.4350902395951117
328    0.0    0.002898295476211749    0.43344073062432004
329    0.0    0.001221451066875766    0.435117575033656
330    0.0    0.0028719151801652456    0.43346711092036655
331    0.0    0.0011959967093878804    0.4351430293911439
332    0.0    0.002847359084011363    0.4334916670165204
333    0.0    0.0011723126361958935    0.4351667134643359
334    0.0    0.002824522152747409    0.43351450394778435
335    0.0    0.0011502992474819052    0.4351887268530499
336    0.0    0.0028033099185472217    0.43353571618198455
337    0.0    0.0011298669257307796    0.43520915917480096
338    0.0    0.0027836373523390376    0.4335553887481927
339    0.0    0.001110934986713815    0.43522809111381794
340    0.0    0.0027654278880018634    0.4335735982125299
341    0.0    0.0010934307712696994    0.43524559532926205
342    0.0    0.0027486125766042575    0.4335904135239275
343    0.0    0.0010772888573202164    0.43526173724321154
344    0.0    0.002733129351927944    0.43360589674860384
345    0.0    0.001062450375007304    0.4352765757255245
346    0.0    0.0027189223916565786    0.4336201037088752
347    0.0    0.0010488624106755602    0.43529016368985624
348    0.0    0.002705941561169128    0.43363308453936267
349    0.0    0.001036477487742362    0.4353025486127894
350    0.0    0.0026941419289849534    0.43364488417154684
351    0.0    0.0010252531144254804    0.4353137729861063
352    0.0    0.0026834833446664065    0.4336555427558654
353    0.0    0.0010151513898866784    0.4353238747106451
354    0.0    0.002673930071431219    0.4336650960291005
355    0.0    0.0010061386616845903    0.4353328874388472
356    0.0    0.002665450466950632    0.4336735756335811
357    0.0    0.0009981852285463903    0.4353408408719854
358    0.0    0.002658016706833687    0.4336810093936981
359    0.0    0.0009912650834064112    0.43534776101712536
360    0.0    0.0026516045461601576    0.4336874215543716
361    0.0    0.0009853556924644526    0.43535367040806733
362    0.0    0.002646193115173135    0.43369283298535866
363    0.0    0.0009804378066958575    0.4353585882938359
364    0.0    0.0026417647458670834    0.4336972613546647
365    0.0    0.0009764953028423407    0.43536253079768944
366    0.0    0.002638304826762296    0.43370072127376946
367    0.0    0.0009735150514145984    0.4353655110491172
368    0.0    0.0026358016836366214    0.43370322441689513
369    0.0    0.000971486809698564    0.4353675392908332
370    0.0    0.002634246484403967    0.4337047796161278
371    0.0    0.0009704031381545147    0.43536862296237727
372    0.0    0.0026336331667195494    0.4337053929338122
373    0.0    0.0009702593389562571    0.4353687667615755
374    0.0    0.002633958387226658    0.43370506771330514
375    0.0    0.0009710534157567482    0.435367972684775
376    0.0    0.0026352214916886656    0.4337038046088431
377    0.0    0.0009727860540722558    0.4353662400464595
378    0.0    0.0026374245055479986    0.4337016015949838
379    0.0    0.000975460621973311    0.4353635654785585
380    0.0    0.002640572144743593    0.43369845395578815
381    0.0    0.000979083191061969    0.4353599429094698
382    0.0    0.0026446718469130426    0.43369435425361874
383    0.0    0.0009836625779975976    0.4353553635225342
384    0.0    0.002649733823383262    0.43368929227714853
385    0.0    0.0009892104071317497    0.43534981569340003
386    0.0    0.0026557711326629613    0.4336832549678688
387    0.0    0.0009957411951136614    0.4353432849054181
388    0.0    0.002662799776458868    0.4336762263240729
389    0.0    0.001003272458655253    0.4353357536418765
390    0.0    0.00267083881957514    0.43366818728095663
391    0.0    0.001011824846997707    0.4353272012535341
392    0.0    0.0026799105354266663    0.4336591155651051
393    0.0    0.0010214223010063788    0.4353176037995254
394    0.0    0.00269004057930816    0.4336489855212236
395    0.0    0.001032092241262276    0.4353069338592695
396    0.0    0.002701258192017699    0.43363776790851405
397    0.0    0.001043865788000311    0.43529516031253146
398    0.0    0.0027135964369662383    0.43362542966356554
399    0.0    0.0010567780163212878    0.43528224808421045
400    0.0    0.0027270924745085683    0.4336119336260232
401    0.0    0.0010708682507476947    0.43526815784978407
402    0.0    0.002741787877928661    0.4335972382226031
403    0.0    0.0010861804039553379    0.4352528456965764
404    0.0    0.0027577289963477275    0.433581297104184
405    0.0    0.0011027633654096469    0.4352362627351221
406    0.0    0.0027749673707793835    0.4335640587297524
407    0.0    0.0011206714466828612    0.4352183546538489
408    0.0    0.00279356021071528    0.43354546588981646
409    0.0    0.0011399648914891714    0.4351990612090426
410    0.0    0.00281357093998574    0.433525455160546
411    0.0    0.0011607104599644352    0.43517831564056736
412    0.0    0.0028350698222856323    0.4335039562782461
413    0.0    0.001182982098520951    0.4351560440020108
414    0.0    0.002858134678725926    0.43348089142180585
415    0.0    0.001206861708775589    0.43513216439175617
416    0.0    0.0028828517121609093    0.43345617438837086
417    0.0    0.0012324400316794503    0.43510658606885233
418    0.0    0.002909316455946045    0.4334297096445857
419    0.0    0.0012598176661936902    0.43507920843433806
420    0.0    0.00293763486833259    0.4334013912321992
421    0.0    0.0012891062457772273    0.43504991985475455
422    0.0    0.002967924598061577    0.4333711015024702
423    0.0    0.0013204298008037659    0.435018596299728
424    0.0    0.0030003164521052164    0.4333387096484266
425    0.0    0.0013539263410095996    0.43498509975952215
426    0.0    0.0030349561031852257    0.43330406999734655
427    0.0    0.0013897496995414536    0.4349492764009903
428    0.0    0.003072006083037978    0.4332670200174938
429    0.0    0.0014280716895076406    0.4349109544110241
430    0.0    0.0031116481178690048    0.43322737798266275
431    0.0    0.0014690846356952064    0.43486994146483654
432    0.0    0.0031540858756632256    0.43318494022486853
433    0.0    0.001513004359027734    0.43482602174150403
434    0.0    0.0031995482118490418    0.43313947788868273
435    0.0    0.0015600737103396113    0.43477895239019215
436    0.0    0.0032482930213245317    0.43309073307920726
437    0.0    0.001610566774471396    0.43472845932606036
438    0.0    0.003300611832623761    0.433038414267908
439    0.0    0.001664793897287036    0.43467423220324475
440    0.0    0.0033568353160392758    0.4329821907844925
441    0.0    0.0017231077294302829    0.4346159183711015
442    0.0    0.0034173399247375597    0.4329216861757942
443    0.0    0.0017859105348202447    0.4345531155657115
444    0.0    0.0034825559502364724    0.43285647015029527
445    0.0    0.0018536630837862405    0.4344853630167455
446    0.0    0.0035529773567175888    0.43278604874381416
447    0.0    0.0019268955470139507    0.4344121305535178
448    0.0    0.0036291738704707214    0.43270985223006103
449    0.0    0.002006220936704185    0.4343328051638276
450    0.0    0.003711805952840416    0.43262722014769134
451    0.0    0.0020923518194305634    0.4342466742811012
452    0.0    0.0038016434941961713    0.4325373826063356
453    0.0    0.0021861212715499154    0.43415290482898183
454    0.0    0.00389958935755428    0.43243943674297747
455    0.0    0.0022885093931270225    0.43405051670740474
456    0.0    0.004006709311014331    0.43233231678951745
457    0.0    0.002400677186413556    0.4339383489141182
458    0.0    0.004124270475348446    0.4322147556251833
459    0.0    0.0025240103111459746    0.4338150157893858
460    0.0    0.004253791265913896    0.43208523483461786
461    0.0    0.0026601762631287187    0.43367884983740307
462    0.0    0.004397107067706844    0.4319419190328249
463    0.0    0.0028112000638715337    0.43352782603666024
464    0.0    0.004556457777441912    0.43178256832308987
465    0.0    0.00297956589089247    0.4333594602096393
466    0.0    0.004734606255909582    0.43160441984462217
467    0.0    0.0031683557130488104    0.43317067038748297
468    0.0    0.004935001301745888    0.43140402479878587
469    0.0    0.003381441771688693    0.43295758432884307
470    0.0    0.005162006110796508    0.43117701998973523
471    0.0    0.003623759173988607    0.43271526692654316
472    0.0    0.00542122535727253    0.43091780074325925
473    0.0    0.003901700707696845    0.4324373253928349
474    0.0    0.005719984827190313    0.43061904127334144
475    0.0    0.00422370352496085    0.4321153225755709
476    0.0    0.006068054354995818    0.43027097174553597
477    0.0    0.004601147081195825    0.43173787901933597
478    0.0    0.006478772747305487    0.4298602533532263
479    0.0    0.00504977560795595    0.4312892504925758
480    0.0    0.006970864829793688    0.42936816127073807
481    0.0    0.005592045019118835    0.43074698108141296
482    0.0    0.007571509750652061    0.4287675163498797
483    0.0    0.006261188382919347    0.43007783771761243
484    0.0    0.008321808094030657    0.4280172180065011
485    0.0    0.007108690239810822    0.42923033586072096
486    0.0    0.00928719108885169    0.4270518350116801
487    0.0    0.008219089039884615    0.42811993706064716
488    0.0    0.010578976923306093    0.42576004917722565
489    0.0    0.009742238833918624    0.42659678726661315
490    0.0    0.012404213996129844    0.4239348121044019
491    0.0    0.011973257333890253    0.4243657687666415
492    0.0    0.015199816393615194    0.4211392097069166
493    0.0    0.01559033560801683    0.42074869049251495
494    0.0    0.020084553142776518    0.41625447295775525
495    0.0    0.022595878674867842    0.4137431474256639
496    0.0    0.031083302833071966    0.4052557232674598
497    0.0    0.04268723589370172    0.39365179020683005
498    0.0    0.08083147046180153    0.35550755563873027
499    1.9332936311444273    0.35150793293535043    0.08483109316518134
