0.001 0.524484227357173 
0.00301010101010101 0.5244842272435728 
0.00502020202020202 0.5244842272435728 
0.00703030303030303 0.5244842272923633 
0.00904040404040404 0.5244842272435728 
0.01105050505050505 0.5244842272435728 
0.01306060606060606 0.524484227357173 
0.015070707070707071 0.5244842272923633 
0.017080808080808082 0.524484227357173 
0.019090909090909092 0.5244842272435728 
0.021101010101010103 0.5244842272923633 
0.023111111111111114 0.5244842272435728 
0.02512121212121212 0.5244842272923633 
0.02713131313131313 0.5244842272435728 
0.02914141414141414 0.5244842273411539 
0.031151515151515152 0.5244842272435728 
0.03316161616161616 0.5244842272923633 
0.03517171717171717 0.5244842272923633 
0.037181818181818184 0.5244842272923633 
0.039191919191919194 0.5244842272435728 
0.041202020202020205 0.5244842272923633 
0.043212121212121216 0.524484227357173 
0.045222222222222226 0.5244842272923633 
0.04723232323232324 0.5244842272435728 
0.04924242424242424 0.5244842272435728 
0.05125252525252525 0.524484227357173 
0.05326262626262626 0.5244842272435728 
0.05527272727272727 0.5244842272435728 
0.05728282828282828 0.5244842266580862 
0.05929292929292929 0.5244842266741054 
0.061303030303030304 0.5244842274875258 
0.06331313131313131 0.5244842279419274 
0.06532323232323232 0.5244842272253565 
0.06733333333333333 0.5244842276826933 
0.06934343434343435 0.5244842265299466 
0.07135353535353535 0.5244842270331579 
0.07336363636363637 0.5244842269974974 
0.07537373737373737 0.524484226383729 
0.07738383838383839 0.5244842264792964 
0.07939393939393939 0.5244842265976576 
0.08140404040404041 0.5244842269216587 
0.08341414141414141 0.524484227118077 
0.08542424242424243 0.5244842271020926 
0.08743434343434343 0.5244842268496516 
0.08944444444444445 0.524484227130696 
0.09145454545454546 0.5244842249357035 
0.09346464646464647 0.5244842270692076 
0.09547474747474748 0.5244842265525638 
0.09748484848484848 0.5244842266851096 
0.0994949494949495 0.5244842261958367 
0.1015050505050505 0.5244842254192121 
0.10351515151515152 0.5244842249714651 
0.10552525252525252 0.5244842230434524 
0.10753535353535354 0.5244842224873559 
0.10954545454545454 0.5244842210791806 
0.11155555555555556 0.5244842188049449 
0.11356565656565656 0.5244842170282292 
0.11557575757575758 0.5244842122215053 
0.11758585858585859 0.5244842083659322 
0.1195959595959596 0.5244842014628657 
0.1216060606060606 0.524484194070577 
0.12361616161616162 0.5244841837159825 
0.1256262626262626 0.5244841710707576 
0.12763636363636363 0.5244841558057716 
0.12964646464646465 0.5244841369419931 
0.13165656565656567 0.5244841134655018 
0.13366666666666666 0.5244840850940127 
0.13567676767676767 0.5244840497797064 
0.1376868686868687 0.5244840095304395 
0.1396969696969697 0.5244839608837234 
0.1417070707070707 0.5244839020919674 
0.14371717171717172 0.5244838344098764 
0.14572727272727273 0.5244837556464476 
0.14773737373737375 0.52448366179599 
0.14974747474747474 0.5244835545100853 
0.15175757575757576 0.5244834318490992 
0.15376767676767678 0.5244832911269682 
0.1557777777777778 0.5244831299317251 
0.15778787878787878 0.5244829462785712 
0.1597979797979798 0.5244827376108611 
0.16180808080808082 0.524482504572387 
0.1638181818181818 0.524482242087888 
0.16582828282828282 0.524481948986692 
0.16783838383838384 0.524481623764771 
0.16984848484848486 0.5244812615969916 
0.17185858585858585 0.5244808643721213 
0.17386868686868687 0.5244804249206634 
0.17587878787878788 0.5244799422089874 
0.1778888888888889 0.5244794135910559 
0.1798989898989899 0.5244788393669101 
0.1819090909090909 0.5244782139788976 
0.18391919191919193 0.5244775360576024 
0.18592929292929294 0.52447680473108 
0.18793939393939393 0.524476013756533 
0.18994949494949495 0.5244751663012177 
0.19195959595959597 0.5244742578982984 
0.19396969696969696 0.5244732874542278 
0.19597979797979798 0.5244722508529216 
0.197989898989899 0.5244711523049318 
0.2 0.5244699855998264 
