##q-\DeltaF
0.01 1.7519735472783984 
0.01191919191919192 1.7519736079138013 
0.013838383838383839 1.7519736694820631 
0.01575757575757576 1.751973363972949 
0.017676767676767676 1.7519737305839052 
0.019595959595959597 1.7519739134230432 
0.021515151515151515 1.7519747697826251 
0.023434343434343433 1.7519778258211733 
0.025353535353535354 1.7519855298892013 
0.027272727272727275 1.7520031978087893 
0.029191919191919193 1.7520388426606983 
0.03111111111111111 1.752103535122611 
0.03303030303030303 1.7522122691225357 
0.03494949494949495 1.7523834819348894 
0.03686868686868687 1.752637855499279 
0.03878787878787879 1.752999137816839 
0.040707070707070706 1.7534925959505536 
0.04262626262626263 1.7541437231558796 
0.04454545454545455 1.7549789151451565 
0.046464646464646465 1.7560239547319592 
0.04838383838383838 1.7573038390748403 
0.05030303030303031 1.7588421884492167 
0.052222222222222225 1.7606613220066292 
0.05414141414141414 1.7627822743641246 
0.05606060606060606 1.765224242098853 
0.05797979797979798 1.7680048911688144 
0.0598989898989899 1.7711404031818463 
0.06181818181818182 1.7746462773072524 
0.06373737373737373 1.7785357786201885 
0.06565656565656565 1.7828222433457426 
0.06757575757575758 1.7875175074821346 
0.0694949494949495 1.7926327395112835 
0.07141414141414142 1.7981791008144088 
0.07333333333333333 1.804167505457938 
0.07525252525252525 1.8106080112441454 
0.07717171717171717 1.817511561169527 
0.07909090909090909 1.8248887878598585 
0.081010101010101 1.832750483768381 
0.08292929292929292 1.84110887930061 
0.08484848484848484 1.8499754224107754 
0.08676767676767676 1.859363121594514 
0.08868686868686868 1.8692860399988687 
0.0906060606060606 1.8797582319766393 
0.09252525252525252 1.890796627079011 
0.09444444444444444 1.902417263405974 
0.09636363636363636 1.91463875884959 
0.09828282828282828 1.9274812147938956 
0.1002020202020202 1.940966736929616 
0.10212121212121211 1.955118579474118 
0.10404040404040403 1.9699620821217836 
0.10595959595959595 1.9855259995828811 
0.10787878787878788 2.0018400133503156 
0.1097979797979798 2.018937382234888 
0.11171717171717171 2.0368546336664353 
0.11363636363636363 2.0556310140223952 
0.11555555555555555 2.075310055059718 
0.11747474747474747 2.0959386977422483 
0.11939393939393939 2.1175696798554675 
0.1213131313131313 2.1402589109638166 
0.12323232323232322 2.1640700096725585 
0.12515151515151515 2.189072002074825 
0.12707070707070708 2.2153408098256584 
0.128989898989899 2.2429615317722256 
0.13090909090909092 2.2720278693225078 
0.13282828282828282 2.3026432704352136 
0.13474747474747475 2.334924293303347 
0.1366666666666667 2.369000814685197 
0.1385858585858586 2.4050188175018854 
0.14050505050505052 2.4431431344950414 
0.14242424242424243 2.4835579733557167 
0.14434343434343436 2.526474622586157 
0.14626262626262626 2.572132404912225 
0.1481818181818182 2.6208059644757578 
0.1501010101010101 2.672813652913082 
0.15202020202020203 2.728520126479014 
0.15393939393939396 2.788352545639577 
0.15585858585858586 2.8528118039934887 
0.1577777777777778 2.922490247202364 
0.1596969696969697 2.998092057094528 
0.16161616161616163 3.080467362693038 
0.16353535353535353 3.170646170186065 
0.16545454545454547 3.2698954841436065 
0.16737373737373737 3.379792302405311 
0.1692929292929293 3.5023278841925567 
0.17121212121212123 3.6400622842214814 
0.17313131313131314 3.796349406526199 
0.17505050505050507 3.9756768213775535 
0.17696969696969697 4.184220462997858 
0.1788888888888889 4.430770369310836 
0.1808080808080808 4.7283164442889225 
0.18272727272727274 5.097072351227953 
0.18464646464646464 5.570593483426368 
0.18656565656565657 6.209806612240978 
0.1884848484848485 7.14049308457388 
0.1904040404040404 8.681875874412388 
0.19232323232323234 12.043809515258953 
0.19424242424242424 32.672816342739274 
0.19616161616161618 18.42067870091643 
0.19808080808080808 12.800964655242627 
0.2 10.409272629092063 
