0    0.24179858756298836    0.12089929378149418    0.049315938236914256
1    0.2722757320490455    0.13613786602452274    0.034077365993885694
2    0.2932324629297774    0.1466162314648887    0.02359900055351974
3    0.30755298431591144    0.15377649215795572    0.016438739860452717
4    0.3176014179634165    0.15880070898170826    0.01141452303670018
5    0.3244938385595484    0.1622469192797742    0.007968312738634242
6    0.3293479828171608    0.1646739914085804    0.005541240609828024
7    0.33267960786538103    0.16633980393269052    0.003875428085717919
8    0.3350313404132761    0.16751567020663805    0.00269956181177039
9    0.3366473633977126    0.1683236816988563    0.0018915503195521266
10    0.3377906407416713    0.16889532037083566    0.0013199116475727801
11    0.33857751859823776    0.16928875929911888    0.0009264727192895561
12    0.3391353932870265    0.16956769664351326    0.0006475353748951751
13    0.33952000490641493    0.16976000245320746    0.0004552295652009708
14    0.33979320419191034    0.16989660209595517    0.0003186299224532674
15    0.33998185171967016    0.16999092585983508    0.00022430615857335634
16    0.34011607314351383    0.17005803657175692    0.0001571954466515202
17    0.34020888565599483    0.17010444282799742    0.00011078919041102031
18    0.34027501305590857    0.17013750652795429    7.772549045415023e-05
19    0.3403207959174978    0.1701603979587489    5.483405965953092e-05
20    0.3403534536827877    0.17017672684139384    3.850517701459166e-05
21    0.34037608839590794    0.17018804419795397    2.7187820454466216e-05
22    0.340392250101802    0.170196125050901    1.9106967507426242e-05
23    0.3404034620908371    0.17020173104541855    1.3500972989882731e-05
24    0.34041147440655894    0.17020573720327947    9.494815128963108e-06
25    0.34041703741832813    0.17020851870916406    6.713309244371635e-06
26    0.34042101569804323    0.17021050784902161    4.7241693868216306e-06
27    0.34042377984882055    0.17021188992441028    3.3420939981598785e-06
28    0.3404257577917789    0.17021287889588946    2.3531225189776794e-06
29    0.34042713297262955    0.17021356648631478    1.665532093658717e-06
30    0.3404281175351507    0.17021405876757534    1.1732508330974944e-06
31    0.34042880245535473    0.17021440122767736    8.307907310711737e-07
32    0.3404292930536575    0.17021464652682874    5.85491579691011e-07
33    0.3404296345209286    0.1702148172604643    4.147579441282634e-07
34    0.3404298792096547    0.17021493960482734    2.924135810988826e-07
35    0.3404300495992232    0.1702150247996116    2.0721879684382216e-07
36    0.34043017174179047    0.17021508587089523    1.461475132025214e-07
37    0.34043025683305095    0.17021512841652547    1.0360188296143491e-07
38    0.3404303178501964    0.1702151589250982    7.309331023774845e-08
39    0.34043036037519303    0.17021518018759652    5.183081192017269e-08
40    0.3404303908780608    0.1702151954390304    3.657937802659106e-08
41    0.340430412144538    0.170215206072269    2.5946139431409776e-08
42    0.3404304274029881    0.17021521370149406    1.8316914374150173e-08
43    0.34043043804485984    0.17021521902242992    1.2995978515562001e-08
44    0.3404304456822071    0.17021522284110355    9.177304888252635e-09
45    0.34043045101058594    0.17021522550529297    6.51311546362443e-09
46    0.3404304548355087    0.17021522741775436    4.600654079922606e-09
47    0.34043045750491474    0.17021522875245737    3.2659510651456003e-09
48    0.3404304594215545    0.17021522971077724    2.307631197240312e-09
49    0.34043046075959443    0.17021523037979722    1.6386112189348268e-09
50    0.34043046172052277    0.17021523086026139    1.1581470504840041e-09
51    0.34043046239157265    0.17021523119578633    8.226221093199371e-10
52    0.34043046287360257    0.17021523143680128    5.816071513287113e-10
53    0.3404304632103283    0.17021523160516416    4.132442721349605e-10
54    0.3404304634522611    0.17021523172613054    2.9227789632990664e-10
55    0.34043046362132257    0.17021523181066128    2.0774715281390854e-10
56    0.34043046374282104    0.17021523187141052    1.46997913841318e-10
57    0.3404304638277548    0.1702152319138774    1.0453102272656167e-10
58    0.3404304638888111    0.17021523194440555    7.400288715153636e-11
59    0.34043046393151    0.170215231965755    5.2653437165872674e-11
60    0.34043046396221516    0.17021523198110758    3.7300856847721775e-11
61    0.34043046398369914    0.17021523199184957    2.6558866217385457e-11
62    0.3404304639991542    0.1702152319995771    1.883132538793575e-11
63    0.3404304640099751    0.17021523200498756    1.3420875522029974e-11
64    0.34043046401776306    0.17021523200888153    9.526907041035315e-12
65    0.3404304640232193    0.17021523201160965    6.798783758199534e-12
66    0.34043046402714994    0.17021523201357497    4.8334669600080815e-12
67    0.3404304640299062    0.1702152320149531    3.4553471195408747e-12
68    0.3404304640318931    0.17021523201594654    2.461891801530669e-12
69    0.3404304640332887    0.17021523201664435    1.7640888749781425e-12
70    0.34043046403429544    0.17021523201714772    1.2607137556130965e-12
71    0.3404304640350045    0.17021523201750224    9.061917882746684e-13
72    0.3404304640355164    0.1702152320177582    6.502298699473386e-13
73    0.34043046403587784    0.17021523201793892    4.695133171139787e-13
74    0.34043046403613925    0.17021523201806962    3.3881231153998215e-13
75    0.3404304640363242    0.1702152320181621    2.463307335887066e-13
76    0.34043046403645866    0.17021523201822933    1.7910672944765338e-13
77    0.3404304640365549    0.17021523201827746    1.3097856133015284e-13
78    0.34043046403662447    0.17021523201831223    9.620082508376981e-14
79    0.3404304640366749    0.17021523201833744    7.099876242477876e-14
80    0.34043046403671134    0.17021523201835567    5.2763349245310565e-14
81    0.34043046403673827    0.17021523201836913    3.930189507173054e-14
82    0.34043046403675714    0.17021523201837857    2.986499936241671e-14
83    0.34043046403677163    0.17021523201838581    2.2620794126737565e-14
84    0.3404304640367827    0.17021523201839134    1.709743457922741e-14
85    0.34043046403678984    0.17021523201839492    1.3516965324811281e-14
86    0.34043046403679583    0.17021523201839792    1.0519363158323358e-14
87    0.3404304640368005    0.17021523201840025    8.18789480661053e-15
88    0.34043046403680405    0.17021523201840202    6.411537967210279e-15
89    0.3404304640368069    0.17021523201840344    4.9960036108132044e-15
90    0.34043046403680854    0.17021523201840427    4.163336342344337e-15
91    0.3404304640368102    0.1702152320184051    3.3306690738754696e-15
92    0.3404304640368114    0.1702152320184057    2.7478019859472624e-15
93    0.3404304640368128    0.1702152320184064    2.0261570199409107e-15
94    0.34043046403681276    0.17021523201840638    2.0539125955565396e-15
95    0.3404304640368142    0.1702152320184071    1.3322676295501878e-15
96    0.3404304640368143    0.17021523201840716    1.27675647831893e-15
97    0.3404304640368148    0.1702152320184074    1.0269562977782698e-15
98    0.340430464036815    0.1702152320184075    9.43689570931383e-16
99    0.340430464036816    0.170215232018408    4.440892098500626e-16
100    0.34043046403681565    0.17021523201840782    6.106226635438361e-16
101    0.3404304640368158    0.1702152320184079    5.273559366969494e-16
102    0.34043046403681626    0.17021523201840813    3.0531133177191805e-16
103    0.3404304640368163    0.17021523201840816    2.7755575615628914e-16
104    0.34043046403681665    0.17021523201840832    1.1102230246251565e-16
105    0.3404304640368165    0.17021523201840824    1.942890293094024e-16
106    0.34043046403681676    0.17021523201840838    5.551115123125783e-17
107    0.3404304640368169    0.17021523201840846    2.7755575615628914e-17
108    0.3404304640368165    0.17021523201840824    1.942890293094024e-16
109    0.3404304640368164    0.1702152320184082    2.220446049250313e-16
110    0.34043046403681665    0.17021523201840832    1.1102230246251565e-16
111    0.34043046403681676    0.17021523201840838    5.551115123125783e-17
112    0.34043046403681687    0.17021523201840844    0.0
113    0.3404304640368171    0.17021523201840855    1.1102230246251565e-16
114    0.340430464036817    0.1702152320184085    5.551115123125783e-17
115    0.3404304640368174    0.1702152320184087    2.7755575615628914e-16
116    0.34043046403681754    0.17021523201840877    3.3306690738754696e-16
117    0.3404304640368173    0.17021523201840866    2.220446049250313e-16
118    0.34043046403681765    0.17021523201840882    3.885780586188048e-16
119    0.3404304640368173    0.17021523201840866    2.220446049250313e-16
120    0.34043046403681665    0.17021523201840832    1.1102230246251565e-16
121    0.34043046403681676    0.17021523201840838    5.551115123125783e-17
122    0.34043046403681665    0.17021523201840832    1.1102230246251565e-16
123    0.340430464036817    0.1702152320184085    5.551115123125783e-17
124    0.3404304640368167    0.17021523201840835    8.326672684688674e-17
125    0.34043046403681687    0.17021523201840844    0.0
126    0.3404304640368172    0.1702152320184086    1.6653345369377348e-16
127    0.34043046403681687    0.17021523201840844    0.0
128    0.34043046403681754    0.17021523201840877    3.3306690738754696e-16
129    0.34043046403681687    0.17021523201840844    0.0
130    0.3404304640368174    0.1702152320184087    2.7755575615628914e-16
131    0.3404304640368164    0.1702152320184082    2.220446049250313e-16
132    0.34043046403681637    0.17021523201840819    2.498001805406602e-16
133    0.34043046403681665    0.17021523201840832    1.1102230246251565e-16
134    0.34043046403681704    0.17021523201840852    8.326672684688674e-17
135    0.34043046403681676    0.17021523201840838    5.551115123125783e-17
136    0.34043046403681654    0.17021523201840827    1.6653345369377348e-16
137    0.34043046403681665    0.17021523201840832    1.1102230246251565e-16
138    0.3404304640368167    0.17021523201840835    8.326672684688674e-17
139    0.340430464036817    0.1702152320184085    5.551115123125783e-17
140    0.3404304640368163    0.17021523201840816    2.7755575615628914e-16
141    0.340430464036816    0.170215232018408    4.440892098500626e-16
142    0.3404304640368159    0.17021523201840796    4.718447854656915e-16
143    0.34043046403681665    0.17021523201840832    1.1102230246251565e-16
144    0.3404304640368163    0.17021523201840816    2.7755575615628914e-16
145    0.34043046403681587    0.17021523201840794    4.996003610813204e-16
146    0.34043046403681587    0.17021523201840794    4.996003610813204e-16
147    0.3404304640368161    0.17021523201840805    3.885780586188048e-16
148    0.34043046403681576    0.17021523201840788    5.551115123125783e-16
149    0.3404304640368152    0.1702152320184076    8.326672684688674e-16
150    0.3404304640368153    0.17021523201840766    7.771561172376096e-16
151    0.34043046403681504    0.17021523201840752    9.159339953157541e-16
152    0.34043046403681426    0.17021523201840713    1.304512053934559e-15
153    0.34043046403681365    0.17021523201840683    1.609823385706477e-15
154    0.3404304640368136    0.1702152320184068    1.6375789613221059e-15
155    0.3404304640368124    0.1702152320184062    2.248201624865942e-15
156    0.34043046403681154    0.17021523201840577    2.6645352591003757e-15
157    0.34043046403681043    0.17021523201840522    3.219646771412954e-15
158    0.34043046403680904    0.17021523201840452    3.913536161803677e-15
159    0.3404304640368068    0.1702152320184034    5.023759186428833e-15
160    0.34043046403680366    0.17021523201840183    6.6058269965196814e-15
161    0.3404304640368008    0.1702152320184004    8.049116928532385e-15
162    0.3404304640367962    0.1702152320183981    1.0325074129013956e-14
163    0.34043046403679034    0.17021523201839517    1.326716514427062e-14
164    0.34043046403678223    0.17021523201839112    1.7319479184152442e-14
165    0.3404304640367717    0.17021523201838584    2.2593038551121936e-14
166    0.34043046403675736    0.17021523201837868    2.9753977059954195e-14
167    0.3404304640367378    0.1702152320183689    3.952393967665557e-14
168    0.34043046403671173    0.17021523201835587    5.256906021600116e-14
169    0.34043046403667493    0.17021523201833746    7.097100684916313e-14
170    0.3404304640366248    0.1702152320183124    9.603429163007604e-14
171    0.3404304640365552    0.1702152320182776    1.308397834520747e-13
172    0.34043046403645927    0.17021523201822963    1.7880141811588146e-13
173    0.340430464036325    0.1702152320181625    2.459421555300878e-13
174    0.34043046403613936    0.17021523201806968    3.387568003887509e-13
175    0.34043046403587784    0.17021523201793892    4.695133171139787e-13
176    0.3404304640355161    0.17021523201775804    6.503964034010323e-13
177    0.34043046403500415    0.17021523201750208    9.063583217283622e-13
178    0.3404304640342955    0.17021523201714775    1.2606860000374809e-12
179    0.3404304640332879    0.17021523201664396    1.7644774530367613e-12
180    0.3404304640318932    0.1702152320159466    2.4618362903794377e-12
181    0.34043046402990584    0.17021523201495292    3.4555136529945685e-12
182    0.34043046402715005    0.17021523201357502    4.83341144885685e-12
183    0.3404304640232198    0.1702152320116099    6.798533958018993e-12
184    0.3404304640177629    0.17021523200888145    9.526990307762162e-12
185    0.3404304640099747    0.17021523200498734    1.3421097566634899e-11
186    0.34043046399915466    0.17021523199957733    1.8831103343330824e-11
187    0.3404304639836988    0.1702152319918494    2.655903275083915e-11
188    0.3404304639622151    0.17021523198110755    3.730088460329739e-11
189    0.3404304639315099    0.17021523196575494    5.2653492677023905e-11
190    0.3404304638888112    0.1702152319444056    7.400283164038512e-11
191    0.34043046382775516    0.17021523191387758    1.0453085619310798e-10
192    0.34043046374282154    0.17021523187141077    1.4699766404113745e-10
193    0.3404304636213228    0.1702152318106614    2.0774704179160608e-10
194    0.34043046345226113    0.17021523172613057    2.92277868574331e-10
195    0.3404304632103277    0.17021523160516386    4.132445774462923e-10
196    0.34043046287360224    0.17021523143680112    5.81607317862165e-10
197    0.34043046239157265    0.17021523119578633    8.226221093199371e-10
198    0.34043046172052327    0.17021523086026163    1.1581468006838236e-09
199    0.34043046075959443    0.17021523037979722    1.6386112189348268e-09
200    0.34043045942155487    0.17021522971077743    2.3076310029512825e-09
201    0.34043045750491485    0.17021522875245743    3.265951009634449e-09
202    0.3404304548355088    0.1702152274177544    4.600654024411455e-09
203    0.34043045101058617    0.17021522550529308    6.513115352602128e-09
204    0.34043044568220715    0.17021522284110358    9.17730486049706e-09
205    0.3404304380448598    0.1702152190224299    1.2995978543317577e-08
206    0.3404304274029885    0.17021521370149426    1.8316914179861143e-08
207    0.3404304121445385    0.17021520607226925    2.5946139181609595e-08
208    0.34043039087806093    0.17021519543903046    3.657937797107991e-08
209    0.34043036037519314    0.17021518018759657    5.183081186466154e-08
210    0.34043031785019723    0.17021515892509861    7.309330982141482e-08
211    0.3404302568330506    0.1702151284165253    1.0360188312796836e-07
212    0.3404301717417906    0.1702150858708953    1.4614751314701024e-07
213    0.3404300495992234    0.1702150247996117    2.0721879673279986e-07
214    0.3404298792096547    0.17021493960482734    2.924135810988826e-07
215    0.3404296345209286    0.1702148172604643    4.147579441282634e-07
216    0.34042929305365777    0.17021464652682888    5.854915795522331e-07
217    0.3404288024553543    0.17021440122767714    8.307907312932183e-07
218    0.34042811753515106    0.17021405876757553    1.1732508329032054e-06
219    0.3404271329726292    0.1702135664863146    1.6655320938252505e-06
220    0.3404257577917795    0.17021287889588976    2.353122518672368e-06
221    0.34042377984882055    0.17021188992441028    3.3420939981598785e-06
222    0.3404210156980435    0.17021050784902175    4.724169386682853e-06
223    0.34041703741832796    0.17020851870916398    6.713309244454901e-06
224    0.34041147440655906    0.17020573720327953    9.494815128907597e-06
225    0.34040346209083666    0.17020173104541833    1.3500972990104776e-05
226    0.3403922501018017    0.17019612505090084    1.9106967507592776e-05
227    0.34037608839590766    0.17018804419795383    2.7187820454604994e-05
228    0.3403534536827879    0.17017672684139395    3.850517701448064e-05
229    0.34032079591749687    0.17016039795874843    5.4834059660002765e-05
230    0.34027501305590835    0.17013750652795417    7.772549045426125e-05
231    0.34020888565599483    0.17010444282799742    0.00011078919041102031
232    0.3401160731435133    0.17005803657175664    0.00015719544665179774
233    0.3399818517196694    0.1699909258598347    0.00022430615857374492
234    0.33979320419191017    0.16989660209595508    0.00031862992245335064
235    0.3395200049064149    0.16976000245320744    0.00045522956520099855
236    0.33913539328702613    0.16956769664351307    0.0006475353748953694
237    0.3385775185982372    0.1692887592991186    0.0009264727192898337
238    0.3377906407416719    0.16889532037083596    0.0013199116475724748
239    0.33664736339771234    0.16832368169885617    0.0018915503195522654
240    0.33503134041327687    0.16751567020663843    0.0026995618117700015
241    0.3326796078653809    0.16633980393269046    0.0038754280857179746
242    0.3293479828171609    0.16467399140858044    0.0055412406098279965
243    0.32449383855954883    0.16224691927977442    0.00796831273863402
244    0.3176014179634167    0.15880070898170834    0.011414523036700097
245    0.3075529843159124    0.1537764921579562    0.016438739860452245
246    0.2932324629297776    0.1466162314648888    0.023599000553519628
247    0.272275732049046    0.136137866024523    0.034077365993885445
248    0.2417985875629894    0.1208992937814947    0.04931593823691374
249    0.1944447728453758    0.0972223864226879    0.07299284559572053
250    0.0    0.04756982294333712    0.12264540907507132
251    0.0    0.034139031401594334    0.1360762006168141
252    0.0    0.027466395879762056    0.1427488361386464
253    0.0    0.022892847678072346    0.1473223843403361
254    0.0    0.020003402814511455    0.15021182920389697
255    0.0    0.017491862280984052    0.1527233697374244
256    0.0    0.015879287067293798    0.15433594495111463
257    0.0    0.014224152234617383    0.15599107978379106
258    0.0    0.013218585348377412    0.15699664667003102
259    0.0    0.012011581947377776    0.15820365007103065
260    0.0    0.011347427663270734    0.1588678043551377
261    0.0    0.010407149277806577    0.15980808274060185
262    0.0    0.009955704684115942    0.1602595273342925
263    0.0    0.009188004795255693    0.16102722722315274
264    0.0    0.008878643383822916    0.16133658863458553
265    0.0    0.008229405267084022    0.16198582675132442
266    0.0    0.00801990398301451    0.16219532803539394
267    0.0    0.007455664912033039    0.1627595671063754
268    0.0    0.007319138505337905    0.16289609351307052
269    0.0    0.00681803538376973    0.1633971966346387
270    0.0    0.0067365126435963065    0.16347871937481212
271    0.0    0.006283630327430001    0.16393160169097842
272    0.0    0.006244624427739762    0.16397060759066867
273    0.0    0.005829426319629069    0.16438580569877936
274    0.0    0.0058239821756620866    0.16439124984274636
275    0.0    0.005438807075811679    0.16477642494259676
276    0.0    0.0054603306533738865    0.16475490136503454
277    0.0    0.005099471272227626    0.1651157607461808
278    0.0    0.005142997184688701    0.16507223483371974
279    0.0    0.004802112814703124    0.1654131192037053
280    0.0    0.004863829447539607    0.16535140257086883
281    0.0    0.004539559080029082    0.16567567293837934
282    0.0    0.004616491163694616    0.16559874085471382
283    0.0    0.004306191332323838    0.16590904068608459
284    0.0    0.004395982101215728    0.1658192499171927
285    0.0    0.004097544823855474    0.16611768719455297
286    0.0    0.004198303042452732    0.1660169289759557
287    0.0    0.003910026633621965    0.16630520538478646
288    0.0    0.004020216975751053    0.16619501504265738
289    0.0    0.0037407126101118566    0.16647451940829658
290    0.0    0.003859075678203769    0.16635615634020468
291    0.0    0.0035871986518941196    0.16662803336651433
292    0.0    0.003712691674453394    0.16650254034395504
293    0.0    0.0034474900576987304    0.1667677419607097
294    0.0    0.003579242276517396    0.16663598974189103
295    0.0    0.0033199180248210418    0.1668953139935874
296    0.0    0.0034571966895864405    0.166758035328822
297    0.0    0.0032030758196578534    0.1670121561987506
298    0.0    0.003345259956375039    0.16686997206203338
299    0.0    0.0030957694113039067    0.16711946260710453
300    0.0    0.003242329365290956    0.16697290265311748
301    0.0    0.0029969788800866927    0.16721825313832175
302    0.0    0.0031474602017471653    0.16706777181666127
303    0.0    0.0029058279512569093    0.16730940406715153
304    0.0    0.003059838585119398    0.16715539343328903
305    0.0    0.0028215597243433734    0.16739367229406507
306    0.0    0.0029787597371121652    0.16723647228129626
307    0.0    0.0027435171757183674    0.16747171484269008
308    0.0    0.002903610454892925    0.1673116215635155
309    0.0    0.0026711273736873082    0.16754410464472114
310    0.0    0.0028338548693868583    0.16738137714902157
311    0.0    0.0026038886067788246    0.16761134341162962
312    0.0    0.0027690227922537326    0.1674462092261547
313    0.0    0.0025413598169316577    0.16767387220147678
314    0.0    0.0027087001190407765    0.16750653189936765
315    0.0    0.002483151870394745    0.1677320801480137
316    0.0    0.002652520877760982    0.16756271114064744
317    0.0    0.00242892030446204    0.1677863117139464
318    0.0    0.0026001606034377436    0.1676150714149707
319    0.0    0.0023783592674841572    0.16783687275092427
320    0.0    0.002551330788233167    0.16766390123017527
321    0.0    0.0023311964298790584    0.16788403558852938
322    0.0    0.002505774209476985    0.16770945780893146
323    0.0    0.0022871886900405563    0.1679280433283679
324    0.0    0.002463260978470079    0.16775197103993836
325    0.0    0.002246118534714232    0.1679691134836942
326    0.0    0.00242358518435274    0.1677916468340557
327    0.0    0.0022077909411457883    0.16800744107726265
328    0.0    0.002386562031860126    0.1678286699865483
329    0.0    0.002172030730031432    0.168043201288377
330    0.0    0.0023520253910669715    0.16786320662734147
331    0.0    0.002138680295442632    0.16807655172296582
332    0.0    0.002319825692472268    0.16789540632593616
333    0.0    0.002107597651477812    0.16810763436693063
334    0.0    0.002289828112901925    0.1679254039055065
335    0.0    0.00207865474624587    0.16813657727216258
336    0.0    0.0022619110074289478    0.16795332101097948
337    0.0    0.0020517360024964585    0.168163496015912
338    0.0    0.002235964550316939    0.1679792674680915
339    0.0    0.0020267370512307334    0.1681884949671777
340    0.0    0.002211889554325999    0.16800334246408244
341    0.0    0.0020035636303355644    0.16821166838807286
342    0.0    0.0021895964428584294    0.16802563557555
343    0.0    0.001982130624924945    0.1682331013934835
344    0.0    0.002169004353631017    0.16804622766477742
345    0.0    0.0019623612298849983    0.16825287078852344
346    0.0    0.002150040356009004    0.16806519166239944
347    0.0    0.0019441862182543776    0.16827104580015406
348    0.0    0.002132638766994143    0.16808259325141428
349    0.0    0.001927543301662573    0.16828768871674588
350    0.0    0.002116740553217061    0.16809849146519137
351    0.0    0.0019123765712114303    0.168302855447197
352    0.0    0.0021022928082573447    0.16811293921015108
353    0.0    0.001898636008981785    0.16831659600942664
354    0.0    0.002089248296262937    0.1681259837221455
355    0.0    0.0018862770618595808    0.16832895495654884
356    0.0    0.0020775650542295327    0.1681376669641789
357    0.0    0.0018752602706550465    0.1683399717477534
358    0.0    0.002067206046477395    0.16814802597193104
359    0.0    0.0018655509485702997    0.16834968106983814
360    0.0    0.0020581388658553906    0.16815709315255303
361    0.0    0.0018571189039948246    0.16835811311441362
362    0.0    0.002050335477073562    0.16816489654133487
363    0.0    0.0018499382034065104    0.16836529381500193
364    0.0    0.0020437719982914072    0.16817146002011704
365    0.0    0.0018439869708435435    0.1683712450475649
366    0.0    0.0020384285177412966    0.16817680350066713
367    0.0    0.0018392472210174758    0.16837598479739097
368    0.0    0.0020342889427329112    0.16818094307567552
369    0.0    0.0018357047236695519    0.16837952729473887
370    0.0    0.002031340878882852    0.1681838911395256
371    0.0    0.0018333488972528472    0.1683818831211556
372    0.0    0.0020295755378771795    0.16818565648053124
373    0.0    0.0018321727304513758    0.16838305928795705
374    0.0    0.0020289876724771646    0.16818624434593127
375    0.0    0.0018321727304513593    0.16838305928795708
376    0.0    0.002029575537877145    0.1681856564805313
377    0.0    0.0018333488972529237    0.1683818831211555
378    0.0    0.0020313408788827708    0.16818389113952567
379    0.0    0.001835704723669711    0.16837952729473873
380    0.0    0.002034288942732928    0.16818094307567552
381    0.0    0.0018392472210174904    0.16837598479739094
382    0.0    0.0020384285177413473    0.16817680350066708
383    0.0    0.001843986970843783    0.16837124504756465
384    0.0    0.0020437719982913617    0.16817146002011707
385    0.0    0.0018499382034065427    0.1683652938150019
386    0.0    0.002050335477073546    0.1681648965413349
387    0.0    0.0018571189039946888    0.16835811311441376
388    0.0    0.0020581388658552583    0.16815709315255317
389    0.0    0.001865550948570158    0.16834968106983828
390    0.0    0.002067206046477388    0.16814802597193104
391    0.0    0.0018752602706549961    0.16833997174775345
392    0.0    0.0020775650542295345    0.1681376669641789
393    0.0    0.0018862770618594544    0.16832895495654898
394    0.0    0.0020892482962627463    0.16812598372214568
395    0.0    0.0018986360089816921    0.16831659600942675
396    0.0    0.002102292808257254    0.1681129392101512
397    0.0    0.0019123765712113763    0.16830285544719706
398    0.0    0.002116740553216879    0.16809849146519157
399    0.0    0.001927543301662392    0.16828768871674604
400    0.0    0.0021326387669938665    0.16808259325141456
401    0.0    0.001944186218254346    0.1682710458001541
402    0.0    0.002150040356008615    0.16806519166239983
403    0.0    0.0019623612298849437    0.1682528707885235
404    0.0    0.0021690043536306274    0.1680462276647778
405    0.0    0.0019821306249248006    0.16823310139348363
406    0.0    0.0021895964428581194    0.1680256355755503
407    0.0    0.0020035636303353853    0.16821166838807305
408    0.0    0.002211889554325537    0.1680033424640829
409    0.0    0.0020267370512307295    0.1681884949671777
410    0.0    0.002235964550316675    0.16797926746809175
411    0.0    0.002051736002496483    0.16816349601591196
412    0.0    0.0022619110074286945    0.16795332101097973
413    0.0    0.0020786547462459093    0.16813657727216252
414    0.0    0.002289828112901694    0.16792540390550675
415    0.0    0.002107597651477865    0.16810763436693058
416    0.0    0.0023198256924720382    0.16789540632593639
417    0.0    0.002138680295442622    0.16807655172296582
418    0.0    0.0023520253910668163    0.1678632066273416
419    0.0    0.002172030730031469    0.16804320128837696
420    0.0    0.0023865620318599223    0.16782866998654852
421    0.0    0.0022077909411458182    0.16800744107726262
422    0.0    0.002423585184352659    0.16779164683405579
423    0.0    0.002246118534714433    0.167969113483694
424    0.0    0.0024632609784697988    0.16775197103993864
425    0.0    0.002287188690040579    0.16792804332836786
426    0.0    0.002505774209476742    0.1677094578089317
427    0.0    0.0023311964298792375    0.16788403558852918
428    0.0    0.0025513307882328866    0.16766390123017555
429    0.0    0.0023783592674844387    0.167836872750924
430    0.0    0.002600160603437689    0.16761507141497076
431    0.0    0.0024289203044619984    0.16778631171394642
432    0.0    0.0026525208777607857    0.16756271114064766
433    0.0    0.0024831518703947978    0.16773208014801363
434    0.0    0.002708700119040795    0.16750653189936765
435    0.0    0.0025413598169316642    0.16767387220147678
436    0.0    0.0027690227922536536    0.16744620922615477
437    0.0    0.002603888606778908    0.16761134341162953
438    0.0    0.0028338548693869255    0.16738137714902152
439    0.0    0.0026711273736874565    0.16754410464472097
440    0.0    0.0029036104548928222    0.16731162156351562
441    0.0    0.002743517175718488    0.16747171484268994
442    0.0    0.002978759737112068    0.16723647228129637
443    0.0    0.0028215597243434545    0.167393672294065
444    0.0    0.0030598385851192474    0.1671553934332892
445    0.0    0.002905827951257041    0.1673094040671514
446    0.0    0.003147460201747093    0.16706777181666135
447    0.0    0.0029969788800867955    0.16721825313832164
448    0.0    0.003242329365291021    0.16697290265311743
449    0.0    0.003095769411303975    0.16711946260710447
450    0.0    0.0033452599563752704    0.16686997206203316
451    0.0    0.0032030758196578885    0.16701215619875054
452    0.0    0.0034571966895864783    0.16675803532882197
453    0.0    0.00331991802482114    0.16689531399358729
454    0.0    0.0035792422765176346    0.1666359897418908
455    0.0    0.0034474900576986905    0.16676774196070976
456    0.0    0.0037126916744535956    0.16650254034395484
457    0.0    0.0035871986518941274    0.1666280333665143
458    0.0    0.003859075678203924    0.1663561563402045
459    0.0    0.0037407126101118215    0.1664745194082966
460    0.0    0.004020216975751053    0.16619501504265738
461    0.0    0.003910026633621901    0.16630520538478655
462    0.0    0.0041983030424528126    0.16601692897595563
463    0.0    0.004097544823855764    0.16611768719455267
464    0.0    0.004395982101215772    0.16581924991719266
465    0.0    0.004306191332324081    0.16590904068608436
466    0.0    0.004616491163694732    0.1655987408547137
467    0.0    0.004539559080029281    0.16567567293837915
468    0.0    0.0048638294475396495    0.16535140257086878
469    0.0    0.0048021128147032075    0.16541311920370522
470    0.0    0.00514299718468887    0.16507223483371958
471    0.0    0.005099471272227662    0.16511576074618078
472    0.0    0.005460330653374201    0.16475490136503423
473    0.0    0.005438807075811814    0.16477642494259662
474    0.0    0.005823982175662137    0.1643912498427463
475    0.0    0.005829426319629058    0.16438580569877936
476    0.0    0.006244624427739985    0.16397060759066845
477    0.0    0.006283630327430018    0.16393160169097842
478    0.0    0.006736512643596499    0.16347871937481193
479    0.0    0.0068180353837698415    0.1633971966346386
480    0.0    0.007319138505337947    0.1628960935130705
481    0.0    0.007455664912033144    0.1627595671063753
482    0.0    0.008019903983014531    0.1621953280353939
483    0.0    0.008229405267084083    0.16198582675132436
484    0.0    0.008878643383823095    0.16133658863458533
485    0.0    0.00918800479525588    0.16102722722315255
486    0.0    0.00995570468411599    0.16025952733429244
487    0.0    0.010407149277806697    0.15980808274060174
488    0.0    0.011347427663270945    0.15886780435513748
489    0.0    0.012011581947377956    0.1582036500710305
490    0.0    0.013218585348377726    0.15699664667003072
491    0.0    0.01422415223461736    0.15599107978379106
492    0.0    0.015879287067293937    0.1543359449511145
493    0.0    0.017491862280984184    0.15272336973742426
494    0.0    0.020003402814511538    0.1502118292038969
495    0.0    0.02289284767807226    0.14732238434033618
496    0.0    0.027466395879762004    0.14274883613864642
497    0.0    0.03413903140159449    0.13607620061681394
498    0.0    0.04756982294333696    0.12264540907507147
499    0.19444477284537603    0.09722238642268802    0.07299284559572042
