0    0.2345642539890944    0.1172821269945472    0.05290464516565503
1    0.2664179045029515    0.13320895225147575    0.03697781990872648
2    0.28829524137363166    0.14414762068681583    0.026039151473386396
3    0.30381632557274857    0.15190816278637428    0.018278609373827942
4    0.31462406927933456    0.15731203463966728    0.012874737520534946
5    0.3222913757782467    0.16114568788912334    0.009041084271078886
6    0.327635954853409    0.1638179774267045    0.006368794733497718
7    0.3314200864834766    0.1657100432417383    0.004476728918463929
8    0.3340612240062149    0.16703061200310745    0.003156160157094773
9    0.33593014488886397    0.16796507244443198    0.0022216997157702423
10    0.3372371569428868    0.1686185784714434    0.0015681936887588233
11    0.33816235189510346    0.16908117594755173    0.0011055962126504948
12    0.3388108224018593    0.16940541120092964    0.0007813609592725868
13    0.3392702017351741    0.16963510086758704    0.0005516712926151857
14    0.339592875127158    0.169796437563579    0.00039033459662321524
15    0.33982165233807154    0.16991082616903577    0.00027594599116645413
16    0.3399826593242455    0.16999132966212274    0.00019544249807948444
17    0.34009690539387516    0.17004845269693758    0.00013831946326464672
18    0.34017744357930724    0.17008872178965362    9.805037054860799e-05
19    0.34023463091363465    0.17011731545681733    6.94567033849014e-05
20    0.3402750029479544    0.1701375014739772    4.927068622503916e-05
21    0.3403036862506063    0.17015184312530315    3.492903489907273e-05
22    0.3403239599497359    0.17016197997486796    2.479218533427141e-05
23    0.34033837060782546    0.17016918530391273    1.7586856289497632e-05
24    0.3403485665401961    0.17017428327009804    1.2488890104189743e-05
25    0.34035581653557057    0.17017790826778528    8.863892416943742e-06
26    0.3403609504582268    0.1701804752291134    6.29693108883389e-06
27    0.3403646020682163    0.17018230103410814    4.471126094085509e-06
28    0.3403671897159908    0.1701835948579954    3.1773022068359857e-06
29    0.34036903063711155    0.17018451531855577    2.2568416464530117e-06
30    0.34037033595350674    0.17018516797675337    1.6041834488556006e-06
31    0.34037126474260165    0.17018563237130083    1.139788901399763e-06
32    0.3403719236381944    0.1701859618190972    8.103411050230935e-07
33    0.3403723925276057    0.17018619626380285    5.75896399374054e-07
34    0.3403727253058086    0.1701863626529043    4.0950729793265417e-07
35    0.34037296214115736    0.17018648107057868    2.910896235441829e-07
36    0.34037313028766963    0.17018656514383482    2.0701636740949603e-07
37    0.34037324996340057    0.17018662498170029    1.471785019413474e-07
38    0.34037333495601213    0.17018666747800607    1.0468219616144303e-07
39    0.3403733954507484    0.1701866977253742    7.443482802349521e-08
40    0.34037343842490925    0.17018671921245462    5.294774760300491e-08
41    0.3403734690132556    0.1701867345066278    3.765357442508943e-08
42    0.3403734907475256    0.1701867453737628    2.678643942766179e-08
43    0.34037350621793644    0.17018675310896822    1.9051234007028128e-08
44    0.3403735172124928    0.1701867586062464    1.3553955818812469e-08
45    0.34037352503850404    0.17018676251925202    9.640950204836685e-09
46    0.34037353060130293    0.17018676530065147    6.859550760740518e-09
47    0.3403735345609954    0.1701867672804977    4.879704529336948e-09
48    0.34037353737603226    0.17018676868801613    3.4721860941999694e-09
49    0.34037353937985104    0.17018676968992552    2.4702767054129993e-09
50    0.34037354080462484    0.17018677040231242    1.7578898059422698e-09
51    0.34037354181883717    0.17018677090941858    1.250783643325093e-09
52    0.3403735425400746    0.1701867712700373    8.901649140025114e-10
53    0.3403735430534965    0.17018677152674824    6.334539837116182e-10
54    0.34037354341865833    0.17018677170932917    4.5087306110858094e-10
55    0.3403735436786148    0.1701867718393074    3.20894838479191e-10
56    0.3403735438635314    0.1701867719317657    2.2843651970028134e-10
57    0.34037354399518127    0.17018677199759064    1.6261159085928512e-10
58    0.3403735440888436    0.1701867720444218    1.157804130347273e-10
59    0.34037354415553134    0.17018677207776567    8.243655758022328e-11
60    0.3403735442029852    0.1701867721014926    5.870962049847606e-11
61    0.34037354423677685    0.17018677211838842    4.1813802420520574e-11
62    0.3403735442608274    0.1701867721304137    2.9788532751595653e-11
63    0.3403735442779569    0.17018677213897845    2.1223772739276114e-11
64    0.3403735442901518    0.1701867721450759    1.5126316865732292e-11
65    0.3403735442988395    0.17018677214941974    1.078248601515952e-11
66    0.34037354430502675    0.17018677215251338    7.688849557041522e-12
67    0.34037354430943567    0.17018677215471784    5.484390719345811e-12
68    0.34037354431257666    0.17018677215628833    3.91389698428668e-12
69    0.3403735443148163    0.17018677215740816    2.794070530498516e-12
70    0.3403735443164127    0.17018677215820635    1.9958756869442595e-12
71    0.3403735443175517    0.17018677215877584    1.4263867864627855e-12
72    0.34037354431836364    0.17018677215918182    1.0204059819329814e-12
73    0.34037354431894407    0.17018677215947203    7.301936832959655e-13
74    0.3403735443193578    0.1701867721596789    5.233313782326832e-13
75    0.34037354431965383    0.17018677215982692    3.7531089347453417e-13
76    0.3403735443198654    0.1701867721599327    2.695343948033724e-13
77    0.34037354432001715    0.17018677216000858    1.9365065107024293e-13
78    0.34037354432012507    0.17018677216006253    1.3969381207346032e-13
79    0.34037354432020295    0.17018677216010147    1.0075273948473296e-13
80    0.340373544320259    0.1701867721601295    7.271960811294775e-14
81    0.34037354432029926    0.17018677216014963    5.259681579161679e-14
82    0.34037354432032774    0.17018677216016387    3.835820550079916e-14
83    0.34037354432034916    0.17018677216017458    2.7644553313166398e-14
84    0.34037354432036393    0.17018677216018196    2.0261570199409107e-14
85    0.34037354432037464    0.17018677216018732    1.4904744105592727e-14
86    0.3403735443203824    0.1701867721601912    1.1018963519404679e-14
87    0.3403735443203885    0.17018677216019426    7.965850201685498e-15
88    0.3403735443203928    0.1701867721601964    5.828670879282072e-15
89    0.3403735443203958    0.1701867721601979    4.3298697960381105e-15
90    0.34037354432039757    0.17018677216019878    3.4416913763379853e-15
91    0.34037354432039973    0.17018677216019987    2.3592239273284576e-15
92    0.340373544320401    0.1701867721602005    1.7208456881689926e-15
93    0.34037354432040157    0.17018677216020078    1.4432899320127035e-15
94    0.3403735443204022    0.1701867721602011    1.1379786002407855e-15
95    0.34037354432040284    0.17018677216020142    8.049116928532385e-16
96    0.3403735443204031    0.17018677216020156    6.661338147750939e-16
97    0.3403735443204038    0.1701867721602019    3.3306690738754696e-16
98    0.3403735443204039    0.17018677216020195    2.7755575615628914e-16
99    0.34037354432040423    0.17018677216020212    1.1102230246251565e-16
100    0.34037354432040423    0.17018677216020212    1.1102230246251565e-16
101    0.340373544320404    0.170186772160202    2.220446049250313e-16
102    0.34037354432040423    0.17018677216020212    1.1102230246251565e-16
103    0.34037354432040406    0.17018677216020203    1.942890293094024e-16
104    0.3403735443204042    0.1701867721602021    1.3877787807814457e-16
105    0.3403735443204044    0.1701867721602022    2.7755575615628914e-17
106    0.3403735443204048    0.1701867721602024    1.6653345369377348e-16
107    0.34037354432040434    0.17018677216020217    5.551115123125783e-17
108    0.34037354432040423    0.17018677216020212    1.1102230246251565e-16
109    0.34037354432040423    0.17018677216020212    1.1102230246251565e-16
110    0.3403735443204041    0.17018677216020206    1.6653345369377348e-16
111    0.34037354432040456    0.17018677216020228    5.551115123125783e-17
112    0.34037354432040445    0.17018677216020223    0.0
113    0.3403735443204039    0.17018677216020195    2.7755575615628914e-16
114    0.3403735443204041    0.17018677216020206    1.6653345369377348e-16
115    0.340373544320405    0.1701867721602025    2.7755575615628914e-16
116    0.3403735443204039    0.17018677216020195    2.7755575615628914e-16
117    0.3403735443204048    0.1701867721602024    1.6653345369377348e-16
118    0.34037354432040456    0.17018677216020228    5.551115123125783e-17
119    0.3403735443204044    0.1701867721602022    2.7755575615628914e-17
120    0.3403735443204047    0.17018677216020234    1.1102230246251565e-16
121    0.34037354432040495    0.17018677216020248    2.498001805406602e-16
122    0.34037354432040406    0.17018677216020203    1.942890293094024e-16
123    0.3403735443204045    0.17018677216020225    2.7755575615628914e-17
124    0.3403735443204046    0.1701867721602023    8.326672684688674e-17
125    0.34037354432040445    0.17018677216020223    0.0
126    0.3403735443204048    0.1701867721602024    1.6653345369377348e-16
127    0.3403735443204047    0.17018677216020234    1.1102230246251565e-16
128    0.3403735443204049    0.17018677216020245    2.220446049250313e-16
129    0.3403735443204049    0.17018677216020245    2.220446049250313e-16
130    0.34037354432040484    0.17018677216020242    1.942890293094024e-16
131    0.3403735443204047    0.17018677216020234    1.1102230246251565e-16
132    0.34037354432040456    0.17018677216020228    5.551115123125783e-17
133    0.34037354432040445    0.17018677216020223    0.0
134    0.34037354432040445    0.17018677216020223    0.0
135    0.3403735443204049    0.17018677216020245    2.220446049250313e-16
136    0.34037354432040445    0.17018677216020223    0.0
137    0.3403735443204046    0.1701867721602023    8.326672684688674e-17
138    0.34037354432040423    0.17018677216020212    1.1102230246251565e-16
139    0.3403735443204051    0.17018677216020256    3.3306690738754696e-16
140    0.3403735443204048    0.1701867721602024    1.6653345369377348e-16
141    0.3403735443204051    0.17018677216020256    3.3306690738754696e-16
142    0.3403735443204038    0.1701867721602019    3.3306690738754696e-16
143    0.34037354432040456    0.17018677216020228    5.551115123125783e-17
144    0.340373544320404    0.170186772160202    2.220446049250313e-16
145    0.34037354432040456    0.17018677216020228    5.551115123125783e-17
146    0.34037354432040456    0.17018677216020228    5.551115123125783e-17
147    0.340373544320404    0.170186772160202    2.220446049250313e-16
148    0.340373544320404    0.170186772160202    2.220446049250313e-16
149    0.34037354432040395    0.17018677216020198    2.498001805406602e-16
150    0.3403735443204042    0.1701867721602021    1.3877787807814457e-16
151    0.3403735443204037    0.17018677216020184    3.885780586188048e-16
152    0.34037354432040406    0.17018677216020203    1.942890293094024e-16
153    0.34037354432040295    0.17018677216020148    7.494005416219807e-16
154    0.3403735443204023    0.17018677216020114    1.0824674490095276e-15
155    0.3403735443204014    0.1701867721602007    1.5265566588595902e-15
156    0.34037354432040073    0.17018677216020037    1.8596235662471372e-15
157    0.34037354432039957    0.17018677216019978    2.4424906541753444e-15
158    0.3403735443203984    0.1701867721601992    3.0253577421035516e-15
159    0.3403735443203954    0.1701867721601977    4.524158825347513e-15
160    0.34037354432039274    0.17018677216019637    5.856426454897701e-15
161    0.3403735443203884    0.1701867721601942    8.021361352916756e-15
162    0.3403735443203821    0.17018677216019104    1.1185496973098452e-14
163    0.3403735443203746    0.1701867721601873    1.4932499681208355e-14
164    0.340373544320364    0.170186772160182    2.0233814623793478e-14
165    0.3403735443203485    0.17018677216017425    2.7977620220553945e-14
166    0.34037354432032796    0.17018677216016398    3.824718319833664e-14
167    0.34037354432029904    0.17018677216014952    5.2707838094079307e-14
168    0.34037354432025907    0.17018677216012953    7.269185253733212e-14
169    0.3403735443202036    0.1701867721601018    1.0041967257734541e-13
170    0.34037354432012595    0.17018677216006298    1.3924972286361026e-13
171    0.34037354432001676    0.17018677216000838    1.9384494009955233e-13
172    0.3403735443198657    0.17018677215993286    2.693678613496786e-13
173    0.34037354431965405    0.17018677215982703    3.7519987117207165e-13
174    0.34037354431935835    0.17018677215967917    5.230538224765269e-13
175    0.3403735443189442    0.1701867721594721    7.301381721447342e-13
176    0.34037354431836375    0.17018677215918188    1.0203504707817501e-12
177    0.34037354431755146    0.17018677215877573    1.426497808765248e-12
178    0.34037354431641265    0.17018677215820632    1.995903442519875e-12
179    0.3403735443148162    0.1701867721574081    2.794126041649747e-12
180    0.34037354431257666    0.17018677215628833    3.91389698428668e-12
181    0.3403735443094354    0.1701867721547177    5.484529497223889e-12
182    0.34037354430502637    0.17018677215251318    7.689043846070831e-12
183    0.34037354429883926    0.17018677214941963    1.0782597037461983e-11
184    0.34037354429015226    0.17018677214507613    1.5126094821127367e-11
185    0.3403735442779571    0.17018677213897854    2.1223689472549268e-11
186    0.34037354426082805    0.17018677213041403    2.9788199684688266e-11
187    0.34037354423677696    0.17018677211838848    4.181374690936934e-11
188    0.34037354420298527    0.17018677210149263    5.870959274290044e-11
189    0.34037354415553117    0.17018677207776559    8.243664084695013e-11
190    0.34037354408884307    0.17018677204442154    1.1578069059048346e-10
191    0.3403735439951807    0.17018677199759036    1.6261186841504127e-10
192    0.3403735438635311    0.17018677193176554    2.2843668623373503e-10
193    0.34037354367861467    0.17018677183930733    3.208948939903422e-10
194    0.3403735434186576    0.1701867717093288    4.5087342193106394e-10
195    0.3403735430534959    0.17018677152674794    6.3345428902295e-10
196    0.3403735425400742    0.1701867712700371    8.901651360471163e-10
197    0.34037354181883717    0.17018677090941858    1.250783643325093e-09
198    0.34037354080462506    0.17018677040231253    1.7578896949199674e-09
199    0.34037353937985115    0.17018676968992558    2.470276649901848e-09
200    0.3403735373760319    0.17018676868801594    3.4721862884889987e-09
201    0.3403735345609948    0.1701867672804974    4.87970483464828e-09
202    0.3403735306013028    0.1701867653006514    6.859550816251669e-09
203    0.34037352503850316    0.17018676251925158    9.640950648925894e-09
204    0.34037351721249215    0.17018675860624607    1.3553956151879376e-08
205    0.340373506217936    0.170186753108968    1.9051234229072733e-08
206    0.34037349074752565    0.17018674537376283    2.6786439399906214e-08
207    0.3403734690132546    0.1701867345066273    3.765357492468979e-08
208    0.340373438424909    0.1701867192124545    5.2947747714027216e-08
209    0.3403733954507482    0.1701866977253741    7.443482813451752e-08
210    0.340373334956012    0.170186667478006    1.0468219621695418e-07
211    0.34037324996340035    0.17018662498170017    1.471785020523697e-07
212    0.3403731302876686    0.1701865651438343    2.0701636793685196e-07
213    0.34037296214115714    0.17018648107057857    2.910896236552052e-07
214    0.34037272530580875    0.17018636265290438    4.0950729784938744e-07
215    0.3403723925276053    0.17018619626380266    5.75896399568343e-07
216    0.3403719236381942    0.1701859618190971    8.103411051341158e-07
217    0.34037126474260154    0.17018563237130077    1.1397889014552742e-06
218    0.34037033595350613    0.17018516797675307    1.604183449160912e-06
219    0.3403690306371119    0.17018451531855594    2.256841646286478e-06
220    0.34036718971599156    0.17018359485799578    3.1773022064474077e-06
221    0.34036460206821595    0.17018230103410797    4.4711260942520425e-06
222    0.3403609504582268    0.1701804752291134    6.29693108883389e-06
223    0.34035581653557045    0.17017790826778523    8.863892416999253e-06
224    0.3403485665401964    0.1701742832700982    1.248889010402321e-05
225    0.3403383706078254    0.1701691853039127    1.7586856289525388e-05
226    0.34032395994973563    0.17016197997486782    2.479218533441019e-05
227    0.3403036862506065    0.17015184312530324    3.4929034898989464e-05
228    0.34027500294795426    0.17013750147397713    4.927068622509467e-05
229    0.3402346309136347    0.17011731545681735    6.945670338487364e-05
230    0.3401774435793069    0.17008872178965345    9.805037054877452e-05
231    0.34009690539387505    0.17004845269693752    0.00013831946326470224
232    0.3399826593242455    0.16999132966212274    0.00019544249807948444
233    0.3398216523380711    0.16991082616903555    0.0002759459911666762
234    0.33959287512715775    0.16979643756357887    0.000390334596623354
235    0.33927020173517347    0.16963510086758674    0.000551671292615491
236    0.3388108224018594    0.1694054112009297    0.0007813609592725312
237    0.33816235189510335    0.16908117594755168    0.0011055962126505503
238    0.3372371569428864    0.1686185784714432    0.0015681936887590175
239    0.33593014488886364    0.16796507244443182    0.002221699715770409
240    0.33406122400621446    0.16703061200310723    0.003156160157094995
241    0.3314200864834765    0.16571004324173824    0.004476728918463985
242    0.32763595485340913    0.16381797742670456    0.0063687947334976625
243    0.32229137577824707    0.16114568788912353    0.009041084271078692
244    0.31462406927933523    0.15731203463966761    0.012874737520534613
245    0.30381632557274885    0.15190816278637442    0.018278609373827803
246    0.2882952413736314    0.1441476206868157    0.026039151473386535
247    0.26641790450295183    0.13320895225147592    0.03697781990872631
248    0.23456425398909497    0.11728212699454749    0.05290464516565474
249    0.18717276637657446    0.09358638318828723    0.076600388971915
250    0.0    0.04492803082123419    0.12525874133896803
251    0.0    0.03165181229931725    0.138534959860885
252    0.0    0.024576274236182718    0.1456104979240195
253    0.0    0.019954329178996262    0.15023244298120597
254    0.0    0.01661888891786951    0.15356788324233273
255    0.0    0.014066023257601626    0.1561207489026006
256    0.0    0.012035769131852522    0.1581510030283497
257    0.0    0.010377829256705521    0.1598089429034967
258    0.0    0.008998017691597523    0.1611887544686047
259    0.0    0.00783359902097519    0.16235317313922704
260    0.0    0.006840711180504555    0.16334606097969767
261    0.0    0.005987442718952683    0.16419932944124954
262    0.0    0.005249790315955046    0.16493698184424718
263    0.0    0.0046091837914257194    0.1655775883687765
264    0.0    0.004050910420587268    0.16613586173961495
265    0.0    0.0035630778306619693    0.16662369432954025
266    0.0    0.003135911112260398    0.16705086104794184
267    0.0    0.002761263640278943    0.16742550851992327
268    0.0    0.0024322681365161946    0.16775450402368602
269    0.0    0.0021430819060589018    0.1680436902541433
270    0.0    0.001888696660324692    0.16829807549987755
271    0.0    0.0016647935261014726    0.16852197863410076
272    0.0    0.0014676302834096557    0.16871914187679257
273    0.0    0.0012939520321261218    0.1688928201280761
274    0.0    0.0011409192155830803    0.16904585294461916
275    0.0    0.0010060487467771985    0.16918072341342502
276    0.0    0.0008871652100178678    0.16929960695018437
277    0.0    0.0007823599498140788    0.16940441221038816
278    0.0    0.0006899564394176006    0.16949681572078462
279    0.0    0.0006084807280310853    0.16957829143217115
280    0.0    0.0005366360540707935    0.16965013610613144
281    0.0    0.0004732809189963265    0.1697134912412059
282    0.0    0.00041741006716269685    0.16976936209303953
283    0.0    0.00036813792869717877    0.16981863423150506
284    0.0    0.00032468416620872603    0.1698620879939935
285    0.0    0.000286361030052892    0.16990041113014934
286    0.0    0.0002525622765031728    0.16993420988369906
287    0.0    0.000222753442247416    0.1699640187179548
288    0.0    0.0001964632999754115    0.1699903088602268
289    0.0    0.00017327634522568678    0.17001349581497655
290    0.0    0.00015282618564154402    0.17003394597456067
291    0.0    0.0001347897212017389    0.1700519824390005
292    0.0    0.00011888201871216534    0.17006789014149007
293    0.0    0.0001048517962870467    0.17008192036391517
294    0.0    9.247744424924816e-05    0.17009429471595297
295    0.0    8.156351803345879e-05    0.17010520864216877
296    0.0    7.193764664579854e-05    0.17011483451355644
297    0.0    6.344780710733377e-05    0.17012332435309488
298    0.0    5.5959921348679815e-05    0.17013081223885354
299    0.0    4.935573723593252e-05    0.1701374164229663
300    0.0    4.3530960052632836e-05    0.1701432412001496
301    0.0    3.8393604737433805e-05    0.1701483785554648
302    0.0    3.3862542771277964e-05    0.17015290961743096
303    0.0    2.9866220663410424e-05    0.1701569059395388
304    0.0    2.634152977041811e-05    0.17016043063043182
305    0.0    2.323280954026532e-05    0.17016353935066197
306    0.0    2.049096843865887e-05    0.17016628119176358
307    0.0    1.8072708637065964e-05    0.17016869945156515
308    0.0    1.593984222834498e-05    0.1701708323179739
309    0.0    1.4058688142157359e-05    0.17017271347206006
310    0.0    1.2399540252732918e-05    0.1701743726199495
311    0.0    1.0936198253999607e-05    0.17017583596194824
312    0.0    9.645553914470247e-06    0.17017712660628775
313    0.0    8.50722615119157e-06    0.17017826493405103
314    0.0    7.50323918417839e-06    0.17017926892101803
315    0.0    6.617738665268269e-06    0.17018015442153694
316    0.0    5.836741317917374e-06    0.17018093541888432
317    0.0    5.1479141156966e-06    0.17018162424608654
318    0.0    4.5403795297907674e-06    0.17018223178067243
319    0.0    4.004543753070074e-06    0.17018276761644915
320    0.0    3.5319452040623485e-06    0.17018324021499817
321    0.0    3.1151209022386734e-06    0.1701836570393
322    0.0    2.7474886217142627e-06    0.1701840246715805
323    0.0    2.4232429442253792e-06    0.170184348917258
324    0.0    2.1372635875484183e-06    0.17018463489661467
325    0.0    1.8850345451487237e-06    0.17018488712565707
326    0.0    1.6625727763614276e-06    0.17018510958742586
327    0.0    1.4663653045872416e-06    0.17018530579489763
328    0.0    1.2933137462864137e-06    0.17018547884645593
329    0.0    1.1406853798019093e-06    0.17018563147482244
330    0.0    1.0060699955824742e-06    0.17018576609020664
331    0.0    8.873418315051389e-07    0.17018588481837071
332    0.0    7.826260085164616e-07    0.1701859895341937
333    0.0    6.9026891966e-07    0.17018608189128256
334    0.0    6.088121211906411e-07    0.17018616334808104
335    0.0    5.369692978834766e-07    0.17018623519090434
336    0.0    4.736059543704145e-07    0.17018629855424786
337    0.0    4.177214959113617e-07    0.1701863544387063
338    0.0    3.6843343143412935e-07    0.1701864037267708
339    0.0    3.249634340370903e-07    0.17018644719676818
340    0.0    2.8662505378342085e-07    0.17018648553514845
341    0.0    2.528128746112201e-07    0.17018651934732762
342    0.0    2.2299295693848677e-07    0.1701865491672453
343    0.0    1.9669440227184504e-07    0.17018657546579996
344    0.0    1.7350192170473289e-07    0.1701865986582805
345    0.0    1.53049272963229e-07    0.17018661911092928
346    0.0    1.3501348221909605e-07    0.17018663714672
347    0.0    1.191097381307224e-07    0.1701866530504641
348    0.0    1.0508690035889758e-07    0.17018666707330188
349    0.0    9.272352793346025e-08    0.1701866794366743
350    0.0    8.182438720159835e-08    0.17018669033581502
351    0.0    7.221736488080988e-08    0.17018669994283733
352    0.0    6.375075399587919e-08    0.17018670840944822
353    0.0    5.629085409201897e-08    0.17018671586934814
354    0.0    4.971986440008985e-08    0.17018672244033783
355    0.0    4.3934018701275585e-08    0.17018672822618353
356    0.0    3.8841951649623216e-08    0.17018673331825057
357    0.0    3.4363251802654177e-08    0.17018673779695043
358    0.0    3.0427195024836096e-08    0.1701867417330072
359    0.0    2.6971624952345716e-08    0.17018674518857727
360    0.0    2.3941974050664325e-08    0.17018674821822818
361    0.0    2.1290399137901747e-08    0.1701867508698031
362    0.0    1.897502936785804e-08    0.17018675318517285
363    0.0    1.6959300529781167e-08    0.1701867552009017
364    0.0    1.5211382989798947e-08    0.17018675694881924
365    0.0    1.3703673428324716e-08    0.1701867584565288
366    0.0    1.2412363933336432e-08    0.17018675974783828
367    0.0    1.1317062501101788e-08    0.17018676084313972
368    0.0    1.0400473134846225e-08    0.1701867617597291
369    0.0    9.648120888154643e-09    0.17018676251208134
370    0.0    9.048126387023459e-09    0.17018676311207584
371    0.0    8.591013503996166e-09    0.17018676356918871
372    0.0    8.269565133145126e-09    0.17018676389063708
373    0.0    8.078703878176136e-09    0.17018676408149835
374    0.0    8.015417024337043e-09    0.1701867641447852
375    0.0    8.07870397000806e-09    0.17018676408149824
376    0.0    8.26956514008402e-09    0.17018676389063708
377    0.0    8.591013676709572e-09    0.17018676356918855
378    0.0    9.048126433427311e-09    0.17018676311207578
379    0.0    9.648120860941169e-09    0.17018676251208137
380    0.0    1.0400473023607082e-08    0.17018676175972922
381    0.0    1.1317062285237135e-08    0.17018676084313994
382    0.0    1.2412364051731309e-08    0.17018675974783817
383    0.0    1.3703673375090389e-08    0.17018675845652886
384    0.0    1.5211383149176666e-08    0.17018675694881907
385    0.0    1.6959300732743814e-08    0.17018675520090149
386    0.0    1.8975029460015225e-08    0.17018675318517276
387    0.0    2.1290399182354036e-08    0.17018675086980303
388    0.0    2.3941974304801314e-08    0.17018674821822793
389    0.0    2.697162490930289e-08    0.17018674518857732
390    0.0    3.042719527658784e-08    0.17018674173300696
391    0.0    3.4363251801569974e-08    0.17018673779695043
392    0.0    3.8841951933901026e-08    0.1701867333182503
393    0.0    4.3934018632320326e-08    0.17018672822618358
394    0.0    4.9719864490512314e-08    0.17018672244033772
395    0.0    5.6290854085188496e-08    0.17018671586934814
396    0.0    6.375075407350807e-08    0.17018670840944816
397    0.0    7.221736486975102e-08    0.17018669994283736
398    0.0    8.18243874362197e-08    0.1701866903358148
399    0.0    9.272352794289281e-08    0.1701866794366743
400    0.0    1.0508690057096752e-07    0.17018666707330166
401    0.0    1.1910973815761061e-07    0.17018665305046407
402    0.0    1.3501348228024505e-07    0.17018663714671994
403    0.0    1.530492729912014e-07    0.17018661911092925
404    0.0    1.735019216147441e-07    0.17018659865828062
405    0.0    1.9669440230393742e-07    0.17018657546579993
406    0.0    2.2299295703433024e-07    0.17018654916724518
407    0.0    2.5281287465025136e-07    0.17018651934732756
408    0.0    2.866250539221987e-07    0.1701864855351483
409    0.0    3.2496343375801665e-07    0.17018644719676848
410    0.0    3.684334315206487e-07    0.1701864037267707
411    0.0    4.1772149587731774e-07    0.17018635443870636
412    0.0    4.7360595457988236e-07    0.17018629855424763
413    0.0    5.369692978954028e-07    0.17018623519090434
414    0.0    6.088121212118915e-07    0.170186163348081
415    0.0    6.902689194925992e-07    0.17018608189128273
416    0.0    7.826260085368447e-07    0.1701859895341937
417    0.0    8.873418312856964e-07    0.17018588481837094
418    0.0    1.0060699956362506e-06    0.17018576609020658
419    0.0    1.1406853797895494e-06    0.17018563147482244
420    0.0    1.293313746242612e-06    0.170185478846456
421    0.0    1.4663653044423922e-06    0.1701853057948978
422    0.0    1.6625727762382622e-06    0.170185109587426
423    0.0    1.8850345449474958e-06    0.17018488712565727
424    0.0    2.1372635873383e-06    0.1701846348966149
425    0.0    2.423242943973194e-06    0.17018434891725825
426    0.0    2.7474886215785206e-06    0.17018402467158064
427    0.0    3.1151209021924864e-06    0.17018365703930002
428    0.0    3.5319452038517964e-06    0.17018324021499837
429    0.0    4.004543753039717e-06    0.17018276761644918
430    0.0    4.540379529794454e-06    0.17018223178067243
431    0.0    5.147914115649112e-06    0.17018162424608657
432    0.0    5.836741317840613e-06    0.17018093541888438
433    0.0    6.617738665180449e-06    0.17018015442153706
434    0.0    7.503239184097725e-06    0.17017926892101812
435    0.0    8.50722615108098e-06    0.17017826493405114
436    0.0    9.645553914373753e-06    0.17017712660628787
437    0.0    1.0936198253900077e-05    0.17017583596194832
438    0.0    1.239954025241026e-05    0.1701743726199498
439    0.0    1.405868814211334e-05    0.17017271347206012
440    0.0    1.5939842228158713e-05    0.17017083231797406
441    0.0    1.8072708636856063e-05    0.17016869945156538
442    0.0    2.0490968438592735e-05    0.17016628119176364
443    0.0    2.3232809540241466e-05    0.17016353935066197
444    0.0    2.634152977051157e-05    0.1701604306304317
445    0.0    2.986622066330699e-05    0.17015690593953892
446    0.0    3.386254277113073e-05    0.1701529096174311
447    0.0    3.8393604737331456e-05    0.17014837855546489
448    0.0    4.353096005257407e-05    0.17014324120014965
449    0.0    4.9355737235896955e-05    0.17013741642296634
450    0.0    5.595992134849203e-05    0.17013081223885373
451    0.0    6.344780710729951e-05    0.17012332435309493
452    0.0    7.193764664564653e-05    0.17011483451355658
453    0.0    8.15635180334616e-05    0.17010520864216877
454    0.0    9.247744424922496e-05    0.170094294715953
455    0.0    0.00010485179628712672    0.1700819203639151
456    0.0    0.00011888201871225641    0.17006789014148996
457    0.0    0.00013478972120189048    0.17005198243900033
458    0.0    0.00015282618564156614    0.17003394597456067
459    0.0    0.00017327634522564125    0.17001349581497657
460    0.0    0.0001964632999754026    0.1699903088602268
461    0.0    0.00022275344224741665    0.1699640187179548
462    0.0    0.0002525622765032305    0.169934209883699
463    0.0    0.00028636103005303315    0.1699004111301492
464    0.0    0.00032468416620872647    0.1698620879939935
465    0.0    0.00036813792869730454    0.16981863423150492
466    0.0    0.000417410067162624    0.1697693620930396
467    0.0    0.0004732809189962246    0.169713491241206
468    0.0    0.0005366360540708165    0.16965013610613142
469    0.0    0.000608480728031045    0.16957829143217118
470    0.0    0.0006899564394176332    0.1694968157207846
471    0.0    0.0007823599498139656    0.16940441221038827
472    0.0    0.0008871652100178821    0.16929960695018434
473    0.0    0.0010060487467771421    0.16918072341342508
474    0.0    0.0011409192155830837    0.16904585294461913
475    0.0    0.0012939520321261478    0.16889282012807608
476    0.0    0.0014676302834096427    0.16871914187679257
477    0.0    0.0016647935261016348    0.1685219786341006
478    0.0    0.0018886966603247914    0.16829807549987744
479    0.0    0.0021430819060588896    0.16804369025414334
480    0.0    0.0024322681365162207    0.167754504023686
481    0.0    0.002761263640279023    0.16742550851992322
482    0.0    0.003135911112260288    0.16705086104794195
483    0.0    0.003563077830661848    0.16662369432954038
484    0.0    0.004050910420587172    0.16613586173961506
485    0.0    0.004609183791425669    0.16557758836877656
486    0.0    0.005249790315955051    0.16493698184424718
487    0.0    0.005987442718952825    0.1641993294412494
488    0.0    0.006840711180504421    0.1633460609796978
489    0.0    0.00783359902097535    0.16235317313922687
490    0.0    0.00899801769159729    0.16118875446860492
491    0.0    0.010377829256705596    0.15980894290349662
492    0.0    0.012035769131852102    0.1581510030283501
493    0.0    0.014066023257601677    0.15612074890260055
494    0.0    0.016618888917869258    0.15356788324233298
495    0.0    0.01995432917899612    0.1502324429812061
496    0.0    0.024576274236182232    0.14561049792402
497    0.0    0.03165181229931716    0.13853495986088507
498    0.0    0.04492803082123422    0.125258741338968
499    0.1871727663765745    0.09358638318828726    0.07660038897191497
