0    0.224800027794334    0.112400013897167    0.0572139801505713
1    0.25772341108149766    0.12886170554074883    0.040752288506989476
2    0.28093750679289703    0.14046875339644851    0.02914524065128979
3    0.29771507119003293    0.14885753559501647    0.020756458452721838
4    0.3096299299714139    0.15481496498570696    0.014799029062031344
5    0.3181981332199978    0.1590990666099989    0.010514927437739408
6    0.32426553716057416    0.16213276858028708    0.007481225467451225
7    0.3286069202349901    0.16430346011749505    0.00531053393024325
8    0.3316771934207807    0.16583859671039036    0.003775397337347941
9    0.3338682699422176    0.1669341349711088    0.002679859076629515
10    0.33541802782094354    0.16770901391047177    0.001904980137266532
11    0.33652269984008054    0.16826134992004027    0.0013526441276980328
12    0.33730463404405603    0.16865231702202801    0.0009616770257102891
13    0.33786173042212053    0.16893086521106027    0.0006831288366780375
14    0.33825642643511294    0.16912821321755647    0.00048578083018183116
15    0.3385375755173908    0.1692687877586954    0.0003452062890429153
16    0.33873693497831564    0.16936846748915782    0.00024552655858048333
17    0.338878927664634    0.169439463832317    0.00017453021542129799
18    0.33897968468515727    0.16948984234257863    0.00012415170515966967
19    0.3390514423788786    0.1695257211894393    8.827285829901554e-05
20    0.33910239018756244    0.16955119509378122    6.279895395708279e-05
21    0.33913867136050646    0.16956933568025323    4.4658367485073125e-05
22    0.3391644424209376    0.1695822212104688    3.177283726951696e-05
23    0.3391827929303673    0.16959139646518365    2.2597582554656492e-05
24    0.3391958320881007    0.16959791604405036    1.6078003687941544e-05
25    0.33920511585888174    0.16960255792944087    1.1436118297430964e-05
26    0.33921171431619895    0.16960585715809948    8.13688963882675e-06
27    0.33921641193056606    0.16960820596528303    5.788082455271404e-06
28    0.3392197514662469    0.16960987573312344    4.118314614859342e-06
29    0.3392221287649806    0.1696110643824903    2.9296652480081953e-06
30    0.33922381906423077    0.16961190953211538    2.084515622918781e-06
31    0.3392250222359722    0.1696125111179861    1.482929752216755e-06
32    0.33922587782210334    0.16961293891105167    1.0551366866340395e-06
33    0.3392264867953658    0.1696132433976829    7.506500553922102e-07
34    0.3392269198865725    0.16961345994328625    5.341044520545957e-07
35    0.3392272281262532    0.1696136140631266    3.7998461169252984e-07
36    0.3392274473593813    0.16961372367969066    2.703680476445758e-07
37    0.3392276033843729    0.16961380169218646    1.9235555184793363e-07
38    0.3392277143636328    0.1696138571818164    1.368659219014301e-07
39    0.3392277933427938    0.1696138966713969    9.737634140694063e-08
40    0.33922784952325535    0.16961392476162768    6.928611062662071e-08
41    0.3392278895032123    0.16961394475160615    4.9296132148546334e-08
42    0.3392279179436725    0.16961395897183626    3.507590204399058e-08
43    0.33922793818240604    0.16961396909120302    2.4956535282782966e-08
44    0.3392279525802193    0.16961397629010966    1.775762864530961e-08
45    0.33922796282578876    0.16961398141289438    1.2634843921111027e-08
46    0.3392279701147641    0.16961398505738204    8.990356265003996e-09
47    0.3392279753015917    0.16961398765079586    6.39694244797262e-09
48    0.339227978991779    0.1696139894958895    4.551848814537962e-09
49    0.3392279816177059    0.16961399080885295    3.238885354361898e-09
50    0.33922798348599825    0.16961399174299913    2.3047391772834658e-09
51    0.33922798481547584    0.16961399240773792    1.640000385494389e-09
52    0.3392279857614072    0.1696139928807036    1.1670346911074603e-09
53    0.3392279864345395    0.16961399321726975    8.304685550353241e-10
54    0.3392279869134968    0.1696139934567484    5.909898959099991e-10
55    0.3392279872543327    0.16961399362716634    4.2057196614209147e-10
56    0.3392279874968597    0.16961399374842984    2.993084669000723e-10
57    0.33922798766945267    0.16961399383472633    2.130119691745591e-10
58    0.3392279877922696    0.1696139938961348    1.5160350752552176e-10
59    0.3392279878796745    0.16961399393983725    1.079010492066601e-10
60    0.33922798794187575    0.16961399397093788    7.680042712898683e-11
61    0.3392279879861442    0.1696139939930721    5.466621599836685e-11
62    0.3392279880176501    0.16961399400882504    3.8913261501960505e-11
63    0.33922798804007387    0.16961399402003693    2.770136897645159e-11
64    0.33922798805603455    0.16961399402801727    1.9721030364294734e-11
65    0.3392279880673955    0.16961399403369776    1.4040546503224505e-11
66    0.3392279880754821    0.16961399403774105    9.997253025417763e-12
67    0.3392279880812386    0.1696139940406193    7.118999834077044e-12
68    0.3392279880853371    0.16961399404266855    5.0697501752239305e-12
69    0.33922798808825505    0.16961399404412753    3.6107783429883966e-12
70    0.33922798809033233    0.16961399404516617    2.572136947875947e-12
71    0.3392279880918123    0.16961399404590616    1.8321455463876646e-12
72    0.33922798809286564    0.16961399404643282    1.305483499081106e-12
73    0.33922798809361615    0.16961399404680808    9.30228116757803e-13
74    0.33922798809415056    0.16961399404707528    6.630251903061435e-13
75    0.3392279880945311    0.16961399404726554    4.727607194610073e-13
76    0.3392279880948019    0.16961399404740096    3.373412660323538e-13
77    0.33922798809499594    0.16961399404749797    2.4033552925573076e-13
78    0.33922798809513316    0.16961399404756658    1.717237463338961e-13
79    0.3392279880952317    0.16961399404761585    1.2245759961615477e-13
80    0.33922798809530197    0.16961399404765098    8.731904088676856e-14
81    0.3392279880953518    0.1696139940476759    6.23945339839338e-14
82    0.3392279880953875    0.16961399404769376    4.4547698863084406e-14
83    0.3392279880954127    0.16961399404770636    3.194666753358888e-14
84    0.33922798809543075    0.16961399404771538    2.2926105458509483e-14
85    0.33922798809544424    0.16961399404772212    1.6181500583911657e-14
86    0.33922798809545335    0.16961399404772667    1.1629586182948515e-14
87    0.3392279880954597    0.16961399404772984    8.465450562766819e-15
88    0.33922798809546495    0.16961399404773247    5.828670879282072e-15
89    0.33922798809546867    0.16961399404773433    3.969047313034935e-15
90    0.33922798809547067    0.16961399404773533    2.9698465908722937e-15
91    0.3392279880954721    0.16961399404773606    2.248201624865942e-15
92    0.33922798809547366    0.16961399404773683    1.4710455076283324e-15
93    0.33922798809547433    0.16961399404773717    1.1379786002407855e-15
94    0.3392279880954753    0.16961399404773764    6.661338147750939e-16
95    0.33922798809547605    0.16961399404773803    2.7755575615628914e-16
96    0.339227988095476    0.169613994047738    3.0531133177191805e-16
97    0.3392279880954761    0.16961399404773805    2.498001805406602e-16
98    0.33922798809547616    0.16961399404773808    2.220446049250313e-16
99    0.33922798809547633    0.16961399404773816    1.3877787807814457e-16
100    0.33922798809547616    0.16961399404773808    2.220446049250313e-16
101    0.3392279880954765    0.16961399404773825    5.551115123125783e-17
102    0.3392279880954767    0.16961399404773836    5.551115123125783e-17
103    0.3392279880954769    0.16961399404773844    1.3877787807814457e-16
104    0.3392279880954765    0.16961399404773825    5.551115123125783e-17
105    0.3392279880954767    0.16961399404773836    5.551115123125783e-17
106    0.33922798809547683    0.16961399404773841    1.1102230246251565e-16
107    0.33922798809547716    0.16961399404773858    2.7755575615628914e-16
108    0.33922798809547705    0.16961399404773853    2.220446049250313e-16
109    0.3392279880954767    0.16961399404773836    5.551115123125783e-17
110    0.33922798809547705    0.16961399404773853    2.220446049250313e-16
111    0.3392279880954772    0.1696139940477386    3.0531133177191805e-16
112    0.3392279880954766    0.1696139940477383    0.0
113    0.3392279880954776    0.1696139940477388    4.996003610813204e-16
114    0.33922798809547716    0.16961399404773858    2.7755575615628914e-16
115    0.3392279880954767    0.16961399404773836    5.551115123125783e-17
116    0.3392279880954767    0.16961399404773836    5.551115123125783e-17
117    0.33922798809547683    0.16961399404773841    1.1102230246251565e-16
118    0.33922798809547705    0.16961399404773853    2.220446049250313e-16
119    0.33922798809547694    0.16961399404773847    1.6653345369377348e-16
120    0.33922798809547683    0.16961399404773841    1.1102230246251565e-16
121    0.3392279880954766    0.1696139940477383    0.0
122    0.3392279880954772    0.1696139940477386    3.0531133177191805e-16
123    0.33922798809547655    0.16961399404773828    2.7755575615628914e-17
124    0.3392279880954767    0.16961399404773836    5.551115123125783e-17
125    0.3392279880954766    0.1696139940477383    0.0
126    0.3392279880954767    0.16961399404773836    5.551115123125783e-17
127    0.3392279880954768    0.1696139940477384    8.326672684688674e-17
128    0.33922798809547644    0.16961399404773822    8.326672684688674e-17
129    0.3392279880954768    0.1696139940477384    8.326672684688674e-17
130    0.3392279880954768    0.1696139940477384    8.326672684688674e-17
131    0.3392279880954768    0.1696139940477384    8.326672684688674e-17
132    0.33922798809547694    0.16961399404773847    1.6653345369377348e-16
133    0.3392279880954764    0.1696139940477382    1.1102230246251565e-16
134    0.3392279880954763    0.16961399404773814    1.6653345369377348e-16
135    0.33922798809547655    0.16961399404773828    2.7755575615628914e-17
136    0.33922798809547694    0.16961399404773847    1.6653345369377348e-16
137    0.3392279880954763    0.16961399404773814    1.6653345369377348e-16
138    0.33922798809547644    0.16961399404773822    8.326672684688674e-17
139    0.3392279880954771    0.16961399404773855    2.498001805406602e-16
140    0.3392279880954765    0.16961399404773825    5.551115123125783e-17
141    0.3392279880954766    0.1696139940477383    0.0
142    0.33922798809547694    0.16961399404773847    1.6653345369377348e-16
143    0.3392279880954769    0.16961399404773844    1.3877787807814457e-16
144    0.33922798809547644    0.16961399404773822    8.326672684688674e-17
145    0.3392279880954763    0.16961399404773814    1.6653345369377348e-16
146    0.3392279880954764    0.1696139940477382    1.1102230246251565e-16
147    0.3392279880954765    0.16961399404773825    5.551115123125783e-17
148    0.339227988095477    0.1696139940477385    1.942890293094024e-16
149    0.33922798809547605    0.16961399404773803    2.7755575615628914e-16
150    0.3392279880954766    0.1696139940477383    0.0
151    0.3392279880954763    0.16961399404773814    1.6653345369377348e-16
152    0.3392279880954756    0.1696139940477378    4.996003610813204e-16
153    0.3392279880954754    0.1696139940477377    6.106226635438361e-16
154    0.33922798809547544    0.16961399404773772    5.828670879282072e-16
155    0.3392279880954751    0.16961399404773755    7.494005416219807e-16
156    0.3392279880954737    0.16961399404773686    1.4432899320127035e-15
157    0.3392279880954722    0.1696139940477361    2.192690473634684e-15
158    0.3392279880954707    0.16961399404773536    2.942091015256665e-15
159    0.33922798809546767    0.16961399404773383    4.468647674116255e-15
160    0.33922798809546506    0.16961399404773253    5.773159728050814e-15
161    0.33922798809546034    0.16961399404773017    8.132383655379272e-15
162    0.3392279880954537    0.16961399404772684    1.1463052729254741e-14
163    0.3392279880954439    0.16961399404772196    1.634803403760543e-14
164    0.33922798809543125    0.16961399404771563    2.2676305277968822e-14
165    0.3392279880954133    0.16961399404770666    3.164135620181696e-14
166    0.33922798809538773    0.16961399404769387    4.443667656062189e-14
167    0.33922798809535154    0.16961399404767577    6.253331186201194e-14
168    0.3392279880953021    0.16961399404765104    8.72635297355373e-14
169    0.3392279880952318    0.1696139940476159    1.224020884649235e-13
170    0.33922798809513377    0.16961399404756689    1.7141843500212417e-13
171    0.33922798809499566    0.16961399404749783    2.404743071338089e-13
172    0.33922798809480215    0.16961399404740107    3.372302437298913e-13
173    0.33922798809453136    0.16961399404726568    4.726219415829291e-13
174    0.33922798809415067    0.16961399404707533    6.629696791549122e-13
175    0.33922798809361565    0.16961399404680783    9.304779169383437e-13
176    0.3392279880928651    0.16961399404643254    1.3057610548372622e-12
177    0.33922798809181176    0.16961399404590588    1.832423102143821e-12
178    0.33922798809033206    0.16961399404516603    2.572275725754025e-12
179    0.3392279880882548    0.1696139940441274    3.6109171208664748e-12
180    0.3392279880853369    0.16961399404266844    5.069861197526393e-12
181    0.3392279880812389    0.16961399404061944    7.118861056198966e-12
182    0.3392279880754817    0.16961399403774086    9.997447314447072e-12
183    0.3392279880673957    0.16961399403369784    1.4040463236497658e-11
184    0.33922798805603455    0.16961399402801727    1.9721030364294734e-11
185    0.3392279880400747    0.16961399402003735    2.7700952642817356e-11
186    0.33922798801764975    0.16961399400882488    3.89134280354142e-11
187    0.33922798798614456    0.16961399399307228    5.466602170933754e-11
188    0.33922798794187586    0.16961399397093793    7.68003716178356e-11
189    0.33922798787967456    0.16961399393983728    1.0790102145108449e-10
190    0.3392279877922699    0.16961399389613496    1.5160334099206807e-10
191    0.33922798766945267    0.16961399383472633    2.130119691745591e-10
192    0.3392279874968599    0.16961399374842995    2.9930835587776983e-10
193    0.3392279872543328    0.1696139936271664    4.2057191063094024e-10
194    0.3392279869134968    0.1696139934567484    5.909898959099991e-10
195    0.3392279864345397    0.16961399321726986    8.304684440130217e-10
196    0.33922798576140745    0.16961399288070372    1.1670345800851578e-09
197    0.33922798481547656    0.16961399240773828    1.640000024671906e-09
198    0.33922798348599836    0.16961399174299918    2.3047391217723145e-09
199    0.33922798161770557    0.16961399080885278    3.2388855208953515e-09
200    0.3392279789917793    0.16961398949588966    4.551848648004508e-09
201    0.339227975301592    0.169613987650796    6.396942309194742e-09
202    0.3392279701147632    0.1696139850573816    8.990356709093206e-09
203    0.3392279628257882    0.1696139814128941    1.2634844198666784e-08
204    0.3392279525802193    0.16961397629010966    1.775762864530961e-08
205    0.33922793818240615    0.16961396909120308    2.4956535227271814e-08
206    0.3392279179436723    0.16961395897183615    3.5075902155012884e-08
207    0.3392278895032117    0.16961394475160585    4.9296132453857666e-08
208    0.3392278495232552    0.1696139247616276    6.928611070988744e-08
209    0.3392277933427932    0.1696138966713966    9.737634171225196e-08
210    0.33922771436363297    0.16961385718181649    1.3686592181816337e-07
211    0.3392276033843726    0.1696138016921863    1.9235555201446708e-07
212    0.33922744735938143    0.16961372367969071    2.7036804758906463e-07
213    0.339227228126253    0.1696136140631265    3.7998461180355214e-07
214    0.3392269198865726    0.1696134599432863    5.341044519990845e-07
215    0.33922648679536577    0.16961324339768288    7.506500554199658e-07
216    0.3392258778221035    0.16961293891105175    1.0551366865507728e-06
217    0.339225022235972    0.169612511117986    1.4829297523000218e-06
218    0.3392238190642306    0.1696119095321153    2.084515623002048e-06
219    0.33922212876498037    0.16961106438249018    2.9296652481192176e-06
220    0.33921975146624717    0.16960987573312358    4.118314614720564e-06
221    0.33921641193056556    0.16960820596528278    5.788082455521204e-06
222    0.33921171431619884    0.16960585715809942    8.136889638882261e-06
223    0.33920511585888136    0.16960255792944068    1.1436118297625253e-05
224    0.3391958320881007    0.16959791604405036    1.6078003687941544e-05
225    0.33918279293036746    0.16959139646518373    2.2597582554573226e-05
226    0.33916444242093724    0.16958222121046862    3.1772837269683496e-05
227    0.3391386713605061    0.16956933568025306    4.465836748523966e-05
228    0.33910239018756183    0.16955119509378092    6.27989539573881e-05
229    0.3390514423788788    0.1695257211894394    8.827285829890452e-05
230    0.3389796846851569    0.16948984234257844    0.00012415170515986396
231    0.33887892766463423    0.16943946383231712    0.00017453021542118696
232    0.3387369349783165    0.16936846748915824    0.000245526558580067
233    0.33853757551739083    0.16926878775869542    0.0003452062890428875
234    0.3382564264351128    0.1691282132175564    0.0004857808301819144
235    0.3378617304221203    0.16893086521106015    0.0006831288366781485
236    0.3373046340440557    0.16865231702202785    0.0009616770257104557
237    0.33652269984008026    0.16826134992004013    0.0013526441276981716
238    0.33541802782094354    0.16770901391047177    0.001904980137266532
239    0.33386826994221735    0.16693413497110868    0.002679859076629626
240    0.33167719342078067    0.16583859671039033    0.003775397337347969
241    0.32860692023498944    0.16430346011749472    0.005310533930243583
242    0.3242655371605738    0.1621327685802869    0.007481225467451391
243    0.3181981332199971    0.15909906660999856    0.01051492743773974
244    0.3096299299714129    0.15481496498570646    0.014799029062031843
245    0.29771507119003254    0.14885753559501627    0.020756458452722032
246    0.28093750679289736    0.14046875339644868    0.029145240651289622
247    0.25772341108149827    0.12886170554074913    0.04075228850698917
248    0.2248000277943341    0.11240001389716706    0.05721398015057125
249    0.1771781257839815    0.08858906289199076    0.08102493115574755
250    0.0    0.0417504990715826    0.1278634949761557
251    0.0    0.028627541944984215    0.1409864521027541
252    0.0    0.0215112157156005    0.1481027783321378
253    0.0    0.016823307774138194    0.1527906862736001
254    0.0    0.013441718625668952    0.15617227542206935
255    0.0    0.010876652742572587    0.1587373413051657
256    0.0    0.00887098961777343    0.16074300442996486
257    0.0    0.0072722818813025425    0.16234171216643575
258    0.0    0.005981870792091854    0.16363212325564644
259    0.0    0.0049315860575384245    0.16468240799019987
260    0.0    0.00407193820308168    0.16554205584465662
261    0.0    0.0033656454021461332    0.16624834864559218
262    0.0    0.0027838445334977427    0.16683014951424055
263    0.0    0.0023037418122147917    0.1673102522355235
264    0.0    0.001907078054216629    0.16770691599352167
265    0.0    0.001579077728362997    0.1680349163193753
266    0.0    0.0013076987444244452    0.16830629530331387
267    0.0    0.0010830776426487198    0.16853091640508958
268    0.0    0.0008971072620658979    0.1687168867856724
269    0.0    0.0007431078628023177    0.16887088618493598
270    0.0    0.0006155665510409235    0.16899842749669738
271    0.0    0.0005099281527006349    0.16910406589503768
272    0.0    0.0004224258028848013    0.1691915682448535
273    0.0    0.0003499427872629833    0.1692640512604753
274    0.0    0.0002898993346604037    0.1693240947130779
275    0.0    0.00024015954486472126    0.16937383450287358
276    0.0    0.0001989546916959118    0.16941503935604238
277    0.0    0.00016481991746579742    0.1694491741302725
278    0.0    0.00013654192163356765    0.16947745212610474
279    0.0    0.00011311570044124667    0.16950087834729705
280    0.0    9.37087521016922e-05    0.16952028529563662
281    0.0    7.763144806727023e-05    0.16953636259967103
282    0.0    6.431250182710197e-05    0.1695496815459112
283    0.0    5.32786545739258e-05    0.1695607153931644
284    0.0    4.4137850779783945e-05    0.16956985619695852
285    0.0    3.656530293291585e-05    0.1695774287448054
286    0.0    3.029194861858429e-05    0.16958370209911972
287    0.0    2.509488883811208e-05    0.16958889915890019
288    0.0    2.078946728750232e-05    0.1695932045804508
289    0.0    1.722270884160185e-05    0.1695967713388967
290    0.0    1.426788393771067e-05    0.1695997261638006
291    0.0    1.1820005611390969e-05    0.1696021740421269
292    0.0    9.792099146129461e-06    0.1696042019485922
293    0.0    8.1121117482914e-06    0.16960588193599002
294    0.0    6.720352435530402e-06    0.16960727369530276
295    0.0    5.567371162518847e-06    0.16960842667657577
296    0.0    4.612201820220884e-06    0.1696093818459181
297    0.0    3.820906680019557e-06    0.16961017314105828
298    0.0    3.165370563474072e-06    0.16961082867717484
299    0.0    2.6223018907865422e-06    0.1696113717458475
300    0.0    2.1724051172599887e-06    0.16961182164262104
301    0.0    1.7996951502902234e-06    0.169612194352588
302    0.0    1.4909293893769146e-06    0.16961250311834894
303    0.0    1.235137208660704e-06    0.16961275891052965
304    0.0    1.023230164603258e-06    0.1696129708175737
305    0.0    8.476790775853969e-07    0.1696131463686607
306    0.0    7.022465165734248e-07    0.16961329180122173
307    0.0    5.817651785682259e-07    0.16961341228255974
308    0.0    4.81954292430543e-07    0.16961351209344588
309    0.0    3.9926751992341684e-07    0.16961359478021837
310    0.0    3.3076695234277205e-07    0.16961366328078595
311    0.0    2.7401872501695707e-07    0.1696137200290133
312    0.0    2.2700654077898244e-07    0.16961376704119752
313    0.0    1.880600297909582e-07    0.1696138059877085
314    0.0    1.5579539975945841e-07    0.16961383825233856
315    0.0    1.2906627022170325e-07    0.16961386498146808
316    0.0    1.069229393351346e-07    0.16961388712479897
317    0.0    8.857864217028805e-08    0.16961390546909613
318    0.0    7.338159527074672e-08    0.16961392066614303
319    0.0    6.079183850044544e-08    0.1696139332558998
320    0.0    5.0362050975924846e-08    0.16961394368568733
321    0.0    4.172165593780211e-08    0.16961395232608237
322    0.0    3.4563655377031766e-08    0.16961395948408292
323    0.0    2.8633721754767194e-08    0.16961396541401655
324    0.0    2.3721160315962747e-08    0.169613970326578
325    0.0    1.965142551138034e-08    0.1696139743963128
326    0.0    1.6279917063304755e-08    0.16961397776782125
327    0.0    1.3486843788036024e-08    0.16961398056089452
328    0.0    1.1172965320950176e-08    0.16961398287477297
329    0.0    9.256069129475603e-09    0.16961398479166917
330    0.0    7.668046324207228e-09    0.16961398637969197
331    0.0    6.352473670137235e-09    0.16961398769526465
332    0.0    5.262608049642556e-09    0.16961398878513026
333    0.0    4.35972582362755e-09    0.16961398968801247
334    0.0    3.611747161763601e-09    0.16961399043599115
335    0.0    2.992096091074606e-09    0.1696139910556422
336    0.0    2.4787557796265847e-09    0.16961399156898252
337    0.0    2.0534872675979227e-09    0.16961399199425103
338    0.0    1.7011801425013962e-09    0.16961399234655816
339    0.0    1.4093170523817034e-09    0.16961399263842125
340    0.0    1.1675278079395501e-09    0.1696139928802105
341    0.0    9.672212971951338e-10    0.169613993080517
342    0.0    8.012808966686991e-10    0.1696139932464574
343    0.0    6.638103922877031e-10    0.1696139933839279
344    0.0    5.499254827553979e-10    0.1696139934978128
345    0.0    4.5557985140463886e-10    0.16961399359215845
346    0.0    3.774211691873891e-10    0.16961399367031713
347    0.0    3.126723363729156e-10    0.16961399373506597
348    0.0    2.590331525664791e-10    0.16961399378870515
349    0.0    2.1459749764956432e-10    0.1696139938331408
350    0.0    1.7778662374755283e-10    0.16961399386995168
351    0.0    1.4729265019036014e-10    0.16961399390044565
352    0.0    1.2203201405110164e-10    0.16961399392570628
353    0.0    1.0110711226585245e-10    0.16961399394663118
354    0.0    8.377471784858093e-11    0.1696139939639636
355    0.0    6.941887310211309e-11    0.16961399397831944
356    0.0    5.7529714716023084e-11    0.1696139939902086
357    0.0    4.768424305585939e-11    0.16961399400005406
358    0.0    3.953347111479433e-11    0.16961399400820484
359    0.0    3.278688355968368e-11    0.16961399401495142
360    0.0    2.7205497403481882e-11    0.16961399402053282
361    0.0    2.259070361332327e-11    0.1696139940251476
362    0.0    1.8778488096102275e-11    0.16961399402895982
363    0.0    1.5633521495590774e-11    0.16961399403210478
364    0.0    1.3044216748414605e-11    0.1696139940346941
365    0.0    1.0918115153288332e-11    0.16961399403682018
366    0.0    9.180029132693779e-12    0.16961399403855829
367    0.0    7.768120131521061e-12    0.16961399403997018
368    0.0    6.6323049482952534e-12    0.169613994041106
369    0.0    5.731985524247418e-12    0.1696139940420063
370    0.0    5.035395060984382e-12    0.16961399404270291
371    0.0    4.517655021775424e-12    0.16961399404322064
372    0.0    4.160602634986632e-12    0.1696139940435777
373    0.0    3.951096828186396e-12    0.16961399404378721
374    0.0    3.882077602088141e-12    0.16961399404385621
375    0.0    3.951081215675112e-12    0.16961399404378721
376    0.0    4.160543437548014e-12    0.16961399404357777
377    0.0    4.5177524915507306e-12    0.16961399404322056
378    0.0    5.0354967591481614e-12    0.1696139940427028
379    0.0    5.732104352805523e-12    0.1696139940420062
380    0.0    6.632304731454819e-12    0.169613994041106
381    0.0    7.768369498020733e-12    0.16961399403996993
382    0.0    9.180219952276136e-12    0.1696139940385581
383    0.0    1.09181495224972e-11    0.16961399403682015
384    0.0    1.3044142155305138e-11    0.16961399403469415
385    0.0    1.563370288261423e-11    0.1696139940321046
386    0.0    1.8778532982072216e-11    0.16961399402895977
387    0.0    2.259081116617878e-11    0.16961399402514749
388    0.0    2.720556722610179e-11    0.16961399402053273
389    0.0    3.2786998268273526e-11    0.1696139940149513
390    0.0    3.9533408881589627e-11    0.1696139940082049
391    0.0    4.76844725814593e-11    0.16961399400005384
392    0.0    5.7529644459722307e-11    0.16961399399020866
393    0.0    6.941908224471216e-11    0.16961399397831922
394    0.0    8.377488329783245e-11    0.16961399396396343
395    0.0    1.0110735859658604e-10    0.16961399394663096
396    0.0    1.2203200906377165e-10    0.1696139939257063
397    0.0    1.4729263999885972e-10    0.16961399390044565
398    0.0    1.7778665670729887e-10    0.16961399386995166
399    0.0    2.1459766244829453e-10    0.16961399383314063
400    0.0    2.590331987534916e-10    0.1696139937887051
401    0.0    3.1267244175736675e-10    0.16961399373506586
402    0.0    3.7742122534906164e-10    0.16961399367031707
403    0.0    4.5558006065565815e-10    0.16961399359215823
404    0.0    5.499256614319159e-10    0.16961399349781264
405    0.0    6.638105488464968e-10    0.16961399338392774
406    0.0    8.012809343989347e-10    0.16961399324645737
407    0.0    9.672213442495081e-10    0.16961399308051697
408    0.0    1.1675277368158876e-09    0.16961399288021056
409    0.0    1.4093170066283717e-09    0.1696139926384213
410    0.0    1.7011802461511238e-09    0.16961399234655805
411    0.0    2.0534872669474014e-09    0.16961399199425103
412    0.0    2.478755774856095e-09    0.16961399156898252
413    0.0    2.9920961342258523e-09    0.16961399105564218
414    0.0    3.611747327429693e-09    0.16961399043599099
415    0.0    4.359725886944957e-09    0.16961398968801242
416    0.0    5.262607912599401e-09    0.1696139887851304
417    0.0    6.352473684665544e-09    0.16961398769526462
418    0.0    7.66804632485775e-09    0.16961398637969197
419    0.0    9.256069244834714e-09    0.16961398479166906
420    0.0    1.1172965520877057e-08    0.16961398287477278
421    0.0    1.3486843725152298e-08    0.16961398056089458
422    0.0    1.6279917082820394e-08    0.16961397776782122
423    0.0    1.965142554650849e-08    0.16961397439631276
424    0.0    2.3721160230310775e-08    0.16961397032657807
425    0.0    2.8633721660224765e-08    0.16961396541401663
426    0.0    3.456365551819489e-08    0.16961395948408278
427    0.0    4.172165608351888e-08    0.16961395232608223
428    0.0    5.036205093364096e-08    0.16961394368568736
429    0.0    6.079183866958097e-08    0.16961393325589963
430    0.0    7.338159514628032e-08    0.16961392066614317
431    0.0    8.857864220823512e-08    0.1696139054690961
432    0.0    1.0692293931106531e-07    0.169613887124799
433    0.0    1.2906627023839996e-07    0.16961386498146808
434    0.0    1.5579539961417532e-07    0.1696138382523387
435    0.0    1.8806002980852228e-07    0.1696138059877085
436    0.0    2.270065407572984e-07    0.16961376704119754
437    0.0    2.7401872517676847e-07    0.16961372002901312
438    0.0    3.3076695229181455e-07    0.169613663280786
439    0.0    3.9926752006653153e-07    0.16961359478021823
440    0.0    4.819542925511063e-07    0.16961351209344575
441    0.0    5.817651786263391e-07    0.1696134122825597
442    0.0    7.022465163934472e-07    0.16961329180122192
443    0.0    8.476790774988776e-07    0.16961314636866082
444    0.0    1.023230164470118e-06    0.16961297081757384
445    0.0    1.235137208725973e-06    0.16961275891052957
446    0.0    1.4909293892652418e-06    0.16961250311834905
447    0.0    1.7996951502702741e-06    0.16961219435258804
448    0.0    2.1724051172873106e-06    0.169611821642621
449    0.0    2.622301890585748e-06    0.16961137174584773
450    0.0    3.1653705633346435e-06    0.16961082867717497
451    0.0    3.820906679826352e-06    0.16961017314105847
452    0.0    4.612201820060639e-06    0.16960938184591826
453    0.0    5.567371162295718e-06    0.169608426676576
454    0.0    6.720352435393576e-06    0.1696072736953029
455    0.0    8.112111747964404e-06    0.16960588193599033
456    0.0    9.792099145965964e-06    0.16960420194859233
457    0.0    1.1820005611245035e-05    0.16960217404212705
458    0.0    1.4267883937450895e-05    0.16959972616380084
459    0.0    1.7222708841552843e-05    0.16959677133889675
460    0.0    2.07894672872278e-05    0.16959320458045107
461    0.0    2.5094888837983494e-05    0.16958889915890032
462    0.0    3.029194861839694e-05    0.1695837020991199
463    0.0    3.6565302932873786e-05    0.16957742874480544
464    0.0    4.413785077962565e-05    0.1695698561969587
465    0.0    5.3278654573926665e-05    0.16956071539316436
466    0.0    6.431250182699702e-05    0.1695496815459113
467    0.0    7.763144806719998e-05    0.16953636259967111
468    0.0    9.370875210170044e-05    0.1695202852956366
469    0.0    0.00011311570044115907    0.16950087834729716
470    0.0    0.0001365419216335    0.1694774521261048
471    0.0    0.0001648199174656439    0.16944917413027266
472    0.0    0.00019895469169569366    0.1694150393560426
473    0.0    0.00024015954486472256    0.16937383450287358
474    0.0    0.0002898993346604796    0.16932409471307783
475    0.0    0.0003499427872630575    0.16926405126047525
476    0.0    0.00042242580288494183    0.16919156824485337
477    0.0    0.0005099281527006054    0.1691040658950377
478    0.0    0.0006155665510407422    0.16899842749669755
479    0.0    0.000743107862802492    0.16887088618493581
480    0.0    0.0008971072620658472    0.16871688678567245
481    0.0    0.0010830776426486105    0.1685309164050897
482    0.0    0.0013076987444243463    0.16830629530331395
483    0.0    0.0015790777283629042    0.1680349163193754
484    0.0    0.0019070780542165648    0.16770691599352175
485    0.0    0.002303741812214771    0.16731025223552354
486    0.0    0.002783844533497635    0.16683014951424066
487    0.0    0.003365645402146188    0.16624834864559213
488    0.0    0.004071938203081606    0.1655420558446567
489    0.0    0.004931586057538417    0.1646824079901999
490    0.0    0.005981870792091745    0.16363212325564655
491    0.0    0.007272281881302601    0.1623417121664357
492    0.0    0.008870989617773297    0.160743004429965
493    0.0    0.010876652742572414    0.1587373413051659
494    0.0    0.013441718625668593    0.1561722754220697
495    0.0    0.01682330777413822    0.1527906862736001
496    0.0    0.021511215715600072    0.14810277833213822
497    0.0    0.028627541944983993    0.14098645210275432
498    0.0    0.04175049907158235    0.12786349497615596
499    0.17717812578398162    0.08858906289199081    0.08102493115574749
