0    0.20982295510044924    0.10491147755022462    0.06231601007781104
1    0.2436400926091818    0.1218200463045909    0.045407441323444764
2    0.2683027500532905    0.13415137502664526    0.0330761126013904
3    0.28655922274789364    0.14327961137394682    0.02394787625408884
4    0.2998433743759971    0.14992168718799856    0.0173058004400371
5    0.30955644932823345    0.15477822466411673    0.012449262963918933
6    0.316559804493015    0.1582799022465075    0.00894758538152815
7    0.32163033563226273    0.16081516781613137    0.0064123198119042935
8    0.32526588031370773    0.16263294015685387    0.004594547471181792
9    0.3278826838007058    0.1639413419003529    0.0032861457276827655
10    0.3297535890577214    0.1648767945288607    0.002350693099174961
11    0.33109578332540435    0.16554789166270217    0.0016795959653334858
12    0.33205414492172625    0.16602707246086312    0.001200415167172536
13    0.3327403919206394    0.1663701959603197    0.0008572916677159481
14    0.3332301316604711    0.16661506583023555    0.0006124217978001056
15    0.33358043743365773    0.16679021871682886    0.0004372689112067951
16    0.3338303931130302    0.1669151965565151    0.00031229107152055957
17    0.3340090686758941    0.16700453433794704    0.00022295329008861775
18    0.33413656044465606    0.16706828022232803    0.0001592074057076287
19    0.33422765889444817    0.16711382944722408    0.00011365818081157664
20    0.33429266533967444    0.16714633266983722    8.115495819843721e-05
21    0.33433910336191475    0.16716955168095737    5.7935947078285865e-05
22    0.33437224353755146    0.16718612176877573    4.136585925992864e-05
23    0.3343959135104294    0.1671979567552147    2.9530872820954235e-05
24    0.3344128067602938    0.1672064033801469    2.1084247888769614e-05
25    0.3344248711448241    0.16721243557241205    1.5052055623604454e-05
26    0.3344334820852341    0.16721674104261705    1.0746585418608401e-05
27    0.3344396311186277    0.16721981555931384    7.672068721820136e-06
28    0.3344440202363712    0.1672220101181856    5.477509850054796e-06
29    0.33444715430300476    0.16722357715150238    3.9104765332809155e-06
30    0.3344493914730391    0.16722469573651955    2.791891516112921e-06
31    0.3344509888671934    0.1672254944335967    1.9931944389706135e-06
32    0.3344521291680428    0.1672260645840214    1.4230440142648515e-06
33    0.334452943347338    0.167226471673669    1.0159543666621307e-06
34    0.3344535245679966    0.1672267622839983    7.253440373611308e-07
35    0.3344539395538162    0.1672269697769081    5.178511275627518e-07
36    0.33445423580882516    0.16722711790441258    3.697236230781886e-07
37    0.3344544473294642    0.1672272236647321    2.639633035483868e-07
38    0.33445459833579866    0.16722729916789933    1.8846013633000425e-07
39    0.33445470615092365    0.16722735307546183    1.3455257383276908e-07
40    0.3344547831226431    0.16722739156132155    9.606671411144241e-08
41    0.33445483807868764    0.16722741903934382    6.85886918372347e-08
42    0.3344548773138688    0.1672274386569344    4.897110125745563e-08
43    0.3344549053270068    0.1672274526635034    3.4964532269476933e-08
44    0.33445492532704196    0.16722746266352098    2.496451467770555e-08
45    0.3344549396067931    0.16722746980339656    1.7824639098051875e-08
46    0.3344549498020694    0.1672274749010347    1.272700095311663e-08
47    0.33445495708145356    0.16722747854072678    9.08730887760889e-09
48    0.33445496227881877    0.16722748113940938    6.488626275169551e-09
49    0.3344549659897834    0.1672274829948917    4.633143951826568e-09
50    0.33445496863942425    0.16722748431971213    3.3083235317921122e-09
51    0.3344549705313359    0.16722748526566794    2.362367718111713e-09
52    0.33445497188220874    0.16722748594110437    1.6869312891021337e-09
53    0.3344549728467951    0.16722748642339755    1.204638111484968e-09
54    0.3344549735355589    0.16722748676777946    8.602561996085001e-10
55    0.3344549740273864    0.1672274870136932    6.143424657878427e-10
56    0.33445497437859134    0.16722748718929567    4.387399887839649e-10
57    0.334454974629388    0.167227487314694    3.1334165817575865e-10
58    0.33445497480848685    0.16722748740424342    2.2379223474366938e-10
59    0.3344549749363883    0.16722748746819416    1.598415011461185e-10
60    0.3344549750277307    0.16722748751386535    1.1417031209326467e-10
61    0.3344549750929665    0.16722748754648326    8.155240371898742e-11
62    0.33445497513955846    0.16722748756977923    5.825642745982407e-11
63    0.3344549751728368    0.1672274875864184    4.1617265189586305e-11
64    0.33445497519660644    0.16722748759830322    2.973243873327647e-11
65    0.3344549752135852    0.1672274876067926    2.1243062864328977e-11
66    0.3344549752257139    0.16722748761285694    1.51787193924946e-11
67    0.33445497523437867    0.16722748761718934    1.0846323839075467e-11
68    0.3344549752405689    0.16722748762028444    7.75121633544984e-12
69    0.3344549752449915    0.16722748762249576    5.539901870577069e-12
70    0.33445497524815176    0.16722748762407588    3.9597769507793146e-12
71    0.3344549752504102    0.1672274876252051    2.830569112433068e-12
72    0.33445497525202356    0.16722748762601178    2.023881062740429e-12
73    0.33445497525317713    0.16722748762658857    1.4470924458720447e-12
74    0.33445497525400136    0.16722748762700068    1.0349776591311866e-12
75    0.33445497525459095    0.16722748762729547    7.401856905175919e-13
76    0.33445497525501255    0.16722748762750628    5.293820937168903e-13
77    0.3344549752553137    0.16722748762765685    3.788080960021034e-13
78    0.3344549752555296    0.1672274876277648    2.7086666243292257e-13
79    0.33445497525568324    0.16722748762784162    1.9403922912886173e-13
80    0.33445497525579376    0.16722748762789688    1.3877787807814457e-13
81    0.3344549752558722    0.1672274876279361    9.955924973326091e-14
82    0.3344549752559285    0.16722748762796424    7.14150960590132e-14
83    0.3344549752559691    0.16722748762798456    5.109801470837283e-14
84    0.3344549752559978    0.1672274876279989    3.674838211509268e-14
85    0.3344549752560192    0.1672274876280096    2.606248550307555e-14
86    0.33445497525603396    0.16722748762801698    1.867950238931826e-14
87    0.33445497525604445    0.16722748762802223    1.3433698597964394e-14
88    0.3344549752560522    0.1672274876280261    9.547918011776346e-15
89    0.3344549752560574    0.1672274876280287    6.966649479522857e-15
90    0.33445497525606155    0.16722748762803077    4.884981308350689e-15
91    0.3344549752560646    0.1672274876280323    3.3584246494910985e-15
92    0.3344549752560664    0.1672274876280332    2.4702462297909733e-15
93    0.3344549752560674    0.1672274876280337    1.970645868709653e-15
94    0.33445497525606865    0.16722748762803433    1.3322676295501878e-15
95    0.3344549752560694    0.1672274876280347    9.71445146547012e-16
96    0.33445497525606993    0.16722748762803497    6.938893903907228e-16
97    0.3344549752560706    0.1672274876280353    3.608224830031759e-16
98    0.33445497525607065    0.16722748762803533    3.3306690738754696e-16
99    0.3344549752560708    0.1672274876280354    2.498001805406602e-16
100    0.33445497525607065    0.16722748762803533    3.3306690738754696e-16
101    0.3344549752560705    0.16722748762803524    4.163336342344337e-16
102    0.33445497525607104    0.16722748762803552    1.3877787807814457e-16
103    0.33445497525607143    0.16722748762803571    5.551115123125783e-17
104    0.33445497525607104    0.16722748762803552    1.3877787807814457e-16
105    0.33445497525607126    0.16722748762803563    2.7755575615628914e-17
106    0.3344549752560715    0.16722748762803574    8.326672684688674e-17
107    0.33445497525607154    0.16722748762803577    1.1102230246251565e-16
108    0.3344549752560714    0.1672274876280357    2.7755575615628914e-17
109    0.3344549752560718    0.1672274876280359    2.498001805406602e-16
110    0.33445497525607143    0.16722748762803571    5.551115123125783e-17
111    0.33445497525607115    0.16722748762803558    8.326672684688674e-17
112    0.33445497525607104    0.16722748762803552    1.3877787807814457e-16
113    0.33445497525607126    0.16722748762803563    2.7755575615628914e-17
114    0.3344549752560707    0.16722748762803535    3.0531133177191805e-16
115    0.33445497525607104    0.16722748762803552    1.3877787807814457e-16
116    0.33445497525607154    0.16722748762803577    1.1102230246251565e-16
117    0.3344549752560714    0.1672274876280357    2.7755575615628914e-17
118    0.3344549752560706    0.1672274876280353    3.608224830031759e-16
119    0.3344549752560708    0.1672274876280354    2.498001805406602e-16
120    0.33445497525607093    0.16722748762803546    1.942890293094024e-16
121    0.3344549752560713    0.16722748762803566    0.0
122    0.33445497525607093    0.16722748762803546    1.942890293094024e-16
123    0.3344549752560714    0.1672274876280357    2.7755575615628914e-17
124    0.33445497525607076    0.16722748762803538    2.7755575615628914e-16
125    0.3344549752560713    0.16722748762803566    0.0
126    0.3344549752560717    0.16722748762803585    1.942890293094024e-16
127    0.3344549752560711    0.16722748762803555    1.1102230246251565e-16
128    0.33445497525607126    0.16722748762803563    2.7755575615628914e-17
129    0.3344549752560712    0.1672274876280356    5.551115123125783e-17
130    0.3344549752560715    0.16722748762803574    8.326672684688674e-17
131    0.33445497525607126    0.16722748762803563    2.7755575615628914e-17
132    0.3344549752560713    0.16722748762803566    0.0
133    0.33445497525607093    0.16722748762803546    1.942890293094024e-16
134    0.3344549752560715    0.16722748762803574    8.326672684688674e-17
135    0.33445497525607176    0.16722748762803588    2.220446049250313e-16
136    0.3344549752560708    0.1672274876280354    2.498001805406602e-16
137    0.33445497525607115    0.16722748762803558    8.326672684688674e-17
138    0.33445497525607115    0.16722748762803558    8.326672684688674e-17
139    0.3344549752560713    0.16722748762803566    0.0
140    0.33445497525607115    0.16722748762803558    8.326672684688674e-17
141    0.334454975256071    0.1672274876280355    1.6653345369377348e-16
142    0.33445497525607115    0.16722748762803558    8.326672684688674e-17
143    0.3344549752560714    0.1672274876280357    2.7755575615628914e-17
144    0.3344549752560711    0.16722748762803555    1.1102230246251565e-16
145    0.33445497525607143    0.16722748762803571    5.551115123125783e-17
146    0.33445497525607154    0.16722748762803577    1.1102230246251565e-16
147    0.3344549752560712    0.1672274876280356    5.551115123125783e-17
148    0.33445497525607115    0.16722748762803558    8.326672684688674e-17
149    0.33445497525607104    0.16722748762803552    1.3877787807814457e-16
150    0.33445497525607054    0.16722748762803527    3.885780586188048e-16
151    0.3344549752560706    0.1672274876280353    3.608224830031759e-16
152    0.3344549752560697    0.16722748762803485    8.049116928532385e-16
153    0.33445497525606926    0.16722748762803463    1.0269562977782698e-15
154    0.3344549752560691    0.16722748762803455    1.1102230246251565e-15
155    0.3344549752560672    0.1672274876280336    2.0539125955565396e-15
156    0.33445497525606604    0.16722748762803302    2.6367796834847468e-15
157    0.3344549752560642    0.1672274876280321    3.552713678800501e-15
158    0.33445497525606144    0.16722748762803072    4.9404924595819466e-15
159    0.33445497525605716    0.16722748762802858    7.077671781985373e-15
160    0.33445497525605217    0.16722748762802608    9.575673587391975e-15
161    0.33445497525604456    0.16722748762802228    1.3378187446733136e-14
162    0.3344549752560336    0.1672274876280168    1.8846035843012032e-14
163    0.3344549752560192    0.1672274876280096    2.606248550307555e-14
164    0.3344549752559979    0.16722748762799894    3.672062653947705e-14
165    0.33445497525596934    0.16722748762798467    5.0986992405910314e-14
166    0.33445497525592877    0.16722748762796438    7.127631818093505e-14
167    0.33445497525587303    0.16722748762793652    9.914291609902648e-14
168    0.33445497525579343    0.16722748762789671    1.3894441153183834e-13
169    0.33445497525568346    0.16722748762784173    1.9392820682639922e-13
170    0.3344549752555291    0.16722748762776454    2.7111646261346323e-13
171    0.33445497525531365    0.16722748762765682    3.7883585157771904e-13
172    0.3344549752550127    0.16722748762750636    5.292988269900434e-13
173    0.3344549752545912    0.1672274876272956    7.400469126395137e-13
174    0.33445497525400186    0.16722748762700093    1.0347278589506459e-12
175    0.33445497525317747    0.16722748762658873    1.4469259124183509e-12
176    0.3344549752520244    0.1672274876260122    2.0234647291061947e-12
177    0.3344549752504098    0.1672274876252049    2.8307634014623773e-12
178    0.33445497524815165    0.16722748762407583    3.959832461930546e-12
179    0.33445497524499124    0.16722748762249562    5.540040648455147e-12
180    0.33445497524056855    0.16722748762028428    7.751382868903534e-12
181    0.3344549752343782    0.1672274876171891    1.0846545883680392e-11
182    0.33445497522571394    0.16722748761285697    1.5178691636918984e-11
183    0.3344549752135857    0.16722748760679285    2.1242813064148436e-11
184    0.3344549751966063    0.16722748759830314    2.9732522000003314e-11
185    0.33445497517283707    0.16722748758641853    4.161712641170823e-11
186    0.3344549751395589    0.16722748756977945    5.825620541521914e-11
187    0.33445497509296696    0.16722748754648348    8.15521816743825e-11
188    0.33445497502773086    0.16722748751386543    1.1417022882653782e-10
189    0.3344549749363886    0.1672274874681943    1.5984136236824042e-10
190    0.3344549748084865    0.16722748740424326    2.2379240127712308e-10
191    0.3344549746293876    0.1672274873146938    3.1334185246478796e-10
192    0.3344549743785915    0.16722748718929575    4.3873990551723807e-10
193    0.33445497402738583    0.16722748701369292    6.143427433435988e-10
194    0.3344549735355589    0.16722748676777946    8.602561996085001e-10
195    0.33445497284679465    0.16722748642339733    1.204638333529573e-09
196    0.33445497188220863    0.16722748594110431    1.686931344613285e-09
197    0.3344549705313359    0.16722748526566794    2.362367718111713e-09
198    0.3344549686394245    0.16722748431971224    3.3083234207698098e-09
199    0.3344549659897838    0.1672274829948919    4.633143757537539e-09
200    0.33445496227881844    0.16722748113940922    6.488626441703005e-09
201    0.33445495708145334    0.16722747854072667    9.087308988631193e-09
202    0.3344549498020693    0.16722747490103465    1.272700100862778e-08
203    0.3344549396067935    0.16722746980339676    1.7824638903762846e-08
204    0.3344549253270425    0.16722746266352126    2.4964514400149795e-08
205    0.3344549053270064    0.1672274526635032    3.496453246376596e-08
206    0.3344548773138688    0.1672274386569344    4.897110125745563e-08
207    0.33445483807868726    0.16722741903934363    6.858869203152373e-08
208    0.3344547831226426    0.1672273915613213    9.606671436124259e-08
209    0.334454706150924    0.167227353075462    1.3455257366623563e-07
210    0.33445459833579827    0.16722729916789913    1.8846013652429328e-07
211    0.33445444732946417    0.16722722366473208    2.639633035761424e-07
212    0.33445423580882433    0.16722711790441216    3.6972362349452226e-07
213    0.3344539395538155    0.16722696977690776    5.178511278958187e-07
214    0.3344535245679956    0.1672267622839978    7.253440378607312e-07
215    0.3344529433473372    0.1672264716736686    1.0159543670507087e-06
216    0.3344521291680426    0.1672260645840213    1.4230440143481182e-06
217    0.33445098886719316    0.16722549443359658    1.993194439081636e-06
218    0.3344493914730383    0.16722469573651916    2.791891516501499e-06
219    0.3344471543030043    0.16722357715150216    3.91047653350296e-06
220    0.33444402023637115    0.16722201011818558    5.4775098500825514e-06
221    0.33443963111862807    0.16721981555931403    7.672068721625847e-06
222    0.3344334820852342    0.1672167410426171    1.074658541855289e-05
223    0.3344248711448238    0.1672124355724119    1.5052055623770988e-05
224    0.33441280676029395    0.16720640338014697    2.1084247888686347e-05
225    0.3343959135104298    0.1671979567552149    2.9530872820759946e-05
226    0.3343722435375509    0.16718612176877545    4.1365859260206195e-05
227    0.3343391033619142    0.1671695516809571    5.793594707856342e-05
228    0.33429266533967467    0.16714633266983733    8.115495819832619e-05
229    0.3342276588944475    0.16711382944722375    0.0001136581808119097
230    0.33413656044465573    0.16706828022232786    0.00015920740570779524
231    0.334009068675894    0.167004534337947    0.0002229532900886455
232    0.33383039311302976    0.16691519655651488    0.0003122910715207816
233    0.33358043743365784    0.16679021871682892    0.0004372689112067396
234    0.33323013166047044    0.16661506583023522    0.0006124217978004387
235    0.3327403919206394    0.1663701959603197    0.0008572916677159481
236    0.3320541449217259    0.16602707246086296    0.0012004151671727026
237    0.3310957833254043    0.16554789166270215    0.0016795959653335135
238    0.32975358905772134    0.16487679452886067    0.0023506930991749886
239    0.32788268380070534    0.16394134190035267    0.0032861457276829875
240    0.3252658803137079    0.16263294015685395    0.004594547471181709
241    0.32163033563226284    0.16081516781613142    0.006412319811904238
242    0.3165598044930152    0.1582799022465076    0.008947585381528067
243    0.3095564493282337    0.15477822466411684    0.012449262963918822
244    0.2998433743759968    0.1499216871879984    0.017305800440037267
245    0.2865592227478937    0.14327961137394685    0.023947876254088812
246    0.26830275005329096    0.13415137502664548    0.03307611260139018
247    0.24364009260918193    0.12182004630459096    0.045407441323444694
248    0.20982295510044963    0.10491147755022481    0.062316010077810846
249    0.16266130421543656    0.08133065210771828    0.08589683552031738
250    0.0    0.037421010103593645    0.12980647752444202
251    0.0    0.02479225883067824    0.14243522879735743
252    0.0    0.017885975902321022    0.14934151172571464
253    0.0    0.013364624365331708    0.15386286326270396
254    0.0    0.010162788840604231    0.15706469878743143
255    0.0    0.007802354943246664    0.159425132684789
256    0.0    0.006023090955840016    0.16120439667219563
257    0.0    0.0046646031916248755    0.1625628844364108
258    0.0    0.003619500169394969    0.1636079874586407
259    0.0    0.002811831608705926    0.16441565601932973
260    0.0    0.0021859398998736136    0.16504154772816204
261    0.0    0.0017001032049871571    0.1655273844230485
262    0.0    0.0013225969461774676    0.16590489068185818
263    0.0    0.0010290828487214045    0.16619840477931425
264    0.0    0.0008007860230235054    0.16642670160501216
265    0.0    0.0006231738612728372    0.16660431376676282
266    0.0    0.00048497384090083516    0.1667425137871348
267    0.0    0.00037743088850299925    0.16685005673953265
268    0.0    0.00029373976015636743    0.1669337478678793
269    0.0    0.0002286082111158617    0.1669988794169198
270    0.0    0.00017791937570650878    0.16704956825232914
271    0.0    0.00013847013000925544    0.1670890174980264
272    0.0    0.00010776800292604206    0.16711971962510963
273    0.0    8.3873373540236e-05    0.16714361425449542
274    0.0    6.527677966816203e-05    0.1671622108483675
275    0.0    5.080348854831062e-05    0.16717668413948736
276    0.0    3.9539254381547404e-05    0.1671879483736541
277    0.0    3.077255047236136e-05    0.16719671507756328
278    0.0    2.3949616174740677e-05    0.1672035380118609
279    0.0    1.863947397036988e-05    0.16720884815406528
280    0.0    1.4506704480646629e-05    0.16721298092355502
281    0.0    1.1290258543553491e-05    0.16721619736949211
282    0.0    8.786967443010028e-06    0.16721870066059266
283    0.0    6.838709431454017e-06    0.1672206489186042
284    0.0    5.322421787684085e-06    0.16722216520624797
285    0.0    4.142327448033046e-06    0.16722334530058763
286    0.0    3.223885180560042e-06    0.1672242637428551
287    0.0    2.5090811390060357e-06    0.16722497854689666
288    0.0    1.9527643867508875e-06    0.1672255348636489
289    0.0    1.5197949132749172e-06    0.16722596783312238
290    0.0    1.182823998105171e-06    0.16722630480403755
291    0.0    9.205667148653139e-07    0.1672265670613208
292    0.0    7.164574594561643e-07    0.16722677117057622
293    0.0    5.576035750675182e-07    0.1672269300244606
294    0.0    4.3397098167092217e-07    0.16722705365705398
295    0.0    3.377503683347355e-07    0.16722714987766732
296    0.0    2.628639152091241e-07    0.16722722476412044
297    0.0    2.045813844678713e-07    0.1672272830466512
298    0.0    1.5922133237496368e-07    0.1672273284067033
299    0.0    1.239185704760698e-07    0.16722736370946517
300    0.0    9.64431831427387e-08    0.16722739118485253
301    0.0    7.505967445828841e-08    0.1672274125683612
302    0.0    5.841734542670965e-08    0.16722742921069023
303    0.0    4.546497517116284e-08    0.16722744216306049
304    0.0    3.5384421491176446e-08    0.16722745224361416
305    0.0    2.7538941219009544e-08    0.16722746008909445
306    0.0    2.1432971202516027e-08    0.16722746619506446
307    0.0    1.6680824840116168e-08    0.16722747094721083
308    0.0    1.2982330490360697e-08    0.16722747464570517
309    0.0    1.0103871130387465e-08    0.16722747752416453
310    0.0    7.86362755597278e-09    0.1672274797644081
311    0.0    6.120093751661032e-09    0.1672274815079419
312    0.0    4.763138723067398e-09    0.16722748286489694
313    0.0    3.707049227048148e-09    0.16722748392098644
314    0.0    2.8851175051455846e-09    0.16722748474291815
315    0.0    2.245425411578905e-09    0.16722748538261026
316    0.0    1.7475667469114137e-09    0.1672274858804689
317    0.0    1.3600938606698337e-09    0.1672274862679418
318    0.0    1.0585321846487417e-09    0.16722748656950348
319    0.0    8.23832935897828e-10    0.1672274868042027
320    0.0    6.411716231731479e-10    0.16722748698686404
321    0.0    4.990102636659444e-10    0.1672274871290254
322    0.0    3.883689220912645e-10    0.16722748723966674
323    0.0    3.0225928639333877e-10    0.16722748732577639
324    0.0    2.3524191860961607e-10    0.16722748739279375
325    0.0    1.8308375345291172e-10    0.16722748744495192
326    0.0    1.4249014663493542e-10    0.1672274874855455
327    0.0    1.1089710877029701e-10    0.16722748751713856
328    0.0    8.630874725849835e-11    0.16722748754172692
329    0.0    6.717231632036302e-11    0.16722748756086334
330    0.0    5.227881040396898e-11    0.16722748757575684
331    0.0    4.068751520598657e-11    0.16722748758734815
332    0.0    3.166617489058776e-11    0.1672274875963695
333    0.0    2.4645031024631003e-11    0.16722748760339062
334    0.0    1.9180733607307432e-11    0.16722748760885492
335    0.0    1.4928013903139914e-11    0.16722748761310766
336    0.0    1.161812074497448e-11    0.16722748761641754
337    0.0    9.042213592463932e-12    0.16722748761899345
338    0.0    7.037306501422869e-12    0.16722748762099834
339    0.0    5.476988437433383e-12    0.16722748762255868
340    0.0    4.262573150351501e-12    0.1672274876237731
341    0.0    3.3176207007296066e-12    0.16722748762471804
342    0.0    2.5820417852429056e-12    0.1672274876254536
343    0.0    2.0094518497076885e-12    0.1672274876260262
344    0.0    1.5639234698938687e-12    0.16722748762647174
345    0.0    1.2170891464796663e-12    0.16722748762681858
346    0.0    9.472535603127774e-13    0.16722748762708842
347    0.0    7.372973759300905e-13    0.16722748762729836
348    0.0    5.737940504679795e-13    0.16722748762746187
349    0.0    4.466753572920923e-13    0.167227487627589
350    0.0    3.474551375781676e-13    0.16722748762768821
351    0.0    2.7051668197164425e-13    0.16722748762776515
352    0.0    2.1052300527846235e-13    0.16722748762782513
353    0.0    1.637538845841724e-13    0.1672274876278719
354    0.0    1.2749393554778443e-13    0.16722748762790818
355    0.0    9.92119797774138e-14    0.16722748762793646
356    0.0    7.721362611790017e-14    0.16722748762795844
357    0.0    6.025757150196487e-14    0.1672274876279754
358    0.0    4.673605252802915e-14    0.16722748762798892
359    0.0    3.643981817680331e-14    0.16722748762799922
360    0.0    2.8332154330956705e-14    0.16722748762800732
361    0.0    2.2196112135774992e-14    0.16722748762801345
362    0.0    1.72329598507881e-14    0.16722748762801842
363    0.0    1.3459177349017803e-14    0.1672274876280222
364    0.0    1.0377549514162254e-14    0.16722748762802528
365    0.0    8.298808688855797e-15    0.16722748762802736
366    0.0    6.32545231471493e-15    0.16722748762802933
367    0.0    5.1732706660145844e-15    0.1672274876280305
368    0.0    4.017836410796782e-15    0.16722748762803163
369    0.0    3.340968994514082e-15    0.16722748762803233
370    0.0    2.5743296383495817e-15    0.16722748762803308
371    0.0    2.261212050935768e-15    0.1672274876280334
372    0.0    1.9010400892360835e-15    0.16722748762803377
373    0.0    1.8064976597953475e-15    0.16722748762803386
374    0.0    1.6967763999398144e-15    0.16722748762803397
375    0.0    1.8255796180310924e-15    0.16722748762803383
376    0.0    1.788066222863094e-15    0.16722748762803388
377    0.0    2.3081580050043904e-15    0.16722748762803336
378    0.0    2.504290178007018e-15    0.16722748762803316
379    0.0    3.1317179752243796e-15    0.16722748762803252
380    0.0    3.761097336352215e-15    0.16722748762803188
381    0.0    5.2026525448889416e-15    0.16722748762803047
382    0.0    6.39354021114702e-15    0.16722748762802928
383    0.0    8.174775960323455e-15    0.16722748762802747
384    0.0    1.0477946635334412e-14    0.16722748762802517
385    0.0    1.3456358423369341e-14    0.1672274876280222
386    0.0    1.7155330975238137e-14    0.1672274876280185
387    0.0    2.2029795522515716e-14    0.16722748762801362
388    0.0    2.837660662002861e-14    0.1672274876280073
389    0.0    3.638560806817903e-14    0.16722748762799927
390    0.0    4.671805477196589e-14    0.16722748762798895
391    0.0    6.009580853783003e-14    0.16722748762797557
392    0.0    7.731228851559635e-14    0.16722748762795836
393    0.0    9.926662356690708e-14    0.1672274876279364
394    0.0    1.276242566489172e-13    0.16722748762790804
395    0.0    1.6381525042713507e-13    0.16722748762787185
396    0.0    2.1050262227761962e-13    0.16722748762782516
397    0.0    2.705806498998209e-13    0.16722748762776507
398    0.0    3.476264415214203e-13    0.16722748762768802
399    0.0    4.4656747917593e-13    0.1672274876275891
400    0.0    5.739287083778022e-13    0.16722748762746173
401    0.0    7.37218662852368e-13    0.16722748762729844
402    0.0    9.47253343472343e-13    0.16722748762708842
403    0.0    1.2170407910627734e-12    0.1672274876268186
404    0.0    1.563929758266469e-12    0.16722748762647172
405    0.0    2.0094156373551275e-12    0.16722748762602624
406    0.0    2.581794587147579e-12    0.16722748762545386
407    0.0    3.3175142320762685e-12    0.16722748762471815
408    0.0    4.262643406652278e-12    0.167227487623773
409    0.0    5.477024649785944e-12    0.16722748762255862
410    0.0    7.0373958396818814e-12    0.16722748762099826
411    0.0    9.042188222133096e-12    0.16722748761899348
412    0.0    1.1618216588446528e-11    0.16722748761641745
413    0.0    1.4927940177392185e-11    0.1672274876131077
414    0.0    1.9180824463449486e-11    0.16722748760885484
415    0.0    2.464508675262267e-11    0.16722748760339057
416    0.0    3.1666175107428196e-11    0.1672274875963695
417    0.0    4.0687410472056706e-11    0.16722748758734826
418    0.0    5.227878047998902e-11    0.16722748757575687
419    0.0    6.717236510946079e-11    0.16722748756086328
420    0.0    8.630895781056025e-11    0.1672274875417267
421    0.0    1.1089713327326611e-10    0.16722748751713853
422    0.0    1.4249024161104573e-10    0.16722748748554542
423    0.0    1.8308383238282988e-10    0.16722748744495183
424    0.0    2.352420903472402e-10    0.16722748739279356
425    0.0    3.0225926254089097e-10    0.16722748732577639
426    0.0    3.8836910467091035e-10    0.16722748723966654
427    0.0    4.990103811934599e-10    0.16722748712902527
428    0.0    6.411717133787687e-10    0.16722748698686393
429    0.0    8.238331913358599e-10    0.16722748680420246
430    0.0    1.0585321664341452e-09    0.16722748656950348
431    0.0    1.3600941510191755e-09    0.1672274862679415
432    0.0    1.7475668486095775e-09    0.16722748588046882
433    0.0    2.2454255544767515e-09    0.1672274853826101
434    0.0    2.8851175094823933e-09    0.16722748474291815
435    0.0    3.707049399653134e-09    0.16722748392098627
436    0.0    4.7631387438840794e-09    0.16722748286489691
437    0.0    6.120094071066992e-09    0.1672274815079416
438    0.0    7.863627791244651e-09    0.16722747976440785
439    0.0    1.0103871344842655e-08    0.1672274775241643
440    0.0    1.2982330661230959e-08    0.167227474645705
441    0.0    1.6680824814962678e-08    0.16722747094721085
442    0.0    2.1432971290119562e-08    0.16722746619506437
443    0.0    2.7538941289699526e-08    0.16722746008909437
444    0.0    3.538442156316747e-08    0.1672274522436141
445    0.0    4.546497534008154e-08    0.16722744216306032
446    0.0    5.8417345264296164e-08    0.1672274292106904
447    0.0    7.505967442402763e-08    0.16722741256836124
448    0.0    9.644318309806957e-08    0.16722739118485255
449    0.0    1.2391857053678512e-07    0.16722736370946512
450    0.0    1.59221332461483e-07    0.1672273284067032
451    0.0    2.045813843440554e-07    0.16722728304665133
452    0.0    2.6286391525292586e-07    0.1672272247641204
453    0.0    3.377503683885119e-07    0.16722714987766726
454    0.0    4.3397098159849747e-07    0.16722705365705406
455    0.0    5.576035750523393e-07    0.1672269300244606
456    0.0    7.164574595795465e-07    0.16722677117057608
457    0.0    9.205667148199943e-07    0.16722656706132083
458    0.0    1.1828239980726449e-06    0.16722630480403758
459    0.0    1.5197949132532331e-06    0.1672259678331224
460    0.0    1.952764386905278e-06    0.16722553486364874
461    0.0    2.509081138821938e-06    0.16722497854689683
462    0.0    3.2238851804789435e-06    0.16722426374285518
463    0.0    4.142327448116313e-06    0.16722334530058755
464    0.0    5.3224217876186e-06    0.16722216520624805
465    0.0    6.838709431536416e-06    0.1672206489186041
466    0.0    8.786967442981838e-06    0.1672187006605927
467    0.0    1.1290258543649335e-05    0.167216197369492
468    0.0    1.4506704480666578e-05    0.167212980923555
469    0.0    1.8639473970371613e-05    0.16720884815406528
470    0.0    2.3949616174852566e-05    0.1672035380118608
471    0.0    3.077255047244636e-05    0.1671967150775632
472    0.0    3.953925438172825e-05    0.16718794837365394
473    0.0    5.080348854821781e-05    0.16717668413948744
474    0.0    6.527677966825744e-05    0.1671622108483674
475    0.0    8.387337354007337e-05    0.1671436142544956
476    0.0    0.00010776800292609844    0.16711971962510955
477    0.0    0.00013847013000909975    0.16708901749802657
478    0.0    0.00017791937570643722    0.16704956825232922
479    0.0    0.0002286082111158218    0.16699887941691985
480    0.0    0.00029373976015623386    0.16693374786787943
481    0.0    0.00037743088850278675    0.16685005673953288
482    0.0    0.00048497384090095226    0.1667425137871347
483    0.0    0.0006231738612728489    0.16660431376676282
484    0.0    0.000800786023023743    0.1664267016050119
485    0.0    0.001029082848721245    0.1661984047793144
486    0.0    0.0013225969461775119    0.16590489068185815
487    0.0    0.001700103204987119    0.16552738442304854
488    0.0    0.0021859398998736066    0.16504154772816204
489    0.0    0.002811831608705937    0.16441565601932973
490    0.0    0.003619500169395066    0.16360798745864058
491    0.0    0.004664603191624828    0.16256288443641084
492    0.0    0.006023090955840199    0.16120439667219547
493    0.0    0.007802354943246754    0.15942513268478892
494    0.0    0.010162788840604389    0.15706469878743126
495    0.0    0.013364624365331645    0.153862863262704
496    0.0    0.017885975902321452    0.1493415117257142
497    0.0    0.0247922588306781    0.14243522879735757
498    0.0    0.03742101010359363    0.12980647752444202
499    0.1626613042154368    0.0813306521077184    0.08589683552031725
