0    0.1891425810488237    0.09457129052441185    0.06724442311686621
1    0.22309300094466353    0.11154650047233176    0.050269213168946295
2    0.24882524276238324    0.12441262138119162    0.03740309226008644
3    0.26841777701964037    0.13420888850982018    0.027606825131457874
4    0.2830739226572519    0.14153696132862595    0.02027875231265211
5    0.29400716872916405    0.14700358436458202    0.014812129276696034
6    0.30205465512243285    0.15102732756121642    0.010788386080061635
7    0.3079694245664077    0.15398471228320385    0.007831001358074213
8    0.31227965574416056    0.15613982787208028    0.00567588576919778
9    0.3154199139291731    0.15770995696458656    0.004105756676691497
10    0.317695707532225    0.1588478537661125    0.0029678598751655683
11    0.3193456310184002    0.1596728155092001    0.002142898132077964
12    0.3205378999094241    0.16026894995471205    0.001546763686566005
13    0.32139995002156546    0.16069997501078273    0.0011157386304953276
14    0.32202196788413134    0.16101098394206567    0.0008047296992123865
15    0.3224710432796496    0.1612355216398248    0.0005801920014532613
16    0.3227948400079735    0.16139742000398674    0.0004182936372913171
17    0.3230284203053244    0.1615142101526622    0.00030150348861585075
18    0.3231967796759942    0.1615983898379971    0.00021732380328096101
19    0.32331817603939833    0.16165908801969917    0.00015662562157889304
20    0.32340566177474106    0.16170283088737053    0.00011288275390752833
21    0.3234687279025679    0.16173436395128396    8.134968999409797e-05
22    0.32351417420789363    0.16175708710394682    5.8626537331241124e-05
23    0.3235469305500115    0.16177346527500575    4.2248366272312765e-05
24    0.3235705346683358    0.1617852673341679    3.0446307110160165e-05
25    0.32358754641778203    0.16179377320889102    2.194043238704091e-05
26    0.3235998049931504    0.1617999024965752    1.5811144702865265e-05
27    0.32360863946673574    0.16180431973336787    1.1393907910189904e-05
28    0.32361500557500383    0.16180750278750192    8.210853776141613e-06
29    0.3236195933596609    0.16180979667983045    5.916961447610669e-06
30    0.32362289933879623    0.16181144966939812    4.263971879941986e-06
31    0.32362528178348293    0.16181264089174147    3.072749536592312e-06
32    0.3236269986010433    0.16181349930052166    2.214340756395705e-06
33    0.32362823581279165    0.16181411790639583    1.5957348822315254e-06
34    0.3236291273712151    0.16181456368560754    1.1499556705207858e-06
35    0.32362976986548375    0.16181488493274188    8.287085361824431e-07
36    0.32363023286412224    0.16181511643206112    5.972092169403975e-07
37    0.32363056652135813    0.16181528326067907    4.303805989924747e-07
38    0.32363080696653757    0.16181540348326878    3.1015800927569614e-07
39    0.32363098024310627    0.16181549012155313    2.2351972492340444e-07
40    0.32363110511394794    0.16181555255697397    1.6108430409000896e-07
41    0.32363119510290106    0.16181559755145053    1.1608982752875363e-07
42    0.3236312599539385    0.16181562997696924    8.366430881423526e-08
43    0.3236313066898786    0.1618156533449393    6.02963387552613e-08
44    0.3236313403709861    0.16181567018549306    4.345578499820313e-08
45    0.323631364644237    0.1618156823221185    3.1319159571330246e-08
46    0.3236313821375655    0.16181569106878274    2.257249531734118e-08
47    0.32363139474490377    0.16181569737245188    1.626882617511427e-08
48    0.3236314038310292    0.1618157019155146    1.1725763471304163e-08
49    0.32363141037952    0.16181570518976    8.451518068719466e-09
50    0.3236314150991669    0.16181570754958344    6.0916946209577105e-09
51    0.32363141850078797    0.16181570925039399    4.390884073002255e-09
52    0.3236314209525021    0.16181571047625104    3.1650270182481677e-09
53    0.32363142271961004    0.16181571135980502    2.2814730382680892e-09
54    0.323631423993305    0.1618157119966525    1.6446255468594018e-09
55    0.3236314249113821    0.16181571245569104    1.1855870174493077e-09
56    0.32363142557314706    0.16181571278657353    8.54704529373862e-10
57    0.3236314260501718    0.1618157130250859    6.161921528580194e-10
58    0.32363142639404024    0.16181571319702012    4.4425793599423e-10
59    0.3236314266419296    0.1618157133209648    3.203132481477411e-10
60    0.3236314268206357    0.16181571341031786    2.309601954131324e-10
61    0.3236314269494726    0.1618157134747363    1.6654175261088255e-10
62    0.3236314270423603    0.16181571352118015    1.2009790384404084e-10
63    0.32363142710933307    0.16181571355466653    8.661152350875057e-11
64    0.3236314271576234    0.1618157135788117    6.246636541362705e-11
65    0.32363142719244475    0.16181571359622238    4.5055681408001647e-11
66    0.3236314272175556    0.1618157136087778    3.25002524892426e-11
67    0.3236314272356651    0.16181571361783256    2.3445495545004746e-11
68    0.32363142724872596    0.16181571362436298    1.691508044743273e-11
69    0.3236314272581465    0.16181571362907324    1.2204820487582424e-11
70    0.3236314272649418    0.1618157136324709    8.807149454170826e-12
71    0.323631427269844    0.161815713634922    6.356054571554637e-12
72    0.3236314272733808    0.1618157136366904    4.587663582356072e-12
73    0.32363142727593286    0.16181571363796643    3.311628749003148e-12
74    0.3236314272777741    0.16181571363888705    2.3910040614083528e-12
75    0.3236314272791035    0.16181571363955174    1.7263135365652715e-12
76    0.3236314272800624    0.1618157136400312    1.2468637233808977e-12
77    0.32363142728075545    0.16181571364037772    9.003353618197707e-13
78    0.3236314272812551    0.16181571364062755    6.505074257034948e-13
79    0.32363142728161637    0.16181571364080818    4.698741395969819e-13
80    0.32363142728187694    0.16181571364093847    3.3958946765721976e-13
81    0.3236314272820655    0.16181571364103275    2.4530377729092834e-13
82    0.32363142728220146    0.16181571364110073    1.7733037260825313e-13
83    0.32363142728229977    0.16181571364114988    1.2817524819297432e-13
84    0.32363142728237093    0.16181571364118547    9.259260025373806e-14
85    0.3236314272824222    0.1618157136412111    6.694644838489694e-14
86    0.3236314272824595    0.16181571364122976    4.829470157119431e-14
87    0.3236314272824859    0.16181571364124295    3.5110803153770576e-14
88    0.32363142728250555    0.16181571364125277    2.528532938583794e-14
89    0.3236314272825197    0.16181571364125985    1.8207657603852567e-14
90    0.32363142728252964    0.16181571364126482    1.3239409568654992e-14
91    0.3236314272825373    0.16181571364126865    9.409140133698202e-15
92    0.323631427282542    0.161815713641271    7.049916206369744e-15
93    0.32363142728254607    0.16181571364127303    5.023759186428833e-15
94    0.32363142728254907    0.16181571364127453    3.524958103184872e-15
95    0.3236314272825514    0.1618157136412757    2.3592239273284576e-15
96    0.3236314272825525    0.16181571364127625    1.8041124150158794e-15
97    0.3236314272825535    0.16181571364127675    1.304512053934559e-15
98    0.32363142728255434    0.16181571364127717    8.881784197001252e-16
99    0.323631427282555    0.1618157136412775    5.551115123125783e-16
100    0.3236314272825555    0.16181571364127775    3.0531133177191805e-16
101    0.3236314272825555    0.16181571364127775    3.0531133177191805e-16
102    0.32363142728255634    0.16181571364127817    1.1102230246251565e-16
103    0.32363142728255584    0.16181571364127792    1.3877787807814457e-16
104    0.3236314272825563    0.16181571364127814    8.326672684688674e-17
105    0.3236314272825566    0.1618157136412783    2.498001805406602e-16
106    0.32363142728255617    0.16181571364127809    2.7755575615628914e-17
107    0.3236314272825566    0.1618157136412783    2.498001805406602e-16
108    0.3236314272825564    0.1618157136412782    1.3877787807814457e-16
109    0.3236314272825566    0.1618157136412783    2.498001805406602e-16
110    0.3236314272825565    0.16181571364127825    1.942890293094024e-16
111    0.32363142728255667    0.16181571364127834    2.7755575615628914e-16
112    0.32363142728255645    0.16181571364127822    1.6653345369377348e-16
113    0.32363142728255684    0.16181571364127842    3.608224830031759e-16
114    0.3236314272825564    0.1618157136412782    1.3877787807814457e-16
115    0.32363142728255695    0.16181571364127847    4.163336342344337e-16
116    0.3236314272825565    0.16181571364127825    1.942890293094024e-16
117    0.32363142728255656    0.16181571364127828    2.220446049250313e-16
118    0.3236314272825563    0.16181571364127814    8.326672684688674e-17
119    0.3236314272825559    0.16181571364127795    1.1102230246251565e-16
120    0.3236314272825567    0.16181571364127836    3.0531133177191805e-16
121    0.3236314272825564    0.1618157136412782    1.3877787807814457e-16
122    0.3236314272825567    0.16181571364127836    3.0531133177191805e-16
123    0.3236314272825564    0.1618157136412782    1.3877787807814457e-16
124    0.32363142728255656    0.16181571364127828    2.220446049250313e-16
125    0.3236314272825561    0.16181571364127806    0.0
126    0.3236314272825562    0.1618157136412781    5.551115123125783e-17
127    0.32363142728255645    0.16181571364127822    1.6653345369377348e-16
128    0.32363142728255684    0.16181571364127842    3.608224830031759e-16
129    0.3236314272825563    0.16181571364127814    8.326672684688674e-17
130    0.32363142728255634    0.16181571364127817    1.1102230246251565e-16
131    0.3236314272825565    0.16181571364127825    1.942890293094024e-16
132    0.3236314272825566    0.1618157136412783    2.498001805406602e-16
133    0.3236314272825564    0.1618157136412782    1.3877787807814457e-16
134    0.3236314272825567    0.16181571364127836    3.0531133177191805e-16
135    0.3236314272825571    0.16181571364127856    4.996003610813204e-16
136    0.32363142728255645    0.16181571364127822    1.6653345369377348e-16
137    0.3236314272825562    0.1618157136412781    5.551115123125783e-17
138    0.32363142728255617    0.16181571364127809    2.7755575615628914e-17
139    0.3236314272825563    0.16181571364127814    8.326672684688674e-17
140    0.32363142728255634    0.16181571364127817    1.1102230246251565e-16
141    0.32363142728255684    0.16181571364127842    3.608224830031759e-16
142    0.32363142728255684    0.16181571364127842    3.608224830031759e-16
143    0.3236314272825561    0.16181571364127806    0.0
144    0.32363142728255617    0.16181571364127809    2.7755575615628914e-17
145    0.32363142728255645    0.16181571364127822    1.6653345369377348e-16
146    0.3236314272825563    0.16181571364127814    8.326672684688674e-17
147    0.3236314272825561    0.16181571364127806    0.0
148    0.3236314272825557    0.16181571364127784    2.220446049250313e-16
149    0.32363142728255534    0.16181571364127767    3.885780586188048e-16
150    0.32363142728255484    0.16181571364127742    6.38378239159465e-16
151    0.3236314272825542    0.1618157136412771    9.71445146547012e-16
152    0.32363142728255245    0.16181571364127623    1.8318679906315083e-15
153    0.32363142728255123    0.16181571364127562    2.4424906541753444e-15
154    0.32363142728254923    0.16181571364127462    3.4416913763379853e-15
155    0.3236314272825467    0.16181571364127334    4.718447854656915e-15
156    0.3236314272825427    0.16181571364127134    6.716849298982197e-15
157    0.3236314272825377    0.16181571364126884    9.2148511043888e-15
158    0.32363142728252986    0.16181571364126493    1.3128387266192476e-14
159    0.3236314272825198    0.1618157136412599    1.815214645262131e-14
160    0.32363142728250555    0.16181571364125277    2.528532938583794e-14
161    0.3236314272824862    0.1618157136412431    3.497202527569243e-14
162    0.32363142728245925    0.16181571364122962    4.8433479449272454e-14
163    0.3236314272824219    0.16181571364121095    6.711298183859071e-14
164    0.3236314272823709    0.16181571364118544    9.262035582935368e-14
165    0.32363142728229954    0.16181571364114977    1.2828627049543684e-13
166    0.32363142728220134    0.16181571364110067    1.7738588375948439e-13
167    0.3236314272820651    0.16181571364103256    2.4549806632023774e-13
168    0.3236314272818771    0.16181571364093855    3.3950620093037287e-13
169    0.32363142728161604    0.16181571364080802    4.700406730506757e-13
170    0.3236314272812549    0.16181571364062744    6.506184480059574e-13
171    0.32363142728075533    0.16181571364037767    9.00390872971002e-13
172    0.32363142728006306    0.16181571364003153    1.2465306564735101e-12
173    0.32363142727910377    0.16181571363955188    1.7261747586871934e-12
174    0.3236314272777747    0.16181571363888736    2.390698750076581e-12
175    0.32363142727593297    0.16181571363796649    3.311573237851917e-12
176    0.323631427273381    0.1618157136366905    4.587552560053609e-12
177    0.3236314272698435    0.16181571363492175    6.3563043717351775e-12
178    0.32363142726494104    0.16181571363247052    8.807538032229445e-12
179    0.3236314272581461    0.16181571362907304    1.2205014776611733e-11
180    0.3236314272487261    0.16181571362436306    1.6914997180705882e-11
181    0.3236314272356652    0.1618157136178326    2.344546778942913e-11
182    0.32363142721755583    0.16181571360877792    3.2500141466940136e-11
183    0.32363142719244464    0.16181571359622232    4.505573691915288e-11
184    0.3236314271576235    0.16181571357881175    6.246630990247581e-11
185    0.3236314271093332    0.1618157135546666    8.661146799759933e-11
186    0.32363142704236025    0.16181571352118013    1.2009793159961646e-10
187    0.3236314269494728    0.1618157134747364    1.665416693441557e-10
188    0.3236314268206356    0.1618157134103178    2.3096025092428363e-10
189    0.323631426641929    0.1618157133209645    3.2031355345907286e-10
190    0.32363142639403986    0.16181571319701993    4.4425813028325933e-10
191    0.32363142605017153    0.16181571302508577    6.161922916358975e-10
192    0.32363142557314656    0.16181571278657328    8.547047791740425e-10
193    0.3236314249113819    0.16181571245569096    1.1855871007160346e-09
194    0.3236314239933053    0.16181571199665265    1.6446254080815237e-09
195    0.3236314227196103    0.16181571135980516    2.281472899490211e-09
196    0.3236314209525022    0.1618157104762511    3.1650269627370164e-09
197    0.3236314185007882    0.1618157092503941    4.390883961979952e-09
198    0.3236314150991668    0.1618157075495834    6.091694648713286e-09
199    0.32363141037951976    0.16181570518975988    8.451518179741768e-09
200    0.3236314038310295    0.16181570191551475    1.1725763304770709e-08
201    0.32363139474490354    0.16181569737245177    1.6268826286136573e-08
202    0.3236313821375659    0.16181569106878296    2.2572495095296574e-08
203    0.323631364644238    0.161815682322119    3.1319159071729885e-08
204    0.32363134037098656    0.16181567018549328    4.3455784776158524e-08
205    0.3236313066898783    0.16181565334493914    6.029633892179476e-08
206    0.3236312599539378    0.1618156299769689    8.366430914730216e-08
207    0.3236311951029002    0.1618155975514501    1.1608982794508726e-07
208    0.3236311051139476    0.1618155525569738    1.610843042565424e-07
209    0.3236309802431052    0.1618154901215526    2.2351972545076038e-07
210    0.323630806966537    0.1618154034832685    3.101580095532519e-07
211    0.3236305665213584    0.1618152832606792    4.3038059885369684e-07
212    0.3236302328641224    0.1618151164320612    5.972092168571308e-07
213    0.32362976986548386    0.16181488493274193    8.28708536126932e-07
214    0.32362912737121496    0.16181456368560748    1.149955670576297e-06
215    0.3236282358127919    0.16181411790639594    1.595734882120503e-06
216    0.32362699860104327    0.16181349930052163    2.2143407564234607e-06
217    0.32362528178348277    0.16181264089174138    3.0727495366755786e-06
218    0.3236228993387969    0.16181144966939845    4.263971879608919e-06
219    0.3236195933596607    0.16180979667983034    5.916961447721691e-06
220    0.323615005575004    0.161807502787502    8.210853776058347e-06
221    0.32360863946673585    0.16180431973336792    1.1393907910134393e-05
222    0.32359980499315083    0.16179990249657542    1.581114470264322e-05
223    0.32358754641778253    0.16179377320889127    2.194043238679111e-05
224    0.32357053466833546    0.16178526733416773    3.0446307110326698e-05
225    0.32354693055001194    0.16177346527500597    4.224836627209072e-05
226    0.3235141742078938    0.1617570871039469    5.862653733115786e-05
227    0.32346872790256764    0.16173436395128382    8.134968999423675e-05
228    0.32340566177474106    0.16170283088737053    0.00011288275390752833
229    0.32331817603939816    0.16165908801969908    0.0001566256215789763
230    0.3231967796759942    0.1615983898379971    0.00021732380328096101
231    0.323028420305324    0.161514210152662    0.00030150348861604503
232    0.3227948400079731    0.16139742000398655    0.00041829363729151137
233    0.32247104327964904    0.16123552163982452    0.0005801920014535389
234    0.3220219678841317    0.16101098394206584    0.0008047296992122199
235    0.3213999500215653    0.16069997501078265    0.0011157386304954109
236    0.3205378999094242    0.1602689499547121    0.0015467636865659495
237    0.31934563101840047    0.15967281550920023    0.002142898132077825
238    0.31769570753222515    0.15884785376611257    0.002967859875165485
239    0.31541991392917296    0.15770995696458648    0.00410575667669158
240    0.3122796557441608    0.1561398278720804    0.005675885769197669
241    0.30796942456640847    0.15398471228320423    0.007831001358073825
242    0.3020546551224338    0.1510273275612169    0.010788386080061163
243    0.2940071687291644    0.1470035843645822    0.014812129276695868
244    0.2830739226572528    0.1415369613286264    0.020278752312651666
245    0.2684177770196408    0.1342088885098204    0.027606825131457652
246    0.24882524276238352    0.12441262138119176    0.0374030922600863
247    0.22309300094466478    0.11154650047233239    0.05026921316894567
248    0.18914258104882356    0.09457129052441178    0.06724442311686628
249    0.14374351487486425    0.07187175743743213    0.08994395620384593
250    0.0    0.03215269854731436    0.1296630150939637
251    0.0    0.020477202364283565    0.14133851127699448
252    0.0    0.01410869666636505    0.147707016974913
253    0.0    0.010021328064975738    0.15179438557630232
254    0.0    0.0072191565844959915    0.15459655705678207
255    0.0    0.00523744677080667    0.15657826687047138
256    0.0    0.003813799945229503    0.15800191369604855
257    0.0    0.0027826172213648486    0.1590330964199132
258    0.0    0.002032415755379157    0.1597832978858989
259    0.0    0.0014853337124678392    0.16033037992881022
260    0.0    0.0010858592348053685    0.1607298544064727
261    0.0    0.0007939600676512473    0.1610217535736268
262    0.0    0.0005805843272140348    0.16123512931406403
263    0.0    0.00042457533683328257    0.16139113830444476
264    0.0    0.00031049653128944164    0.1615052171099886
265    0.0    0.0002270730714579723    0.16158864056982009
266    0.0    0.00016606507481992626    0.16164964856645814
267    0.0    0.00012144875317724162    0.16169426488810082
268    0.0    8.881963043892802e-05    0.16172689401083912
269    0.0    6.495693035505354e-05    0.161750756710923
270    0.0    4.7505333547463724e-05    0.1617682083077306
271    0.0    3.474236996730195e-05    0.16178097127131075
272    0.0    2.5408358858577604e-05    0.16179030528241947
273    0.0    1.858205949177745e-05    0.16179713158178627
274    0.0    1.3589738799081423e-05    0.16180212390247897
275    0.0    9.93867273539617e-06    0.16180577496854265
276    0.0    7.268514824861939e-06    0.1618084451264532
277    0.0    5.31573076305086e-06    0.16181039791051502
278    0.0    3.887588374340296e-06    0.16181182605290373
279    0.0    2.8431356097653737e-06    0.16181287050566828
280    0.0    2.079289094830423e-06    0.16181363435218324
281    0.0    1.5206601929407607e-06    0.16181419298108513
282    0.0    1.112114438167871e-06    0.16181460152683988
283    0.0    8.133299799263118e-07    0.16181490031129814
284    0.0    5.948179733353612e-07    0.1618151188233047
285    0.0    4.3501214780188036e-07    0.16181527862913025
286    0.0    3.1814030050907743e-07    0.16181539550097754
287    0.0    2.3266764249290674e-07    0.16181548097363557
288    0.0    1.7015835989580078e-07    0.16181554348291816
289    0.0    1.2444303461290294e-07    0.16181558919824346
290    0.0    9.100974456585469e-08    0.16181562263153348
291    0.0    6.65587561422213e-08    0.1618156470825219
292    0.0    4.867685362208371e-08    0.16181566496442443
293    0.0    3.559916417553155e-08    0.1618156780421139
294    0.0    2.603497123226592e-08    0.16181568760630682
295    0.0    1.9040327174082647e-08    0.16181569460095088
296    0.0    1.3924887834601204e-08    0.16181569971639023
297    0.0    1.0183779974685947e-08    0.16181570345749807
298    0.0    7.447770917134652e-09    0.16181570619350713
299    0.0    5.4468273368198095e-09    0.1618157081944507
300    0.0    3.983464147731472e-09    0.16181570965781392
301    0.0    2.913253194019791e-09    0.16181571072802486
302    0.0    2.130568557299692e-09    0.1618157115107095
303    0.0    1.558162834652474e-09    0.16181571208311524
304    0.0    1.1395412844675962e-09    0.16181571250173676
305    0.0    8.333883659127767e-10    0.1618157128078897
306    0.0    6.094873444915244e-10    0.1618157130317907
307    0.0    4.457404720933228e-10    0.16181571319553759
308    0.0    3.2598622260772425e-10    0.16181571331529185
309    0.0    2.3840577558983944e-10    0.1618157134028723
310    0.0    1.7435472510207717e-10    0.16181571346692333
311    0.0    1.275120037769889e-10    0.16181571351376606
312    0.0    9.32541350997379e-11    0.16181571354802393
313    0.0    6.820025880843739e-11    0.1618157135730778
314    0.0    4.987727765526362e-11    0.1618157135914008
315    0.0    3.6477225970679705e-11    0.16181571360480082
316    0.0    2.6676965107427786e-11    0.1618157136146011
317    0.0    1.950987136602189e-11    0.1618157136217682
318    0.0    1.4268257582383814e-11    0.1618157136270098
319    0.0    1.0434998568356613e-11    0.16181571363084307
320    0.0    7.63134824430245e-12    0.16181571363364672
321    0.0    5.5812767602025914e-12    0.16181571363569677
322    0.0    4.08168681145793e-12    0.16181571363719638
323    0.0    2.985001135158427e-12    0.16181571363829306
324    0.0    2.1830746845669102e-12    0.16181571363909497
325    0.0    1.59662148953299e-12    0.16181571363968145
326    0.0    1.1675309156966573e-12    0.16181571364011052
327    0.0    8.53825040184053e-13    0.16181571364042424
328    0.0    6.244367002639084e-13    0.1618157136406536
329    0.0    4.56697613754331e-13    0.16181571364082137
330    0.0    3.340275105123691e-13    0.16181571364094402
331    0.0    2.443646413691214e-13    0.1618157136410337
332    0.0    1.785585568292447e-13    0.1618157136410995
333    0.0    1.3069645192487211e-13    0.16181571364114736
334    0.0    9.552341556640087e-14    0.16181571364118252
335    0.0    6.989742985796799e-14    0.16181571364120817
336    0.0    5.113617862484432e-14    0.16181571364122693
337    0.0    3.741625065334375e-14    0.16181571364124064
338    0.0    2.738477847263887e-14    0.16181571364125066
339    0.0    2.0080942117473022e-14    0.161815713641258
340    0.0    1.460160117816578e-14    0.16181571364126346
341    0.0    1.0757670795835672e-14    0.1618157136412673
342    0.0    7.784354758011425e-15    0.1618157136412703
343    0.0    5.67623205383061e-15    0.16181571364127237
344    0.0    4.1019704993816575e-15    0.16181571364127395
345    0.0    2.9117333544270707e-15    0.16181571364127514
346    0.0    2.224566017505758e-15    0.16181571364127584
347    0.0    1.5707921074969988e-15    0.16181571364127648
348    0.0    1.1926223897340549e-15    0.16181571364127686
349    0.0    8.042611715497472e-16    0.16181571364127725
350    0.0    4.868067754459915e-16    0.16181571364127756
351    0.0    3.8077180297690916e-16    0.16181571364127767
352    0.0    3.480288973678469e-16    0.1618157136412777
353    0.0    1.9331324735416544e-16    0.16181571364127786
354    0.0    2.0599841277224584e-16    0.16181571364127786
355    0.0    1.835554278017959e-16    0.16181571364127786
356    0.0    3.924811864397526e-17    0.16181571364127803
357    0.0    4.163336342344337e-17    0.161815713641278
358    -0.0    -2.45029690981724e-17    0.16181571364127809
359    0.0    1.0950441942103595e-17    0.16181571364127806
360    0.0    1.0061396160665481e-16    0.16181571364127795
361    -0.0    -4.7271214720367993e-17    0.1618157136412781
362    -0.0    -5.876375774871434e-17    0.1618157136412781
363    0.0    3.0791341698588326e-17    0.16181571364127803
364    0.0    3.7730235602495554e-17    0.16181571364127803
365    -0.0    -1.0462550964485118e-16    0.16181571364127817
366    0.0    1.2793585635328952e-17    0.16181571364127806
367    0.0    4.694595406862234e-17    0.161815713641278
368    0.0    7.177418381854039e-17    0.16181571364127798
369    0.0    2.0816681711721685e-17    0.16181571364127803
370    0.0    9.974659986866641e-18    0.16181571364127806
371    -0.0    -7.643625316022806e-17    0.16181571364127814
372    -0.0    -3.642919299551295e-17    0.16181571364127809
373    0.0    5.637851296924623e-17    0.161815713641278
374    0.0    2.5804011705155006e-17    0.16181571364127803
375    -0.0    -4.0115480381963664e-17    0.16181571364127809
376    -0.0    -8.673617379884035e-19    0.16181571364127806
377    0.0    9.8879238130678e-17    0.16181571364127795
378    0.0    1.6306400674181987e-16    0.1618157136412779
379    -0.0    -8.4893030105615e-17    0.16181571364127814
380    0.0    5.2909066017292616e-17    0.161815713641278
381    -0.0    -1.3574211199518516e-16    0.1618157136412782
382    -0.0    -4.4885969940899884e-17    0.1618157136412781
383    -0.0    -9.562663161322149e-17    0.16181571364127814
384    0.0    3.0791341698588326e-17    0.16181571364127803
385    -0.0    -4.185020385794047e-17    0.1618157136412781
386    0.0    4.87890977618477e-17    0.161815713641278
387    0.0    9.118140270603092e-17    0.16181571364127798
388    -0.0    -5.312590645178972e-17    0.1618157136412781
389    0.0    3.458604930228759e-17    0.16181571364127803
390    -0.0    -5.616167253474913e-17    0.1618157136412781
391    0.0    9.085614205428527e-17    0.16181571364127798
392    0.0    8.239936510889834e-17    0.16181571364127798
393    0.0    3.0466081046842675e-17    0.16181571364127803
394    0.0    2.5348646792711094e-16    0.1618157136412778
395    0.0    3.086723585066231e-16    0.16181571364127775
396    0.0    3.211406834902064e-16    0.16181571364127773
397    0.0    4.335724487769532e-16    0.16181571364127761
398    0.0    6.990935608186533e-16    0.16181571364127736
399    0.0    8.988036009904832e-16    0.16181571364127717
400    0.0    1.221028486653175e-15    0.16181571364127684
401    0.0    1.644084174357019e-15    0.16181571364127642
402    0.0    2.2317217518441623e-15    0.16181571364127584
403    0.0    3.0828204572452833e-15    0.16181571364127498
404    0.0    4.1104272763270444e-15    0.16181571364127395
405    0.0    5.764702951105427e-15    0.16181571364127229
406    0.0    7.781318991928465e-15    0.1618157136412703
407    0.0    1.0740106720641407e-14    0.16181571364126732
408    0.0    1.4596613848172346e-14    0.16181571364126346
409    0.0    2.003475510492514e-14    0.16181571364125802
410    0.0    2.7361359705713184e-14    0.1618157136412507
411    0.0    3.7475014411092467e-14    0.1618157136412406
412    0.0    5.1121650315733014e-14    0.16181571364122693
413    0.0    6.993732849791545e-14    0.16181571364120811
414    0.0    9.544903929736837e-14    0.1618157136411826
415    0.0    1.3065416804014518e-13    0.1618157136411474
416    0.0    1.7866676020605876e-13    0.1618157136410994
417    0.0    2.4435184778348606e-13    0.1618157136410337
418    0.0    3.3410080257922914e-13    0.16181571364094396
419    0.0    4.56852871505431e-13    0.1618157136408212
420    0.0    6.245370973850806e-13    0.16181571364065353
421    0.0    8.540969580889124e-13    0.16181571364042396
422    0.0    1.1676811861177638e-12    0.16181571364011038
423    0.0    1.596696082642457e-12    0.16181571363968136
424    0.0    2.1831690101559165e-12    0.1618157136390949
425    0.0    2.9852416112002844e-12    0.1618157136382928
426    0.0    4.0817416720878574e-12    0.16181571363719632
427    0.0    5.581352003833362e-12    0.16181571363569672
428    0.0    7.631502201010942e-12    0.16181571363364655
429    0.0    1.043505776579523e-11    0.161815713630843
430    0.0    1.4268406551762314e-11    0.16181571362700964
431    0.0    1.9509988676696954e-11    0.16181571362176808
432    0.0    2.6677257191493053e-11    0.16181571361460081
433    0.0    3.647721946546667e-11    0.16181571360480085
434    0.0    4.987743312985515e-11    0.16181571359140062
435    0.0    6.820023582335133e-11    0.16181571357307784
436    0.0    9.325439986190842e-11    0.16181571354802365
437    0.0    1.2751219828285865e-10    0.16181571351376586
438    0.0    1.743549308836495e-10    0.16181571346692314
439    0.0    2.38405833269395e-10    0.16181571340287224
440    0.0    3.259864717573835e-10    0.1618157133152916
441    0.0    4.457405614315818e-10    0.1618157131955375
442    0.0    6.09487567837172e-10    0.1618157130317905
443    0.0    8.33388351601308e-10    0.1618157128078897
444    0.0    1.1395415975851836e-09    0.16181571250173646
445    0.0    1.5581627411942467e-09    0.16181571208311532
446    0.0    2.130568752022402e-09    0.1618157115107093
447    0.0    2.913253240423644e-09    0.1618157107280248
448    0.0    3.98346430147134e-09    0.16181570965781375
449    0.0    5.446827486006028e-09    0.16181570819445057
450    0.0    7.447770945323909e-09    0.1618157061935071
451    0.0    1.0183780059253716e-08    0.161815703457498
452    0.0    1.3924887893364962e-08    0.16181569971639018
453    0.0    1.9040327038557375e-08    0.16181569460095102
454    0.0    2.6034971299269613e-08    0.16181568760630677
455    0.0    3.559916416490637e-08    0.1618156780421139
456    0.0    4.867685362750472e-08    0.16181566496442443
457    0.0    6.655875613983606e-08    0.1618156470825219
458    0.0    9.100974456281892e-08    0.16181562263153348
459    0.0    1.2444303474756085e-07    0.16181558919824332
460    0.0    1.7015836000508835e-07    0.16181554348291805
461    0.0    2.3266764234653944e-07    0.1618154809736357
462    0.0    3.1814030059060944e-07    0.16181539550097745
463    0.0    4.35012147954536e-07    0.16181527862913012
464    0.0    5.948179733583463e-07    0.1618151188233047
465    0.0    8.133299798356725e-07    0.16181490031129822
466    0.0    1.1121144381995296e-06    0.16181460152683985
467    0.0    1.520660192717415e-06    0.16181419298108535
468    0.0    2.079289094931904e-06    0.16181363435218313
469    0.0    2.8431356097181025e-06    0.16181287050566834
470    0.0    3.887588374331622e-06    0.16181182605290373
471    0.0    5.3157307627481505e-06    0.1618103979105153
472    0.0    7.268514824808163e-06    0.16180844512645326
473    0.0    9.93867273530553e-06    0.16180577496854276
474    0.0    1.358973879887022e-05    0.1618021239024792
475    0.0    1.8582059491929672e-05    0.16179713158178613
476    0.0    2.5408358858445765e-05    0.1617903052824196
477    0.0    3.474236996752183e-05    0.16178097127131053
478    0.0    4.75053335474377e-05    0.16176820830773062
479    0.0    6.49569303549551e-05    0.1617507567109231
480    0.0    8.881963043876409e-05    0.16172689401083928
481    0.0    0.00012144875317728022    0.1616942648881008
482    0.0    0.00016606507481980743    0.16164964856645825
483    0.0    0.00022707307145814187    0.16158864056981992
484    0.0    0.000310496531289446    0.1615052171099886
485    0.0    0.0004245753368331967    0.16139113830444485
486    0.0    0.0005805843272142387    0.1612351293140638
487    0.0    0.0007939600676510833    0.16102175357362697
488    0.0    0.001085859234805353    0.1607298544064727
489    0.0    0.0014853337124679025    0.16033037992881016
490    0.0    0.002032415755379063    0.15978329788589898
491    0.0    0.002782617221364846    0.1590330964199132
492    0.0    0.0038137999452296425    0.1580019136960484
493    0.0    0.005237446770806506    0.15657826687047155
494    0.0    0.0072191565844959196    0.15459655705678213
495    0.0    0.010021328064975705    0.15179438557630234
496    0.0    0.014108696666365026    0.14770701697491304
497    0.0    0.02047720236428338    0.14133851127699468
498    0.0    0.03215269854731431    0.12966301509396375
499    0.14374351487486392    0.07187175743743196    0.0899439562038461
