0    0.16235982242438865    0.08117991121219433    0.07115718806189049
1    0.1950414355256151    0.09752071776280755    0.05481638151127727
2    0.2208967229518528    0.1104483614759264    0.04188873779815841
3    0.2412605895115763    0.12063029475578815    0.03170680451829666
4    0.25700718843550957    0.12850359421775479    0.02383350505633003
5    0.2690749885530551    0.13453749427652756    0.017799604997557256
6    0.2782013376358337    0.13910066881791686    0.013236430456167958
7    0.28506384467982204    0.14253192233991102    0.009805176934173793
8    0.29018257777049916    0.14509128888524958    0.007245810388835233
9    0.2939886812864323    0.14699434064321615    0.005342758630868666
10    0.2968055439853283    0.14840277199266416    0.003934327281420652
11    0.2988869233108374    0.1494434616554187    0.002893637618666123
12    0.30042074780548    0.15021037390274    0.002126725371344812
13    0.30155017071453444    0.15077508535726722    0.001562013916817595
14    0.30238055032717376    0.15119027516358688    0.0011468241104979349
15    0.30299083961496276    0.15149541980748138    0.0008416794666034344
16    0.30343898414794307    0.15171949207397153    0.0006176072001132793
17    0.3037680097472113    0.15188400487360565    0.00045309440047916483
18    0.3040094588994617    0.15200472944973084    0.000332369824353973
19    0.30418663041642535    0.15209331520821268    0.00024378406587213797
20    0.3043165989299861    0.15215829946499304    0.00017879980909177307
21    0.3044119387038359    0.15220596935191796    0.0001311299221668505
22    0.30448186466929195    0.15224093233464597    9.616693943884091e-05
23    0.3045331511291913    0.15226657556459566    7.052370948915088e-05
24    0.30457076304737946    0.15228538152368973    5.171775039508608e-05
25    0.30459834665749325    0.15229917332874662    3.7925945338190825e-05
26    0.3046185746465444    0.1523092873232722    2.7811950812611785e-05
27    0.3046334086338251    0.15231670431691255    2.0394957172265027e-05
28    0.3046442866405573    0.15232214332027866    1.4955953806156108e-05
29    0.30465226372560067    0.15232613186280033    1.0967411284479311e-05
30    0.30465811339677745    0.15232905669838873    8.042575696087795e-06
31    0.30466240304668624    0.15233120152334312    5.89775074169574e-06
32    0.3046655486815216    0.1523327743407608    4.324933324001412e-06
33    0.30466785541633434    0.15233392770816717    3.1715659176423383e-06
34    0.3046695469687672    0.1523347734843836    2.3257897012185502e-06
35    0.30467078740963593    0.15233539370481797    1.7055692668466182e-06
36    0.3046716970436773    0.15233584852183865    1.2507522461624454e-06
37    0.30467236409650916    0.15233618204825458    9.172258302325709e-07
38    0.304672853261077    0.1523364266305385    6.726435463066949e-07
39    0.3046732119788571    0.15233660598942855    4.932846562610838e-07
40    0.3046734750377844    0.1523367375188922    3.617551926071716e-07
41    0.30467366794869033    0.15233683397434516    2.6529973964906084e-07
42    0.30467380941847216    0.15233690470923608    1.9456484873225932e-07
43    0.30467391316529274    0.15233695658264637    1.4269143844281018e-07
44    0.30467398924871586    0.15233699462435793    1.0464972688417618e-07
45    0.3046740450456451    0.15233702252282255    7.67512622623645e-08
46    0.304674085965656    0.152337042982828    5.629125682249381e-08
47    0.30467411597573746    0.15233705798786873    4.128621608479044e-08
48    0.30467413798497517    0.15233706899248758    3.0281597229731005e-08
49    0.30467415412670334    0.15233707706335167    2.221073314156996e-08
50    0.3046741659653694    0.1523370829826847    1.629140011782937e-08
51    0.3046741746482568    0.1523370873241284    1.1949956413292995e-08
52    0.30467418101672467    0.15233709050836233    8.76572248120766e-09
53    0.30467418568778976    0.15233709284389488    6.4301899360685866e-09
54    0.3046741891139542    0.1523370945569771    4.71710770444389e-09
55    0.3046741916270707    0.15233709581353536    3.4605494581008145e-09
56    0.3046741934705167    0.15233709673525836    2.538826454623333e-09
57    0.30467419482278396    0.15233709741139198    1.8626928333098647e-09
58    0.30467419581478183    0.15233709790739092    1.3666938969425502e-09
59    0.30467419654252087    0.15233709827126043    1.002824379092715e-09
60    0.30467419707641996    0.15233709853820998    7.358748332908505e-10
61    0.3046741974681286    0.1523370987340643    5.400205005390291e-10
62    0.30467419775552995    0.15233709887776498    3.963198380585453e-10
63    0.3046741979664108    0.1523370989832054    2.9087940389693756e-10
64    0.304674198121154    0.152337099060577    2.1350782253293232e-10
65    0.30467419823471065    0.15233709911735532    1.5672949049694296e-10
66    0.30467419831804887    0.15233709915902444    1.1506037789210666e-10
67    0.30467419837921417    0.15233709918960708    8.447773036657225e-11
68    0.3046741984241092    0.1523370992120546    6.203021429840305e-11
69    0.30467419845706534    0.15233709922853267    4.55521453890384e-11
70    0.3046741984812582    0.1523370992406291    3.345571042423501e-11
71    0.3046741984990216    0.1523370992495108    2.4574009493960602e-11
72    0.30467419851206395    0.15233709925603198    1.805283700306859e-11
73    0.30467419852164185    0.15233709926082092    1.3263889986347976e-11
74    0.3046741985286768    0.1523370992643384    9.746425888579324e-12
75    0.3046741985338432    0.1523370992669216    7.163214466032741e-12
76    0.30467419853763855    0.15233709926881928    5.265538005616577e-12
77    0.3046741985404276    0.1523370992702138    3.871014619960533e-12
78    0.3046741985424764    0.1523370992712382    2.8466118351389014e-12
79    0.30467419854398275    0.15233709927199138    2.093436535233195e-12
80    0.30467419854508965    0.15233709927254482    1.5399903574575546e-12
81    0.30467419854590316    0.15233709927295158    1.133232396810513e-12
82    0.3046741985465013    0.15233709927325065    8.341660695521114e-13
83    0.3046741985469417    0.15233709927347086    6.139533326177116e-13
84    0.3046741985472656    0.1523370992736328    4.520273044761325e-13
85    0.3046741985475039    0.15233709927375194    3.3287261835823756e-13
86    0.30467419854767913    0.15233709927383957    2.452482661396971e-13
87    0.3046741985478085    0.15233709927390424    1.805777749552817e-13
88    0.3046741985479033    0.15233709927395164    1.3317125180378753e-13
89    0.3046741985479733    0.15233709927398664    9.817147095247947e-14
90    0.3046741985480247    0.15233709927401234    7.246980793240709e-14
91    0.30467419854806216    0.15233709927403108    5.3734794391857577e-14
92    0.3046741985480904    0.1523370992740452    3.960720640350246e-14
93    0.3046741985481108    0.1523370992740554    2.942091015256665e-14
94    0.3046741985481264    0.1523370992740632    2.1621593404574924e-14
95    0.3046741985481375    0.15233709927406874    1.607047828144914e-14
96    0.3046741985481458    0.1523370992740729    1.1907141939104804e-14
97    0.3046741985481516    0.1523370992740758    9.020562075079397e-15
98    0.30467419854815647    0.15233709927407824    6.5780714209040525e-15
99    0.3046741985481597    0.15233709927407985    4.9682480351975755e-15
100    0.30467419854816213    0.15233709927408107    3.747002708109903e-15
101    0.30467419854816413    0.15233709927408207    2.7478019859472624e-15
102    0.30467419854816546    0.15233709927408273    2.0816681711721685e-15
103    0.3046741985481661    0.15233709927408304    1.7763568394002505e-15
104    0.30467419854816696    0.15233709927408348    1.3322676295501878e-15
105    0.304674198548168    0.152337099274084    8.049116928532385e-16
106    0.30467419854816796    0.15233709927408398    8.326672684688674e-16
107    0.30467419854816824    0.15233709927408412    6.938893903907228e-16
108    0.304674198548169    0.1523370992740845    3.0531133177191805e-16
109    0.3046741985481686    0.1523370992740843    5.273559366969494e-16
110    0.304674198548169    0.1523370992740845    3.0531133177191805e-16
111    0.3046741985481692    0.1523370992740846    2.220446049250313e-16
112    0.3046741985481691    0.15233709927408454    2.7755575615628914e-16
113    0.3046741985481691    0.15233709927408454    2.7755575615628914e-16
114    0.30467419854816935    0.15233709927408468    1.3877787807814457e-16
115    0.30467419854816946    0.15233709927408473    8.326672684688674e-17
116    0.3046741985481694    0.1523370992740847    1.1102230246251565e-16
117    0.3046741985481694    0.1523370992740847    1.1102230246251565e-16
118    0.3046741985481692    0.1523370992740846    2.220446049250313e-16
119    0.30467419854816935    0.15233709927408468    1.3877787807814457e-16
120    0.3046741985481697    0.15233709927408484    2.7755575615628914e-17
121    0.30467419854816913    0.15233709927408456    2.498001805406602e-16
122    0.3046741985481691    0.15233709927408454    2.7755575615628914e-16
123    0.304674198548169    0.1523370992740845    3.0531133177191805e-16
124    0.3046741985481691    0.15233709927408454    2.7755575615628914e-16
125    0.30467419854816963    0.15233709927408481    0.0
126    0.30467419854816935    0.15233709927408468    1.3877787807814457e-16
127    0.30467419854816946    0.15233709927408473    8.326672684688674e-17
128    0.3046741985481694    0.1523370992740847    1.1102230246251565e-16
129    0.3046741985481696    0.1523370992740848    2.7755575615628914e-17
130    0.3046741985481695    0.15233709927408476    5.551115123125783e-17
131    0.30467419854816935    0.15233709927408468    1.3877787807814457e-16
132    0.3046741985481697    0.15233709927408484    2.7755575615628914e-17
133    0.30467419854816946    0.15233709927408473    8.326672684688674e-17
134    0.3046741985481693    0.15233709927408465    1.6653345369377348e-16
135    0.3046741985481689    0.15233709927408445    3.608224830031759e-16
136    0.3046741985481692    0.1523370992740846    2.220446049250313e-16
137    0.30467419854816913    0.15233709927408456    2.498001805406602e-16
138    0.30467419854816924    0.15233709927408462    1.942890293094024e-16
139    0.30467419854816863    0.15233709927408431    4.996003610813204e-16
140    0.3046741985481689    0.15233709927408445    3.608224830031759e-16
141    0.3046741985481683    0.15233709927408415    6.661338147750939e-16
142    0.30467419854816835    0.15233709927408418    6.38378239159465e-16
143    0.3046741985481675    0.15233709927408376    1.0547118733938987e-15
144    0.304674198548167    0.1523370992740835    1.304512053934559e-15
145    0.3046741985481664    0.1523370992740832    1.609823385706477e-15
146    0.30467419854816524    0.15233709927408262    2.192690473634684e-15
147    0.3046741985481641    0.15233709927408204    2.7755575615628914e-15
148    0.3046741985481621    0.15233709927408104    3.774758283725532e-15
149    0.30467419854815947    0.15233709927407973    5.079270337660091e-15
150    0.3046741985481563    0.15233709927407815    6.661338147750939e-15
151    0.30467419854815136    0.15233709927407568    9.131584377541913e-15
152    0.3046741985481456    0.1523370992740728    1.201816424156732e-14
153    0.3046741985481379    0.15233709927406894    1.587618925213974e-14
154    0.30467419854812605    0.15233709927406303    2.1788126858268697e-14
155    0.3046741985481107    0.15233709927405534    2.9476421303797906e-14
156    0.3046741985480902    0.1523370992740451    3.9718228705964975e-14
157    0.3046741985480633    0.15233709927403166    5.315192730392937e-14
158    0.3046741985480249    0.15233709927401246    7.235878562994458e-14
159    0.3046741985479727    0.15233709927398634    9.847678228425139e-14
160    0.3046741985479032    0.1523370992739516    1.3322676295501878e-13
161    0.3046741985478085    0.15233709927390424    1.805777749552817e-13
162    0.30467419854767924    0.15233709927383962    2.451927549884658e-13
163    0.30467419854750366    0.15233709927375183    3.329836406607001e-13
164    0.30467419854726585    0.15233709927363293    4.5188852659805434e-13
165    0.30467419854694233    0.15233709927347117    6.136480212859396e-13
166    0.30467419854650213    0.15233709927325106    8.337497359178769e-13
167    0.3046741985459037    0.15233709927295186    1.1329548410543566e-12
168    0.30467419854508976    0.15233709927254488    1.5399348463063234e-12
169    0.3046741985439827    0.15233709927199135    2.093464290808811e-12
170    0.3046741985424766    0.1523370992712383    2.846500812836439e-12
171    0.30467419854042777    0.15233709927021388    3.8709313532336864e-12
172    0.30467419853763933    0.15233709926881966    5.265149427557958e-12
173    0.30467419853384314    0.15233709926692157    7.163242221608357e-12
174    0.3046741985286765    0.15233709926433825    9.746564666457402e-12
175    0.3046741985216422    0.1523370992608211    1.3263723452894283e-11
176    0.30467419851206423    0.15233709925603212    1.805269822519051e-11
177    0.3046741984990214    0.1523370992495107    2.4574120516263065e-11
178    0.3046741984812588    0.1523370992406294    3.3455405112903236e-11
179    0.3046741984570651    0.15233709922853256    4.5552256411340863e-11
180    0.30467419842410953    0.15233709921205477    6.203004776494936e-11
181    0.3046741983792143    0.15233709918960714    8.447767485542101e-11
182    0.3046741983180489    0.15233709915902446    1.1506035013653104e-10
183    0.3046741982347107    0.15233709911735535    1.5672946274136734e-10
184    0.30467419812115404    0.15233709906057702    2.135077947773567e-10
185    0.30467419796641165    0.15233709898320583    2.9087898756330333e-10
186    0.3046741977555299    0.15233709887776495    3.9631986581412093e-10
187    0.30467419746812924    0.15233709873406462    5.400201952276973e-10
188    0.3046741970764201    0.15233709853821004    7.358747777796992e-10
189    0.3046741965425209    0.15233709827126046    1.0028243513371393e-09
190    0.3046741958147821    0.15233709790739106    1.366693758164672e-09
191    0.30467419482278385    0.15233709741139193    1.862692888821016e-09
192    0.3046741934705167    0.15233709673525836    2.538826454623333e-09
193    0.3046741916270703    0.15233709581353516    3.460549652389844e-09
194    0.3046741891139542    0.1523370945569771    4.71710770444389e-09
195    0.30467418568778987    0.15233709284389493    6.430189880557435e-09
196    0.30467418101672533    0.15233709050836267    8.765722148140753e-09
197    0.3046741746482572    0.1523370873241286    1.1949956219003965e-08
198    0.30467416596536984    0.15233708298268492    1.6291399895784764e-08
199    0.3046741541267033    0.15233707706335164    2.2210733169325536e-08
200    0.30467413798497583    0.15233706899248792    3.02815968966641e-08
201    0.3046741159757381    0.15233705798786906    4.128621575172353e-08
202    0.30467408596565637    0.15233704298282819    5.629125662820478e-08
203    0.3046740450456449    0.15233702252282244    7.675126237338681e-08
204    0.30467398924871575    0.15233699462435787    1.0464972693968733e-07
205    0.3046739131652925    0.15233695658264626    1.4269143855383248e-07
206    0.3046738094184717    0.15233690470923586    1.9456484895430393e-07
207    0.30467366794869005    0.15233683397434503    2.652997397878387e-07
208    0.30467347503778447    0.15233673751889223    3.61755192579416e-07
209    0.3046732119788571    0.15233660598942855    4.932846562610838e-07
210    0.3046728532610769    0.15233642663053845    6.72643546362206e-07
211    0.30467236409650994    0.15233618204825497    9.172258298439928e-07
212    0.30467169704367797    0.15233584852183898    1.2507522458293785e-06
213    0.3046707874096355    0.15233539370481775    1.7055692670686629e-06
214    0.30466954696876736    0.15233477348438368    2.3257897011352835e-06
215    0.30466785541633473    0.15233392770816737    3.1715659174480493e-06
216    0.30466554868152157    0.15233277434076078    4.324933324029168e-06
217    0.3046624030466863    0.15233120152334315    5.897750741667984e-06
218    0.30465811339677784    0.15232905669838892    8.042575695893506e-06
219    0.3046522637256012    0.1523261318628006    1.0967411284201756e-05
220    0.30464428664055787    0.15232214332027894    1.4955953805878552e-05
221    0.3046334086338258    0.1523167043169129    2.0394957171904204e-05
222    0.30461857464654485    0.15230928732327242    2.781195081238974e-05
223    0.3045983466574934    0.1522991733287467    3.792594533810756e-05
224    0.3045707630473802    0.1522853815236901    5.171775039472526e-05
225    0.30453315112919205    0.15226657556459602    7.052370948879005e-05
226    0.30448186466929195    0.15224093233464597    9.616693943884091e-05
227    0.3044119387038365    0.15220596935191824    0.00013112992216657293
228    0.30431659892998625    0.15215829946499312    0.0001787998090916898
229    0.3041866304164259    0.15209331520821295    0.0002437840658718604
230    0.30400945889946196    0.15200472944973098    0.0003323698243538342
231    0.3037680097472116    0.1518840048736058    0.00045309440047902605
232    0.3034389841479431    0.15171949207397156    0.0006176072001132515
233    0.3029908396149628    0.1514954198074814    0.0008416794666034066
234    0.3023805503271741    0.15119027516358705    0.0011468241104977683
235    0.30155017071453405    0.15077508535726702    0.0015620139168177893
236    0.30042074780548017    0.15021037390274009    0.0021267253713447287
237    0.2988869233108369    0.14944346165541844    0.0028936376186663726
238    0.2968055439853286    0.1484027719926643    0.003934327281420513
239    0.29398868128643135    0.14699434064321568    0.005342758630869138
240    0.2901825777704983    0.14509128888524914    0.007245810388835677
241    0.28506384467982154    0.14253192233991077    0.009805176934174042
242    0.27820133763583393    0.13910066881791697    0.013236430456167847
243    0.26907498855305534    0.13453749427652767    0.017799604997557145
244    0.2570071884355091    0.12850359421775456    0.02383350505633025
245    0.2412605895115764    0.1206302947557882    0.03170680451829662
246    0.22089672295185211    0.11044836147592606    0.04188873779815876
247    0.1950414355256156    0.0975207177628078    0.05481638151127702
248    0.16235982242438807    0.08117991121219403    0.07115718806189078
249    0.12063409024089378    0.06031704512044689    0.09202005415363793
250    0.0    0.02615496724896016    0.12618213202512465
251    0.0    0.01595366929910279    0.136383429974982
252    0.0    0.01046007899724075    0.14187702027684407
253    0.0    0.0070400154392875865    0.14529708383479722
254    0.0    0.00479159318686258    0.14754550608722222
255    0.0    0.003278128901425291    0.14905897037265953
256    0.0    0.002248220571573049    0.15008887870251175
257    0.0    0.0015437217196584063    0.1507933775544264
258    0.0    0.001060601495554185    0.15127649777853064
259    0.0    0.0007288866047277139    0.1516082126693571
260    0.0    0.0005009900759501747    0.15183610919813464
261    0.0    0.0003443726253999097    0.1519927266486849
262    0.0    0.00023672445442401383    0.1521003748196608
263    0.0    0.00016272903523969259    0.1521743702388451
264    0.0    0.00011186407812775918    0.15222523519595704
265    0.0    7.689853462503234e-05    0.15226020073945978
266    0.0    5.286233951463763e-05    0.1522842369345702
267    0.0    3.633918146613187e-05    0.15230076009261867
268    0.0    2.498067228889596e-05    0.15231211860179591
269    0.0    1.717248764519872e-05    0.1523199267864396
270    0.0    1.1804901212758307e-05    0.15232529437287207
271    0.0    8.115056135008045e-06    0.1523289842179498
272    0.0    5.5785420727764296e-06    0.15233152073201203
273    0.0    3.834863445125163e-06    0.15233326441063968
274    0.0    2.636204506640226e-06    0.15233446306957818
275    0.0    1.812209046284964e-06    0.15233528706503852
276    0.0    1.245768917079726e-06    0.15233585350516773
277    0.0    8.563803381963012e-07    0.15233624289374662
278    0.0    5.887025067556097e-07    0.15233651057157807
279    0.0    4.0469243148396825e-07    0.15233669458165333
280    0.0    2.7819817695817414e-07    0.15233682107590785
281    0.0    1.912420883021758e-07    0.1523369080319965
282    0.0    1.314657655732479e-07    0.15233696780831923
283    0.0    9.037366013962128e-08    0.15233700890042468
284    0.0    6.212566760165072e-08    0.1523370371484172
285    0.0    4.270711818519721e-08    0.15233705656696664
286    0.0    2.9358202693549607e-08    0.1523370699158821
287    0.0    2.0181742563804908e-08    0.15233707909234226
288    0.0    1.3873558184001808e-08    0.15233708540052662
289    0.0    9.537115792847967e-09    0.15233708973696902
290    0.0    6.556110307420759e-09    0.15233709271797452
291    0.0    4.506874325561211e-09    0.1523370947672105
292    0.0    3.0981658059349437e-09    0.152337096175919
293    0.0    2.129775662686878e-09    0.15233709714430915
294    0.0    1.464074058385792e-09    0.15233709781001076
295    0.0    1.006450043748372e-09    0.15233709826763478
296    0.0    6.918649856583331e-10    0.15233709858221983
297    0.0    4.756095909903141e-10    0.15233709879847523
298    0.0    3.2694883562653376e-10    0.15233709894713598
299    0.0    2.2475485838766018e-10    0.15233709904932996
300    0.0    1.5450344085718437e-10    0.15233709911958138
301    0.0    1.062104787799556e-10    0.15233709916787433
302    0.0    7.301245003553392e-11    0.15233709920107236
303    0.0    5.0191027549384426e-11    0.1523370992238938
304    0.0    3.45028127162611e-11    0.152337099239582
305    0.0    2.3718337623795938e-11    0.15233709925036648
306    0.0    1.6304788682391935e-11    0.15233709925778002
307    0.0    1.120836127903313e-11    0.15233709926287645
308    0.0    7.704941068845117e-12    0.15233709926637987
309    0.0    5.2966702204781946e-12    0.15233709926878813
310    0.0    3.6411115008488926e-12    0.1523370992704437
311    0.0    2.5029542240900815e-12    0.15233709927158187
312    0.0    1.720597189031059e-12    0.15233709927236422
313    0.0    1.1828244547013034e-12    0.15233709927290198
314    0.0    8.130106830817052e-13    0.1523370992732718
315    0.0    5.589446006731835e-13    0.15233709927352587
316    0.0    3.842173974810681e-13    0.1523370992737006
317    0.0    2.6408237575881177e-13    0.15233709927382072
318    0.0    1.8157177150701642e-13    0.15233709927390324
319    0.0    1.2483460445911199e-13    0.15233709927395997
320    0.0    8.589309818951563e-14    0.1523370992739989
321    0.0    5.892530387241468e-14    0.1523370992740259
322    0.0    4.0639800552577654e-14    0.15233709927404418
323    0.0    2.787397049286433e-14    0.15233709927405695
324    0.0    1.93272047671611e-14    0.1523370992740655
325    0.0    1.3165683820925977e-14    0.15233709927407166
326    0.0    9.123994962334514e-15    0.15233709927407568
327    0.0    6.215947895293894e-15    0.1523370992740786
328    0.0    4.274358644806853e-15    0.15233709927408054
329    0.0    2.8278161062766927e-15    0.15233709927408198
330    0.0    2.0111950299606107e-15    0.15233709927408282
331    0.0    1.3300992252052168e-15    0.15233709927408348
332    0.0    8.211747254405211e-16    0.15233709927408398
333    0.0    6.492202608843201e-16    0.15233709927408418
334    0.0    3.883612181843077e-16    0.15233709927408443
335    0.0    2.226951262285226e-16    0.1523370992740846
336    0.0    2.0816681711721685e-16    0.15233709927408462
337    0.0    8.630249292984615e-17    0.15233709927408473
338    0.0    9.84455572616838e-17    0.1523370992740847
339    -0.0    -4.2500725161431774e-17    0.15233709927408487
340    0.0    7.849623728795052e-17    0.15233709927408473
341    -0.0    -7.697835424647081e-17    0.1523370992740849
342    0.0    8.825405684032006e-17    0.15233709927408473
343    -0.0    -1.5916087892087205e-16    0.15233709927408498
344    0.0    2.3223610534639505e-16    0.1523370992740846
345    -0.0    -1.0430024899310553e-16    0.15233709927408493
346    0.0    1.3032110113275763e-16    0.15233709927408468
347    -0.0    -1.1405806854547507e-16    0.15233709927408493
348    0.0    4.5102810375396984e-17    0.15233709927408476
349    -0.0    -1.3053794156725473e-16    0.15233709927408495
350    0.0    1.1080546202801855e-16    0.1523370992740847
351    -0.0    -4.0332320816460765e-17    0.15233709927408484
352    0.0    9.540979117872439e-17    0.15233709927408473
353    -0.0    -8.803721640582296e-17    0.1523370992740849
354    0.0    5.767955557622884e-17    0.15233709927408476
355    -0.0    -2.873135757086587e-17    0.15233709927408484
356    0.0    5.312590645178972e-17    0.15233709927408476
357    -0.0    -2.992397996059992e-17    0.15233709927408484
358    -0.0    -2.6020852139652106e-18    0.15233709927408481
359    -0.0    -7.48099499014998e-17    0.1523370992740849
360    0.0    3.686287386450715e-18    0.15233709927408481
361    -0.0    -6.830473686658678e-18    0.15233709927408481
362    0.0    7.003946034256359e-17    0.15233709927408473
363    -0.0    -1.0516761073109393e-16    0.15233709927408493
364    -0.0    -2.8406096919120216e-17    0.15233709927408484
365    -0.0    -8.51098705401121e-17    0.1523370992740849
366    0.0    2.8406096919120216e-17    0.1523370992740848
367    -0.0    -5.388484797252957e-17    0.15233709927408487
368    0.0    6.223320470066795e-17    0.15233709927408476
369    0.0    5.757113535898029e-17    0.15233709927408476
370    -0.0    -2.8189256484623115e-17    0.15233709927408484
371    0.0    1.3986208025063007e-17    0.1523370992740848
372    -0.0    -1.0408340855860843e-17    0.15233709927408481
373    0.0    2.168404344971009e-19    0.15233709927408481
374    -0.0    -4.098284211995207e-17    0.15233709927408484
375    -0.0    -1.2034644114589099e-17    0.15233709927408481
376    -0.0    -4.119968255444917e-18    0.15233709927408481
377    0.0    9.107298248878237e-18    0.15233709927408481
378    -0.0    -2.0599841277224584e-17    0.15233709927408484
379    0.0    1.734723475976807e-18    0.15233709927408481
380    -0.0    -5.637851296924623e-17    0.15233709927408487
381    0.0    8.66277535815918e-17    0.15233709927408473
382    0.0    2.5370330836160804e-17    0.1523370992740848
383    -0.0    -4.391018798566293e-17    0.15233709927408487
384    -0.0    -8.283304597789254e-17    0.1523370992740849
385    0.0    7.567731163948821e-17    0.15233709927408473
386    -0.0    -8.456776945386935e-18    0.15233709927408481
387    0.0    5.3017486234541167e-17    0.15233709927408476
388    0.0    5.204170427930421e-18    0.15233709927408481
389    0.0    7.470152968425126e-17    0.15233709927408473
390    0.0    8.782037597132586e-17    0.15233709927408473
391    0.0    1.7672495411513722e-17    0.1523370992740848
392    -0.0    -8.890457814381136e-17    0.1523370992740849
393    0.0    3.7730235602495554e-17    0.1523370992740848
394    0.0    1.929879867024198e-17    0.1523370992740848
395    0.0    2.3310346708438345e-17    0.1523370992740848
396    -0.0    -6.808789643208968e-17    0.15233709927408487
397    -0.0    -5.854691731421724e-18    0.15233709927408481
398    -0.0    -1.452830911130576e-17    0.15233709927408484
399    0.0    1.48318857196017e-16    0.15233709927408468
400    0.0    1.691355389077387e-17    0.1523370992740848
401    0.0    9.389190813724468e-17    0.15233709927408473
402    -0.0    -1.0191500421363742e-16    0.15233709927408493
403    0.0    7.39425881635114e-17    0.15233709927408473
404    -0.0    -2.6454533008646308e-17    0.15233709927408484
405    0.0    1.2880321809127793e-16    0.15233709927408468
406    0.0    5.2909066017292616e-17    0.15233709927408476
407    0.0    1.1774435593192578e-16    0.1523370992740847
408    0.0    1.0430024899310553e-16    0.1523370992740847
409    0.0    1.209969624493823e-16    0.1523370992740847
410    0.0    1.8127860323957634e-16    0.15233709927408462
411    0.0    2.7798943702528334e-16    0.15233709927408454
412    0.0    3.176712365382528e-16    0.1523370992740845
413    0.0    3.194059600142296e-16    0.15233709927408448
414    0.0    4.185020385794047e-16    0.1523370992740844
415    0.0    7.068998164605489e-16    0.15233709927408412
416    0.0    9.32847549206528e-16    0.15233709927408387
417    0.0    1.5029210514994062e-15    0.15233709927408332
418    0.0    1.9392040057075732e-15    0.15233709927408287
419    0.0    3.053980679457169e-15    0.15233709927408176
420    0.0    4.2116917592371905e-15    0.1523370992740806
421    0.0    6.3007325051822605e-15    0.1523370992740785
422    0.0    9.016442106823952e-15    0.1523370992740758
423    0.0    1.3197342524362554e-14    0.15233709927407163
424    0.0    1.9108412768753524e-14    0.15233709927406572
425    0.0    2.7902810270652445e-14    0.15233709927405692
426    0.0    4.06066239660996e-14    0.1523370992740442
427    0.0    5.894395214978143e-14    0.15233709927402586
428    0.0    8.581980612265561e-14    0.152337099273999
429    0.0    1.248120530539243e-13    0.15233709927396
430    0.0    1.8166414553211219e-13    0.15233709927390315
431    0.0    2.6421074529603406e-13    0.1523370992738206
432    0.0    3.843232156131027e-13    0.15233709927370048
433    0.0    5.58949154322308e-13    0.15233709927352587
434    0.0    8.132041047492766e-13    0.1523370992732716
435    0.0    1.1828329114782488e-12    0.15233709927290198
436    0.0    1.7206225593618951e-12    0.1523370992723642
437    0.0    2.502930371642287e-12    0.15233709927158187
438    0.0    3.641040594026812e-12    0.15233709927044378
439    0.0    5.2966784604147055e-12    0.15233709926878813
440    0.0    7.704962969729001e-12    0.15233709926637984
441    0.0    1.120840855024785e-11    0.15233709926287642
442    0.0    1.6304750735315898e-11    0.15233709925778005
443    0.0    2.3718408313777584e-11    0.1523370992503664
444    0.0    3.450286627584842e-11    0.15233709923958194
445    0.0    5.019105183551309e-11    0.15233709922389377
446    0.0    7.301244483136349e-11    0.15233709920107236
447    0.0    1.0621060498108847e-10    0.15233709916787422
448    0.0    1.5450363124308586e-10    0.15233709911958118
449    0.0    2.247548056954346e-10    0.15233709904933002
450    0.0    3.269489444804319e-10    0.15233709894713587
451    0.0    4.756096436825397e-10    0.15233709879847518
452    0.0    6.918652235322897e-10    0.15233709858221958
453    0.0    1.0064501508675466e-09    0.15233709826763467
454    0.0    1.4640741839364035e-09    0.15233709781001062
455    0.0    2.1297756713604954e-09    0.15233709714430915
456    0.0    3.0981658206800933e-09    0.152337096175919
457    0.0    4.506874448943418e-09    0.15233709476721036
458    0.0    6.556110319130143e-09    0.1523370927179745
459    0.0    9.53711590972496e-09    0.1523370897369689
460    0.0    1.3873558113528667e-08    0.1523370854005267
461    0.0    2.0181742592861526e-08    0.15233707909234223
462    0.0    2.93582026801055e-08    0.15233706991588214
463    0.0    4.270711817608991e-08    0.15233705656696664
464    0.0    6.212566768578481e-08    0.15233703714841712
465    0.0    9.037366023719948e-08    0.15233700890042456
466    0.0    1.314657654938843e-07    0.15233696780831932
467    0.0    1.9124208824579728e-07    0.15233690803199657
468    0.0    2.78198177014119e-07    0.1523368210759078
469    0.0    4.046924315442499e-07    0.15233669458165328
470    0.0    5.887025066584652e-07    0.15233651057157815
471    0.0    8.563803383073235e-07    0.1523362428937465
472    0.0    1.2457689170979405e-06    0.1523358535051677
473    0.0    1.8122090462554738e-06    0.15233528706503857
474    0.0    2.6362045067291305e-06    0.1523344630695781
475    0.0    3.834863445133837e-06    0.15233326441063968
476    0.0    5.578542072965948e-06    0.15233152073201184
477    0.0    8.11505613497552e-06    0.15232898421794983
478    0.0    1.1804901212826395e-05    0.15232529437287198
479    0.0    1.717248764532102e-05    0.1523199267864395
480    0.0    2.4980672288830042e-05    0.15231211860179597
481    0.0    3.63391814660898e-05    0.15230076009261873
482    0.0    5.2862339514707455e-05    0.1522842369345701
483    0.0    7.689853462514423e-05    0.15226020073945967
484    0.0    0.0001118640781278147    0.152225235195957
485    0.0    0.00016272903523976284    0.15217437023884506
486    0.0    0.00023672445442405633    0.15210037481966077
487    0.0    0.00034437262540000946    0.1519927266486848
488    0.0    0.0005009900759501652    0.15183610919813464
489    0.0    0.0007288866047275655    0.15160821266935726
490    0.0    0.0010606014955542552    0.15127649777853056
491    0.0    0.0015437217196582606    0.15079337755442657
492    0.0    0.0022482205715729214    0.1500888787025119
493    0.0    0.003278128901425201    0.1490589703726596
494    0.0    0.0047915931868626116    0.1475455060872222
495    0.0    0.007040015439287607    0.1452970838347972
496    0.0    0.010460078997240838    0.14187702027684398
497    0.0    0.015953669299102937    0.13638342997498187
498    0.0    0.02615496724896032    0.1261821320251245
499    0.12063409024089335    0.06031704512044667    0.09202005415363815
