0    0.12901397647179624    0.06450698823589812    0.07299191960611726
1    0.15826957611388087    0.07913478805694044    0.05836411978507494
2    0.1825651440896909    0.09128257204484545    0.046216335797169925
3    0.20253318740618068    0.10126659370309034    0.03623231413892504
4    0.2186462290026696    0.1093231145013348    0.02817579334068057
5    0.231481363604385    0.1157406818021925    0.021758226039822873
6    0.24156966776468572    0.12078483388234286    0.016714073959672518
7    0.2494305729840563    0.12471528649202815    0.012783621349987229
8    0.2555053380261505    0.12775266901307525    0.00974623882894013
9    0.2601751630826342    0.1300875815413171    0.007411326300698268
10    0.26374742223768244    0.13187371111884122    0.005625196723174158
11    0.2664716496923965    0.13323582484619825    0.004263082995817125
12    0.26854325977903265    0.13427162988951633    0.0032272779524990525
13    0.27011578173880507    0.13505789086940254    0.0024410169726128417
14    0.2713075030163399    0.13565375150816994    0.001845156333845438
15    0.27220971251731674    0.13610485625865837    0.0013940515833570088
16    0.272892103581052    0.136446051790526    0.001052856051489387
17    0.27340793146651204    0.13670396573325602    0.0007949421087593556
18    0.27379764380954047    0.13689882190477023    0.0006000859372451428
19    0.2740919764930119    0.13704598824650596    0.00045291959550941563
20    0.27431420543147383    0.13715710271573692    0.0003418051262784605
21    0.27448196228935645    0.13724098114467823    0.0002579266973371519
22    0.27460857719384396    0.13730428859692198    0.000194619245093397
23    0.27470412982693426    0.13735206491346713    0.00014684292854824643
24    0.2747762335948782    0.1373881167974391    0.00011079104457628608
25    0.27483063961464504    0.13741531980732252    8.358803469285525e-05
26    0.2748716895104585    0.13743584475522924    6.306308678613592e-05
27    0.27490266103285976    0.13745133051642988    4.75773255854961e-05
28    0.27492602786566867    0.13746301393283433    3.589390918104507e-05
29    0.2749436569309675    0.13747182846548375    2.707937653162462e-05
30    0.2749569569331665    0.13747847846658326    2.0429375432118313e-05
31    0.2749669908437577    0.13748349542187885    1.5412420136529104e-05
32    0.2749745606606859    0.13748728033034294    1.1627511672440694e-05
33    0.2749802714875782    0.1374901357437891    8.772098226278446e-06
34    0.274984579842508    0.137492289921254    6.617920761370355e-06
35    0.27498783014619915    0.13749391507309958    4.99276891580136e-06
36    0.2749902822379273    0.13749514111896366    3.7667230517179906e-06
37    0.2749921321476498    0.1374960660738249    2.841768190486871e-06
38    0.27499352776288555    0.13749676388144277    2.143960572603687e-06
39    0.27499458065231047    0.13749729032615524    1.617515860141694e-06
40    0.2749953749842452    0.1374976874921226    1.220349892777639e-06
41    0.2749959742561849    0.13749798712809244    9.207139229361339e-07
42    0.2749964263711246    0.1374982131855623    6.946564530818655e-07
43    0.2749967674675824    0.1374983837337912    5.241082241813633e-07
44    0.2749970248088178    0.1374985124044089    3.9543760646520987e-07
45    0.2749972189625914    0.1374986094812957    2.983607196860305e-07
46    0.2749973654455198    0.1374986827227599    2.2511925548696077e-07
47    0.27499747596362467    0.13749873798181234    1.6986020304199378e-07
48    0.27499755934817743    0.13749877967408872    1.2816792666070498e-07
49    0.2749976222617153    0.13749881113085766    9.671115772103e-08
50    0.27499766973065776    0.13749883486532888    7.297668649930422e-08
51    0.27499770554711284    0.13749885277355642    5.50684589595285e-08
52    0.27499773257200405    0.13749886628600202    4.155601335265047e-08
53    0.27499775296374845    0.13749887648187423    3.136014115057151e-08
54    0.2749977683507734    0.1374988841753867    2.3666628684582136e-08
55    0.274997779961669    0.1374988899808345    1.7861180867662085e-08
56    0.2749977887233696    0.1374988943616848    1.3480330574022759e-08
57    0.2749977953352326    0.1374988976676163    1.0174399073248352e-08
58    0.27499780032491533    0.13749890016245767    7.679557711970375e-09
59    0.2749978040905384    0.1374989020452692    5.796746166408795e-09
60    0.2749978069324918    0.1374989034662459    4.375769468989432e-09
61    0.27499780907742644    0.13749890453871322    3.3033021595851864e-09
62    0.2749978106963646    0.1374989053481823    2.4938330844825884e-09
63    0.2749978119183502    0.1374989059591751    1.8828402725823423e-09
64    0.27499781284076025    0.13749890642038012    1.4216352539619947e-09
65    0.2749978135370722    0.1374989067685361    1.0734792776911917e-09
66    0.274997814062738    0.137498907031369    8.10646383353486e-10
67    0.2749978144596016    0.1374989072298008    6.122145845832705e-10
68    0.2749978147592424    0.1374989073796212    4.623941785020236e-10
69    0.2749978149854937    0.13749890749274685    3.4926853076377995e-10
70    0.2749978151563429    0.13749890757817146    2.638439189350805e-10
71    0.2749978152853663    0.13749890764268316    1.9933221739876217e-10
72    0.2749978153828113    0.13749890769140566    1.5060971914060417e-10
73    0.27499781545641366    0.13749890772820683    1.1380854592069056e-10
74    0.27499781551201186    0.13749890775600593    8.600944956249634e-11
75    0.2749978155540142    0.1374989077770071    6.500827653965757e-11
76    0.27499781558574815    0.13749890779287408    4.914130213862222e-11
77    0.2749978156097273    0.13749890780486365    3.7151726139939e-11
78    0.2749978156278485    0.13749890781392424    2.8091140524821867e-11
79    0.2749978156415446    0.1374989078207723    2.1243090619904592e-11
80    0.2749978156518972    0.1374989078259486    1.6066786789892262e-11
81    0.2749978156597236    0.1374989078298618    1.2153583694995973e-11
82    0.2749978156656406    0.1374989078328203    9.195089134550471e-12
83    0.27499781567011533    0.13749890783505767    6.957712184174625e-12
84    0.2749978156735001    0.13749890783675006    5.265315961011652e-12
85    0.2749978156760595    0.13749890783802976    3.985617391677465e-12
86    0.2749978156779963    0.13749890783899815    3.0172253584481723e-12
87    0.27499781567946147    0.13749890783973073    2.2846446956492628e-12
88    0.27499781568057036    0.13749890784028518    1.7301993171514596e-12
89    0.2749978156814097    0.13749890784070484    1.3105350138431504e-12
90    0.27499781568204534    0.13749890784102267    9.927059174685837e-13
91    0.2749978156825262    0.1374989078412631    7.522871214860061e-13
92    0.2749978156828902    0.1374989078414451    5.702660565987117e-13
93    0.2749978156831667    0.13749890784158336    4.3201553445726404e-13
94    0.2749978156833757    0.13749890784168786    3.275157922644212e-13
95    0.2749978156835338    0.1374989078417669    2.4846791291111003e-13
96    0.274997815683654    0.137498907841827    1.8837709170327344e-13
97    0.2749978156837452    0.1374989078418726    1.4277468096679513e-13
98    0.2749978156838142    0.1374989078419071    1.0827450047656839e-13
99    0.27499781568386655    0.13749890784193328    8.210099267103033e-14
100    0.27499781568390635    0.13749890784195318    6.22002449546244e-14
101    0.27499781568393633    0.13749890784196817    4.721223412218478e-14
102    0.274997815683959    0.1374989078419795    3.5887959271008185e-14
103    0.2749978156839766    0.1374989078419883    2.708944180085382e-14
104    0.2749978156839897    0.13749890784199484    2.0539125955565396e-14
105    0.2749978156839998    0.1374989078419999    1.5487611193520934e-14
106    0.2749978156840072    0.1374989078420036    1.176836406102666e-14
107    0.2749978156840125    0.13749890784200625    9.131584377541913e-15
108    0.2749978156840176    0.1374989078420088    6.5780714209040525e-15
109    0.27499781568402043    0.13749890784201022    5.162537064506978e-15
110    0.274997815684023    0.1374989078420115    3.885780586188048e-15
111    0.2749978156840249    0.13749890784201246    2.914335439641036e-15
112    0.27499781568402637    0.13749890784201318    2.192690473634684e-15
113    0.27499781568402754    0.13749890784201377    1.609823385706477e-15
114    0.2749978156840282    0.1374989078420141    1.27675647831893e-15
115    0.2749978156840287    0.13749890784201435    1.0269562977782698e-15
116    0.27499781568402903    0.13749890784201452    8.604228440844963e-16
117    0.27499781568402903    0.13749890784201452    8.604228440844963e-16
118    0.27499781568402953    0.13749890784201477    6.106226635438361e-16
119    0.2749978156840299    0.13749890784201496    4.163336342344337e-16
120    0.2749978156840305    0.13749890784201524    1.3877787807814457e-16
121    0.2749978156840306    0.1374989078420153    8.326672684688674e-17
122    0.2749978156840306    0.1374989078420153    8.326672684688674e-17
123    0.2749978156840305    0.13749890784201524    1.3877787807814457e-16
124    0.2749978156840309    0.13749890784201546    8.326672684688674e-17
125    0.27499781568403076    0.13749890784201538    0.0
126    0.2749978156840306    0.1374989078420153    8.326672684688674e-17
127    0.27499781568403053    0.13749890784201527    1.1102230246251565e-16
128    0.27499781568403014    0.13749890784201507    3.0531133177191805e-16
129    0.27499781568403064    0.13749890784201532    5.551115123125783e-17
130    0.2749978156840299    0.13749890784201496    4.163336342344337e-16
131    0.2749978156840296    0.1374989078420148    5.828670879282072e-16
132    0.2749978156840294    0.1374989078420147    6.661338147750939e-16
133    0.2749978156840286    0.1374989078420143    1.0824674490095276e-15
134    0.27499781568402826    0.13749890784201413    1.2490009027033011e-15
135    0.27499781568402726    0.13749890784201363    1.7486012637846216e-15
136    0.27499781568402654    0.13749890784201327    2.1094237467877974e-15
137    0.27499781568402476    0.13749890784201238    2.9976021664879227e-15
138    0.2749978156840232    0.1374989078420116    3.774758283725532e-15
139    0.2749978156840204    0.1374989078420102    5.190292640122607e-15
140    0.2749978156840173    0.13749890784200866    6.716849298982197e-15
141    0.2749978156840125    0.13749890784200625    9.131584377541913e-15
142    0.2749978156840067    0.13749890784200336    1.201816424156732e-14
143    0.2749978156839999    0.13749890784199995    1.5432100042289676e-14
144    0.2749978156839896    0.1374989078419948    2.0566881531181025e-14
145    0.2749978156839763    0.13749890784198815    2.7228219678931964e-14
146    0.2749978156839587    0.13749890784197935    3.602673714908633e-14
147    0.27499781568393583    0.13749890784196792    4.746203430272544e-14
148    0.2749978156839063    0.13749890784195315    6.222800053024002e-14
149    0.27499781568386633    0.13749890784193317    8.221201497349284e-14
150    0.2749978156838139    0.13749890784190694    1.0844103393026217e-13
151    0.2749978156837448    0.1374989078418724    1.4296896999610453e-13
152    0.2749978156836541    0.13749890784182706    1.8832158055204218e-13
153    0.2749978156835344    0.1374989078417672    2.4819035715495374e-13
154    0.274997815683376    0.137498907841688    3.2737701438634303e-13
155    0.2749978156831662    0.1374989078415831    4.322653346378047e-13
156    0.27499781568289094    0.13749890784144547    5.699052341157085e-13
157    0.27499781568252607    0.13749890784126304    7.523426326372373e-13
158    0.2749978156820449    0.13749890784102245    9.929279620735088e-13
159    0.27499781568141    0.137498907840705    1.3103684803894566e-12
160    0.27499781568057025    0.13749890784028512    1.7302548283026908e-12
161    0.27499781567946185    0.13749890783973093    2.2844504066199534e-12
162    0.2749978156779958    0.1374989078389979    3.017475158628713e-12
163    0.27499781567605963    0.13749890783802982    3.985561880526234e-12
164    0.2749978156734995    0.13749890783674976    5.265621272343424e-12
165    0.27499781567011555    0.13749890783505778    6.957601161872162e-12
166    0.2749978156656405    0.13749890783282026    9.195116890126087e-12
167    0.2749978156597228    0.1374989078298614    1.2153972273054592e-11
168    0.27499781565189696    0.13749890782594848    1.6066897812194725e-11
169    0.27499781564154435    0.13749890782077218    2.1243201642207055e-11
170    0.27499781562784836    0.13749890781392418    2.8091196035973098e-11
171    0.27499781560972764    0.13749890780486382    3.715155960648531e-11
172    0.2749978155857482    0.1374989077928741    4.914127438304661e-11
173    0.27499781555401387    0.13749890777700693    6.500844307311127e-11
174    0.27499781551201147    0.13749890775600573    8.600964385152565e-11
175    0.27499781545641355    0.13749890772820678    1.138086014318418e-10
176    0.27499781538281115    0.13749890769140558    1.5060980240733102e-10
177    0.2749978152853664    0.1374989076426832    1.9933218964318655e-10
178    0.2749978151563432    0.1374989075781716    2.6384378015720245e-10
179    0.27499781498549397    0.13749890749274699    3.4926839198590187e-10
180    0.2749978147592427    0.13749890737962134    4.623940397241455e-10
181    0.2749978144596014    0.1374989072298007    6.122146678499973e-10
182    0.27499781406273793    0.13749890703136897    8.106464111090617e-10
183    0.2749978135370727    0.13749890676853635    1.0734790278910111e-09
184    0.2749978128407597    0.13749890642037985    1.421635531517751e-09
185    0.27499781191835115    0.13749890595917558    1.882839800737557e-09
186    0.27499781069636475    0.13749890534818238    2.4938330012158616e-09
187    0.2749978090774278    0.1374989045387139    3.303301465695796e-09
188    0.2749978069324915    0.13749890346624574    4.375769635522886e-09
189    0.2749978040905382    0.1374989020452691    5.796746277431097e-09
190    0.274997800324915    0.1374989001624575    7.679557878503829e-09
191    0.2749977953352324    0.1374988976676162    1.0174399184270655e-08
192    0.27499778872336916    0.13749889436168458    1.3480330796067364e-08
193    0.2749977799616686    0.1374988899808343    1.786118108970669e-08
194    0.27499776835077344    0.13749888417538672    2.366662865682656e-08
195    0.27499775296374795    0.13749887648187398    3.136014140037169e-08
196    0.274997732572004    0.137498866286002    4.155601338040604e-08
197    0.27499770554711267    0.13749885277355633    5.5068459042795226e-08
198    0.2749976697306572    0.1374988348653286    7.297668677685998e-08
199    0.27499762226171526    0.13749881113085763    9.671115774878558e-08
200    0.27499755934817727    0.13749877967408863    1.281679267439717e-07
201    0.2749974759636245    0.13749873798181225    1.698602031252605e-07
202    0.2749973654455197    0.13749868272275986    2.2511925551471634e-07
203    0.2749972189625908    0.1374986094812954    2.9836071999134184e-07
204    0.2749970248088178    0.1374985124044089    3.9543760646520987e-07
205    0.27499676746758267    0.13749838373379134    5.241082240425854e-07
206    0.27499642637112454    0.13749821318556227    6.946564531096211e-07
207    0.27499597425618516    0.13749798712809258    9.20713922797356e-07
208    0.2749953749842453    0.13749768749212266    1.220349892722128e-06
209    0.27499458065231047    0.13749729032615524    1.617515860141694e-06
210    0.2749935277628858    0.1374967638814429    2.143960572464909e-06
211    0.2749921321476502    0.1374960660738251    2.841768190264826e-06
212    0.27499028223792743    0.13749514111896372    3.7667230516624794e-06
213    0.27498783014619965    0.13749391507309983    4.99276891555156e-06
214    0.27498457984250785    0.13749228992125392    6.617920761453622e-06
215    0.2749802714875791    0.13749013574378954    8.772098225834357e-06
216    0.2749745606606864    0.1374872803303432    1.1627511672190893e-05
217    0.27496699084375814    0.13748349542187907    1.541242013630706e-05
218    0.2749569569331668    0.1374784784665834    2.0429375431979535e-05
219    0.27494365693096795    0.13747182846548398    2.7079376531402577e-05
220    0.2749260278656685    0.13746301393283425    3.5893909181128336e-05
221    0.27490266103285943    0.13745133051642972    4.757732558566263e-05
222    0.2748716895104586    0.1374358447552293    6.306308678608041e-05
223    0.2748306396146449    0.13741531980732244    8.358803469293852e-05
224    0.2747762335948778    0.1373881167974389    0.00011079104457648037
225    0.27470412982693443    0.13735206491346721    0.00014684292854816317
226    0.27460857719384424    0.13730428859692212    0.00019461924509325823
227    0.2744819622893569    0.13724098114467845    0.00025792669733692986
228    0.2743142054314743    0.13715710271573714    0.00034180512627823845
229    0.27409197649301165    0.13704598824650582    0.0004529195955095544
230    0.273797643809541    0.1368988219047705    0.0006000859372448653
231    0.27340793146651227    0.13670396573325613    0.0007949421087592445
232    0.2728921035810523    0.13644605179052616    0.0010528560514892205
233    0.27220971251731607    0.13610485625865804    0.001394051583357342
234    0.27130750301633966    0.13565375150816983    0.001845156333845549
235    0.2701157817388051    0.13505789086940256    0.002441016972612814
236    0.26854325977903326    0.13427162988951663    0.003227277952498747
237    0.266471649692397    0.1332358248461985    0.004263082995816875
238    0.26374742223768294    0.13187371111884147    0.005625196723173909
239    0.26017516308263383    0.13008758154131692    0.007411326300698462
240    0.2555053380261509    0.12775266901307544    0.009746238828939935
241    0.2494305729840566    0.1247152864920283    0.012783621349987076
242    0.2415696677646859    0.12078483388234296    0.01671407395967242
243    0.2314813636043848    0.1157406818021924    0.021758226039822984
244    0.21864622900267006    0.10932311450133503    0.02817579334068035
245    0.2025331874061806    0.1012665937030903    0.03623231413892508
246    0.18256514408969132    0.09128257204484566    0.046216335797169716
247    0.1582695761138812    0.0791347880569406    0.058364119785074775
248    0.12901397647179733    0.06450698823589866    0.07299191960611671
249    0.09350409532672636    0.04675204766336318    0.09074686017865219
250    0.0    0.019602968960183334    0.11789593888183204
251    0.0    0.011420737822266571    0.1260781700197488
252    0.0    0.007107922705233177    0.1303909851367822
253    0.0    0.0045237661832627655    0.1329751416587526
254    0.0    0.002904705499731157    0.13459420234228422
255    0.0    0.0018720937373839204    0.13562681410463145
256    0.0    0.0012085354576480785    0.1362903723843673
257    0.0    0.0007807338507157327    0.13671817399129965
258    0.0    0.0005045280189151652    0.1369943798231002
259    0.0    0.0003260839872918451    0.13717282385472354
260    0.0    0.00021076638412839948    0.13728814145788698
261    0.0    0.00013623403346512807    0.13736267380855025
262    0.0    8.805934264297186e-05    0.1374108484993724
263    0.0    5.692037496744882e-05    0.13744198746704792
264    0.0    3.6792659487314486e-05    0.13746211518252807
265    0.0    2.3782368816860702e-05    0.1374751254731985
266    0.0    1.5372668524412953e-05    0.13748353517349096
267    0.0    9.936730611025558e-06    0.13748897111140435
268    0.0    6.422998409076185e-06    0.1374924848436063
269    0.0    4.151758973415347e-06    0.13749475608304196
270    0.0    2.683653620107543e-06    0.13749622418839527
271    0.0    1.7346856755902883e-06    0.13749717315633977
272    0.0    1.1212827106974951e-06    0.13749778655930467
273    0.0    7.247854394288981e-07    0.13749818305657596
274    0.0    4.6849374267347865e-07    0.13749843934827272
275    0.0    3.028294650927327e-07    0.1374986050125503
276    0.0    1.9574580542060238e-07    0.13749871209620995
277    0.0    1.26528045377855e-07    0.13749878131397
278    0.0    8.178640787271513e-08    0.1374988260556075
279    0.0    5.286588037820006e-08    0.137498854976135
280    0.0    3.4171953280925926e-08    0.13749887367006208
281    0.0    2.208839389129455e-08    0.13749888575362149
282    0.0    1.4277707281219743e-08    0.13749889356430808
283    0.0    9.228960868093439e-09    0.1374988986130545
284    0.0    5.965503995300492e-09    0.13749890187651137
285    0.0    3.856039420494645e-09    0.13749890398597595
286    0.0    2.4925037615461387e-09    0.13749890534951162
287    0.0    1.6111282447051067e-09    0.13749890623088712
288    0.0    1.0414164760587374e-09    0.1374989068005989
289    0.0    6.731607949013452e-10    0.13749890716885457
290    0.0    4.351241038487441e-10    0.13749890740689127
291    0.0    2.81259650986021e-10    0.13749890756075572
292    0.0    1.8180334104486717e-10    0.13749890766021203
293    0.0    1.1751565085621474e-10    0.1374989077244997
294    0.0    7.596102544714378e-11    0.13749890776605436
295    0.0    4.910037957814306e-11    0.137498907792915
296    0.0    3.173800675396188e-11    0.13749890781027738
297    0.0    2.0515026743356257e-11    0.13749890782150034
298    0.0    1.3260812153220725e-11    0.13749890782875457
299    0.0    8.571741190108173e-12    0.13749890783344362
300    0.0    5.5406543068847736e-12    0.13749890783647473
301    0.0    3.581379333719714e-12    0.137498907838434
302    0.0    2.3149637588815164e-12    0.13749890783970042
303    0.0    1.4963369085463363e-12    0.13749890784051905
304    0.0    9.671608132422183e-13    0.1374989078410482
305    0.0    6.250891731313102e-13    0.1374989078413903
306    0.0    4.0418341416825765e-13    0.1374989078416112
307    0.0    2.6104639283541786e-13    0.13749890784175434
308    0.0    1.6879705098948872e-13    0.13749890784184657
309    0.0    1.0917959245015929e-13    0.1374989078419062
310    0.0    7.05392775440794e-14    0.13749890784194485
311    0.0    4.559612236387789e-14    0.13749890784196978
312    0.0    2.952325883764928e-14    0.13749890784198585
313    0.0    1.9152648217390933e-14    0.13749890784199623
314    0.0    1.230157468945503e-14    0.13749890784200308
315    0.0    7.891040251783998e-15    0.1374989078420075
316    0.0    5.146274031919695e-15    0.13749890784201024
317    0.0    3.2595454113604205e-15    0.13749890784201213
318    0.0    2.0755966390062497e-15    0.1374989078420133
319    0.0    1.250735626179278e-15    0.13749890784201413
320    0.0    8.350525132483355e-16    0.13749890784201454
321    0.0    5.143455106271233e-16    0.13749890784201485
322    0.0    3.0899761915836876e-16    0.13749890784201507
323    0.0    1.5460722979643293e-16    0.1374989078420152
324    0.0    1.723881454251952e-16    0.1374989078420152
325    0.0    4.141652298894627e-17    0.13749890784201535
326    0.0    3.187554387107383e-17    0.13749890784201535
327    -0.0    -6.678685382510707e-17    0.13749890784201543
328    0.0    9.540979117872439e-18    0.13749890784201538
329    -0.0    -1.929879867024198e-17    0.1374989078420154
330    -0.0    -1.0972125985553305e-16    0.1374989078420155
331    0.0    4.336808689942018e-19    0.13749890784201538
332    -0.0    -3.5561831257524545e-17    0.1374989078420154
333    -0.0    -8.348356728138384e-17    0.13749890784201546
334    -0.0    -1.0993810029003015e-16    0.1374989078420155
335    -0.0    -1.0343288725511712e-16    0.1374989078420155
336    -0.0    -5.312590645178972e-17    0.13749890784201543
337    -0.0    -1.0711917464156784e-16    0.1374989078420155
338    -0.0    -1.457167719820518e-16    0.13749890784201552
339    -0.0    -2.5370330836160804e-17    0.1374989078420154
340    -0.0    -1.8865117801247777e-17    0.1374989078420154
341    -0.0    -3.599551212651875e-17    0.1374989078420154
342    -0.0    -8.933825901280557e-17    0.13749890784201546
343    -0.0    -1.5764299587939234e-16    0.13749890784201554
344    -0.0    -8.695301423333746e-17    0.13749890784201546
345    -0.0    -5.919743861770854e-17    0.13749890784201543
346    0.0    6.982261990806649e-17    0.1374989078420153
347    0.0    7.37257477290143e-18    0.13749890784201538
348    0.0    8.088148206741863e-17    0.1374989078420153
349    -0.0    -5.4643789493269423e-17    0.13749890784201543
350    0.0    3.8163916471489756e-17    0.13749890784201535
351    -0.0    -3.144186300207963e-18    0.13749890784201538
352    0.0    1.0343288725511712e-16    0.13749890784201527
353    0.0    1.1709383462843448e-17    0.13749890784201538
354    -0.0    -2.0166160408230382e-17    0.1374989078420154
355    -0.0    -5.0415401020575956e-17    0.13749890784201543
356    0.0    1.1514227071796057e-16    0.13749890784201527
357    -0.0    -2.2985086056692694e-17    0.1374989078420154
358    0.0    1.5569143196891844e-16    0.1374989078420152
359    0.0    4.2717565595928875e-17    0.13749890784201532
360    0.0    1.0408340855860843e-16    0.13749890784201527
361    0.0    5.095750210681871e-18    0.13749890784201538
362    0.0    1.0928757898653885e-16    0.13749890784201527
363    -0.0    -3.621235256101585e-17    0.1374989078420154
364    -0.0    -1.3010426069826053e-17    0.13749890784201538
365    -0.0    -1.5504091066542713e-17    0.1374989078420154
366    0.0    6.310056643865636e-17    0.13749890784201532
367    -0.0    -5.117434254131581e-17    0.13749890784201543
368    0.0    3.729655473350135e-17    0.13749890784201535
369    -0.0    -1.2685165418080402e-17    0.13749890784201538
370    0.0    6.808789643208968e-17    0.13749890784201532
371    0.0    3.3285006695304986e-17    0.13749890784201535
372    0.0    6.657001339060997e-17    0.13749890784201532
373    0.0    3.3176586478056436e-17    0.13749890784201535
374    0.0    1.214306433183765e-17    0.13749890784201538
375    -0.0    -3.946495907847236e-17    0.1374989078420154
376    0.0    3.599551212651875e-17    0.13749890784201535
377    -0.0    -1.4582519219930035e-16    0.13749890784201552
378    -0.0    -2.1033522146218786e-17    0.1374989078420154
379    -0.0    -1.3660947373317356e-17    0.13749890784201538
380    0.0    1.1926223897340549e-17    0.13749890784201538
381    -0.0    -6.928051882182373e-17    0.13749890784201543
382    0.0    3.165870343657673e-17    0.13749890784201535
383    -0.0    -6.266688556966216e-17    0.13749890784201543
384    0.0    4.119968255444917e-17    0.13749890784201535
385    -0.0    -6.201636426617085e-17    0.13749890784201543
386    -0.0    -2.5153490401663703e-17    0.1374989078420154
387    -0.0    -6.01732205729455e-17    0.13749890784201543
388    0.0    6.136584296267955e-17    0.13749890784201532
389    -0.0    -7.914675859144182e-17    0.13749890784201546
390    -0.0    -8.890457814381136e-17    0.13749890784201546
391    0.0    4.2825985813177425e-17    0.13749890784201532
392    0.0    3.3176586478056436e-17    0.13749890784201535
393    0.0    5.605325231750058e-17    0.13749890784201532
394    -0.0    -4.336808689942018e-19    0.13749890784201538
395    -0.0    -2.949029909160572e-17    0.1374989078420154
396    -0.0    -9.6710833785707e-17    0.13749890784201546
397    0.0    5.9631119486702744e-18    0.13749890784201538
398    0.0    3.426078865054194e-17    0.13749890784201535
399    0.0    9.974659986866641e-18    0.13749890784201538
400    -0.0    -1.3660947373317356e-17    0.13749890784201538
401    -0.0    -7.589415207398531e-18    0.13749890784201538
402    0.0    3.230922474006803e-17    0.13749890784201535
403    -0.0    -2.42861286636753e-17    0.1374989078420154
404    0.0    4.401860820291148e-17    0.13749890784201532
405    0.0    5.117434254131581e-17    0.13749890784201532
406    0.0    7.43762690325056e-17    0.1374989078420153
407    0.0    3.0357660829594124e-17    0.13749890784201535
408    0.0    1.1232334506949826e-16    0.13749890784201527
409    0.0    1.431146867680866e-17    0.13749890784201535
410    0.0    1.1557595158695477e-16    0.13749890784201527
411    0.0    1.3183898417423734e-16    0.13749890784201524
412    0.0    1.3899471851264167e-16    0.13749890784201524
413    0.0    6.028164079019405e-17    0.13749890784201532
414    0.0    2.42861286636753e-17    0.13749890784201535
415    0.0    1.3444106938820255e-17    0.13749890784201538
416    -0.0    -1.734723475976807e-18    0.13749890784201538
417    -0.0    -9.345822726825048e-17    0.13749890784201546
418    0.0    8.651933336434325e-17    0.1374989078420153
419    0.0    1.0863705768304754e-16    0.13749890784201527
420    0.0    2.3418766925686896e-17    0.13749890784201535
421    0.0    1.3899471851264167e-16    0.13749890784201524
422    0.0    1.1058862159352145e-16    0.13749890784201527
423    0.0    1.0343288725511712e-16    0.13749890784201527
424    0.0    1.97758476261356e-16    0.13749890784201518
425    0.0    3.961674738262033e-16    0.137498907842015
426    0.0    3.1051550219984847e-16    0.13749890784201507
427    0.0    5.947933118255477e-16    0.1374989078420148
428    0.0    8.25294693695966e-16    0.13749890784201454
429    0.0    1.4478435811371426e-15    0.13749890784201393
430    0.0    2.1356614393619466e-15    0.13749890784201324
431    0.0    3.256075964408467e-15    0.13749890784201213
432    0.0    5.0604052198588434e-15    0.13749890784201033
433    0.0    8.003580437287994e-15    0.13749890784200738
434    0.0    1.2330848148112139e-14    0.13749890784200305
435    0.0    1.911470114135394e-14    0.13749890784199625
436    0.0    2.9473385537714947e-14    0.1374989078419859
437    0.0    4.5545598542640064e-14    0.13749890784196983
438    0.0    7.04948252550075e-14    0.13749890784194488
439    0.0    1.0911063719198921e-13    0.13749890784190627
440    0.0    1.688423706402986e-13    0.13749890784184654
441    0.0    2.613053003142074e-13    0.13749890784175406
442    0.0    4.041482860178691e-13    0.13749890784161123
443    0.0    6.253524174187897e-13    0.13749890784139002
444    0.0    9.671276366557402e-13    0.13749890784104826
445    0.0    1.4964056469640719e-12    0.13749890784051896
446    0.0    2.3148577239090473e-12    0.1374989078397005
447    0.0    3.5814610825635196e-12    0.1374989078384339
448    0.0    5.540562366540547e-12    0.1374989078364748
449    0.0    8.571649683444815e-12    0.13749890783344373
450    0.0    1.3260679663715247e-11    0.1374989078287547
451    0.0    2.0515177881139102e-11    0.1374989078215002
452    0.0    3.173797748050322e-11    0.1374989078102774
453    0.0    4.9100373940291764e-11    0.13749890779291501
454    0.0    7.596089360815961e-11    0.13749890776605447
455    0.0    1.175157889835715e-10    0.13749890772449957
456    0.0    1.8180328032954551e-10    0.1374989076602121
457    0.0    2.812598608875616e-10    0.13749890756075553
458    0.0    4.3512413355588364e-10    0.13749890740689125
459    0.0    6.731608313305382e-10    0.13749890716885455
460    0.0    1.0414164847323548e-09    0.1374989068005989
461    0.0    1.6111284379099339e-09    0.13749890623088695
462    0.0    2.4925037819291396e-09    0.1374989053495116
463    0.0    3.8560395996048435e-09    0.13749890398597578
464    0.0    5.965504023489748e-09    0.13749890187651134
465    0.0    9.228961057611978e-09    0.1374988986130543
466    0.0    1.4277707297265935e-08    0.13749889356430808
467    0.0    2.2088394029205066e-08    0.13749888575362135
468    0.0    3.4171953270951266e-08    0.1374988736700621
469    0.0    5.286588041939974e-08    0.13749885497613495
470    0.0    8.178640791434849e-08    0.13749882605560745
471    0.0    1.2652804549971933e-07    0.13749878131396986
472    0.0    1.9574580532345787e-07    0.13749871209621006
473    0.0    3.028294651742647e-07    0.1374986050125502
474    0.0    4.684937425659258e-07    0.1374984393482728
475    0.0    7.247854395043586e-07    0.13749818305657588
476    0.0    1.121282710652826e-06    0.13749778655930472
477    0.0    1.7346856757641943e-06    0.1374971731563396
478    0.0    2.6836536200403223e-06    0.13749622418839533
479    0.0    4.15175897342402e-06    0.13749475608304196
480    0.0    6.422998408972969e-06    0.1374924848436064
481    0.0    9.936730611059385e-06    0.13748897111140432
482    0.0    1.5372668524255093e-05    0.13748353517349113
483    0.0    2.3782368817048052e-05    0.13747512547319832
484    0.0    3.6792659487314486e-05    0.13746211518252807
485    0.0    5.692037496752948e-05    0.13744198746704786
486    0.0    8.805934264274028e-05    0.13741084849937263
487    0.0    0.00013623403346511766    0.13736267380855027
488    0.0    0.00021076638412836652    0.137288141457887
489    0.0    0.00032608398729178784    0.1371728238547236
490    0.0    0.0005045280189152649    0.13699437982310012
491    0.0    0.0007807338507157128    0.13671817399129965
492    0.0    0.0012085354576480082    0.13629037238436736
493    0.0    0.0018720937373837574    0.13562681410463162
494    0.0    0.0029047054997308657    0.1345942023422845
495    0.0    0.004523766183262703    0.13297514165875268
496    0.0    0.0071079227052330265    0.13039098513678235
497    0.0    0.011420737822266394    0.12607817001974897
498    0.0    0.019602968960183195    0.11789593888183218
499    0.09350409532672581    0.046752047663362904    0.09074686017865247
