0    0.08852167896203302    0.04426083948101651    0.07065811280169296
1    0.1112228939777955    0.05561144698889775    0.05930750529381172
2    0.13117108830058713    0.06558554415029356    0.04933340813241591
3    0.1484992116236047    0.07424960581180234    0.04066934647090713
4    0.16330887875201638    0.08165443937600819    0.03326451290670128
5    0.17579155917539757    0.08789577958769879    0.027023172695010686
6    0.18617876363648408    0.09308938181824204    0.02182957046446743
7    0.1947351413967808    0.0973675706983904    0.01755138158431907
8    0.20172188167528776    0.10086094083764388    0.01405801144506559
9    0.20738808113344367    0.10369404056672184    0.011224911715987634
10    0.21195702225472915    0.10597851112736457    0.008940441155344897
11    0.2156247867335354    0.1078123933667677    0.007106558915941766
12    0.21855829819823577    0.10927914909911789    0.005639803183591585
13    0.22089784325967873    0.11044892162983937    0.004470030652870105
14    0.222759336807587    0.1113796684037935    0.003539283878915972
15    0.224237776131279    0.1121188880656395    0.002800064217069978
16    0.22541026329212824    0.11270513164606412    0.0022138206366453528
17    0.22633905070784355    0.11316952535392177    0.001749426928787698
18    0.2270741154133932    0.1135370577066966    0.001381894576012871
19    0.22765544661212408    0.11382772330606204    0.0010912289766474292
20    0.2281149330387133    0.11405746651935665    0.0008614857633528206
21    0.22847795027914355    0.11423897513957178    0.0006799771431376944
22    0.22876464964624804    0.11438232482312402    0.0005366274595854509
23    0.22899101239131825    0.11449550619565912    0.00042344608705034703
24    0.22916969684231772    0.11458484842115886    0.0003341038615506109
25    0.2293107208788696    0.1146553604394348    0.0002635918432746659
26    0.22942200667155022    0.11471100333577511    0.00020794894693436372
27    0.22950981577282187    0.11475490788641093    0.00016404439629853773
28    0.22957909489671832    0.11478954744835916    0.0001294048343503107
29    0.22963375071348033    0.11481687535674016    0.00010207692596930773
30    0.22967686763130638    0.11483843381565319    8.051846705628418e-05
31    0.22971088035422793    0.11485544017711397    6.351210559550624e-05
32    0.22973771039650212    0.11486885519825106    5.0097084458411434e-05
33    0.22975887405525242    0.11487943702762621    3.951525508326392e-05
34    0.22977556773389946    0.11488778386694973    3.116841575974416e-05
35    0.22978873535342456    0.11489436767671228    2.4584605997191034e-05
36    0.22979912158492788    0.11489956079246394    1.9391490245532217e-05
37    0.22980731387916198    0.11490365693958099    1.5295343128482464e-05
38    0.22981377564100072    0.11490688782050036    1.2064462209110394e-05
39    0.2298188724116078    0.1149094362058039    9.516076905566329e-06
40    0.22982289252852506    0.11491144626426253    7.506018446942764e-06
41    0.2298260634271155    0.11491303171355775    5.920569151718347e-06
42    0.2298285645015892    0.1149142822507946    4.670031914871808e-06
43    0.22983053725119829    0.11491526862559914    3.6836571103288085e-06
44    0.22983209328419646    0.11491604664209823    2.9056406112420996e-06
45    0.2298333206316511    0.11491666031582555    2.2919668839216367e-06
46    0.2298342887278358    0.1149171443639179    1.8079187915770456e-06
47    0.22983505233872042    0.11491752616936021    1.4261133492593503e-06
48    0.2298356546606668    0.1149178273303334    1.1249523760720193e-06
49    0.2298361297645708    0.1149180648822854    8.874004240738698e-07
50    0.22983650452369048    0.11491825226184524    7.000208642332639e-07
51    0.22983680013421873    0.11491840006710936    5.522156001080969e-07
52    0.22983703331462163    0.11491851665731082    4.3562539865649175e-07
53    0.22983721725161255    0.11491860862580627    3.4365690319837494e-07
54    0.22983736234626445    0.11491868117313223    2.711095772461869e-07
55    0.2298374768025083    0.11491873840125415    2.1388145532430514e-07
56    0.22983756709129027    0.11491878354564514    1.6873706433495617e-07
57    0.22983763831667833    0.11491881915833917    1.3312437030510438e-07
58    0.22983769450461866    0.11491884725230933    1.0503040014098186e-07
59    0.22983773883068584    0.11491886941534292    8.286736655205296e-08
60    0.2298377737997229    0.11491888689986145    6.53828480245977e-08
61    0.22983780138752913    0.11491890069376456    5.158894490764343e-08
62    0.22983782315260987    0.11491891157630493    4.070640453879282e-08
63    0.22983784032432675    0.11491892016216337    3.212054609791348e-08
64    0.22983785387241998    0.11491892693620999    2.534649948260359e-08
65    0.22983786456184668    0.11491893228092334    2.0001786130152688e-08
66    0.22983787299603226    0.11491893649801613    1.5784693344067513e-08
67    0.22983787965098826    0.11491893982549413    1.245721534259836e-08
68    0.2298378849022219    0.11491894245111095    9.831598521414797e-09
69    0.2298378890459622    0.1149189445229811    7.759728373746277e-09
70    0.22983789231590063    0.11491894615795031    6.124759158177007e-09
71    0.2298378948963973    0.11491894744819865    4.83451081945141e-09
72    0.2298378969328989    0.11491894846644946    3.8162600163316185e-09
73    0.22983789854015452    0.11491894927007726    3.012632213139632e-09
74    0.229837899808695    0.1149189499043475    2.378361965704734e-09
75    0.22983790080994956    0.11491895040497478    1.8777346899589986e-09
76    0.22983790160027542    0.11491895080013771    1.482571759803264e-09
77    0.22983790222414013    0.11491895111207007    1.1706394048571767e-09
78    0.22983790271662982    0.11491895135831491    9.243945608972126e-10
79    0.2298379031054334    0.1149189515527167    7.299927745618717e-10
80    0.22983790341239732    0.11491895170619866    5.765108113120476e-10
81    0.22983790365476295    0.11491895182738147    4.553279975283431e-10
82    0.22983790384613614    0.11491895192306807    3.59641399994004e-10
83    0.229837903997256    0.114918951998628    2.840814666837943e-10
84    0.22983790411659608    0.11491895205829804    2.2441143388007845e-10
85    0.2298379042108474    0.1149189521054237    1.772857693982388e-10
86    0.22983790428528927    0.11491895214264464    1.4006483473050224e-10
87    0.2298379043440882    0.1149189521720441    1.1066536576009867e-10
88    0.2298379043905363    0.11491895219526815    8.744131807514322e-11
89    0.2298379044272297    0.11491895221361485    6.909461891524415e-11
90    0.22983790445621946    0.11491895222810973    5.459974139476742e-11
91    0.2298379044791248    0.1149189522395624    4.3147069250792924e-11
92    0.22983790449722405    0.11491895224861202    3.4097447088043964e-11
93    0.22983790451152655    0.11491895225576328    2.694619527510156e-11
94    0.22983790452282993    0.11491895226141496    2.1294507823732545e-11
95    0.229837904531764    0.114918952265882    1.6827469973001996e-11
96    0.2298379045388249    0.11491895226941246    1.329701626584523e-11
97    0.22983790454440656    0.11491895227220328    1.0506193137693742e-11
98    0.2298379045488193    0.11491895227440965    8.299819165280553e-12
99    0.2298379045523082    0.1149189522761541    6.555367360050468e-12
100    0.22983790455506634    0.11491895227753317    5.17630383001233e-12
101    0.22983790455724715    0.11491895227862357    4.085898286376732e-12
102    0.22983790455897157    0.11491895227948579    3.223685207665028e-12
103    0.2298379045603356    0.1149189522801678    2.5416752036377943e-12
104    0.22983790456141392    0.11491895228070696    2.002509269516395e-12
105    0.22983790456226677    0.11491895228113339    1.57608648354568e-12
106    0.22983790456294134    0.11491895228147067    1.2388007286645575e-12
107    0.22983790456347508    0.11491895228173754    9.719308691202855e-13
108    0.22983790456389724    0.11491895228194862    7.608497165634276e-13
109    0.22983790456423073    0.11491895228211536    5.941080960525369e-13
110    0.22983790456449435    0.11491895228224717    4.622968674539152e-13
111    0.22983790456470352    0.11491895228235176    3.5771385853422544e-13
112    0.22983790456486794    0.11491895228243397    2.755018435607326e-13
113    0.22983790456499809    0.11491895228249904    2.104288965298906e-13
114    0.22983790456510117    0.11491895228255058    1.5888679261166772e-13
115    0.22983790456518205    0.11491895228259102    1.184469189396964e-13
116    0.2298379045652452    0.1149189522826226    8.68749516769185e-14
117    0.22983790456529518    0.11491895228264759    6.188105583504466e-14
118    0.22983790456533332    0.11491895228266666    4.28129753871076e-14
119    0.22983790456536363    0.11491895228268181    2.7658431100974212e-14
120    0.22983790456538555    0.11491895228269278    1.669497873280079e-14
121    0.2298379045654019    0.11491895228270095    8.520961713998076e-15
122    0.22983790456541278    0.11491895228270639    3.0808688933348094e-15
123    0.22983790456541903    0.11491895228270951    4.163336342344337e-17
124    0.22983790456542122    0.11491895228271061    1.1379786002407855e-15
125    0.22983790456541894    0.11491895228270947    0.0
126    0.22983790456541292    0.11491895228270646    3.011479954295737e-15
127    0.2298379045654016    0.1149189522827008    8.673617379884035e-15
128    0.2298379045653859    0.11491895228269294    1.6528445279107018e-14
129    0.22983790456536365    0.11491895228268183    2.7644553313166398e-14
130    0.22983790456533376    0.11491895228266688    4.259093078218257e-14
131    0.22983790456529546    0.11491895228264773    6.174227795696652e-14
132    0.229837904565246    0.114918952282623    8.647249583049188e-14
133    0.22983790456518252    0.11491895228259126    1.1821099654696354e-13
134    0.22983790456510123    0.11491895228255061    1.5885903703605209e-13
135    0.22983790456499903    0.11491895228249951    2.0995705174442492e-13
136    0.229837904564868    0.114918952282434    2.7547408798511697e-13
137    0.2298379045647032    0.1149189522823516    3.578665142001114e-13
138    0.2298379045644951    0.11491895228224755    4.619221671831042e-13
139    0.22983790456423064    0.11491895228211532    5.941497294159603e-13
140    0.22983790456389708    0.11491895228194854    7.609329832902745e-13
141    0.2298379045634753    0.11491895228173765    9.71819846817823e-13
142    0.22983790456294156    0.11491895228147078    1.238689706362095e-12
143    0.22983790456226758    0.11491895228113379    1.5756840276992534e-12
144    0.22983790456141384    0.11491895228070692    2.0025509028798183e-12
145    0.2298379045603358    0.1149189522801679    2.5415780591231396e-12
146    0.22983790455897207    0.11491895227948604    3.2234354074844873e-12
147    0.2298379045572475    0.11491895227862375    4.085717875135231e-12
148    0.2298379045550663    0.11491895227753315    5.176317707800138e-12
149    0.22983790455230804    0.11491895227615402    6.555450626777315e-12
150    0.22983790454881964    0.11491895227440982    8.29965263182686e-12
151    0.22983790454440672    0.11491895227220336    1.0506109870966895e-11
152    0.2298379045388245    0.11491895226941225    1.3297224432662347e-11
153    0.22983790453176323    0.11491895226588161    1.6827858551060615e-11
154    0.22983790452283015    0.11491895226141507    2.1294396801430082e-11
155    0.2298379045115266    0.1149189522557633    2.6946167519525943e-11
156    0.22983790449722416    0.11491895224861208    3.409739157689273e-11
157    0.22983790447912486    0.11491895223956243    4.314704149521731e-11
158    0.2298379044562198    0.1149189522281099    5.4599574861313727e-11
159    0.22983790442722976    0.11491895221361488    6.909459115966854e-11
160    0.2298379043905361    0.11491895219526806    8.744141521965787e-11
161    0.22983790434408835    0.11491895217204418    1.1066529637115963e-10
162    0.2298379042852893    0.11491895214264465    1.4006482085271443e-10
163    0.22983790421084777    0.11491895210542388    1.772855889869973e-10
164    0.22983790411659683    0.11491895205829841    2.2441105917980764e-10
165    0.2298379039972559    0.11491895199862795    2.8408152219494553e-10
166    0.22983790384613645    0.11491895192306822    3.5964124733833813e-10
167    0.2298379036547629    0.11491895182738145    4.553280252839187e-10
168    0.22983790341239776    0.11491895170619888    5.765105892674427e-10
169    0.2298379031054335    0.11491895155271675    7.299927190507205e-10
170    0.22983790271663077    0.11491895135831538    9.243940890524271e-10
171    0.2298379022241399    0.11491895111206996    1.1706395158794791e-09
172    0.22983790160027578    0.11491895080013789    1.4825715793920224e-09
173    0.22983790080994956    0.11491895040497478    1.8777346899589986e-09
174    0.22983789980869512    0.11491894990434756    2.3783619101935827e-09
175    0.2298378985401542    0.1149189492700771    3.012632365795298e-09
176    0.22983789693289905    0.11491894846644952    3.8162599469426794e-09
177    0.22983789489639758    0.11491894744819879    4.834510680673532e-09
178    0.22983789231590077    0.11491894615795038    6.124759088788068e-09
179    0.22983788904596206    0.11491894452298103    7.759728443135216e-09
180    0.2298378849022216    0.1149189424511108    9.831598674070463e-09
181    0.2298378796509876    0.1149189398254938    1.2457215675665267e-08
182    0.229837872996032    0.114918936498016    1.5784693468967603e-08
183    0.22983786456184688    0.11491893228092344    2.0001786033008173e-08
184    0.22983785387242045    0.11491892693621023    2.5346499246681198e-08
185    0.22983784032432616    0.11491892016216308    3.2120546389347027e-08
186    0.22983782315260992    0.11491891157630496    4.070640451103724e-08
187    0.22983780138752866    0.11491890069376433    5.158894514356582e-08
188    0.22983777379972323    0.11491888689986161    6.538284785806425e-08
189    0.2298377388306853    0.11491886941534266    8.286736681573093e-08
190    0.22983769450461877    0.11491884725230939    1.0503040008547071e-07
191    0.22983763831667853    0.11491881915833926    1.3312437020795986e-07
192    0.22983756709129016    0.11491878354564508    1.6873706439046732e-07
193    0.22983747680250785    0.11491873840125393    2.1388145554634974e-07
194    0.22983736234626484    0.11491868117313242    2.7110957705189787e-07
195    0.2298372172516129    0.11491860862580645    3.436569030179637e-07
196    0.2298370333146218    0.1149185166573109    4.35625398573225e-07
197    0.22983680013421834    0.11491840006710917    5.522156003023859e-07
198    0.2298365045236906    0.1149182522618453    7.000208641777528e-07
199    0.22983612976457063    0.11491806488228531    8.874004241571365e-07
200    0.2298356546606664    0.1149178273303332    1.1249523762663083e-06
201    0.22983505233871976    0.11491752616935988    1.4261133495924172e-06
202    0.22983428872783565    0.11491714436391783    1.8079187916464345e-06
203    0.22983332063165035    0.11491666031582518    2.291966884296337e-06
204    0.22983209328419638    0.11491604664209819    2.905640611283733e-06
205    0.22983053725119854    0.11491526862559927    3.6836571102039084e-06
206    0.2298285645015893    0.11491428225079466    4.670031914816297e-06
207    0.2298260634271156    0.1149130317135578    5.920569151676713e-06
208    0.22982289252852484    0.11491144626426242    7.506018447053786e-06
209    0.22981887241160773    0.11490943620580386    9.516076905607962e-06
210    0.22981377564100025    0.11490688782050013    1.2064462209346316e-05
211    0.22980731387916198    0.11490365693958099    1.5295343128482464e-05
212    0.22979912158492835    0.11489956079246418    1.9391490245296295e-05
213    0.2297887353534238    0.1148943676767119    2.4584605997565734e-05
214    0.2297755677338996    0.1148877838669498    3.116841575967477e-05
215    0.22975887405525147    0.11487943702762574    3.951525508373577e-05
216    0.22973771039650187    0.11486885519825094    5.0097084458536334e-05
217    0.22971088035422782    0.11485544017711391    6.351210559556175e-05
218    0.22967686763130662    0.11483843381565331    8.051846705615928e-05
219    0.2296337507134801    0.11481687535674005    0.00010207692596941875
220    0.22957909489671832    0.11478954744835916    0.0001294048343503107
221    0.22950981577282156    0.11475490788641078    0.0001640443962986904
222    0.22942200667155008    0.11471100333577504    0.0002079489469344331
223    0.229310720878869    0.1146553604394345    0.0002635918432749712
224    0.2291696968423173    0.11458484842115865    0.00033410386155081906
225    0.2289910123913178    0.1144955061956589    0.0004234460870505691
226    0.2287646496462476    0.1143823248231238    0.0005366274595856729
227    0.22847795027914283    0.11423897513957142    0.0006799771431380552
228    0.2281149330387131    0.11405746651935655    0.0008614857633529177
229    0.2276554466121241    0.11382772330606206    0.0010912289766474154
230    0.2270741154133927    0.11353705770669635    0.0013818945760131207
231    0.22633905070784355    0.11316952535392177    0.001749426928787698
232    0.22541026329212732    0.11270513164606366    0.0022138206366458107
233    0.22423777613127902    0.11211888806563951    0.002800064217069964
234    0.2227593368075869    0.11137966840379344    0.0035392838789160275
235    0.22089784325967915    0.11044892162983957    0.004470030652869897
236    0.218558298198236    0.109279149099118    0.005639803183591474
237    0.21562478673353588    0.10781239336676794    0.00710655891594153
238    0.21195702225472993    0.10597851112736496    0.008940441155344508
239    0.2073880811334445    0.10369404056672225    0.011224911715987218
240    0.20172188167528846    0.10086094083764423    0.014058011445065244
241    0.1947351413967813    0.09736757069839065    0.01755138158431882
242    0.18617876363648475    0.09308938181824238    0.021829570464467096
243    0.17579155917539827    0.08789577958769913    0.02702317269501034
244    0.16330887875201716    0.08165443937600858    0.03326451290670089
245    0.1484992116236054    0.0742496058118027    0.04066934647090677
246    0.131171088300588    0.065585544150294    0.04933340813241548
247    0.11122289397779654    0.05561144698889827    0.0593075052938112
248    0.08852167896203333    0.04426083948101667    0.0706581128016928
249    0.06245681434638048    0.03122840717319024    0.08369054510951923
250    0.0    0.01263667041120697    0.1022822818715025
251    0.0    0.007017298959328332    0.10790165332338114
252    0.0    0.004138476622893668    0.1107804756598158
253    0.0    0.0024875873775405547    0.11243136490516892
254    0.0    0.0015057277466179958    0.11341322453609147
255    0.0    0.0009138861666233566    0.11400506611608612
256    0.0    0.0005552740949963256    0.11436367818771315
257    0.0    0.00033752998359236515    0.11458142229911711
258    0.0    0.00020520802023107042    0.1147137442624784
259    0.0    0.00012476928356258948    0.11479418299914688
260    0.0    7.586366739719286e-05    0.11484308861531228
261    0.0    4.612806233493527e-05    0.11487282422037454
262    0.0    2.8047795014232192e-05    0.11489090448769523
263    0.0    1.7054269019894756e-05    0.11490189801368958
264    0.0    1.0369739588225822e-05    0.11490858254312125
265    0.0    6.305256181276565e-06    0.11491264702652819
266    0.0    3.83387264587089e-06    0.1149151184100636
267    0.0    2.331163059017625e-06    0.11491662111965045
268    0.0    1.417449621817727e-06    0.11491753483308766
269    0.0    8.618716914594697e-07    0.11491809041101801
270    0.0    5.240558847482285e-07    0.11491842822682473
271    0.0    3.186490208665835e-07    0.11491863363368861
272    0.0    1.9375261610951947e-07    0.11491875853009337
273    0.0    1.1781011008491632e-07    0.11491883447259939
274    0.0    7.163372730536674e-08    0.11491888064898216
275    0.0    4.35564559220572e-08    0.11491890872625354
276    0.0    2.6484240470830978e-08    0.114918925798469
277    0.0    1.6103582676542383e-08    0.1149189361791268
278    0.0    9.791686374476666e-09    0.1149189424910231
279    0.0    5.953775856874788e-09    0.11491894632893361
280    0.0    3.620157573453603e-09    0.1149189486625519
281    0.0    2.201215021022107e-09    0.11491895008149446
282    0.0    1.3384355854531571e-09    0.11491895094427389
283    0.0    8.138276623784191e-10    0.11491895146888181
284    0.0    4.948430398082904e-10    0.11491895178786643
285    0.0    3.008863121763822e-10    0.11491895198182316
286    0.0    1.8295211396193722e-10    0.11491895209975736
287    0.0    1.1124280988560054e-10    0.11491895217146667
288    0.0    6.764057933553169e-11    0.1149189522150689
289    0.0    4.112839496056564e-11    0.11491895224158108
290    0.0    2.5007946451507945e-11    0.11491895225770153
291    0.0    1.5205857189712346e-11    0.11491895226750362
292    0.0    9.245815918434985e-12    0.11491895227346366
293    0.0    5.621873626349139e-12    0.1149189522770876
294    0.0    3.418436974461647e-12    0.11491895227929104
295    0.0    2.0784719431676812e-12    0.114918952280631
296    0.0    1.263776626750368e-12    0.11491895228144569
297    0.0    7.683903426730643e-13    0.11491895228194109
298    0.0    4.672891847773419e-13    0.11491895228224218
299    0.0    2.841995302288458e-13    0.11491895228242527
300    0.0    1.72852617635888e-13    0.11491895228253662
301    0.0    1.0505160109863798e-13    0.11491895228260442
302    0.0    6.387858991763196e-14    0.11491895228264559
303    0.0    3.8902258150952385e-14    0.11491895228267057
304    0.0    2.3620862210638194e-14    0.11491895228268585
305    0.0    1.4453932842273254e-14    0.11491895228269501
306    0.0    8.602710557803483e-15    0.11491895228270087
307    0.0    5.353356646864427e-15    0.11491895228270411
308    0.0    3.1912406744938338e-15    0.11491895228270628
309    0.0    2.0085929447466455e-15    0.11491895228270746
310    0.0    1.2936700322097039e-15    0.11491895228270818
311    0.0    6.967083160391851e-16    0.11491895228270878
312    0.0    4.2934406030425976e-16    0.11491895228270904
313    0.0    2.430781270712501e-16    0.11491895228270922
314    0.0    2.424276057677588e-16    0.11491895228270924
315    0.0    9.519295074422729e-17    0.11491895228270937
316    0.0    3.686287386450715e-17    0.11491895228270943
317    0.0    8.673617379884035e-19    0.11491895228270947
318    0.0    3.361026734705064e-17    0.11491895228270944
319    0.0    1.6284716630732277e-16    0.1149189522827093
320    0.0    3.3176586478056436e-17    0.11491895228270944
321    -0.0    -3.3393426912553537e-17    0.1149189522827095
322    0.0    1.1123914289701275e-16    0.11491895228270936
323    0.0    7.41594285980085e-17    0.1149189522827094
324    0.0    9.345822726825048e-17    0.11491895228270937
325    -0.0    -8.391724815037804e-17    0.11491895228270955
326    -0.0    -9.107298248878237e-18    0.11491895228270949
327    -0.0    -6.613633252161577e-17    0.11491895228270954
328    0.0    1.3964523981613297e-16    0.11491895228270933
329    -0.0    -1.8214596497756474e-17    0.11491895228270949
330    0.0    5.0523821237824507e-17    0.11491895228270942
331    0.0    1.951563910473908e-17    0.11491895228270946
332    0.0    1.0104764247564901e-16    0.11491895228270937
333    0.0    7.632783294297951e-17    0.1149189522827094
334    -0.0    -6.049848122469115e-17    0.11491895228270953
335    0.0    1.1926223897340549e-17    0.11491895228270946
336    0.0    1.5699247457590104e-16    0.11491895228270932
337    0.0    1.0408340855860843e-16    0.11491895228270937
338    -0.0    -5.095750210681871e-17    0.11491895228270953
339    0.0    2.233456475320139e-17    0.11491895228270944
340    0.0    3.7513395167998453e-17    0.11491895228270943
341    0.0    6.245004513516506e-17    0.1149189522827094
342    0.0    6.787105599759258e-17    0.1149189522827094
343    -0.0    -5.0523821237824507e-17    0.11491895228270953
344    0.0    3.209238430557093e-17    0.11491895228270944
345    -0.0    -4.445228907190568e-17    0.11491895228270951
346    0.0    7.871307772244762e-17    0.11491895228270939
347    -0.0    -2.3852447794681098e-18    0.11491895228270947
348    0.0    8.760353553682876e-17    0.11491895228270939
349    0.0    2.4936649967166602e-17    0.11491895228270944
350    0.0    3.707971429900425e-17    0.11491895228270943
351    0.0    1.0831179703130189e-16    0.11491895228270936
352    0.0    1.5395670849294163e-17    0.11491895228270946
353    0.0    3.252606517456513e-17    0.11491895228270944
354    0.0    1.2902005852577503e-16    0.11491895228270935
355    0.0    6.310056643865636e-17    0.1149189522827094
356    -0.0    -3.0357660829594124e-18    0.11491895228270947
357    0.0    8.630249292984615e-17    0.11491895228270939
358    0.0    5.312590645178972e-17    0.11491895228270942
359    0.0    7.025630077706069e-17    0.1149189522827094
360    -0.0    -9.454242944073599e-17    0.11491895228270957
361    0.0    1.494030593685025e-16    0.11491895228270932
362    -0.0    -7.524363077049401e-17    0.11491895228270954
363    -0.0    -4.0115480381963664e-17    0.11491895228270951
364    -0.0    -4.412702842016003e-17    0.11491895228270951
365    0.0    1.3986208025063007e-17    0.11491895228270946
366    -0.0    -4.2500725161431774e-17    0.11491895228270951
367    0.0    4.358492733391728e-17    0.11491895228270943
368    -0.0    -6.570265165262157e-17    0.11491895228270954
369    -0.0    -9.75781955236954e-18    0.11491895228270949
370    -0.0    -4.0657581468206416e-17    0.11491895228270951
371    -0.0    -2.6020852139652106e-18    0.11491895228270947
372    0.0    1.691355389077387e-17    0.11491895228270946
373    -0.0    -3.707971429900425e-17    0.11491895228270951
374    0.0    3.491130995403324e-17    0.11491895228270943
375    -0.0    -5.193328406205566e-17    0.11491895228270953
376    -0.0    -4.391018798566293e-17    0.11491895228270951
377    0.0    8.142358315366138e-17    0.11491895228270939
378    -0.0    -4.83554168928535e-17    0.11491895228270951
379    0.0    8.185726402265558e-17    0.11491895228270939
380    0.0    3.3176586478056436e-17    0.11491895228270944
381    -0.0    -5.637851296924623e-17    0.11491895228270953
382    -0.0    -8.716985466783456e-17    0.11491895228270955
383    0.0    9.64939933512099e-17    0.11491895228270937
384    -0.0    -7.817097663620487e-17    0.11491895228270955
385    0.0    5.833007687972014e-17    0.11491895228270942
386    -0.0    -3.71881345162528e-17    0.11491895228270951
387    0.0    7.144892316679474e-17    0.1149189522827094
388    -0.0    -7.35089072945172e-17    0.11491895228270954
389    0.0    6.179952383167375e-18    0.11491895228270947
390    -0.0    -3.599551212651875e-17    0.11491895228270951
391    0.0    3.707971429900425e-17    0.11491895228270943
392    -0.0    -1.0148132334464322e-16    0.11491895228270957
393    0.0    1.4203048459560108e-17    0.11491895228270946
394    -0.0    -2.3635607360183997e-17    0.1149189522827095
395    0.0    1.4799359654427136e-16    0.11491895228270932
396    -0.0    -5.377642775528102e-17    0.11491895228270953
397    0.0    6.201636426617085e-17    0.11491895228270942
398    -0.0    -7.15573433840433e-18    0.11491895228270949
399    0.0    9.519295074422729e-17    0.11491895228270937
400    -0.0    -2.862293735361732e-17    0.1149189522827095
401    0.0    3.707971429900425e-17    0.11491895228270943
402    -0.0    -1.734723475976807e-17    0.11491895228270949
403    0.0    9.324138683375338e-17    0.11491895228270937
404    -0.0    -4.9873299934333204e-17    0.11491895228270953
405    -0.0    -4.336808689942018e-18    0.11491895228270947
406    -0.0    -6.505213034913027e-17    0.11491895228270954
407    0.0    1.7780915628762273e-17    0.11491895228270946
408    0.0    4.119968255444917e-17    0.11491895228270943
409    -0.0    -8.066464163292153e-17    0.11491895228270955
410    0.0    9.454242944073599e-17    0.11491895228270937
411    -0.0    -1.691355389077387e-17    0.11491895228270949
412    -0.0    -4.7704895589362195e-18    0.11491895228270947
413    0.0    1.7607443281164592e-16    0.11491895228270929
414    -0.0    -8.001412032943023e-17    0.11491895228270955
415    0.0    1.474514954580286e-17    0.11491895228270946
416    0.0    4.7271214720367993e-17    0.11491895228270943
417    0.0    1.0950441942103595e-16    0.11491895228270936
418    0.0    5.811323644522304e-17    0.11491895228270942
419    0.0    5.074066167232161e-17    0.11491895228270942
420    -0.0    -2.3201926491189795e-17    0.1149189522827095
421    0.0    1.6393136847980827e-16    0.1149189522827093
422    0.0    5.334274688628682e-17    0.11491895228270942
423    0.0    1.1037178115902435e-16    0.11491895228270936
424    -0.0    -4.119968255444917e-18    0.11491895228270947
425    0.0    1.205632815803881e-16    0.11491895228270935
426    0.0    1.8865117801247777e-17    0.11491895228270946
427    0.0    1.7780915628762273e-17    0.11491895228270946
428    -0.0    -3.838075690598686e-17    0.11491895228270951
429    0.0    1.2771901591879242e-16    0.11491895228270935
430    0.0    1.929879867024198e-17    0.11491895228270946
431    0.0    7.806255641895632e-17    0.11491895228270939
432    0.0    1.0972125985553305e-16    0.11491895228270936
433    0.0    2.5110122314764283e-16    0.11491895228270922
434    0.0    2.0079424234431542e-16    0.11491895228270928
435    0.0    3.5258254649228604e-16    0.11491895228270912
436    0.0    3.8250652645288596e-16    0.11491895228270908
437    0.0    7.105861038469996e-16    0.11491895228270876
438    0.0    1.1394964832822652e-15    0.11491895228270833
439    0.0    1.989944667379895e-15    0.11491895228270749
440    0.0    3.1732429184305744e-15    0.1149189522827063
441    0.0    5.3227821456003355e-15    0.11491895228270414
442    0.0    8.598590589548039e-15    0.11491895228270087
443    0.0    1.430604766594623e-14    0.11491895228269516
444    0.0    2.353369235597036e-14    0.11491895228268593
445    0.0    3.869474185513866e-14    0.11491895228267078
446    0.0    6.374870249736819e-14    0.11491895228264572
447    0.0    1.0509215025988894e-13    0.11491895228260438
448    0.0    1.7271275555563737e-13    0.11491895228253676
449    0.0    2.841555116206429e-13    0.11491895228242531
450    0.0    4.670738622258863e-13    0.1149189522822424
451    0.0    7.684658031442693e-13    0.114918952281941
452    0.0    1.2637323913017307e-12    0.11491895228144573
453    0.0    2.0785771107784123e-12    0.1149189522806309
454    0.0    3.418419844067322e-12    0.11491895227929105
455    0.0    5.62190745345692e-12    0.11491895227708757
456    0.0    9.2458185205202e-12    0.11491895227346366
457    0.0    1.520596300784438e-11    0.11491895226750351
458    0.0    2.500787814677108e-11    0.11491895225770159
459    0.0    4.11284682526325e-11    0.11491895224158101
460    0.0    6.764052252333785e-11    0.11491895221506895
461    0.0    1.112429592886599e-10    0.11491895217146651
462    0.0    1.829521107093307e-10    0.11491895209975736
463    0.0    3.008862590504757e-10    0.11491895198182321
464    0.0    4.948429860318626e-10    0.11491895178786649
465    0.0    8.138277308999964e-10    0.11491895146888174
466    0.0    1.3384354826707912e-09    0.11491895094427398
467    0.0    2.201215040537746e-09    0.11491895008149443
468    0.0    3.620157639373095e-09    0.11491894866255183
469    0.0    5.953775885497725e-09    0.11491894632893358
470    0.0    9.791686399196475e-09    0.11491894249102308
471    0.0    1.6103582716441023e-08    0.11491893617912675
472    0.0    2.6484240459121594e-08    0.11491892579846902
473    0.0    4.3556455973231545e-08    0.1149189087262535
474    0.0    7.163372711411348e-08    0.11491888064898235
475    0.0    1.1781011016644832e-07    0.1149188344725993
476    0.0    1.9375261593995025e-07    0.11491875853009353
477    0.0    3.1864902101273393e-07    0.11491863363368846
478    0.0    5.240558846649618e-07    0.11491842822682481
479    0.0    8.618716915574816e-07    0.11491809041101791
480    0.0    1.4174496217058373e-06    0.11491753483308777
481    0.0    2.331163058942598e-06    0.11491662111965054
482    0.0    3.8338726459845145e-06    0.1149151184100635
483    0.0    6.3052561813633015e-06    0.1149126470265281
484    0.0    1.0369739588263985e-05    0.11490858254312121
485    0.0    1.7054269019832306e-05    0.11490189801368964
486    0.0    2.8047795014162803e-05    0.1148909044876953
487    0.0    4.61280623350142e-05    0.11487282422037445
488    0.0    7.586366739715817e-05    0.11484308861531231
489    0.0    0.00012476928356266754    0.1147941829991468
490    0.0    0.00020520802023114328    0.11471374426247832
491    0.0    0.000337529983592438    0.11458142229911704
492    0.0    0.0005552740949964106    0.11436367818771306
493    0.0    0.0009138861666233332    0.11400506611608614
494    0.0    0.0015057277466178163    0.11341322453609165
495    0.0    0.0024875873775406345    0.11243136490516883
496    0.0    0.004138476622893443    0.11078047565981602
497    0.0    0.007017298959328461    0.10790165332338102
498    0.0    0.012636670411206872    0.1022822818715026
499    0.062456814346380105    0.031228407173190052    0.08369054510951943
