0    1.1966227305912347e-09    5.983113652956173e-10    7.448559374107974e-09
1    1.5980363065812297e-09    7.990181532906149e-10    7.247852586112977e-09
2    1.996517610090842e-09    9.98258805045421e-10    7.0486119343581705e-09
3    2.3928081803285817e-09    1.1964040901642908e-09    6.850466649239301e-09
4    2.7867277461318674e-09    1.3933638730659337e-09    6.653506866337658e-09
5    3.177939687012271e-09    1.5889698435061356e-09    6.457900895897456e-09
6    3.5660882298331475e-09    1.7830441149165738e-09    6.263826624487018e-09
7    3.950818477926887e-09    1.9754092389634437e-09    6.071461500440148e-09
8    4.3317867261943865e-09    2.1658933630971933e-09    5.880977376306398e-09
9    4.708658178208952e-09    2.354329089104476e-09    5.6925416502991155e-09
10    5.081111194987775e-09    2.5405555974938876e-09    5.506315141909704e-09
11    5.448834732371677e-09    2.7244173661858384e-09    5.322453373217753e-09
12    5.811532917659318e-09    2.905766458829659e-09    5.141104280573933e-09
13    6.1689228829375775e-09    3.0844614414687888e-09    4.962409297934803e-09
14    6.520735710505848e-09    3.260367855252924e-09    4.786502884150667e-09
15    6.86671880554407e-09    3.433359402772035e-09    4.613511336631557e-09
16    7.20663451960965e-09    3.603317259804825e-09    4.443553479598766e-09
17    7.540261167185425e-09    3.770130583592712e-09    4.276740155810879e-09
18    7.867394678003764e-09    3.933697339001882e-09    4.1131734004017095e-09
19    8.18784616843371e-09    4.093923084216855e-09    3.9529476551867365e-09
20    8.501444870995245e-09    4.2507224354976225e-09    3.796148303905969e-09
21    8.808036166315508e-09    4.404018083157754e-09    3.6428526562458374e-09
22    9.107483495661428e-09    4.553741747830714e-09    3.4931289915728775e-09
23    9.399666038578669e-09    4.6998330192893345e-09    3.347037720114257e-09
24    9.684482022310342e-09    4.842241011155171e-09    3.2046297282484204e-09
25    9.961844297818462e-09    4.980922148909231e-09    3.0659485904943606e-09
26    1.0231684598530078e-08    5.115842299265039e-09    2.9310284401385528e-09
27    1.0493950057879897e-08    5.246975028939949e-09    2.799895710463643e-09
28    1.0748604168178688e-08    5.374302084089344e-09    2.6725686553142475e-09
29    1.0995626286217086e-08    5.497813143108543e-09    2.5490575962950485e-09
30    1.1235011818013646e-08    5.617505909006823e-09    2.4293648303967685e-09
31    1.146676947838543e-08    5.733384739192715e-09    2.3134860002108765e-09
32    1.1690924537049313e-08    5.8454622685246566e-09    2.201408470878935e-09
33    1.1907514753297516e-08    5.953757376648758e-09    2.0931133627548337e-09
34    1.211659130190626e-08    6.05829565095313e-09    1.9885750884504616e-09
35    1.2318218737573938e-08    6.159109368786969e-09    1.8877613706166224e-09
36    1.251247299218286e-08    6.25623649609143e-09    1.7906342433121614e-09
37    1.2699442291166929e-08    6.3497211455834646e-09    1.697149593820127e-09
38    1.2879224501986808e-08    6.439612250993404e-09    1.6072584884101876e-09
39    1.3051928163688303e-08    6.525964081844152e-09    1.5209066575594399e-09
40    1.3217671477293302e-08    6.608835738646651e-09    1.4380350007569404e-09
41    1.3376580031143614e-08    6.688290015571807e-09    1.3585807238317843e-09
42    1.352878881664965e-08    6.764394408324825e-09    1.2824763310787662e-09
43    1.3674438368530689e-08    6.8372191842653446e-09    1.209651555138247e-09
44    1.3813677403762964e-08    6.906838701881482e-09    1.1400320375221096e-09
45    1.3946658458750122e-08    6.973329229375061e-09    1.0735415100285306e-09
46    1.4073540464953904e-08    7.036770232476952e-09    1.0101005069266394e-09
47    1.4194486783886129e-08    7.0972433919430644e-09    9.496273474605271e-10
48    1.4309663256845823e-08    7.154831628422911e-09    8.920391109806802e-10
49    1.4419239988648636e-08    7.209619994324318e-09    8.372507450792738e-10
50    1.452338818305754e-08    7.26169409152877e-09    7.851766478748218e-10
51    1.4622282230088851e-08    7.3111411150444255e-09    7.35729624359166e-10
52    1.4716096539274526e-08    7.358048269637263e-09    6.888224697663287e-10
53    1.4805006627767459e-08    7.402503313883729e-09    6.443674255198623e-10
54    1.4889188393492347e-08    7.444594196746174e-09    6.022765426574178e-10
55    1.496881668139674e-08    7.48440834069837e-09    5.624623987052213e-10
56    1.5044065044926558e-08    7.522032522463279e-09    5.248382169403126e-10
57    1.511510703839508e-08    7.55755351919754e-09    4.893172202060508e-10
58    1.5182114259347512e-08    7.591057129673756e-09    4.558136097298354e-10
59    1.5245254170615646e-08    7.622627085307823e-09    4.2424365409576836e-10
60    1.5304694083676657e-08    7.652347041838328e-09    3.945236975652633e-10
61    1.5360596968428536e-08    7.680298484214268e-09    3.6657225518932357e-10
62    1.541312386488941e-08    7.706561932444705e-09    3.403088069588861e-10
63    1.5462431189605663e-08    7.731215594802832e-09    3.1565514460075994e-10
64    1.550867284594304e-08    7.75433642297152e-09    2.9253431643207206e-10
65    1.5551997625904562e-08    7.775998812952281e-09    2.708719264513104e-10
66    1.5592551764077173e-08    7.796275882038586e-09    2.505948573650052e-10
67    1.563047642011428e-08    7.81523821005714e-09    2.3163252934645107e-10
68    1.5665907847003946e-08    7.832953923501973e-09    2.139168159016186e-10
69    1.569897907591905e-08    7.849489537959525e-09    1.9738120144406623e-10
70    1.572981818799904e-08    7.86490909399952e-09    1.8196164540407178e-10
71    1.5758548292665875e-08    7.879274146332937e-09    1.675965930706541e-10
72    1.578528904160395e-08    7.892644520801975e-09    1.5422621860161634e-10
73    1.581015482204559e-08    7.905077411022796e-09    1.4179332838079595e-10
74    1.5833255101547344e-08    7.916627550773672e-09    1.3024318862991935e-10
75    1.585469507157239e-08    7.927347535786194e-09    1.195232036173971e-10
76    1.5874575048577255e-08    7.937287524288628e-09    1.0958321511496394e-10
77    1.5892992049140742e-08    7.946496024570371e-09    1.0037471483322069e-10
78    1.5910037201322808e-08    7.955018600661404e-09    9.185213874218778e-11
79    1.592579864859167e-08    7.962899324295836e-09    8.397141510775585e-11
80    1.5940358942968108e-08    7.970179471484054e-09    7.669126791953751e-11
81    1.5953796310072543e-08    7.976898155036272e-09    6.99725843673199e-11
82    1.5966187749509586e-08    7.983093874754793e-09    6.37768646487985e-11
83    1.5977601421166693e-08    7.988800710583346e-09    5.8070028820245145e-11
84    1.5988107070902258e-08    7.994053535451129e-09    5.28172039524627e-11
85    1.5997766872506702e-08    7.998883436253351e-09    4.798730315024036e-11
86    1.6006640791901144e-08    8.003320395950572e-09    4.3550343453019336e-11
87    1.601478500637063e-08    8.007392503185315e-09    3.947823621827662e-11
88    1.6022253176983803e-08    8.011126588491901e-09    3.574415091169014e-11
89    1.6029094755936474e-08    8.014547377968237e-09    3.2323361435354636e-11
90    1.603535617917401e-08    8.017678089587005e-09    2.919264981658676e-11
91    1.604108127925552e-08    8.02054063962776e-09    2.633009977583145e-11
92    1.6046311866052543e-08    8.023155933026271e-09    2.3714806377320152e-11
93    1.605108562036106e-08    8.02554281018053e-09    2.1327929223061148e-11
94    1.6055438002097328e-08    8.027719001048664e-09    1.9151738354927783e-11
95    1.605940260157937e-08    8.029701300789685e-09    1.7169438613906518e-11
96    1.6063011156440543e-08    8.031505578220272e-09    1.5365161183319986e-11
97    1.606629126569767e-08    8.033145632848834e-09    1.3725106554757227e-11
98    1.6069270640257233e-08    8.034635320128616e-09    1.2235419274975179e-11
99    1.607197426490778e-08    8.03598713245389e-09    1.088360694970203e-11
100    1.607442475393822e-08    8.03721237696911e-09    9.658362434480927e-12
101    1.6076643685140196e-08    8.038321842570098e-09    8.548896833493469e-12
102    1.607865070989492e-08    8.03932535494746e-09    7.545384456131288e-12
103    1.6080463589168703e-08    8.040231794584352e-09    6.638944819239989e-12
104    1.608209941345723e-08    8.041049706728615e-09    5.8210326749769115e-12
105    1.6083573820425273e-08    8.041786910212637e-09    5.083829190954958e-12
106    1.6084899776263456e-08    8.042449888131728e-09    4.420851271863535e-12
107    1.608609104166575e-08    8.043045520832875e-09    3.825218570716049e-12
108    1.608715942532854e-08    8.04357971266427e-09    3.2910267393215786e-12
109    1.608811524582074e-08    8.04405762291037e-09    2.813116493222134e-12
110    1.6088968803930348e-08    8.044484401965174e-09    2.3863374384175406e-12
111    1.608972853084714e-08    8.04486426542357e-09    2.00647398002074e-12
112    1.609040288595015e-08    8.045201442975075e-09    1.6692964285164313e-12
113    1.6090998541419543e-08    8.045499270709772e-09    1.3714686938198772e-12
114    1.6091522691587257e-08    8.045761345793628e-09    1.1093936099632051e-12
115    1.6091980048829613e-08    8.045990024414806e-09    8.807149887851695e-13
116    1.6092376435312278e-08    8.046188217656139e-09    6.825217474526468e-13
117    1.609271626200337e-08    8.046358131001685e-09    5.12608401906367e-13
118    1.6093002869112943e-08    8.046501434556472e-09    3.6930484711983347e-13
119    1.6093240378777657e-08    8.046620189388828e-09    2.505500147631512e-13
120    1.6093430823226063e-08    8.046715411613031e-09    1.553277905602668e-13
121    1.6093576900820528e-08    8.046788450410264e-09    8.228899332773931e-14
122    1.6093680320697357e-08    8.046840160348678e-09    3.0579054913215664e-14
123    1.609374166268787e-08    8.046870831343936e-09    9.194034422677078e-17
124    1.609376191298237e-08    8.046880956491184e-09    1.02170875926344e-14
125    1.6093741478807183e-08    8.046870739403592e-09    0.0
126    1.609368003229958e-08    8.04684001614979e-09    3.0723253802156236e-14
127    1.6093577458534125e-08    8.046788729267063e-09    8.201013652897604e-14
128    1.609343120703363e-08    8.046715603516816e-09    1.5513588677573686e-13
129    1.6093240975522533e-08    8.046620487761266e-09    2.502516423252832e-13
130    1.6093003678795126e-08    8.046501839397563e-09    3.689000060286274e-13
131    1.6092716460195527e-08    8.046358230097764e-09    5.125093058278019e-13
132    1.6092376813915676e-08    8.046188406957838e-09    6.823324457533309e-13
133    1.6091980449550736e-08    8.045990224775368e-09    8.805146282236942e-13
134    1.609152261829519e-08    8.045761309147595e-09    1.1094302559966351e-12
135    1.6090998677161655e-08    8.045499338580828e-09    1.3714008227638796e-12
136    1.6090403202970865e-08    8.045201601485433e-09    1.669137918158814e-12
137    1.6089728663119807e-08    8.044864331559903e-09    2.0064078436882182e-12
138    1.6088969127022595e-08    8.044484563511298e-09    2.3861758922938403e-12
139    1.6088115722436014e-08    8.044057861218007e-09    2.812878185584622e-12
140    1.6087159582754695e-08    8.043579791377348e-09    3.290948026243856e-12
141    1.6086091378635786e-08    8.043045689317893e-09    3.825050085698445e-12
142    1.6084900383850353e-08    8.042450191925177e-09    4.420547478414805e-12
143    1.6083573707234566e-08    8.041786853617283e-09    5.083885786308362e-12
144    1.6082099815479395e-08    8.041049907739697e-09    5.820831663894133e-12
145    1.6080463619526364e-08    8.040231809763182e-09    6.638929640409574e-12
146    1.607865119431645e-08    8.039325597158226e-09    7.545142245365954e-12
147    1.6076643804836116e-08    8.038321902418058e-09    8.548836985533548e-12
148    1.607442506835685e-08    8.037212534178426e-09    9.658205225165917e-12
149    1.607197451947845e-08    8.035987259739225e-09    1.088347966436698e-11
150    1.6069270874444902e-08    8.034635437222451e-09    1.223530218114055e-11
151    1.6066291250518838e-08    8.033145625259419e-09    1.3725114144172434e-11
152    1.6063010957814705e-08    8.031505478907353e-09    1.5365260496238986e-11
153    1.6059403142379414e-08    8.029701571189707e-09    1.71691682138847e-11
154    1.6055438270545785e-08    8.027719135272893e-09    1.915160413069883e-11
155    1.6051085608217996e-08    8.025542804108998e-09    2.1327935294593314e-11
156    1.6046311818347647e-08    8.023155909173824e-09    2.3714830229767947e-11
157    1.6041081439717442e-08    8.020540719858721e-09    2.6330019544870686e-11
158    1.6035356217771607e-08    8.017678108885803e-09    2.919263051778809e-11
159    1.602909480841186e-08    8.01454740420593e-09    3.232333519766206e-11
160    1.602225326068421e-08    8.011126630342105e-09    3.5744109061486284e-11
161    1.6014785632605805e-08    8.007392816302902e-09    3.9477923100689205e-11
162    1.600664092981166e-08    8.00332046490583e-09    4.3550274497761166e-11
163    1.5997766784469486e-08    7.998883392234743e-09    4.798734716884856e-11
164    1.598810711123458e-08    7.99405355561729e-09    5.281718378630229e-11
165    1.5977601701324534e-08    7.988800850662267e-09    5.806988874132446e-11
166    1.5966187385217656e-08    7.983093692608828e-09    6.377704679476348e-11
167    1.595379649265219e-08    7.976898246326095e-09    6.997249307749698e-11
168    1.594035862985052e-08    7.97017931492526e-09    7.669142447833122e-11
169    1.5925798396623086e-08    7.962899198311543e-09    8.39715410920483e-11
170    1.591003717790404e-08    7.95501858895202e-09    9.185215045157125e-11
171    1.589299231325239e-08    7.946496156626195e-09    1.0037458277739608e-10
172    1.5874575123170365e-08    7.937287561585182e-09    1.095831778184092e-10
173    1.5854694654805074e-08    7.927347327402537e-09    1.1952341200105465e-10
174    1.5833254897717336e-08    7.916627448858668e-09    1.3024329054492356e-10
175    1.58101551165149e-08    7.90507755825745e-09    1.4179318114614092e-10
176    1.5785289278827386e-08    7.892644639413693e-09    1.5422609998989867e-10
177    1.5758548128300826e-08    7.879274064150413e-09    1.6759667525317878e-10
178    1.5729817513625288e-08    7.864908756812644e-09    1.8196198259094742e-10
179    1.5698978540323177e-08    7.849489270161589e-09    1.9738146924200284e-10
180    1.5665907681771535e-08    7.832953840885767e-09    2.1391689851782414e-10
181    1.5630476162941526e-08    7.815238081470763e-09    2.3163265793282872e-10
182    1.5592551845609176e-08    7.796275922804588e-09    2.505948165990035e-10
183    1.5551998035732983e-08    7.775999017866492e-09    2.708717215370998e-10
184    1.550867310571788e-08    7.75433655285894e-09    2.925341865446518e-10
185    1.5462431665353576e-08    7.731215832676788e-09    3.156549067268033e-10
186    1.541312392907418e-08    7.70656196453709e-09    3.403087748665018e-10
187    1.5360597432467066e-08    7.680298716233533e-09    3.6657202317005866e-10
188    1.5304694356028242e-08    7.652347178014121e-09    3.945235613894704e-10
189    1.5245254624245835e-08    7.622627312122918e-09    4.242434272806739e-10
190    1.5182114441927158e-08    7.591057220963579e-09    4.558135184400125e-10
191    1.5115107369727265e-08    7.557553684863633e-09    4.893170545399589e-10
192    1.5044065343732677e-08    7.522032671866338e-09    5.248380675372533e-10
193    1.4968816801960022e-08    7.484408400980011e-09    5.624623384235805e-10
194    1.4889188874878112e-08    7.444594437439056e-09    6.022763019645355e-10
195    1.4805006892312789e-08    7.402503446156394e-09    6.443672932471972e-10
196    1.4716096742670853e-08    7.358048371335427e-09    6.888223680681649e-10
197    1.4622282283865279e-08    7.3111411419326394e-09    7.357295974709521e-10
198    1.4523388259819053e-08    7.261694129909527e-09    7.851766094940649e-10
199    1.4419239345499907e-08    7.209619672749953e-09    8.372510666536381e-10
200    1.430966302092343e-08    7.154831510461715e-09    8.920392289418766e-10
201    1.4194486592632866e-08    7.097243296316433e-09    9.496274430871587e-10
202    1.407354042809103e-08    7.036770214045515e-09    1.0101005253580764e-09
203    1.3946658382422289e-08    6.9733291912111445e-09    1.073541548192447e-09
204    1.381367711709991e-08    6.906838558549955e-09    1.1400321808536368e-09
205    1.3674438656928467e-08    6.8372193284642335e-09    1.209651410939358e-09
206    1.3528788800169778e-08    6.764394400084889e-09    1.2824763393187028e-09
207    1.3376580025939444e-08    6.688290012969722e-09    1.3585807264338695e-09
208    1.3217671313795615e-08    6.608835656897807e-09    1.4380350825057842e-09
209    1.3051928146341069e-08    6.525964073170534e-09    1.5209066662330573e-09
210    1.2879224290350544e-08    6.439612145175272e-09    1.6072585942283196e-09
211    1.269944197718198e-08    6.34972098859099e-09    1.6971497508126016e-09
212    1.251247307675063e-08    6.256236538375315e-09    1.7906342010282766e-09
213    1.2318218902372668e-08    6.159109451186334e-09    1.8877612882172573e-09
214    1.2116591419867456e-08    6.058295709933728e-09    1.9885750294698634e-09
215    1.1907514297498922e-08    5.953757148749461e-09    2.0931135906541304e-09
216    1.1690924489778098e-08    5.845462244889049e-09    2.2014084945145423e-09
217    1.1466769080266392e-08    5.733384540133196e-09    2.3134861992703953e-09
218    1.123501133055635e-08    5.617505665278175e-09    2.429365074125417e-09
219    1.099562652257316e-08    5.49781326128658e-09    2.5490574781170117e-09
220    1.07486042041742e-08    5.3743021020871e-09    2.6725686373164914e-09
221    1.0493950148085518e-08    5.246975074042759e-09    2.7998956653608326e-09
222    1.0231684585953332e-08    5.115842292976666e-09    2.9310284464269254e-09
223    9.961844577976303e-09    4.980922288988152e-09    3.06594845041544e-09
224    9.68448191605853e-09    4.842240958029265e-09    3.204629781374327e-09
225    9.399666254985423e-09    4.699833127492711e-09    3.3470376119108802e-09
226    9.107483535126387e-09    4.553741767563194e-09    3.493128971840398e-09
227    8.808036390962198e-09    4.404018195481099e-09    3.6428525439224924e-09
228    8.501445124698553e-09    4.250722562349277e-09    3.796148177054315e-09
229    8.18784603876313e-09    4.093923019381565e-09    3.9529477200220264e-09
230    7.867394347105261e-09    3.9336971735526305e-09    4.113173565850961e-09
231    7.540260771668472e-09    3.770130385834236e-09    4.2767403535693554e-09
232    7.2066336587531254e-09    3.6033168293765627e-09    4.443553910027029e-09
233    6.866718109919956e-09    3.433359054959978e-09    4.613511684443614e-09
234    6.520734697427338e-09    3.260367348713669e-09    4.786503390689922e-09
235    6.168922070219629e-09    3.0844610351098145e-09    4.962409704293777e-09
236    5.811532652680307e-09    2.9057663263401534e-09    5.141104413063438e-09
237    5.448834560200372e-09    2.724417280100186e-09    5.322453459303406e-09
238    5.081110822022228e-09    2.540555411011114e-09    5.506315328392478e-09
239    4.7086583057111275e-09    2.3543291528555638e-09    5.692541586548028e-09
240    4.331786795149645e-09    2.1658933975748224e-09    5.880977341828769e-09
241    3.950818870841755e-09    1.9754094354208773e-09    6.071461303982714e-09
242    3.56608831093147e-09    1.783044155465735e-09    6.2638265839378565e-09
243    3.177940074722968e-09    1.588970037361484e-09    6.4579007020421075e-09
244    2.7867283086159544e-09    1.3933641543079772e-09    6.653506585095614e-09
245    2.392808676025815e-09    1.1964043380129075e-09    6.850466401390684e-09
246    1.996518123568991e-09    9.982590617844955e-10    7.048611677619096e-09
247    1.5980365034723443e-09    7.990182517361721e-10    7.247852487667419e-09
248    1.1966234201438164e-09    5.983117100719082e-10    7.448559029331683e-09
249    7.853520923861712e-10    3.926760461930856e-10    7.654194693210506e-09
250    0.0    1.3925284861847353e-10    7.907617890785118e-09
251    0.0    6.619239141178457e-11    7.980678347991807e-09
252    0.0    3.3003861579436466e-11    8.013866877824155e-09
253    0.0    1.6662577134035628e-11    8.030208162269556e-09
254    0.0    8.443517586498306e-12    8.038427221817093e-09
255    0.0    4.283439271682288e-12    8.04258730013191e-09
256    0.0    2.1739068878368073e-12    8.044696832515755e-09
257    0.0    1.103376938427214e-12    8.045767362465164e-09
258    0.0    5.600476679634703e-13    8.046310691735628e-09
259    0.0    2.843185756273847e-13    8.046586420827964e-09
260    0.0    1.442736988904736e-13    8.046726465704701e-09
261    0.0    7.321096853751818e-14    8.046797528435054e-09
262    0.0    3.7210469081006003e-14    8.04683352893451e-09
263    0.0    1.8871839854717187e-14    8.046851867563737e-09
264    0.0    9.658723473804365e-15    8.046861080680118e-09
265    0.0    4.855924690128077e-15    8.046865883478901e-09
266    0.0    2.4036762164003633e-15    8.046868335727375e-09
267    0.0    1.1280039402539188e-15    8.046869611399651e-09
268    0.0    7.407269242420966e-16    8.046869998676667e-09
269    0.0    3.176712365382528e-16    8.046870421732355e-09
270    0.0    5.442694905877232e-17    8.046870684976642e-09
271    0.0    7.003946034256359e-17    8.046870669364131e-09
272    0.0    6.288372600415926e-17    8.046870676519866e-09
273    -0.0    -1.5178830414797062e-17    8.046870754582422e-09
274    0.0    2.4069288229178198e-17    8.046870715334303e-09
275    0.0    5.0523821237824507e-17    8.04687068887977e-09
276    0.0    1.0603497246908233e-16    8.046870633368619e-09
277    -0.0    -2.7972416050126014e-17    8.046870767376008e-09
278    -0.0    -5.139118297581291e-17    8.046870790794775e-09
279    -0.0    -8.066464163292153e-17    8.046870820068233e-09
280    -0.0    -9.324138683375338e-18    8.04687074872773e-09
281    0.0    6.938893903907228e-18    8.046870732464698e-09
282    -0.0    -7.524363077049401e-17    8.046870814647222e-09
283    -0.0    -8.673617379884035e-18    8.046870748077209e-09
284    -0.0    -8.847089727481716e-17    8.046870827874489e-09
285    -0.0    -1.454999315475547e-16    8.046870884903523e-09
286    0.0    2.883977778811442e-17    8.046870710563814e-09
287    -0.0    -3.209238430557093e-17    8.046870771495976e-09
288    0.0    8.261620554339544e-17    8.046870656787386e-09
289    -0.0    -1.0646865333807654e-16    8.046870845872245e-09
290    0.0    1.0191500421363742e-16    8.046870637488587e-09
291    -0.0    -2.3852447794681098e-17    8.04687076325604e-09
292    0.0    4.380176776841438e-17    8.046870695601824e-09
293    0.0    3.469446951953614e-18    8.046870735934145e-09
294    -0.0    -4.380176776841438e-17    8.04687078320536e-09
295    -0.0    -1.732555071631836e-16    8.046870912659099e-09
296    -0.0    -6.808789643208968e-17    8.046870807491488e-09
297    -0.0    -8.912141857830846e-17    8.04687082852501e-09
298    0.0    5.2909066017292616e-17    8.046870686494526e-09
299    0.0    1.951563910473908e-17    8.046870719887952e-09
300    0.0    1.5612511283791264e-17    8.04687072379108e-09
301    -0.0    -4.228388472693467e-17    8.046870781687476e-09
302    -0.0    -7.39425881635114e-17    8.04687081334618e-09
303    0.0    6.288372600415926e-18    8.046870733115219e-09
304    0.0    6.548581121812447e-17    8.04687067391778e-09
305    -0.0    -5.681219383824043e-17    8.046870796215785e-09
306    0.0    2.4936649967166602e-17    8.046870714466942e-09
307    -0.0    -4.141652298894627e-17    8.046870780820115e-09
308    -0.0    -4.5102810375396984e-17    8.046870784506402e-09
309    -0.0    -2.7755575615628914e-17    8.046870767159167e-09
310    -0.0    -4.575333167888829e-17    8.046870785156923e-09
311    0.0    5.095750210681871e-17    8.04687068844609e-09
312    0.0    8.890457814381136e-18    8.046870730513134e-09
313    0.0    2.5587171270657905e-17    8.04687071381642e-09
314    0.0    8.239936510889834e-17    8.046870657004226e-09
315    0.0    2.4936649967166602e-17    8.046870714466942e-09
316    -0.0    -4.662069341687669e-17    8.046870786024285e-09
317    0.0    4.7704895589362195e-17    8.046870691698696e-09
318    0.0    9.367506770274758e-17    8.046870645728524e-09
319    0.0    3.447762908503904e-17    8.046870704925962e-09
320    -0.0    -1.0495077029659683e-16    8.046870844354362e-09
321    -0.0    -1.6479873021779667e-17    8.046870755883465e-09
322    -0.0    -7.090682208055199e-17    8.046870810310414e-09
323    -0.0    -1.973247953923618e-17    8.046870759136071e-09
324    0.0    1.8713329497099807e-16    8.046870552270297e-09
325    0.0    8.716985466783456e-17    8.046870652233737e-09
326    0.0    3.469446951953614e-17    8.046870704709122e-09
327    -0.0    -4.85722573273506e-17    8.046870787975849e-09
328    0.0    4.7704895589362195e-17    8.046870691698696e-09
329    0.0    4.9873299934333204e-18    8.046870734416262e-09
330    -0.0    -6.179952383167375e-17    8.046870801203115e-09
331    -0.0    -3.903127820947816e-17    8.04687077843487e-09
332    0.0    9.410874857174178e-17    8.046870645294843e-09
333    -0.0    -1.3660947373317356e-17    8.046870753064539e-09
334    0.0    6.938893903907228e-18    8.046870732464698e-09
335    0.0    5.204170427930421e-17    8.046870687361887e-09
336    0.0    4.3151246464923076e-17    8.046870696252345e-09
337    -0.0    -7.871307772244762e-17    8.04687081811667e-09
338    0.0    7.806255641895632e-17    8.046870661341035e-09
339    0.0    8.673617379884035e-17    8.046870652667418e-09
340    -0.0    -1.5157146371347352e-16    8.046870890975055e-09
341    0.0    8.912141857830846e-17    8.046870650282173e-09
342    -0.0    -2.168404344971009e-18    8.046870741571996e-09
343    -0.0    -1.3400738851920835e-16    8.04687087341098e-09
344    -0.0    -2.970713952610282e-17    8.046870769110731e-09
345    0.0    9.063930161978817e-17    8.04687064876429e-09
346    -0.0    -8.868773770931426e-17    8.04687082809133e-09
347    0.0    6.440160904563896e-17    8.046870675001982e-09
348    0.0    1.476683358925257e-16    8.046870591735256e-09
349    -0.0    -5.724587470723463e-17    8.046870796649466e-09
350    -0.0    -4.141652298894627e-17    8.046870780820115e-09
351    -0.0    -7.41594285980085e-17    8.04687081356302e-09
352    -0.0    -3.2959746043559335e-17    8.046870772363338e-09
353    -0.0    -5.681219383824043e-17    8.046870796215785e-09
354    -0.0    -1.214306433183765e-17    8.046870751546656e-09
355    -0.0    -6.938893903907228e-18    8.046870746342485e-09
356    -0.0    -4.0549161250957866e-17    8.046870779952753e-09
357    -0.0    -1.2967057982926633e-16    8.046870869074171e-09
358    0.0    1.6523241108679088e-16    8.04687057417118e-09
359    0.0    1.5959455978986625e-16    8.046870579809032e-09
360    -0.0    -1.235990476633475e-17    8.046870751763496e-09
361    -0.0    -2.8189256484623115e-17    8.046870767592848e-09
362    0.0    8.174884380540703e-17    8.046870657654748e-09
363    0.0    4.7704895589362195e-17    8.046870691698696e-09
364    0.0    1.452830911130576e-17    8.046870724875282e-09
365    0.0    6.722053469410127e-17    8.046870672183057e-09
366    0.0    1.0191500421363742e-17    8.046870729212091e-09
367    0.0    3.5128150388530344e-17    8.046870704275441e-09
368    -0.0    -5.681219383824043e-17    8.046870796215785e-09
369    0.0    1.8431436932253575e-17    8.046870720972155e-09
370    0.0    3.2959746043559335e-17    8.046870706443846e-09
371    -0.0    -1.0191500421363742e-17    8.046870749595092e-09
372    -0.0    -7.28583859910259e-17    8.046870812261978e-09
373    0.0    6.093216209368535e-17    8.04687067847143e-09
374    -0.0    -6.613633252161577e-17    8.046870805539924e-09
375    -0.0    -1.3552527156068805e-16    8.046870874928863e-09
376    0.0    2.7321894746634712e-17    8.046870712081697e-09
377    0.0    8.196568423990414e-17    8.046870657437907e-09
378    -0.0    -7.177418381854039e-17    8.046870811177775e-09
379    -0.0    -1.3877787807814457e-17    8.04687075328138e-09
380    -0.0    -5.789639601072594e-17    8.046870797299988e-09
381    0.0    2.2768245622195593e-17    8.046870716635346e-09
382    -0.0    -1.8648277366750676e-17    8.046870758051869e-09
383    0.0    1.5200514458246772e-16    8.046870587398447e-09
384    -0.0    -1.4289784633358948e-16    8.046870882301438e-09
385    -0.0    -7.39425881635114e-17    8.04687081334618e-09
386    -0.0    -3.252606517456513e-17    8.046870771929657e-09
387    -0.0    -6.288372600415926e-17    8.046870802287318e-09
388    0.0    2.2551405187698492e-17    8.046870716852186e-09
389    -0.0    -2.1467203015212988e-17    8.046870760870795e-09
390    0.0    0.0    8.046870739403592e-09
391    0.0    9.107298248878237e-18    8.046870730296293e-09
392    0.0    4.90059381963448e-17    8.046870690397653e-09
393    0.0    3.3393426912553537e-17    8.046870706010165e-09
394    -0.0    -4.9439619065339e-17    8.04687078884321e-09
395    0.0    7.589415207398531e-18    8.046870731814176e-09
396    0.0    1.1492543028346347e-17    8.046870727911049e-09
397    -0.0    -8.673617379884035e-18    8.046870748077209e-09
398    -0.0    -8.890457814381136e-18    8.04687074829405e-09
399    -0.0    -5.898059818321144e-17    8.04687079838419e-09
400    -0.0    -4.662069341687669e-17    8.046870786024285e-09
401    -0.0    -1.448494102440634e-16    8.046870884253002e-09
402    0.0    1.2533377113932431e-16    8.04687061406982e-09
403    0.0    5.941427905220564e-17    8.046870679989312e-09
404    -0.0    -8.261620554339544e-17    8.046870822019797e-09
405    -0.0    -3.3393426912553537e-17    8.046870772797018e-09
406    -0.0    -3.1008182133085427e-17    8.046870770411774e-09
407    -0.0    -8.304988641238964e-17    8.046870822453478e-09
408    -0.0    -2.47198095326695e-17    8.046870764123401e-09
409    -0.0    -1.0885389811754465e-16    8.04687084825749e-09
410    -0.0    -9.367506770274758e-17    8.04687083307866e-09
411    -0.0    -1.3010426069826053e-18    8.046870740704634e-09
412    0.0    4.9873299934333204e-18    8.046870734416262e-09
413    -0.0    -1.3400738851920835e-16    8.04687087341098e-09
414    -0.0    -3.252606517456513e-17    8.046870771929657e-09
415    -0.0    -2.6020852139652106e-17    8.046870765424444e-09
416    0.0    8.456776945386935e-18    8.046870730946815e-09
417    -0.0    -4.8138576458356397e-17    8.046870787542168e-09
418    0.0    7.806255641895632e-17    8.046870661341035e-09
419    -0.0    -2.233456475320139e-17    8.046870761738156e-09
420    0.0    2.0317948712378353e-16    8.046870536224104e-09
421    0.0    2.45029690981724e-17    8.046870714900622e-09
422    -0.0    -1.5157146371347352e-16    8.046870890975055e-09
423    -0.0    -6.158268339717665e-17    8.046870800986275e-09
424    -0.0    -1.2923689896027213e-16    8.04687086864049e-09
425    -0.0    -7.090682208055199e-17    8.046870810310414e-09
426    -0.0    -1.8127860323957634e-16    8.046870920682195e-09
427    0.0    9.974659986866641e-18    8.046870729428932e-09
428    -0.0    -1.3292318634672284e-16    8.046870872326778e-09
429    -0.0    -1.7997756063259374e-17    8.046870757401348e-09
430    -0.0    -9.627715291671279e-17    8.046870835680744e-09
431    -0.0    -5.746271514173174e-17    8.046870796866307e-09
432    -0.0    -5.854691731421724e-18    8.046870745258283e-09
433    0.0    1.0842021724855044e-16    8.046870630983374e-09
434    -0.0    -5.4860629927766524e-17    8.046870794264221e-09
435    -0.0    -6.917209860457518e-17    8.04687080857569e-09
436    -0.0    -2.3570555229834866e-16    8.046870975109144e-09
437    0.0    3.0357660829594124e-18    8.046870736367825e-09
438    -0.0    -7.112366251504909e-17    8.046870810527254e-09
439    -0.0    -8.955509944730267e-17    8.046870828958691e-09
440    0.0    1.192622389734055e-16    8.046870620141353e-09
441    -0.0    -2.7538735181131813e-17    8.046870766942327e-09
442    0.0    1.3595895242968226e-16    8.046870603444639e-09
443    -0.0    -4.3151246464923076e-17    8.046870782554838e-09
444    0.0    4.83554168928535e-17    8.046870691048175e-09
445    0.0    7.806255641895632e-17    8.046870661341035e-09
446    -0.0    -1.3595895242968226e-16    8.046870875362544e-09
447    0.0    1.1752751549742868e-16    8.046870621876076e-09
448    -0.0    -2.1250362580715887e-17    8.046870760653954e-09
449    0.0    9.497611030973019e-17    8.046870644427481e-09
450    0.0    1.8648277366750676e-17    8.046870720755314e-09
451    0.0    7.112366251504909e-17    8.046870668279929e-09
452    0.0    1.6696713456276768e-17    8.046870722706878e-09
453    0.0    9.540979117872439e-18    8.046870729862612e-09
454    -0.0    -1.0278236595162582e-16    8.046870842185957e-09
455    -0.0    -6.375108774214766e-17    8.04687080315468e-09
456    0.0    3.382710778154774e-17    8.046870705576484e-09
457    -0.0    -1.48318857196017e-16    8.046870887722449e-09
458    -0.0    -2.7538735181131813e-17    8.046870766942327e-09
459    -0.0    -1.1752751549742868e-16    8.046870856931107e-09
460    0.0    5.139118297581291e-17    8.046870688012409e-09
461    0.0    5.616167253474913e-17    8.046870683241919e-09
462    0.0    1.8865117801247777e-17    8.046870720538474e-09
463    -0.0    -3.5128150388530344e-17    8.046870774531742e-09
464    0.0    1.0234868508263162e-16    8.046870637054906e-09
465    0.0    4.185020385794047e-17    8.046870697553388e-09
466    0.0    0.0    8.046870739403592e-09
467    0.0    4.92227786308419e-17    8.046870690180813e-09
468    -0.0    -1.6263032587282567e-17    8.046870755666624e-09
469    -0.0    -4.90059381963448e-17    8.04687078840953e-09
470    0.0    4.96564594998361e-17    8.046870689747132e-09
471    0.0    8.088148206741863e-17    8.04687065852211e-09
472    -0.0    -7.827939685345342e-17    8.046870817682988e-09
473    -0.0    -1.214306433183765e-17    8.046870751546656e-09
474    0.0    3.0140820395097023e-17    8.046870709262771e-09
475    0.0    2.0144476364780672e-16    8.046870537958828e-09
476    0.0    1.441988889405721e-16    8.046870595204703e-09
477    0.0    8.586881206085195e-17    8.04687065353478e-09
478    0.0    2.959871930885427e-16    8.046870443416398e-09
479    0.0    3.668940151690947e-16    8.046870372509576e-09
480    0.0    6.353424730765056e-16    8.046870104061118e-09
481    0.0    1.2420620087993939e-15    8.046869497341583e-09
482    0.0    2.5756306809565643e-15    8.04686816377291e-09
483    0.0    4.91555580961478e-15    8.046865823847782e-09
484    0.0    9.73309974283687e-15    8.046861006303849e-09
485    0.0    1.8885283961656008e-14    8.04685185411963e-09
486    0.0    3.7153440046733266e-14    8.046833585963545e-09
487    0.0    7.340048707726865e-14    8.046797338916514e-09
488    0.0    1.4426936208178365e-13    8.04672647004151e-09
489    0.0    2.8433939230909644e-13    8.046586400011282e-09
490    0.0    5.601127200938194e-13    8.046310626683498e-09
491    0.0    1.1033147052225134e-12    8.045767424698369e-09
492    0.0    2.1739205487841806e-12    8.044696818854807e-09
493    0.0    4.283438187480115e-12    8.042587301216111e-09
494    0.0    8.443568760840847e-12    8.03842717064275e-09
495    0.0    1.666249863779834e-11    8.030208240765793e-09
496    0.0    3.300391297061944e-11    8.013866826432972e-09
497    0.0    6.619257811139867e-11    7.980678161292193e-09
498    0.0    1.392527842168645e-10    7.907617955186727e-09
499    7.853515220958285e-10    3.9267576104791424e-10    7.654194978355677e-09
