0    1.5611433140140518e-09    7.805716570070259e-10    6.894842448498459e-09
1    2.101097506482935e-09    1.0505487532414676e-09    6.624865352264017e-09
2    2.6355878885581108e-09    1.3177939442790554e-09    6.357620161226429e-09
3    3.1647109759169734e-09    1.5823554879584867e-09    6.093058617546998e-09
4    3.6876506058838854e-09    1.8438253029419427e-09    5.831588802563542e-09
5    4.203479515851871e-09    2.1017397579259356e-09    5.573674347579549e-09
6    4.711287542383258e-09    2.355643771191629e-09    5.319770334313856e-09
7    5.21020875748901e-09    2.605104378744505e-09    5.07030972676098e-09
8    5.699425408185743e-09    2.8497127040928716e-09    4.825701401412613e-09
9    6.178175904463651e-09    3.0890879522318254e-09    4.586326153273659e-09
10    6.6457549650032754e-09    3.3228774825016377e-09    4.352536623003847e-09
11    7.101518692109038e-09    3.550759346054519e-09    4.124654759450966e-09
12    7.544886802129946e-09    3.772443401064973e-09    3.9029707044405115e-09
13    7.975343768208687e-09    3.9876718841043435e-09    3.6877422214011413e-09
14    8.392439984714756e-09    4.196219992357378e-09    3.479194113148107e-09
15    8.79579158249641e-09    4.397895791248205e-09    3.27751831425728e-09
16    9.18508288655015e-09    4.592541443275075e-09    3.0828726622304098e-09
17    9.560063478266517e-09    4.780031739133259e-09    2.895382366372226e-09
18    9.920548760516262e-09    4.960274380258131e-09    2.7151397252473536e-09
19    1.026641745878118e-08    5.13320872939059e-09    2.542205376114895e-09
20    1.0597611509264443e-08    5.2988057546322215e-09    2.3766083508732633e-09
21    1.0914130600583188e-08    5.457065300291594e-09    2.2183488052138906e-09
22    1.1216033387641267e-08    5.608016693820633e-09    2.0673974116848515e-09
23    1.1503431193715663e-08    5.7517155968578315e-09    1.9236985086476532e-09
24    1.1776486512956458e-08    5.888243256478229e-09    1.7871708490272559e-09
25    1.2035409622471877e-08    6.017704811235938e-09    1.6577092942695465e-09
26    1.2280453160016386e-08    6.140226580008193e-09    1.5351875254972919e-09
27    1.2511910991216263e-08    6.2559554956081315e-09    1.4194586098973533e-09
28    1.273011119434786e-08    6.36505559717393e-09    1.310358508331555e-09
29    1.2935415327850613e-08    6.467707663925307e-09    1.207706441580178e-09
30    1.3128211619802682e-08    6.564105809901341e-09    1.1113082956041437e-09
31    1.3308912358896835e-08    6.6544561794484175e-09    1.0209579260570673e-09
32    1.3477949901107011e-08    6.738974950553506e-09    9.36439154951979e-10
33    1.3635772533240192e-08    6.817886266620096e-09    8.575278388853885e-10
34    1.3782841790620226e-08    6.891420895310113e-09    7.839932101953717e-10
35    1.3919627608102031e-08    6.9598138040510155e-09    7.156003014544693e-10
36    1.4046606082711993e-08    7.023303041355997e-09    6.521110641494882e-10
37    1.4164254867957138e-08    7.082127433978569e-09    5.932866715269158e-10
38    1.4273052332050562e-08    7.136526166025281e-09    5.388879394802037e-10
39    1.4373472563642548e-08    7.186736281821274e-09    4.88677823684211e-10
40    1.4465985609043996e-08    7.232992804521998e-09    4.4242130098348653e-10
41    1.455105288084707e-08    7.275526440423535e-09    3.998876650819494e-10
42    1.462912542493644e-08    7.31456271246822e-09    3.6085139303726477e-10
43    1.4700643512395584e-08    7.350321756197792e-09    3.2509234930769293e-10
44    1.476603440344823e-08    7.383017201724115e-09    2.923969037813695e-10
45    1.4825711274098208e-08    7.412855637049104e-09    2.6255846845638087e-10
46    1.4880071365613173e-08    7.440035682806587e-09    2.353784226988981e-10
47    1.492949611202679e-08    7.464748056013396e-09    2.1066604949208922e-10
48    1.497435027147595e-08    7.487175135737975e-09    1.8823896976750965e-10
49    1.501498059610154e-08    7.50749029805077e-09    1.6792380745471458e-10
50    1.5051717521235436e-08    7.525858760617718e-09    1.4955534488776678e-10
51    1.508487174886261e-08    7.542435874431305e-09    1.329782310741795e-10
52    1.5114738459963417e-08    7.557369229981709e-09    1.1804487552377618e-10
53    1.5141594112647733e-08    7.570797056323866e-09    1.046170491816184e-10
54    1.516569823065486e-08    7.58284911532743e-09    9.256499017805397e-11
55    1.518729296620322e-08    7.59364648310161e-09    8.176762240387492e-11
56    1.5206604757084935e-08    7.603302378542467e-09    7.211172696301726e-11
57    1.5223843368664808e-08    7.611921684332404e-09    6.349242117308085e-11
58    1.5239203623399616e-08    7.619601811699808e-09    5.581229380567654e-11
59    1.5252865226064727e-08    7.626432613032363e-09    4.8981492473121335e-11
60    1.5264994546616145e-08    7.632497273308073e-09    4.291683219741216e-11
61    1.5275744170029776e-08    7.637872085014888e-09    3.754202049059685e-11
62    1.528525393887023e-08    7.642626969435115e-09    3.278713607036965e-11
63    1.5293651919098122e-08    7.646825959549061e-09    2.858814595642356e-11
64    1.5301054773902978e-08    7.650527386951489e-09    2.4886718553995824e-11
65    1.5307568892574536e-08    7.653784446287268e-09    2.1629659218216912e-11
66    1.531329065027759e-08    7.656645325138794e-09    1.8768780366690274e-11
67    1.5318308393876684e-08    7.659154196938342e-09    1.6259908567142767e-11
68    1.5322700563230596e-08    7.661350281615298e-09    1.40638238901869e-11
69    1.532653829241018e-08    7.66326914620509e-09    1.214495930039472e-11
70    1.5329885872869542e-08    7.664942936434771e-09    1.047116907071377e-11
71    1.5332800638520605e-08    7.666400319260303e-09    9.013786245182231e-12
72    1.5335334613286733e-08    7.667667306643366e-09    7.746798862118265e-12
73    1.5337533670629205e-08    7.668766835314603e-09    6.647270190882071e-12
74    1.5339438790354376e-08    7.669719395177188e-09    5.694710328296715e-12
75    1.534108608723661e-08    7.670543043618305e-09    4.871061887179451e-12
76    1.5342508613395978e-08    7.671254306697989e-09    4.159798807495951e-12
77    1.534373458714558e-08    7.67186729357279e-09    3.5468119326947933e-12
78    1.534478882283738e-08    7.67239441141869e-09    3.0196940867949218e-12
79    1.5345694800387305e-08    7.672847400193653e-09    2.566705311832229e-12
80    1.534647185112009e-08    7.673235925560046e-09    2.178179945439007e-12
81    1.5347136954942803e-08    7.673568477471401e-09    1.845628034083391e-12
82    1.5347705301961556e-08    7.673852650980778e-09    1.5614545247066847e-12
83    1.5348190339752737e-08    7.674095169876369e-09    1.3189356291160026e-12
84    1.5348603302385577e-08    7.674301651192789e-09    1.1124543126961317e-12
85    1.5348954555700206e-08    7.674477277850103e-09    9.368276553817223e-13
86    1.5349252927704393e-08    7.674626463852197e-09    7.876416532881514e-13
87    1.534950604424254e-08    7.67475302212127e-09    6.610833842152219e-13
88    1.534971986192138e-08    7.67485993096069e-09    5.541745447951163e-13
89    1.5349901009119316e-08    7.674950504559658e-09    4.636009458269807e-13
90    1.5350053176460543e-08    7.675026588230272e-09    3.8751727521324497e-13
91    1.5350181918529632e-08    7.675090959264816e-09    3.231462406688701e-13
92    1.5350289803151007e-08    7.675144901575504e-09    2.692039299811988e-13
93    1.5350380615924974e-08    7.675190307962487e-09    2.2379754299750587e-13
94    1.5350456324461637e-08    7.675228162230818e-09    1.8594327466647798e-13
95    1.5350520443310756e-08    7.675260221655378e-09    1.538838501069506e-13
96    1.5350573098239784e-08    7.675286549119892e-09    1.275563855929196e-13
97    1.5350617531013216e-08    7.675308765506608e-09    1.0533999887651913e-13
98    1.535065469746369e-08    7.675327348731845e-09    8.675677364011758e-14
99    1.5350685266760783e-08    7.675342633380391e-09    7.147212509328593e-14
100    1.535071087214665e-08    7.675355436073325e-09    5.86694321597081e-14
101    1.5350731848856602e-08    7.675365924428301e-09    4.818107718351783e-14
102    1.5350749598113528e-08    7.675374799056764e-09    3.930644872085498e-14
103    1.535076394687876e-08    7.67538197343938e-09    3.21320661050839e-14
104    1.5350775911700254e-08    7.675387955850127e-09    2.6149655357743384e-14
105    1.5350785558063823e-08    7.675392779031912e-09    2.132647357322437e-14
106    1.5350793768076354e-08    7.675396884038177e-09    1.7221467307759752e-14
107    1.5350800269819942e-08    7.675400134909971e-09    1.3970595513779216e-14
108    1.53508062168857e-08    7.67540310844285e-09    1.0997062635520471e-14
109    1.535081013475867e-08    7.675405067379334e-09    9.038126150273662e-15
110    1.5350814019238213e-08    7.675407009619106e-09    7.0958863784831294e-15
111    1.535081674752456e-08    7.67540837376228e-09    5.731743205061868e-15
112    1.535081944285116e-08    7.67540972142558e-09    4.384079904662386e-15
113    1.5350821211401744e-08    7.675410605700872e-09    3.4998046127832083e-15
114    1.5350822689819826e-08    7.675411344909913e-09    2.7605955715825914e-15
115    1.5350824259744572e-08    7.675412129872286e-09    1.975633198703086e-15
116    1.5350825163969184e-08    7.675412581984592e-09    1.5235208927766308e-15
117    1.53508260408719e-08    7.67541302043595e-09    1.0850695342234928e-15
118    1.5350826661035544e-08    7.675413330517772e-09    7.749877128926386e-16
119    1.5350827658501542e-08    7.675413829250771e-09    2.7625471354930653e-16
120    1.535082791263853e-08    7.675413956319266e-09    1.491862189340054e-16
121    1.5350828039707026e-08    7.675414019853513e-09    8.565197162635485e-17
122    1.535082834068155e-08    7.675414170340775e-09    6.483528991463317e-17
123    1.5350828447367043e-08    7.675414223683522e-09    1.1817803680091998e-16
124    1.53508281060602e-08    7.6754140530301e-09    5.2475385148298415e-17
125    1.535082821101097e-08    7.675414105505485e-09    0.0
126    1.5350828088712964e-08    7.675414044356482e-09    6.114900252818245e-17
127    1.5350827869704126e-08    7.675413934852063e-09    1.706534219492184e-16
128    1.5350827755646057e-08    7.675413877823029e-09    2.2768245622195593e-16
129    1.5350827264285632e-08    7.675413632142816e-09    4.733626685071712e-16
130    1.5350826705270992e-08    7.675413352635496e-09    7.528699885739343e-16
131    1.5350826207839036e-08    7.675413103919518e-09    1.001585966942109e-15
132    1.5350825040803817e-08    7.675412520401909e-09    1.5851035761738075e-15
133    1.5350824005607583e-08    7.675412002803791e-09    2.1027016933183873e-15
134    1.5350822843776535e-08    7.675411421888267e-09    2.6836172173361206e-15
135    1.535082092994286e-08    7.67541046497143e-09    3.640534054771827e-15
136    1.535081928846077e-08    7.675409644230385e-09    4.461275099343354e-15
137    1.5350816991253208e-08    7.675408495626604e-09    5.609878880874497e-15
138    1.535081385357212e-08    7.67540692678606e-09    7.178719424461022e-15
139    1.5350810014195387e-08    7.675405007097694e-09    9.098407791063856e-15
140    1.5350805666544676e-08    7.675402833272338e-09    1.1272233146897292e-14
141    1.5350800326198455e-08    7.675400163099227e-09    1.3942406257294593e-14
142    1.5350793633201604e-08    7.675396816600802e-09    1.728890468288835e-14
143    1.5350785529440886e-08    7.675392764720443e-09    2.1340785041901178e-14
144    1.5350775867031125e-08    7.675387933515562e-09    2.6171989922496586e-14
145    1.535076372309943e-08    7.675381861549715e-09    3.2243955769284405e-14
146    1.5350749603317698e-08    7.675374801658849e-09    3.9303846635641015e-14
147    1.535073196725148e-08    7.67536598362574e-09    4.812187974490012e-14
148    1.5350710855233096e-08    7.675355427616548e-09    5.867788893665349e-14
149    1.535068542028381e-08    7.675342710141905e-09    7.139536357947396e-14
150    1.5350654649758794e-08    7.675327324879397e-09    8.678062608791226e-14
151    1.5350617769971375e-08    7.675308884985688e-09    1.0522051979711122e-13
152    1.5350573125127998e-08    7.675286562563999e-09    1.2754294148598078e-13
153    1.53505201067744e-08    7.6752600533872e-09    1.5405211828412035e-13
154    1.5350456521786432e-08    7.675228260893216e-09    1.858446122687818e-13
155    1.5350380386941476e-08    7.675190193470738e-09    2.2391203474692034e-13
156    1.5350289489166058e-08    7.675144744583029e-09    2.693609224557747e-13
157    1.5350181840033394e-08    7.675090920016697e-09    3.2318548878751407e-13
158    1.5350053496083343e-08    7.675026748041672e-09    3.873574638130206e-13
159    1.534990068732811e-08    7.674950343664055e-09    4.637618414293776e-13
160    1.5349720294734887e-08    7.674860147367443e-09    5.539581380414882e-13
161    1.5349506346951786e-08    7.674753173475893e-09    6.60932029591943e-13
162    1.5349253322787665e-08    7.674626661393832e-09    7.874441116523245e-13
163    1.534895520622151e-08    7.674477603110755e-09    9.365023947299767e-13
164    1.5348603510118713e-08    7.674301755059357e-09    1.1123504461280076e-12
165    1.5348190479397977e-08    7.674095239698989e-09    1.3188658064960945e-12
166    1.5347705409948093e-08    7.673852704974046e-09    1.5614005314384949e-12
167    1.5347136996576166e-08    7.673568498288083e-09    1.845607217401679e-12
168    1.5346472041505993e-08    7.673236020752996e-09    2.178084752488263e-12
169    1.5345694846357477e-08    7.672847423178739e-09    2.5666823267461725e-12
170    1.534478888225166e-08    7.67239444112583e-09    3.0196643796553957e-12
171    1.534373449303683e-08    7.671867246518416e-09    3.5468589870690792e-12
172    1.534250863898315e-08    7.671254319491574e-09    4.159786013910316e-12
173    1.5341086220810318e-08    7.670543110405159e-09    4.870995100325626e-12
174    1.5339438985510767e-08    7.669719492755384e-09    5.694612750101191e-12
175    1.533753394254711e-08    7.668766971273555e-09    6.647134231929641e-12
176    1.5335334667930522e-08    7.667667333965261e-09    7.746771540223518e-12
177    1.5332801078273006e-08    7.666400539136503e-09    9.013566368981651e-12
178    1.5329886099684636e-08    7.664943049842318e-09    1.0471055663166529e-11
179    1.532653821781707e-08    7.663269108908535e-09    1.2144996596949453e-11
180    1.5322700686395962e-08    7.661350343197981e-09    1.4063762307503502e-11
181    1.5318308876997172e-08    7.659154438498586e-09    1.6259667006898737e-11
182    1.531329109002999e-08    7.656645545014995e-09    1.8768560490489694e-11
183    1.5307569040893393e-08    7.653784520446696e-09    2.1629585058788314e-11
184    1.5301054822041554e-08    7.650527411020777e-09    2.4886694484707594e-11
185    1.5293651520979085e-08    7.646825760489542e-09    2.858834501594243e-11
186    1.5285253843026758e-08    7.642626921513379e-09    3.278718399210567e-11
187    1.5275744284955206e-08    7.637872142477603e-09    3.754196302788171e-11
188    1.526499480335522e-08    7.63249740167761e-09    4.2916703827874936e-11
189    1.5252865095960466e-08    7.626432547980233e-09    4.8981557525251684e-11
190    1.5239203403957097e-08    7.619601701978548e-09    5.5812403526936394e-11
191    1.5223843228585887e-08    7.611921614292944e-09    6.349249121254119e-11
192    1.5206604931858325e-08    7.603302465929163e-09    7.211163957632216e-11
193    1.5187293249830508e-08    7.593646624915254e-09    8.176748059023076e-11
194    1.516569855418079e-08    7.582849277090395e-09    9.256482841508984e-11
195    1.5141594763602717e-08    7.570797381801359e-09    1.0461672370412622e-10
196    1.5114739097474295e-08    7.557369548737147e-09    1.1804455676833747e-10
197    1.508487163914135e-08    7.542435819570675e-09    1.3297828593480943e-10
198    1.5051717262327957e-08    7.525858631163979e-09    1.4955547434150618e-10
199    1.5014980393572575e-08    7.507490196786287e-09    1.679239087191975e-10
200    1.49743500164716e-08    7.4871750082358e-09    1.8823909726968513e-10
201    1.492949586743078e-08    7.46474793371539e-09    2.1066617179009428e-10
202    1.4880070951014263e-08    7.440035475507131e-09    2.3537862999835346e-10
203    1.4825710617939053e-08    7.4128553089695265e-09    2.6255879653595826e-10
204    1.4766033822749547e-08    7.3830169113747734e-09    2.923971941307113e-10
205    1.4700642952513582e-08    7.350321476256791e-09    3.2509262924869387e-10
206    1.4629124768777285e-08    7.314562384388643e-09    3.6085172111684216e-10
207    1.455105242114535e-08    7.275526210572675e-09    3.9988789493280996e-10
208    1.4465985708790596e-08    7.232992854395298e-09    4.424212511101866e-10
209    1.437347269981834e-08    7.18673634990917e-09    4.886777555963145e-10
210    1.4273052342458903e-08    7.1365261712294514e-09    5.388879342760333e-10
211    1.4164254991556186e-08    7.082127495778093e-09    5.93286609727392e-10
212    1.4046606436161901e-08    7.023303218080951e-09    6.52110887424534e-10
213    1.3919628084283625e-08    6.9598140421418125e-09    7.156000633636722e-10
214    1.3782841920724487e-08    6.891420960362243e-09    7.839931451432414e-10
215    1.3635772608700664e-08    6.817886304350332e-09    8.575278011551529e-10
216    1.347794971592528e-08    6.73897485796264e-09    9.364392475428446e-10
217    1.3308912099989356e-08    6.654456049994678e-09    1.0209580555108067e-09
218    1.312821176378473e-08    6.564105881892365e-09    1.1113082236131194e-09
219    1.2935415339126316e-08    6.467707669563158e-09    1.2077064359423267e-09
220    1.2730111520042192e-08    6.365055760021096e-09    1.3103583454843887e-09
221    1.2511910991216263e-08    6.2559554956081315e-09    1.4194586098973533e-09
222    1.2280453194277174e-08    6.140226597138587e-09    1.5351875083668975e-09
223    1.2035409527495766e-08    6.017704763747883e-09    1.6577093417576017e-09
224    1.1776486580176992e-08    5.888243290088496e-09    1.7871708154169885e-09
225    1.1503431412724502e-08    5.751715706362251e-09    1.923698399143234e-09
226    1.1216033460065972e-08    5.608016730032986e-09    2.067397375472499e-09
227    1.0914130764080876e-08    5.457065382040438e-09    2.2183487234650467e-09
228    1.0597611269438922e-08    5.298805634719461e-09    2.3766084707860236e-09
229    1.0266417442301307e-08    5.133208721150653e-09    2.5422053843548315e-09
230    9.92054863995298e-09    4.96027431997649e-09    2.7151397855289944e-09
231    9.560063286145892e-09    4.780031643072946e-09    2.8953824624325386e-09
232    9.185082929484556e-09    4.592541464742278e-09    3.0828726407632068e-09
233    8.795791646247497e-09    4.397895823123749e-09    3.277518282381736e-09
234    8.392439978643224e-09    4.196219989321612e-09    3.479194116183873e-09
235    7.975344027116166e-09    3.987672013558083e-09    3.687742091947402e-09
236    7.544887121319066e-09    3.772443560659533e-09    3.902970544845952e-09
237    7.101518895939046e-09    3.550759447969523e-09    4.124654657535962e-09
238    6.645754690483285e-09    3.3228773452416427e-09    4.352536760263842e-09
239    6.17817584418201e-09    3.089087922091005e-09    4.58632618341448e-09
240    5.699425369588146e-09    2.849712684794073e-09    4.825701420711412e-09
241    5.2102085536590015e-09    2.6051042768295007e-09    5.070309828675984e-09
242    4.711287721927138e-09    2.355643860963569e-09    5.319770244541916e-09
243    4.203479148524175e-09    2.1017395742620876e-09    5.573674531243397e-09
244    3.6876505555769046e-09    1.8438252777884523e-09    5.8315888277170325e-09
245    3.1647100907743198e-09    1.5823550453871599e-09    6.093059060118325e-09
246    2.6355869036688573e-09    1.3177934518344286e-09    6.357620653671056e-09
247    2.1010968199661195e-09    1.0505484099830598e-09    6.624865695522425e-09
248    1.5611434202658647e-09    7.805717101329324e-10    6.894842395372552e-09
249    1.0086420999637358e-09    5.043210499818679e-10    7.171093055523617e-09
250    0.0    1.698420148011498e-10    7.505572090704335e-09
251    0.0    7.647104043745356e-11    7.598943065068031e-09
252    0.0    3.602451822092012e-11    7.639389587284565e-09
253    0.0    1.716081638770961e-11    7.658253289117775e-09
254    0.0    8.200396958701894e-12    7.667213708546783e-09
255    0.0    3.921960195843455e-12    7.671492145309641e-09
256    0.0    1.8763389279807807e-12    7.673537766577504e-09
257    0.0    8.978273853543772e-13    7.67451627812013e-09
258    0.0    4.294160513285128e-13    7.674984689454156e-09
259    0.0    2.0545826324991356e-13    7.675208647242235e-09
260    0.0    9.838787770610757e-14    7.675315717627779e-09
261    0.0    4.7028136593296743e-14    7.675367077368891e-09
262    0.0    2.2516060196875465e-14    7.675391589445288e-09
263    0.0    1.0832047064868178e-14    7.67540327345842e-09
264    0.0    5.1035564663237665e-15    7.675409001949018e-09
265    0.0    2.370716470356804e-15    7.675411734789014e-09
266    0.0    1.134942834157826e-15    7.67541297056265e-09
267    0.0    5.314759049523943e-16    7.67541357402958e-09
268    0.0    2.8536201179818477e-16    7.675413820143473e-09
269    0.0    8.500145032286355e-17    7.675414020504034e-09
270    0.0    3.9898639947466563e-17    7.675414065606845e-09
271    0.0    1.3183898417423734e-16    7.6754139736665e-09
272    -0.0    -2.45029690981724e-17    7.675414130008454e-09
273    -0.0    -1.7997756063259374e-17    7.67541412350324e-09
274    0.0    7.958043946043603e-17    7.675414025925045e-09
275    -0.0    -7.806255641895632e-18    7.67541411331174e-09
276    -0.0    -4.87890977618477e-17    7.675414154294583e-09
277    -0.0    -9.90960785651751e-17    7.675414204601563e-09
278    -0.0    -7.48099499014998e-17    7.675414180315435e-09
279    -0.0    -1.734723475976807e-17    7.67541412285272e-09
280    0.0    3.2959746043559335e-17    7.675414072545739e-09
281    0.0    1.0039712117215771e-16    7.675414005108364e-09
282    -0.0    -1.0104764247564901e-16    7.675414206553127e-09
283    -0.0    -1.2793585635328952e-16    7.675414233441341e-09
284    0.0    2.905661822261152e-17    7.675414076448867e-09
285    0.0    2.6020852139652106e-18    7.6754141029034e-09
286    0.0    2.3201926491189795e-17    7.675414082303558e-09
287    -0.0    -3.5778671692021646e-17    7.675414141284156e-09
288    0.0    4.336808689942018e-19    7.675414105071804e-09
289    -0.0    -2.3201926491189795e-17    7.675414128707411e-09
290    -0.0    -1.3010426069826053e-18    7.675414106806527e-09
291    0.0    4.9873299934333204e-17    7.675414055632185e-09
292    0.0    9.345822726825048e-17    7.675414012047257e-09
293    0.0    9.302454639925628e-17    7.675414012480938e-09
294    -0.0    -3.729655473350135e-17    7.67541414280204e-09
295    0.0    6.375108774214766e-17    7.675414041754397e-09
296    -0.0    -7.025630077706069e-17    7.675414175761786e-09
297    -0.0    -4.466912950640278e-17    7.675414150174614e-09
298    0.0    1.1297386637298956e-16    7.675413992531618e-09
299    0.0    1.235990476633475e-17    7.67541409314558e-09
300    -0.0    -7.654467337747661e-17    7.675414182050158e-09
301    0.0    1.734723475976807e-17    7.67541408815825e-09
302    -0.0    -1.474514954580286e-17    7.675414120250634e-09
303    -0.0    -8.239936510889834e-17    7.67541418790485e-09
304    -0.0    -7.134050294954619e-17    7.675414176845988e-09
305    0.0    8.088148206741863e-17    7.675414024624003e-09
306    0.0    7.546047120499111e-17    7.675414030045014e-09
307    -0.0    -3.426078865054194e-17    7.675414139766273e-09
308    0.0    1.4094628242311558e-17    7.675414091410857e-09
309    0.0    1.0473392986209973e-16    7.675414000771555e-09
310    0.0    5.182486384480711e-17    7.675414053680621e-09
311    0.0    4.9439619065339e-17    7.675414056065866e-09
312    -0.0    -4.4885969940899884e-17    7.675414150391455e-09
313    0.0    6.743737512859838e-17    7.67541403806811e-09
314    -0.0    -6.006480035569695e-17    7.675414165570285e-09
315    0.0    1.3248950547772864e-16    7.67541397301598e-09
316    0.0    5.833007687972014e-17    7.675414047175408e-09
317    0.0    1.431146867680866e-17    7.675414091194016e-09
318    -0.0    -6.960577947356938e-17    7.675414175111264e-09
319    0.0    4.2500725161431774e-17    7.67541406300476e-09
320    -0.0    -3.0140820395097023e-17    7.675414135646305e-09
321    0.0    6.440160904563896e-17    7.675414041103876e-09
322    0.0    1.3877787807814457e-17    7.675414091627697e-09
323    0.0    8.001412032943023e-17    7.675414025491364e-09
324    0.0    1.8648277366750676e-17    7.675414086857207e-09
325    -0.0    -3.5128150388530344e-17    7.675414140633635e-09
326    -0.0    -1.7433970933566911e-16    7.675414279845194e-09
327    -0.0    -1.242495689668388e-16    7.675414229755054e-09
328    0.0    6.895525817007808e-17    7.675414036550227e-09
329    -0.0    -1.3877787807814457e-17    7.675414119383273e-09
330    -0.0    -8.196568423990414e-17    7.675414187471169e-09
331    0.0    9.042246118529107e-17    7.675414015083024e-09
332    0.0    1.8713329497099807e-16    7.67541391837219e-09
333    0.0    3.8163916471489756e-17    7.675414067341568e-09
334    -0.0    -8.847089727481716e-17    7.675414193976382e-09
335    0.0    3.686287386450715e-18    7.675414101819197e-09
336    -0.0    -1.1037178115902435e-16    7.675414215877266e-09
337    0.0    5.616167253474913e-17    7.675414049343812e-09
338    0.0    2.7755575615628914e-17    7.675414077749909e-09
339    0.0    2.3852447794681098e-18    7.67541410312024e-09
340    0.0    5.854691731421724e-17    7.675414046958567e-09
341    -0.0    -2.688821387764051e-17    7.675414132393699e-09
342    0.0    4.683753385137379e-17    7.675414058667951e-09
343    0.0    1.2750217548429532e-16    7.67541397800331e-09
344    -0.0    -1.986258379993444e-16    7.675414304131323e-09
345    0.0    1.8279648628105605e-16    7.675413922708998e-09
346    -0.0    -2.3635607360183997e-17    7.675414129141092e-09
347    0.0    4.9873299934333204e-17    7.675414055632185e-09
348    0.0    1.1535911115245767e-16    7.675413990146374e-09
349    0.0    1.7564075194265172e-17    7.67541408794141e-09
350    -0.0    -1.3877787807814457e-17    7.675414119383273e-09
351    -0.0    -2.3852447794681098e-18    7.67541410789073e-09
352    -0.0    -2.1250362580715887e-17    7.675414126755847e-09
353    -0.0    -1.22514845490862e-16    7.67541422802033e-09
354    -0.0    -7.611099250848241e-17    7.675414181616477e-09
355    0.0    8.673617379884035e-19    7.675414104638123e-09
356    -0.0    -5.941427905220564e-17    7.675414164919764e-09
357    -0.0    -8.391724815037804e-17    7.675414189422733e-09
358    -0.0    -9.540979117872439e-18    7.675414115046464e-09
359    0.0    3.209238430557093e-17    7.6754140734131e-09
360    0.0    8.023096076392733e-17    7.675414025274524e-09
361    0.0    9.82287168271867e-17    7.675414007276768e-09
362    0.0    1.3986208025063007e-16    7.675413965643405e-09
363    0.0    1.1037178115902435e-16    7.675413995133704e-09
364    -0.0    -1.5373986805844453e-16    7.675414259245353e-09
365    -0.0    -1.3444106938820255e-17    7.675414118949592e-09
366    -0.0    -2.2985086056692694e-17    7.67541412849057e-09
367    0.0    1.4983674023749671e-16    7.675413955668745e-09
368    0.0    1.0364972768961422e-16    7.675414001855757e-09
369    -0.0    -6.331740687315346e-17    7.675414168822892e-09
370    -0.0    -2.1467203015212988e-17    7.675414126972688e-09
371    -0.0    -1.1861171766991419e-16    7.675414224117202e-09
372    0.0    7.177418381854039e-17    7.675414033731301e-09
373    0.0    1.1275702593849246e-17    7.675414094229782e-09
374    -0.0    -7.589415207398531e-18    7.6754141130949e-09
375    0.0    4.5319650809894085e-17    7.675414060185834e-09
376    -0.0    -5.767955557622884e-17    7.67541416318504e-09
377    0.0    5.421010862427522e-18    7.675414100084474e-09
378    0.0    8.695301423333746e-17    7.67541401855247e-09
379    -0.0    -5.182486384480711e-17    7.675414157330349e-09
380    -0.0    -1.212138028838794e-16    7.675414226719288e-09
381    0.0    1.1579279202145187e-16    7.675413989712693e-09
382    0.0    1.5395670849294163e-17    7.675414090109814e-09
383    -0.0    -1.0191500421363742e-17    7.675414115696985e-09
384    -0.0    -2.4936649967166602e-17    7.675414130442135e-09
385    0.0    5.334274688628682e-17    7.675414052162738e-09
386    0.0    3.144186300207963e-17    7.675414074063622e-09
387    -0.0    -9.606031248221569e-17    7.675414201565797e-09
388    -0.0    -3.0791341698588326e-17    7.675414136296826e-09
389    -0.0    -1.487525380650112e-16    7.675414254258023e-09
390    0.0    8.933825901280557e-17    7.675414016167226e-09
391    -0.0    -1.734723475976807e-16    7.675414278977832e-09
392    -0.0    -4.0115480381963664e-17    7.675414145620965e-09
393    0.0    3.903127820947816e-17    7.675414066474207e-09
394    0.0    7.37257477290143e-17    7.675414031779737e-09
395    0.0    1.929879867024198e-17    7.675414086206686e-09
396    0.0    6.505213034913027e-17    7.675414040453354e-09
397    -0.0    -3.469446951953614e-18    7.675414108974932e-09
398    0.0    4.445228907190568e-17    7.675414061053196e-09
399    0.0    7.611099250848241e-17    7.675414029394492e-09
400    0.0    1.0907073855204175e-16    7.675413996434746e-09
401    0.0    6.548581121812447e-17    7.675414040019674e-09
402    0.0    1.5178830414797062e-17    7.675414090326654e-09
403    0.0    7.090682208055199e-17    7.675414034598663e-09
404    -0.0    -1.4268100589909238e-16    7.67541424818649e-09
405    -0.0    -5.724587470723463e-17    7.67541416275136e-09
406    -0.0    -6.288372600415926e-17    7.67541416838921e-09
407    0.0    5.421010862427522e-18    7.675414100084474e-09
408    -0.0    -9.952975943416931e-17    7.675414205035244e-09
409    -0.0    -1.5417354892743873e-16    7.675414259679034e-09
410    0.0    4.163336342344337e-17    7.675414063872121e-09
411    0.0    7.849623728795052e-17    7.675414027009247e-09
412    0.0    1.3877787807814457e-17    7.675414091627697e-09
413    -0.0    -8.456776945386935e-18    7.675414113962262e-09
414    -0.0    -2.710505431213761e-17    7.675414132610539e-09
415    0.0    2.1033522146218786e-17    7.675414084471963e-09
416    -0.0    -1.0842021724855044e-17    7.675414116347506e-09
417    0.0    1.8431436932253575e-17    7.675414087074048e-09
418    0.0    8.174884380540703e-17    7.675414023756641e-09
419    -0.0    -1.3444106938820255e-17    7.675414118949592e-09
420    0.0    4.7704895589362195e-17    7.675414057800589e-09
421    0.0    9.280770596475918e-17    7.675414012697779e-09
422    -0.0    -1.734723475976807e-17    7.67541412285272e-09
423    0.0    6.787105599759258e-17    7.675414037634429e-09
424    -0.0    -6.830473686658678e-17    7.675414173810222e-09
425    -0.0    -1.0169816377914032e-16    7.675414207203649e-09
426    -0.0    -6.201636426617085e-17    7.675414167521849e-09
427    -0.0    -1.0538445116559103e-16    7.675414210889936e-09
428    -0.0    -7.936359902593892e-17    7.675414184869084e-09
429    -0.0    -2.710505431213761e-16    7.675414376556028e-09
430    -0.0    -3.3176586478056436e-17    7.675414138682071e-09
431    0.0    8.196568423990414e-17    7.6754140235398e-09
432    0.0    6.201636426617085e-17    7.67541404348912e-09
433    0.0    3.209238430557093e-17    7.6754140734131e-09
434    -0.0    -5.2909066017292616e-17    7.67541415841455e-09
435    -0.0    -2.1467203015212988e-17    7.675414126972688e-09
436    -0.0    -5.854691731421724e-18    7.675414111360176e-09
437    0.0    6.288372600415926e-17    7.675414042621759e-09
438    -0.0    -1.4137996329210978e-16    7.675414246885448e-09
439    0.0    4.336808689942018e-17    7.675414062137398e-09
440    0.0    4.9873299934333204e-17    7.675414055632185e-09
441    0.0    2.883977778811442e-17    7.675414076665707e-09
442    -0.0    -7.676151381197371e-17    7.675414182266999e-09
443    -0.0    -2.710505431213761e-17    7.675414132610539e-09
444    -0.0    -1.0321604682062002e-16    7.675414208721532e-09
445    -0.0    -1.6263032587282567e-17    7.675414121768517e-09
446    -0.0    -9.107298248878237e-18    7.675414114612783e-09
447    -0.0    -6.136584296267955e-17    7.675414166871328e-09
448    -0.0    -2.3418766925686896e-17    7.675414128924252e-09
449    -0.0    -3.599551212651875e-17    7.675414141500997e-09
450    0.0    1.3292318634672284e-16    7.675413972582298e-09
451    -0.0    -2.6454533008646308e-17    7.675414131960018e-09
452    0.0    9.996344030316351e-17    7.675414005542044e-09
453    0.0    9.215718466126788e-17    7.6754140133483e-09
454    0.0    8.608565249534905e-17    7.675414019419832e-09
455    0.0    1.240327285323417e-16    7.675413981472756e-09
456    -0.0    -1.3942839938163587e-16    7.675414244933884e-09
457    0.0    6.7220534694101275e-18    7.675414098783431e-09
458    -0.0    -1.8214596497756474e-17    7.675414123720081e-09
459    -0.0    -1.214306433183765e-17    7.675414117648549e-09
460    -0.0    -3.2959746043559335e-17    7.67541413846523e-09
461    -0.0    -1.1427490897997217e-16    7.675414219780394e-09
462    0.0    1.441988889405721e-16    7.675413961306596e-09
463    0.0    8.456776945386935e-17    7.675414020937715e-09
464    0.0    9.389190813724468e-17    7.675414011613577e-09
465    0.0    3.469446951953614e-18    7.675414102036038e-09
466    0.0    6.852157730108388e-17    7.675414036983907e-09
467    -0.0    -1.5395670849294163e-17    7.675414120901156e-09
468    0.0    8.261620554339544e-17    7.67541402288928e-09
469    0.0    7.849623728795052e-17    7.675414027009247e-09
470    -0.0    -9.519295074422729e-17    7.675414200698435e-09
471    0.0    8.023096076392733e-17    7.675414025274524e-09
472    -0.0    -8.933825901280557e-17    7.675414194843744e-09
473    0.0    6.570265165262157e-17    7.675414039802833e-09
474    -0.0    -1.973247953923618e-17    7.675414125237964e-09
475    0.0    1.0408340855860843e-17    7.675414095097144e-09
476    0.0    5.572799166575493e-17    7.675414049777493e-09
477    0.0    4.683753385137379e-17    7.675414058667951e-09
478    0.0    8.695301423333746e-17    7.67541401855247e-09
479    0.0    5.898059818321144e-17    7.675414046524887e-09
480    0.0    1.8951853975046618e-16    7.675413915986945e-09
481    0.0    5.306085432144059e-16    7.675413574896942e-09
482    0.0    1.1796119636642288e-15    7.675412925893521e-09
483    0.0    2.4303475898435067e-15    7.675411675157895e-09
484    0.0    5.149960319306146e-15    7.675408955545165e-09
485    0.0    1.0658574717270497e-14    7.675403446930767e-09
486    0.0    2.2483317291266403e-14    7.675391622188193e-09
487    0.0    4.704765223240148e-14    7.675367057853252e-09
488    0.0    9.826037553062328e-14    7.675315845129954e-09
489    0.0    2.0546737054816244e-13    7.675208638134937e-09
490    0.0    4.2955547972789443e-13    7.674984550025757e-09
491    0.0    8.978035329065825e-13    7.674516301972578e-09
492    0.0    1.8762337603700496e-12    7.673537871745115e-09
493    0.0    3.92194501701304e-12    7.671492160488472e-09
494    0.0    8.200140436467884e-12    7.667213965069017e-09
495    0.0    1.7160882090361262e-11    7.658253223415123e-09
496    0.0    3.6024576334156566e-11    7.639389529171328e-09
497    0.0    7.647146696258822e-11    7.598942638542897e-09
498    0.0    1.6984205665135366e-10    7.505572048854131e-09
499    1.0086421576432913e-09    5.043210788216457e-10    7.171093026683839e-09
