0    1.7351494295200776e-09    8.675747147600388e-10    6.077381726338205e-09
1    2.350988048335778e-09    1.175494024167889e-09    5.769462416930354e-09
2    2.9582945195068266e-09    1.4791472597534133e-09    5.46580918134483e-09
3    3.5561827718688654e-09    1.7780913859344327e-09    5.166865055163811e-09
4    4.143038970921831e-09    2.0715194854609154e-09    4.873436955637328e-09
5    4.717239150946878e-09    2.358619575473439e-09    4.586336865624804e-09
6    5.277261140232414e-09    2.638630570116207e-09    4.306325870982036e-09
7    5.8217089820775114e-09    2.9108544910387557e-09    4.034101950059488e-09
8    6.349325784756055e-09    3.1746628923780273e-09    3.770293548720216e-09
9    6.859000548087302e-09    3.429500274043651e-09    3.5154561670545925e-09
10    7.3497751417947454e-09    3.6748875708973727e-09    3.2700688702008707e-09
11    7.820847590205016e-09    3.910423795102508e-09    3.0345326459957356e-09
12    8.271572956956852e-09    4.135786478478426e-09    2.8091699626198174e-09
13    8.70146307872105e-09    4.350731539360525e-09    2.5942249017377184e-09
14    9.110184341284966e-09    4.555092170642483e-09    2.3898642704557604e-09
15    9.49755048565426e-09    4.74877524282713e-09    2.1961811982711132e-09
16    9.863521940184361e-09    4.9317609700921805e-09    2.013195471006063e-09
17    1.0208192981458336e-08    5.104096490729168e-09    1.8408599503690753e-09
18    1.0531784776311032e-08    5.265892388155516e-09    1.6790640529427275e-09
19    1.0834636459278874e-08    5.417318229639437e-09    1.5276382114588066e-09
20    1.1117191936992066e-08    5.558595968496033e-09    1.3863604726022105e-09
21    1.1379991649539123e-08    5.6899958247695614e-09    1.254960616328682e-09
22    1.1623658520074076e-08    5.811829260037038e-09    1.1331271810612054e-09
23    1.184888509791343e-08    5.924442548956715e-09    1.020513892141528e-09
24    1.2056426641759987e-08    6.028213320879994e-09    9.167431202182497e-10
25    1.224708201996369e-08    6.123541009981845e-09    8.214154311163985e-10
26    1.242168891704698e-08    6.21084445852349e-09    7.341119825747533e-10
27    1.2581109859206158e-08    6.290554929603079e-09    6.544015114951646e-10
28    1.272622223878403e-08    6.363111119392015e-09    5.818453217062286e-10
29    1.2857909736062323e-08    6.4289548680311615e-09    5.160015730670819e-10
30    1.2977053042827896e-08    6.488526521413948e-09    4.5642991968429525e-10
31    1.3084522648091484e-08    6.542261324045742e-09    4.0269511705250116e-10
32    1.3181172109962697e-08    6.590586054981348e-09    3.543703861168951e-10
33    1.3267829999160513e-08    6.6339149995802565e-09    3.1104144151798685e-10
34    1.3345298946216416e-08    6.672649473108208e-09    2.723069679900353e-10
35    1.3414347796621151e-08    6.7071738983105755e-09    2.3778254278766786e-10
36    1.3475710897419696e-08    6.737855448709848e-09    2.071009923883954e-10
37    1.3530082613750355e-08    6.7650413068751775e-09    1.7991513422306593e-10
38    1.3578119064435595e-08    6.789059532217798e-09    1.5589690888044572e-10
39    1.3620435192034097e-08    6.8102175960170486e-09    1.3473884508119482e-10
40    1.3657603566748916e-08    6.828801783374458e-09    1.1615465772378541e-10
41    1.3690156772973305e-08    6.845078386486653e-09    9.987805461159072e-11
42    1.3718585715766923e-08    6.859292857883462e-09    8.566358321478174e-11
43    1.374334224982926e-08    6.87167112491463e-09    7.328531618361334e-11
44    1.3764839122253764e-08    6.882419561126882e-09    6.253687997136159e-11
45    1.3783452909848365e-08    6.8917264549241825e-09    5.322998617406094e-11
46    1.3799525221298847e-08    6.899762610649424e-09    4.519383044881975e-11
47    1.3813363950940238e-08    6.906681975470119e-09    3.82744656281242e-11
48    1.3825247170608929e-08    6.912623585304464e-09    3.233285579377909e-11
49    1.3835421350683746e-08    6.917710675341873e-09    2.7245765756370166e-11
50    1.384410936540112e-08    6.92205468270056e-09    2.2901758397683714e-11
51    1.3851507713828065e-08    6.9257538569140326e-09    1.9202584184210836e-11
52    1.3857790463322334e-08    6.928895231661167e-09    1.6061209437076562e-11
53    1.3863111578832354e-08    6.931555789416177e-09    1.3400651682066167e-11
54    1.3867606667595372e-08    6.933803333797686e-09    1.1153107300557186e-11
55    1.3871392744082417e-08    6.9356963720412085e-09    9.260069057034914e-12
56    1.3874573835757215e-08    6.937286917878607e-09    7.669523219636099e-12
57    1.3877239025874427e-08    6.9386195129372136e-09    6.33692816102982e-12
58    1.3879466502324245e-08    6.939733251162122e-09    5.223189936121031e-12
59    1.3881323387195804e-08    6.940661693597902e-09    4.2947475003413116e-12
60    1.3882867056901754e-08    6.941433528450877e-09    3.522912647366261e-12
61    1.3884146934147606e-08    6.942073467073803e-09    2.8829740244401547e-12
62    1.3885205939027923e-08    6.942602969513961e-09    2.3534715842821186e-12
63    1.3886079055277362e-08    6.943039527638681e-09    1.9169134595625748e-12
64    1.3886798112469623e-08    6.943399056234811e-09    1.557384863432043e-12
65    1.3887387589287675e-08    6.943693794643838e-09    1.2626464544057692e-12
66    1.3887870584875645e-08    6.943935292437822e-09    1.021148660421134e-12
67    1.3888264821168561e-08    6.9441324105842805e-09    8.240305139628479e-13
68    1.3888586198641806e-08    6.944293099320903e-09    6.633417773405093e-13
69    1.3888847172609936e-08    6.944423586304968e-09    5.328547932753613e-13
70    1.3889058602441912e-08    6.944529301220956e-09    4.2713987728759673e-13
71    1.388923008376064e-08    6.94461504188032e-09    3.4139921792353256e-13
72    1.388936812438124e-08    6.94468406219062e-09    2.7237890762310535e-13
73    1.3889479217373685e-08    6.944739608686842e-09    2.168324114010245e-13
74    1.3889568120217105e-08    6.9447840601085525e-09    1.723809896908568e-13
75    1.3889639889630434e-08    6.944819944815217e-09    1.3649628302636607e-13
76    1.388969702014603e-08    6.944848510073015e-09    1.0793102522832498e-13
77    1.3889742658118598e-08    6.944871329059299e-09    8.511203894445707e-14
78    1.3889779353591647e-08    6.9448896767958235e-09    6.676430241991937e-14
79    1.3889807920584168e-08    6.944903960292084e-09    5.248080615916084e-14
80    1.3889830517092167e-08    6.944915258546083e-09    4.11825521601239e-14
81    1.3889848169638258e-08    6.944924084819129e-09    3.23562791143539e-14
82    1.3889862876623887e-08    6.944931438311944e-09    2.5002786299688218e-14
83    1.3889873417237408e-08    6.944936708618704e-09    1.973247953923618e-14
84    1.3889882361905331e-08    6.944941180952666e-09    1.5260145577733475e-14
85    1.3889889139036271e-08    6.9449445695181355e-09    1.187158010784728e-14
86    1.3889894754769844e-08    6.944947377384922e-09    9.06371332154432e-15
87    1.3889898769787329e-08    6.9449493848936644e-09    7.05620457897016e-15
88    1.3889902072700827e-08    6.9449510363504136e-09    5.4047478298402396e-15
89    1.3889904150899551e-08    6.944952075449776e-09    4.365648467730132e-15
90    1.3889906658442336e-08    6.944953329221168e-09    3.111877075467895e-15
91    1.3889907995046774e-08    6.944953997523387e-09    2.44357485634783e-15
92    1.3889909412749535e-08    6.9449547063747674e-09    1.734723475976807e-15
93    1.3889910202048716e-08    6.944955101024358e-09    1.3400738851920835e-15
94    1.3889911006093048e-08    6.944955503046524e-09    9.380517196344584e-16
95    1.3889911390767978e-08    6.944955695383989e-09    7.4571425423552995e-16
96    1.3889911742483163e-08    6.9449558712415815e-09    5.698566618583811e-16
97    1.388991201049794e-08    6.94495600524897e-09    4.358492733391728e-16
98    1.3889912590762943e-08    6.944956295381471e-09    1.457167719820518e-16
99    1.3889912626324774e-08    6.944956313162387e-09    1.2793585635328952e-16
100    1.3889912727806097e-08    6.944956363903049e-09    7.719519468096792e-17
101    1.3889912867017656e-08    6.944956433508828e-09    7.589415207398531e-18
102    1.3889912899543722e-08    6.944956449771861e-09    8.673617379884035e-18
103    1.388991277420995e-08    6.944956387104975e-09    5.399326818977812e-17
104    1.3889913096001155e-08    6.944956548000578e-09    1.0690233420707074e-16
105    1.3889913449017383e-08    6.944956724508691e-09    2.8341044788771086e-16
106    1.388991298888198e-08    6.94495649444099e-09    5.334274688628682e-17
107    1.388991314847654e-08    6.94495657423827e-09    1.3314002678121994e-16
108    1.3889912934671872e-08    6.944956467335936e-09    2.6237692574149207e-17
109    1.3889912997121917e-08    6.9449564985609585e-09    5.746271514173174e-17
110    1.3889912936840276e-08    6.944956468420138e-09    2.7321894746634712e-17
111    1.388991337312323e-08    6.944956686561615e-09    2.454633718507182e-16
112    1.3889912957656958e-08    6.944956478828479e-09    3.7730235602495554e-17
113    1.3889912905181573e-08    6.9449564525907864e-09    1.1492543028346347e-17
114    1.3889913074750793e-08    6.944956537375396e-09    9.627715291671279e-17
115    1.3889912996254555e-08    6.944956498127278e-09    5.702903427273753e-17
116    1.3889913099036921e-08    6.944956549518461e-09    1.0842021724855044e-16
117    1.3889913391771508e-08    6.944956695885754e-09    2.5478751053409354e-16
118    1.388991316322169e-08    6.944956581610845e-09    1.4051260155412137e-16
119    1.3889913316744718e-08    6.944956658372359e-09    2.172741153660951e-16
120    1.3889913222202288e-08    6.944956611101144e-09    1.700029006457271e-16
121    1.388991293900868e-08    6.94495646950434e-09    2.8406096919120216e-17
122    1.388991320355401e-08    6.944956601777005e-09    1.6067876196235176e-16
123    1.3889912748622779e-08    6.9449563743113896e-09    6.678685382510707e-17
124    1.3889913139802923e-08    6.9449565699014615e-09    1.2880321809127793e-16
125    1.3889912882196487e-08    6.944956441098243e-09    0.0
126    1.3889913011867067e-08    6.944956505933533e-09    6.483528991463317e-17
127    1.3889912810205463e-08    6.944956405102731e-09    3.599551212651875e-17
128    1.3889913005361854e-08    6.944956502680927e-09    6.158268339717665e-17
129    1.3889913056536196e-08    6.944956528268098e-09    8.716985466783456e-17
130    1.3889912626324774e-08    6.944956313162387e-09    1.2793585635328952e-16
131    1.3889913181002606e-08    6.944956590501303e-09    1.494030593685025e-16
132    1.3889913373990592e-08    6.944956686995296e-09    2.458970527197124e-16
133    1.3889913059138281e-08    6.944956529569141e-09    8.847089727481716e-17
134    1.3889912977606278e-08    6.944956488803139e-09    4.7704895589362195e-17
135    1.3889912935539234e-08    6.944956467769617e-09    2.667137344314341e-17
136    1.3889913091664347e-08    6.944956545832173e-09    1.0473392986209973e-16
137    1.3889913334959314e-08    6.944956667479657e-09    2.2638141361497333e-16
138    1.3889913097302198e-08    6.944956548651099e-09    1.0755285551056204e-16
139    1.3889912848369379e-08    6.9449564241846895e-09    1.691355389077387e-17
140    1.3889912904747892e-08    6.944956452373946e-09    1.1275702593849246e-17
141    1.3889912819746442e-08    6.944956409873221e-09    3.122502256758253e-17
142    1.3889912737780757e-08    6.944956368890379e-09    7.22078646875346e-17
143    1.3889912915156233e-08    6.9449564575781164e-09    1.6479873021779667e-17
144    1.3889912896941636e-08    6.944956448470818e-09    7.37257477290143e-18
145    1.3889912816710676e-08    6.944956408355338e-09    3.2742905609062234e-17
146    1.3889913103807411e-08    6.9449565519037054e-09    1.1080546202801855e-16
147    1.3889913266004056e-08    6.944956633002028e-09    1.9190378452993428e-16
148    1.3889912422061085e-08    6.944956211030542e-09    2.3006770100142404e-16
149    1.388991267880016e-08    6.94495633940008e-09    1.0169816377914032e-16
150    1.3889912585992453e-08    6.944956292996227e-09    1.481020167615199e-16
151    1.388991217052618e-08    6.94495608526309e-09    3.5583515300974256e-16
152    1.3889912019171557e-08    6.944956009585779e-09    4.3151246464923076e-16
153    1.388991141158466e-08    6.94495570579233e-09    7.353059133796691e-16
154    1.3889910781446357e-08    6.944955390723179e-09    1.0503750647039567e-15
155    1.388991020898761e-08    6.944955104493805e-09    1.3366044382401299e-15
156    1.3889909489077368e-08    6.944954744538684e-09    1.6965595595053173e-15
157    1.3889908295587616e-08    6.944954147793808e-09    2.293304435241339e-15
158    1.3889906899568899e-08    6.9449534497844495e-09    2.9913137938875067e-15
159    1.3889904288376387e-08    6.944952144188193e-09    4.296910049994551e-15
160    1.3889902157268597e-08    6.944951078634298e-09    5.362463945113305e-15
161    1.3889898712107773e-08    6.944949356053887e-09    7.085044356758274e-15
162    1.3889894929543234e-08    6.944947464771617e-09    8.976326626441988e-15
163    1.3889889353708301e-08    6.944944676854151e-09    1.1764244092771214e-14
164    1.3889882368410544e-08    6.944941184205272e-09    1.5256892971216018e-14
165    1.3889873495299965e-08    6.944936747649982e-09    1.9693448261026703e-14
166    1.3889862451182955e-08    6.9449312255914775e-09    2.5215506765929874e-14
167    1.3889848187852855e-08    6.944924093926427e-09    3.2347171816105025e-14
168    1.3889830499744932e-08    6.944915249872466e-09    4.119122577750378e-14
169    1.3889807728029863e-08    6.944903864014931e-09    5.2577083312077555e-14
170    1.3889779077336933e-08    6.944889538668467e-09    6.690242977669403e-14
171    1.3889742832024626e-08    6.944871416012313e-09    8.502508593022373e-14
172    1.3889697318952149e-08    6.9448486594760744e-09    1.0778162216895648e-13
173    1.3889639993713843e-08    6.944819996856921e-09    1.3644424132208677e-13
174    1.3889568749488046e-08    6.944784374744023e-09    1.720663542204015e-13
175    1.3889479530491272e-08    6.944739765245636e-09    2.1667585260731759e-13
176    1.3889368411044295e-08    6.9446842055221475e-09    2.7223557609590276e-13
177    1.3889230320550394e-08    6.944615160275197e-09    3.4128082304629714e-13
178    1.3889059216967703e-08    6.9445296084838515e-09    4.2683261439191433e-13
179    1.3888847699098511e-08    6.9444238495492555e-09    5.325915489878819e-13
180    1.3888586448441986e-08    6.944293224220993e-09    6.632168772502389e-13
181    1.3888265094387509e-08    6.944132547193754e-09    8.238939044891147e-13
182    1.3887870704137883e-08    6.943935352068942e-09    1.0210890293016472e-12
183    1.3887387454412925e-08    6.9436937272064625e-09    1.2627138917808978e-12
184    1.3886797590317856e-08    6.943398795158928e-09    1.5576459393151776e-12
185    1.3886079030991233e-08    6.9430395154956165e-09    1.9169256026269066e-12
186    1.3885205686191976e-08    6.942602843095988e-09    2.3535980022554304e-12
187    1.3884146781925621e-08    6.942073390962811e-09    2.883050135432663e-12
188    1.3882866998354837e-08    6.9414334991774185e-09    3.522941920824918e-12
189    1.3881323446176402e-08    6.940661723088201e-09    4.29471801004222e-12
190    1.3879466771640064e-08    6.939733385820032e-09    5.223055278211208e-12
191    1.3877239199780456e-08    6.938619599890228e-09    6.336841208015587e-12
192    1.3874573980606625e-08    6.9372869903033124e-09    7.669450794930976e-12
193    1.3871392577115282e-08    6.935696288557641e-09    9.260152540602196e-12
194    1.3867606517108111e-08    6.9338032585540554e-09    1.1153182544187956e-11
195    1.3863111997334393e-08    6.9315559986671965e-09    1.3400442431046877e-11
196    1.3857790674524917e-08    6.9288953372624584e-09    1.6061103835784962e-11
197    1.3851507722935363e-08    6.925753861467682e-09    1.920257963056171e-11
198    1.3844109333308735e-08    6.9220546666543675e-09    2.2901774443875866e-11
199    1.3835421685485377e-08    6.917710842742689e-09    2.7245598355554734e-11
200    1.3825246875272257e-08    6.912623437636128e-09    3.2333003462114984e-11
201    1.3813364288777635e-08    6.906682144388818e-09    3.8274296709425726e-11
202    1.3799525327984341e-08    6.8997626639921705e-09    4.5193777106072863e-11
203    1.3783453342661872e-08    6.891726671330936e-09    5.322976976730731e-11
204    1.3764839133095785e-08    6.882419566547893e-09    6.253687455035073e-11
205    1.3743341806607412e-08    6.871670903303706e-09    7.328553779453739e-11
206    1.3718585446017423e-08    6.859292723008711e-09    8.566371808953199e-11
207    1.3690156836290712e-08    6.845078418145356e-09    9.987802295288728e-11
208    1.3657603431006804e-08    6.828801715503402e-09    1.1615472559484141e-10
209    1.3620435192467778e-08    6.810217596233889e-09    1.347388448643544e-10
210    1.3578119065736638e-08    6.789059532868319e-09    1.5589690822992441e-10
211    1.3530082292392831e-08    6.7650411461964155e-09    1.799152949018279e-10
212    1.347571096420655e-08    6.737855482103275e-09    2.071009589949685e-10
213    1.3414347979200797e-08    6.7071739896003985e-09    2.3778245149784494e-10
214    1.334529900823278e-08    6.67264950411639e-09    2.7230693698185315e-10
215    1.3267829781452717e-08    6.6339148907263584e-09    3.1104155037188497e-10
216    1.3181171706639488e-08    6.590585853319744e-09    3.5437058777849917e-10
217    1.3084523034067458e-08    6.542261517033729e-09    4.0269492406451446e-10
218    1.2977053427069146e-08    6.488526713534573e-09    4.564297275636703e-10
219    1.2857909807185985e-08    6.428954903592993e-09    5.160015375052507e-10
220    1.2726222117353386e-08    6.363111058676693e-09    5.818453824215503e-10
221    1.258110963586051e-08    6.290554817930255e-09    6.544016231679883e-10
222    1.2421688937429981e-08    6.2108444687149905e-09    7.341119723832529e-10
223    1.2247081833914597e-08    6.1235409169572985e-09    8.214155241409449e-10
224    1.2056426265758674e-08    6.028213132879337e-09    9.167433082189064e-10
225    1.1848885023754002e-08    5.924442511877001e-09    1.0205139292212423e-09
226    1.1623658260299236e-08    5.811829130149618e-09    1.1331273109486256e-09
227    1.137999112912208e-08    5.68999556456104e-09    1.2549608765372033e-09
228    1.1117191793010017e-08    5.558595896505009e-09    1.3863605445932348e-09
229    1.0834635818298549e-08    5.4173179091492746e-09    1.5276385319489688e-09
230    1.0531784577251513e-08    5.2658922886257564e-09    1.679064152472487e-09
231    1.0208192615431683e-08    5.104096307715841e-09    1.840860133382402e-09
232    9.863522040798323e-09    4.931761020399161e-09    2.013195420699082e-09
233    9.49755035077951e-09    4.748775175389755e-09    2.1961812657084884e-09
234    9.110183764923091e-09    4.5550918824615455e-09    2.389864558636698e-09
235    8.70146309823669e-09    4.350731549118345e-09    2.594224891979899e-09
236    8.27157286631755e-09    4.135786433158775e-09    2.8091700079394682e-09
237    7.82084771250302e-09    3.91042385625151e-09    3.034532584846733e-09
238    7.349775003884229e-09    3.6748875019421146e-09    3.270068939156129e-09
239    6.8590003568340385e-09    3.4295001784170193e-09    3.515456262681224e-09
240    6.349325483781532e-09    3.174662741890766e-09    3.770293699207478e-09
241    5.821709046695961e-09    2.9108545233479804e-09    4.034101917750263e-09
242    5.277261136762967e-09    2.6386305683814837e-09    4.30632587271676e-09
243    4.7172389609946574e-09    2.3586194804973287e-09    4.586336960600915e-09
244    4.143039262355375e-09    2.0715196311776873e-09    4.873436809920556e-09
245    3.5561835867552183e-09    1.7780917933776091e-09    5.166864647720634e-09
246    2.958294869920969e-09    1.4791474349604844e-09    5.465809006137759e-09
247    2.35098827384983e-09    1.175494136924915e-09    5.769462304173328e-09
248    1.7351499551412908e-09    8.675749775706454e-10    6.077381463527598e-09
249    1.1049998450973764e-09    5.524999225486882e-10    6.392456518549555e-09
250    0.0    1.7680568988043266e-10    6.768150751217811e-09
251    0.0    7.541333009453144e-11    6.869543111003712e-09
252    0.0    3.357312279746172e-11    6.911383318300782e-09
253    0.0    1.509623372489277e-11    6.929860207373351e-09
254    0.0    6.805795076808563e-12    6.938150646021435e-09
255    0.0    3.070415883349442e-12    6.941886025214894e-09
256    0.0    1.3855999680956188e-12    6.943570841130148e-09
257    0.0    6.25249635052838e-13    6.9443311914631906e-09
258    0.0    2.821345587711299e-13    6.944674306539472e-09
259    0.0    1.2719838203556488e-13    6.944829242716208e-09
260    0.0    5.748158025953298e-14    6.944898959517984e-09
261    0.0    2.576844987389748e-14    6.9449306726483695e-09
262    0.0    1.1782458689268971e-14    6.944944658639554e-09
263    0.0    5.386533233342483e-15    6.94495105456501e-09
264    0.0    2.502121773662047e-15    6.94495393897647e-09
265    0.0    1.1449174941446927e-15    6.944955296180749e-09
266    0.0    5.338611497318624e-16    6.944955907237094e-09
267    0.0    2.413434035952733e-16    6.94495619975484e-09
268    0.0    1.4289784633358948e-16    6.944956298200397e-09
269    0.0    1.6479873021779667e-17    6.94495642461837e-09
270    0.0    4.597017211338539e-17    6.944956395128071e-09
271    -0.0    -8.651933336434325e-17    6.944956527617577e-09
272    -0.0    -4.7271214720367993e-17    6.944956488369458e-09
273    -0.0    -1.3725999503666486e-16    6.9449565783582384e-09
274    0.0    1.9949319973733282e-17    6.9449564211489234e-09
275    -0.0    -6.201636426617085e-17    6.944956503114608e-09
276    0.0    1.6263032587282567e-17    6.944956424835211e-09
277    -0.0    -4.466912950640278e-17    6.944956485767373e-09
278    0.0    1.1362438767648086e-16    6.944956327473856e-09
279    0.0    1.5829351718288365e-17    6.944956425268892e-09
280    -0.0    -2.42861286636753e-17    6.944956465384372e-09
281    -0.0    -7.741203511546502e-17    6.9449565185102785e-09
282    0.0    4.401860820291148e-17    6.944956397079635e-09
283    0.0    6.678685382510707e-17    6.9449563743113896e-09
284    0.0    5.854691731421724e-18    6.944956435243552e-09
285    0.0    2.168404344971009e-17    6.9449564194142e-09
286    0.0    9.73613550891983e-17    6.944956343736888e-09
287    -0.0    -7.697835424647081e-17    6.944956518076598e-09
288    -0.0    -4.185020385794047e-17    6.944956482948447e-09
289    -0.0    -1.0364972768961422e-16    6.944956544747971e-09
290    0.0    5.117434254131581e-17    6.944956389923901e-09
291    0.0    9.389190813724468e-17    6.944956347206335e-09
292    0.0    3.2526065174565133e-18    6.944956437845637e-09
293    -0.0    -8.630249292984615e-17    6.944956527400736e-09
294    0.0    2.168404344971009e-19    6.944956440881403e-09
295    -0.0    -1.1492543028346347e-17    6.9449564525907864e-09
296    -0.0    -5.702903427273753e-17    6.944956498127278e-09
297    -0.0    -1.0473392986209973e-16    6.944956545832173e-09
298    0.0    2.6020852139652106e-17    6.944956415077391e-09
299    0.0    3.729655473350135e-17    6.944956403801689e-09
300    -0.0    -3.0357660829594124e-17    6.944956471455904e-09
301    0.0    6.440160904563896e-17    6.944956376696634e-09
302    -0.0    -1.2685165418080402e-16    6.9449565679498976e-09
303    0.0    6.028164079019405e-17    6.944956380816603e-09
304    -0.0    -8.023096076392733e-17    6.944956521329204e-09
305    -0.0    -4.163336342344337e-17    6.944956482731607e-09
306    -0.0    -5.724587470723463e-17    6.944956498344118e-09
307    0.0    3.686287386450715e-17    6.9449564042353695e-09
308    -0.0    -5.898059818321144e-17    6.9449565000788416e-09
309    0.0    4.618701254788249e-17    6.944956394911231e-09
310    0.0    4.9873299934333204e-18    6.944956436110913e-09
311    -0.0    -1.1275702593849246e-17    6.944956452373946e-09
312    0.0    1.0169816377914032e-16    6.94495633940008e-09
313    0.0    1.3444106938820255e-17    6.9449564276541365e-09
314    -0.0    -8.001412032943023e-17    6.944956521112364e-09
315    0.0    1.0148132334464322e-16    6.94495633961692e-09
316    0.0    1.5157146371347352e-16    6.94495628952678e-09
317    -0.0    -6.505213034913027e-19    6.944956441748765e-09
318    0.0    1.3660947373317356e-17    6.944956427437296e-09
319    -0.0    -4.336808689942018e-17    6.94495648446633e-09
320    -0.0    -6.288372600415926e-17    6.944956503981969e-09
321    0.0    1.6805133673525319e-16    6.944956273046907e-09
322    0.0    1.3834419720915037e-16    6.944956302754046e-09
323    -0.0    -3.3393426912553537e-17    6.94495647449167e-09
324    -0.0    -7.567731163948821e-17    6.944956516775555e-09
325    0.0    4.87890977618477e-17    6.944956392309146e-09
326    -0.0    -5.204170427930421e-18    6.944956446302414e-09
327    -0.0    -7.806255641895632e-18    6.944956448904499e-09
328    0.0    1.1123914289701275e-16    6.9449563298591005e-09
329    -0.0    -2.1033522146218786e-17    6.9449564621317655e-09
330    0.0    5.2909066017292616e-17    6.944956388189177e-09
331    0.0    2.7538735181131813e-17    6.944956413559508e-09
332    -0.0    -6.526897078362737e-17    6.944956506367214e-09
333    -0.0    -1.474514954580286e-17    6.944956455843393e-09
334    -0.0    -7.19910242530375e-17    6.944956513089268e-09
335    -0.0    -5.681219383824043e-17    6.944956497910437e-09
336    -0.0    -2.905661822261152e-17    6.944956470154862e-09
337    0.0    1.0126448291014611e-16    6.9449563398337605e-09
338    0.0    1.240327285323417e-16    6.944956317065515e-09
339    -0.0    -6.657001339060997e-17    6.944956507668257e-09
340    -0.0    -1.3660947373317356e-17    6.944956454759191e-09
341    0.0    1.1514227071796057e-16    6.944956325955973e-09
342    0.0    2.1467203015212988e-17    6.94495641963104e-09
343    -0.0    -5.139118297581291e-17    6.944956492489426e-09
344    0.0    2.927345865710862e-17    6.944956411824785e-09
345    -0.0    -4.705437428587089e-17    6.944956488152618e-09
346    -0.0    -1.691355389077387e-17    6.944956458011797e-09
347    0.0    1.8214596497756474e-17    6.944956422883647e-09
348    -0.0    -3.5778671692021646e-17    6.944956476876915e-09
349    0.0    1.0278236595162582e-16    6.9449563383158774e-09
350    0.0    7.155734338404329e-17    6.9449563695409e-09
351    0.0    1.6284716630732277e-16    6.944956278251077e-09
352    0.0    3.2742905609062234e-17    6.944956408355338e-09
353    0.0    1.1796119636642288e-16    6.944956323137047e-09
354    0.0    1.1579279202145187e-16    6.944956325305451e-09
355    -0.0    -9.80118763926896e-17    6.94495653911012e-09
356    -0.0    -1.3769367590565906e-16    6.944956578791919e-09
357    0.0    4.83554168928535e-17    6.9449563927428265e-09
358    -0.0    -1.8691645453650096e-16    6.944956628014698e-09
359    0.0    1.3877787807814457e-17    6.9449564272204556e-09
360    -0.0    -4.336808689942018e-19    6.944956441531924e-09
361    -0.0    -8.413408858487514e-17    6.944956525232332e-09
362    -0.0    -1.1514227071796057e-16    6.944956556240514e-09
363    0.0    2.0729945537922845e-16    6.944956233798788e-09
364    0.0    6.353424730765056e-17    6.944956377563996e-09
365    -0.0    -2.42861286636753e-17    6.944956465384372e-09
366    -0.0    -1.3639263329867646e-16    6.944956577490877e-09
367    0.0    4.8138576458356397e-17    6.944956392959667e-09
368    0.0    1.0755285551056204e-16    6.944956333545388e-09
369    0.0    7.589415207398531e-17    6.944956365204091e-09
370    0.0    5.2692225582795515e-17    6.944956388406018e-09
371    0.0    1.452830911130576e-16    6.944956295815152e-09
372    0.0    7.39425881635114e-17    6.944956367155655e-09
373    -0.0    -2.5153490401663703e-17    6.944956466251734e-09
374    -0.0    -1.5612511283791264e-17    6.944956456710755e-09
375    -0.0    -4.9873299934333204e-17    6.944956490971543e-09
376    0.0    4.85722573273506e-17    6.944956392525986e-09
377    -0.0    -6.201636426617085e-17    6.944956503114608e-09
378    -0.0    -8.370040771588094e-17    6.944956524798651e-09
379    -0.0    -6.440160904563896e-17    6.9449565054998524e-09
380    0.0    1.2793585635328952e-17    6.944956428304658e-09
381    0.0    1.734723475976807e-18    6.94495643936352e-09
382    0.0    3.230922474006803e-17    6.944956408789019e-09
383    0.0    3.1008182133085427e-17    6.944956410090061e-09
384    0.0    1.3877787807814457e-17    6.9449564272204556e-09
385    -0.0    -8.456776945386935e-18    6.94495644955502e-09
386    -0.0    -2.168404344971009e-18    6.944956443266648e-09
387    -0.0    -4.3151246464923076e-17    6.94495648424949e-09
388    0.0    1.3444106938820255e-17    6.9449564276541365e-09
389    0.0    2.970713952610282e-17    6.944956411391104e-09
390    -0.0    -1.227316859253591e-16    6.944956563829929e-09
391    -0.0    -2.3635607360183997e-17    6.944956464733851e-09
392    -0.0    -1.691355389077387e-17    6.944956458011797e-09
393    -0.0    -3.881443777498106e-17    6.944956479912681e-09
394    -0.0    -4.0549161250957866e-17    6.944956481647405e-09
395    0.0    1.5590827240341554e-16    6.944956285189971e-09
396    0.0    4.336808689942018e-19    6.9449564406645625e-09
397    -0.0    -1.0408340855860843e-16    6.944956545181652e-09
398    -0.0    -9.540979117872439e-18    6.9449564506392225e-09
399    0.0    1.9081958235744878e-17    6.944956422016285e-09
400    0.0    4.705437428587089e-17    6.944956394043869e-09
401    0.0    9.497611030973019e-17    6.944956346122133e-09
402    0.0    7.871307772244762e-17    6.944956362385166e-09
403    0.0    1.4094628242311558e-17    6.944956427003615e-09
404    0.0    4.5536491244391186e-17    6.944956395561752e-09
405    -0.0    -2.8189256484623115e-18    6.944956443917169e-09
406    -0.0    -3.187554387107383e-17    6.944956472973787e-09
407    -0.0    -1.702197410802242e-16    6.9449566113179845e-09
408    0.0    4.0115480381963664e-17    6.944956400982763e-09
409    0.0    1.48318857196017e-16    6.944956292779386e-09
410    0.0    9.324138683375338e-17    6.9449563478568566e-09
411    0.0    7.806255641895632e-18    6.944956433291988e-09
412    0.0    7.849623728795052e-17    6.944956362602006e-09
413    0.0    1.0625181290357943e-16    6.9449563348464305e-09
414    -0.0    -3.729655473350135e-17    6.944956478394798e-09
415    -0.0    -5.2475385148298415e-17    6.9449564935736285e-09
416    -0.0    -2.5587171270657905e-17    6.944956466685415e-09
417    -0.0    -1.0299920638612292e-16    6.94495654409745e-09
418    0.0    5.182486384480711e-17    6.9449563892733795e-09
419    -0.0    -1.5417354892743873e-16    6.944956595271792e-09
420    0.0    6.765421556309548e-17    6.944956373444028e-09
421    -0.0    -4.163336342344337e-17    6.944956482731607e-09
422    0.0    7.3075226425523e-17    6.944956368023017e-09
423    0.0    1.205632815803881e-16    6.944956320534962e-09
424    -0.0    -5.4643789493269423e-17    6.944956495742033e-09
425    0.0    3.903127820947816e-17    6.944956402066965e-09
426    -0.0    -1.6761765586625899e-16    6.944956608715899e-09
427    0.0    7.177418381854039e-17    6.9449563693240596e-09
428    -0.0    -4.9873299934333204e-18    6.944956446085573e-09
429    0.0    1.1709383462843448e-17    6.94495642938886e-09
430    0.0    1.0473392986209973e-16    6.9449563363643135e-09
431    0.0    2.3635607360183997e-17    6.944956417462636e-09
432    -0.0    -7.177418381854039e-17    6.944956512872427e-09
433    -0.0    -6.852157730108388e-17    6.944956509619821e-09
434    0.0    4.401860820291148e-17    6.944956397079635e-09
435    -0.0    -5.724587470723463e-17    6.944956498344118e-09
436    0.0    1.1275702593849246e-17    6.944956429822541e-09
437    0.0    4.662069341687669e-17    6.94495639447755e-09
438    -0.0    -1.951563910473908e-17    6.9449564606138825e-09
439    -0.0    -2.1250362580715887e-17    6.944956462348606e-09
440    -0.0    -7.025630077706069e-17    6.944956511354544e-09
441    -0.0    -4.7704895589362195e-18    6.944956445868733e-09
442    0.0    1.2728533504979822e-16    6.944956313812908e-09
443    -0.0    -1.3660947373317356e-16    6.944956577707717e-09
444    -0.0    -3.686287386450715e-18    6.944956444784531e-09
445    -0.0    -1.6046192152785466e-17    6.9449564571444355e-09
446    0.0    1.0430024899310553e-16    6.944956336797994e-09
447    -0.0    -8.738669510233166e-17    6.9449565284849385e-09
448    -0.0    -3.903127820947816e-17    6.944956480129522e-09
449    0.0    3.8163916471489756e-17    6.944956402934327e-09
450    -0.0    -3.5128150388530344e-17    6.944956476226394e-09
451    0.0    2.7321894746634712e-17    6.944956413776349e-09
452    0.0    3.426078865054194e-17    6.944956406837455e-09
453    -0.0    -1.0451708942760263e-16    6.944956545615333e-09
454    -0.0    -7.806255641895632e-18    6.944956448904499e-09
455    -0.0    -4.7921736023859296e-17    6.9449564890199794e-09
456    -0.0    -3.7513395167998453e-17    6.9449564786116386e-09
457    0.0    1.3010426069826053e-18    6.944956439797201e-09
458    0.0    1.0625181290357943e-17    6.944956430473062e-09
459    0.0    1.3248950547772864e-16    6.944956308608738e-09
460    -0.0    -6.873841773558098e-17    6.944956509836661e-09
461    0.0    4.83554168928535e-17    6.9449563927428265e-09
462    -0.0    -4.358492733391728e-17    6.944956484683171e-09
463    0.0    3.599551212651875e-17    6.944956405102731e-09
464    0.0    2.5587171270657905e-17    6.944956415511072e-09
465    -0.0    -1.452830911130576e-17    6.9449564556265525e-09
466    0.0    3.187554387107383e-17    6.9449564092226995e-09
467    -0.0    -6.288372600415926e-18    6.944956447386616e-09
468    0.0    1.1774435593192578e-16    6.9449563233538875e-09
469    -0.0    -3.0791341698588326e-17    6.944956471889585e-09
470    0.0    3.7730235602495554e-17    6.944956403368008e-09
471    -0.0    -2.47198095326695e-17    6.944956465818053e-09
472    -0.0    -2.45029690981724e-17    6.9449564656012125e-09
473    -0.0    -1.3010426069826053e-17    6.9449564541086695e-09
474    0.0    4.7704895589362195e-17    6.944956393393348e-09
475    0.0    7.15573433840433e-18    6.944956433942509e-09
476    -0.0    -1.496198998029996e-17    6.944956456060233e-09
477    -0.0    -7.524363077049401e-17    6.944956516341874e-09
478    0.0    2.5370330836160804e-17    6.9449564157279126e-09
479    0.0    1.0148132334464322e-16    6.94495633961692e-09
480    0.0    4.5319650809894085e-17    6.9449563957785926e-09
481    0.0    2.6107588313450947e-16    6.94495618002236e-09
482    0.0    5.041540102057596e-16    6.944955936944233e-09
483    0.0    1.1460016963171782e-15    6.944955295096547e-09
484    0.0    2.3952194394549764e-15    6.944954045878804e-09
485    0.0    5.292207644336244e-15    6.944951148890599e-09
486    0.0    1.187526639523373e-14    6.944944565831848e-09
487    0.0    2.6110840919968403e-14    6.9449303302573234e-09
488    0.0    5.757113535898029e-14    6.944898869962884e-09
489    0.0    1.2736339760621718e-13    6.944829077700637e-09
490    0.0    2.822243307110117e-13    6.944674216767532e-09
491    0.0    6.253279144496915e-13    6.944331113183794e-09
492    0.0    1.3856242542242825e-12    6.943570816844019e-09
493    0.0    3.0706355427095877e-12    6.941885805555534e-09
494    0.0    6.805872488843678e-12    6.9381505686094e-09
495    0.0    1.5096253240531876e-11    6.9298601878577115e-09
496    0.0    3.357288557402638e-11    6.911383555524217e-09
497    0.0    7.541369980747226e-11    6.869542741290771e-09
498    0.0    1.7680548323149858e-10    6.768150957866745e-09
499    1.1049989252602532e-09    5.524994626301266e-10    6.392456978468117e-09
