0    2.031346502898851e-09    1.0156732514494254e-09    5.912868574322119e-09
1    2.768038306812798e-09    1.384019153406399e-09    5.544522672365146e-09
2    3.4910489434165914e-09    1.7455244717082957e-09    5.183017354063249e-09
3    4.19811636929307e-09    2.099058184646535e-09    4.82948364112501e-09
4    4.8864552456423516e-09    2.4432276228211758e-09    4.485314202950369e-09
5    5.55344293077728e-09    2.77672146538864e-09    4.1518203603829046e-09
6    6.196725914082296e-09    3.098362957041148e-09    3.830178868730397e-09
7    6.814256092984444e-09    3.407128046492222e-09    3.5214137792793226e-09
8    7.404310017541937e-09    3.7021550087709687e-09    3.226386817000576e-09
9    7.965493929382172e-09    3.982746964691086e-09    2.9457948610804585e-09
10    8.496751249635615e-09    4.248375624817807e-09    2.6801662009537375e-09
11    8.997356939783457e-09    4.498678469891729e-09    2.429863355879816e-09
12    9.466909544047358e-09    4.733454772023679e-09    2.1950870537478656e-09
13    9.9053153105981e-09    4.95265765529905e-09    1.9758841704724944e-09
14    1.0312770370307645e-08    5.156385185153822e-09    1.7721566406177225e-09
15    1.0689734467397849e-08    5.3448672336989245e-09    1.5836745920726203e-09
16    1.103690850561348e-08    5.51845425280674e-09    1.410087572964805e-09
17    1.1355201019053185e-08    5.6776005095265925e-09    1.2509413162449523e-09
18    1.1645702655254525e-08    5.8228513276272625e-09    1.1056904981442822e-09
19    1.1909651896190726e-08    5.954825948095363e-09    9.737158776761817e-10
20    1.2148407517800774e-08    6.074203758900387e-09    8.543380668711575e-10
21    1.2363415659733673e-08    6.1817078298668365e-09    7.468339959047082e-10
22    1.255618361888089e-08    6.278091809440445e-09    6.504500163311e-10
23    1.2728253869290218e-08    6.364126934645109e-09    5.644148911264357e-10
24    1.2881177559927875e-08    6.440588779963938e-09    4.87953045807607e-10
25    1.3016494972584863e-08    6.508247486292432e-09    4.202943394791131e-10
26    1.3135716461602776e-08    6.567858230801388e-09    3.60683594970157e-10
27    1.3240305851702772e-08    6.620152925851386e-09    3.0838889992015894e-10
28    1.3331667391997676e-08    6.665833695998838e-09    2.6270812977270686e-10
29    1.3411136133480855e-08    6.705568066740428e-09    2.2297375903111705e-10
30    1.3479969114028878e-08    6.739984557014439e-09    1.8855726875710577e-10
31    1.3539339709274512e-08    6.769669854637256e-09    1.5887197113428897e-10
32    1.3590336593941044e-08    6.795168296970522e-09    1.3337352880102293e-10
33    1.3633959475289892e-08    6.816979737644946e-09    1.1156208812659885e-10
34    1.3671121796687141e-08    6.835560898343571e-09    9.298092742797415e-11
35    1.3702651846091846e-08    6.851325923045923e-09    7.721590272562195e-11
36    1.3729294987344098e-08    6.864647493672049e-09    6.389433209949558e-11
37    1.375171824026869e-08    6.875859120134345e-09    5.268270563719979e-11
38    1.3770515180835247e-08    6.885257590417623e-09    4.328423535392145e-11
39    1.3786209731962706e-08    6.893104865981353e-09    3.543695979019157e-11
40    1.3799262605848628e-08    6.899631302924314e-09    2.8910522847230835e-11
41    1.3810076273951949e-08    6.9050381369759745e-09    2.35036887955703e-11
42    1.381900037369238e-08    6.90950018684619e-09    1.9041638925354487e-11
43    1.3826337002826455e-08    6.913168501413228e-09    1.5373324358317064e-11
44    1.3832344855461975e-08    6.916172427730988e-09    1.2369398040557034e-11
45    1.3837247215230108e-08    6.918623607615054e-09    9.918218156490521e-12
46    1.3841231844263086e-08    6.920615922131543e-09    7.925903640002008e-12
47    1.384445874825016e-08    6.92222937412508e-09    6.312451646464656e-12
48    1.3847062439384383e-08    6.923531219692192e-09    5.010606079353108e-12
49    1.3849155581450306e-08    6.924577790725153e-09    3.964035046391534e-12
50    1.3850832355187526e-08    6.925416177593763e-09    3.1256481777819367e-12
51    1.3852170575087003e-08    6.926085287543501e-09    2.45653822804337e-12
52    1.3853234666610231e-08    6.926617333305116e-09    1.9244924664291174e-12
53    1.3854078117353508e-08    6.927039058676754e-09    1.5027670947909133e-12
54    1.3854744073792807e-08    6.927372036896404e-09    1.1697888751410757e-12
55    1.3855268653304581e-08    6.9276343266522905e-09    9.074991192542514e-13
56    1.3855679987032077e-08    6.927839993516038e-09    7.018322555063516e-13
57    1.385600161864231e-08    6.928000809321155e-09    5.410164503893977e-13
58    1.385625210664071e-08    6.928126053320355e-09    4.157724511899552e-13
59    1.3856446025740238e-08    6.928223012870119e-09    3.1881290142588004e-13
60    1.385659665351438e-08    6.92829832675719e-09    2.4349901435460897e-13
61    1.3856712601130472e-08    6.928356300565236e-09    1.8552520630876757e-13
62    1.3856802237761923e-08    6.928401118880961e-09    1.4070689058343078e-13
63    1.38568705876016e-08    6.9284352938008e-09    1.0653197074494969e-13
64    1.3856922955433892e-08    6.928461477716946e-09    8.034805459855576e-14
65    1.3856962301130732e-08    6.928481150565366e-09    6.067520617880628e-14
66    1.3856992790630546e-08    6.928496395315273e-09    4.5430456271922104e-14
67    1.3857015755333602e-08    6.928507877666801e-09    3.394810474399712e-14
68    1.3857032806364328e-08    6.928516403182164e-09    2.5422589380874605e-14
69    1.3857045911766508e-08    6.928522955883254e-09    1.8869888290806713e-14
70    1.3857055594125589e-08    6.9285277970627945e-09    1.4028708750224439e-14
71    1.3857062734247416e-08    6.928531367123708e-09    1.045864783666417e-14
72    1.3857068225080899e-08    6.928534112540449e-09    7.713231095496376e-15
73    1.3857072650794167e-08    6.928536325397083e-09    5.500374461453461e-15
74    1.385707509285114e-08    6.92853754642557e-09    4.279345974800286e-15
75    1.3857077432993109e-08    6.9285387164965545e-09    3.1092749902539296e-15
76    1.38570792353708e-08    6.9285396176854e-09    2.2080861444839783e-15
77    1.3857080106201985e-08    6.928540053100993e-09    1.7726705520137997e-15
78    1.385708124634899e-08    6.928540623174495e-09    1.2025970497209215e-15
79    1.3857081801894183e-08    6.928540900947092e-09    9.248244531301353e-16
80    1.385708242899672e-08    6.92854121449836e-09    6.112731848473274e-16
81    1.3857082855305014e-08    6.928541427652507e-09    3.9811903773667723e-16
82    1.385708283795778e-08    6.92854141897889e-09    4.0679265511656126e-16
83    1.3857082935102294e-08    6.928541467551147e-09    3.5822039778921066e-16
84    1.38570832274032e-08    6.9285416137016e-09    2.1206994493816467e-16
85    1.3857083439473145e-08    6.928541719736572e-09    1.0603497246908233e-16
86    1.3857083559602745e-08    6.928541779801373e-09    4.597017211338539e-17
87    1.3857083508428403e-08    6.928541754214201e-09    7.155734338404329e-17
88    1.3857083653277813e-08    6.9285418266389065e-09    8.673617379884035e-19
89    1.3857083548327043e-08    6.928541774163521e-09    5.160802341031001e-17
90    1.3857083416488059e-08    6.928541708244029e-09    1.1752751549742868e-16
91    1.3857083210489646e-08    6.928541605244823e-09    2.205267218835516e-16
92    1.3857083194009773e-08    6.928541597004886e-09    2.2876665839444144e-16
93    1.3857083099467343e-08    6.928541549733672e-09    2.7603787311480943e-16
94    1.3857083518836744e-08    6.928541759418372e-09    6.635317295611287e-17
95    1.3857083349701205e-08    6.928541674850602e-09    1.5092094240998222e-16
96    1.3857083110743046e-08    6.928541555371523e-09    2.704000218178848e-16
97    1.3857083525341957e-08    6.928541762670978e-09    6.310056643865636e-17
98    1.385708356697532e-08    6.92854178348766e-09    4.228388472693467e-17
99    1.3857083769504286e-08    6.928541884752143e-09    5.898059818321144e-17
100    1.3857083321945629e-08    6.9285416609728145e-09    1.6479873021779667e-16
101    1.3857083326716119e-08    6.928541663358059e-09    1.6241348543832856e-16
102    1.385708351710202e-08    6.92854175855101e-09    6.722053469410127e-17
103    1.3857083279444904e-08    6.928541639722452e-09    1.8604909279851256e-16
104    1.3857083431666889e-08    6.9285417158334445e-09    1.0993810029003015e-16
105    1.385708343253425e-08    6.928541716267125e-09    1.0950441942103595e-16
106    1.3857083660650388e-08    6.928541830325194e-09    4.553649124439119e-18
107    1.3857083479805465e-08    6.928541739902733e-09    8.586881206085195e-17
108    1.385708349238221e-08    6.928541746191105e-09    7.958043946043603e-17
109    1.3857083507561041e-08    6.9285417537805205e-09    7.19910242530375e-17
110    1.3857083608175003e-08    6.928541804087501e-09    2.168404344971009e-17
111    1.3857083670625048e-08    6.928541835312524e-09    9.540979117872439e-18
112    1.3857083800729308e-08    6.928541900364654e-09    7.45931094670027e-17
113    1.3857083847133161e-08    6.928541923566581e-09    9.77950359581925e-17
114    1.3857083968997486e-08    6.928541984498743e-09    1.5872719805187785e-16
115    1.3857083641134749e-08    6.928541820567374e-09    5.204170427930421e-18
116    1.3857083262097669e-08    6.9285416310488346e-09    1.947227101783966e-16
117    1.3857083137197579e-08    6.9285415685987894e-09    2.5717275531356165e-16
118    1.3857083375288376e-08    6.928541687644188e-09    1.3812735677465326e-16
119    1.3857083484142274e-08    6.928541742071137e-09    8.370040771588094e-17
120    1.3857083103804152e-08    6.928541551902076e-09    2.738694687698384e-16
121    1.3857083548760724e-08    6.928541774380362e-09    5.139118297581291e-17
122    1.385708360687396e-08    6.92854180343698e-09    2.233456475320139e-17
123    1.3857083650675728e-08    6.928541825337864e-09    4.336808689942018e-19
124    1.3857083750856009e-08    6.928541875428004e-09    4.96564594998361e-17
125    1.385708365154309e-08    6.928541825771545e-09    0.0
126    1.3857083519704105e-08    6.928541759852053e-09    6.591949208711867e-17
127    1.3857084076550341e-08    6.9285420382751706e-09    2.1250362580715887e-16
128    1.3857083642435791e-08    6.928541821217896e-09    4.553649124439119e-18
129    1.3857083473300252e-08    6.928541736650126e-09    8.912141857830846e-17
130    1.3857083423426952e-08    6.928541711713476e-09    1.1405806854547507e-16
131    1.3857083454218294e-08    6.928541727109147e-09    9.86623976961809e-17
132    1.3857083649374685e-08    6.928541824687343e-09    1.0842021724855044e-18
133    1.3857083253424052e-08    6.928541626712026e-09    1.9905951886833861e-16
134    1.385708355179649e-08    6.928541775898245e-09    4.9873299934333204e-17
135    1.3857083439473145e-08    6.928541719736572e-09    1.0603497246908233e-16
136    1.3857083417789101e-08    6.9285417088945506e-09    1.1687699419393738e-16
137    1.3857083195744496e-08    6.928541597872248e-09    2.2789929665645303e-16
138    1.3857083560470107e-08    6.9285417802350535e-09    4.5536491244391186e-17
139    1.3857083526643e-08    6.9285417633215e-09    6.245004513516506e-17
140    1.385708347720338e-08    6.92854173860169e-09    8.716985466783456e-17
141    1.3857083431666889e-08    6.9285417158334445e-09    1.0993810029003015e-16
142    1.3857083406513399e-08    6.928541703256699e-09    1.22514845490862e-16
143    1.385708320745388e-08    6.92854160372694e-09    2.220446049250313e-16
144    1.3857083260362946e-08    6.928541630181473e-09    1.95590071916385e-16
145    1.385708315801426e-08    6.92854157900713e-09    2.467644144577008e-16
146    1.385708319270873e-08    6.928541596354365e-09    2.2941717969793274e-16
147    1.3857083441641549e-08    6.9285417208207745e-09    1.0495077029659683e-16
148    1.3857083660216707e-08    6.9285418301083534e-09    4.336808689942018e-18
149    1.3857083470698167e-08    6.9285417353490836e-09    9.042246118529107e-17
150    1.385708353184717e-08    6.928541765923585e-09    5.984795992119984e-17
151    1.3857083503224232e-08    6.928541751612116e-09    7.41594285980085e-17
152    1.3857083248653562e-08    6.928541624326781e-09    2.0144476364780672e-16
153    1.3857083080385385e-08    6.9285415401926925e-09    2.8557885223268187e-16
154    1.3857083165386835e-08    6.928541582693418e-09    2.430781270712501e-16
155    1.3857083016200616e-08    6.928541508100308e-09    3.176712365382528e-16
156    1.3857083141968068e-08    6.928541570984034e-09    2.5478751053409354e-16
157    1.3857083293322692e-08    6.928541646661346e-09    1.7911019889460533e-16
158    1.3857083468963444e-08    6.928541734481722e-09    9.128982292327947e-17
159    1.3857083395237696e-08    6.928541697618848e-09    1.2815269678778662e-16
160    1.3857083262965031e-08    6.9285416314825155e-09    1.942890293094024e-16
161    1.3857083464192954e-08    6.928541732096477e-09    9.367506770274758e-17
162    1.3857083091227407e-08    6.928541545613703e-09    2.8015784137025435e-16
163    1.3857083144570154e-08    6.928541572285077e-09    2.5348646792711094e-16
164    1.3857083137197579e-08    6.9285415685987894e-09    2.5717275531356165e-16
165    1.3857082976735657e-08    6.928541488367829e-09    3.37403716077489e-16
166    1.3857082777242458e-08    6.928541388621229e-09    4.371503159461554e-16
167    1.3857082080317301e-08    6.9285410401586506e-09    7.856128941829965e-16
168    1.3857081904242868e-08    6.928540952121434e-09    8.736501105888195e-16
169    1.3857081493113405e-08    6.928540746556702e-09    1.0792148424920711e-15
170    1.385708109629541e-08    6.928540548147705e-09    1.2776238400569184e-15
171    1.385708027316912e-08    6.92854013658456e-09    1.689186984732416e-15
172    1.3857079378919168e-08    6.928539689459584e-09    2.136311960665438e-15
173    1.3857077776468357e-08    6.928538888234179e-09    2.9375373661322257e-15
174    1.3857075375611067e-08    6.928537687805533e-09    4.137966011508176e-15
175    1.3857072300380024e-08    6.928536150190012e-09    5.675581532527119e-15
176    1.385706835518516e-08    6.92853417759258e-09    7.648178965147245e-15
177    1.3857062841800272e-08    6.928531420900136e-09    1.0404871408908889e-14
178    1.3857055452745626e-08    6.928527726372813e-09    1.4099398731870494e-14
179    1.3857045964675574e-08    6.928522982337787e-09    1.8843433757798067e-14
180    1.3857032809833775e-08    6.928516404916887e-09    2.5420854657398628e-14
181    1.385701547994625e-08    6.928507739973125e-09    3.408579841990278e-14
182    1.3856992878667762e-08    6.928496439333881e-09    4.538643766371919e-14
183    1.3856962428632907e-08    6.928481214316454e-09    6.061145509106414e-14
184    1.3856922959770701e-08    6.9284614798853505e-09    8.034588619421079e-14
185    1.3856870457497339e-08    6.9284352287486695e-09    1.0659702287529882e-13
186    1.3856802196995921e-08    6.9284010984979605e-09    1.407272735842735e-13
187    1.3856712877385186e-08    6.928356438692593e-09    1.853870789519929e-13
188    1.3856596741551597e-08    6.928298370775798e-09    2.4345499574640606e-13
189    1.3856446368781805e-08    6.9282231843909026e-09    3.1864138064219283e-13
190    1.385625221679565e-08    6.928126108397825e-09    4.1571737371959294e-13
191    1.3856001541447116e-08    6.928000770723558e-09    5.410550479867382e-13
192    1.3855680189994724e-08    6.927840094997362e-09    7.01730774183007e-13
193    1.3855268899635315e-08    6.927634449817657e-09    9.073759538874571e-13
194    1.3854744403823949e-08    6.927372201911974e-09    1.1696238595704234e-12
195    1.3854078345903326e-08    6.927039172951663e-09    1.5026528198819333e-12
196    1.385323521521653e-08    6.926617607608265e-09    1.9242181632794786e-12
197    1.3852170230744393e-08    6.926085115372196e-09    2.4567103993483608e-12
198    1.3850832176077327e-08    6.925416088038663e-09    3.125737732881384e-12
199    1.3849155828214721e-08    6.9245779141073605e-09    3.963911664184305e-12
200    1.3847062788497483e-08    6.9235313942487414e-09    5.010431522803338e-12
201    1.3844458736974458e-08    6.922229368487229e-09    6.312457284315953e-12
202    1.3841232069777137e-08    6.920616034888569e-09    7.92579088297607e-12
203    1.3837247199183916e-08    6.918623599591958e-09    9.918226179586598e-12
204    1.383234540189987e-08    6.916172700949935e-09    1.2369124821609567e-11
205    1.3826337140736972e-08    6.913168570368486e-09    1.5373255403058894e-11
206    1.3819000759234673e-08    6.9095003796173365e-09    1.904144615420822e-11
207    1.3810076329896781e-08    6.9050381649483905e-09    2.350366082315425e-11
208    1.3799262659191375e-08    6.899631329595687e-09    2.8910496175857392e-11
209    1.3786209802219007e-08    6.8931049011095036e-09    3.543692466204118e-11
210    1.3770515309204784e-08    6.885257654602392e-09    4.328417116915284e-11
211    1.3751718845687183e-08    6.8758594228435915e-09    5.268240292795323e-11
212    1.3729294950914905e-08    6.864647475457453e-09    6.389435031409207e-11
213    1.3702652323574482e-08    6.851326161787241e-09    7.721566398430357e-11
214    1.3671121874749698e-08    6.835560937374849e-09    9.298088839669594e-11
215    1.363395955942398e-08    6.81697977971199e-09    1.1156204605955455e-10
216    1.3590336359319694e-08    6.795168179659847e-09    1.33373646111698e-10
217    1.3539339456004884e-08    6.769669728002442e-09    1.5887209776910272e-10
218    1.347996858580558e-08    6.73998429290279e-09    1.8855753286875498e-10
219    1.3411136059755108e-08    6.705568029877554e-09    2.229737958939909e-10
220    1.3331667745013903e-08    6.6658338725069516e-09    2.627079532645932e-10
221    1.3240306469264329e-08    6.6201532346321645e-09    3.083885911393802e-10
222    1.3135716733087e-08    6.5678583665435e-09    3.60683459228045e-10
223    1.301649500554461e-08    6.508247502772305e-09    4.202943229992401e-10
224    1.2881177559927875e-08    6.440588779963938e-09    4.87953045807607e-10
225    1.2728253744823809e-08    6.364126872411904e-09    5.644149533596404e-10
226    1.2556183917253327e-08    6.278091958626664e-09    6.504498671448811e-10
227    1.2363415402560918e-08    6.181707701280459e-09    7.468341244910859e-10
228    1.2148407638364056e-08    6.074203819182028e-09    8.543380065895168e-10
229    1.1909651990733156e-08    5.954825995366578e-09    9.73715830404967e-10
230    1.1645702432342558e-08    5.822851216171279e-09    1.1056906096002656e-09
231    1.135520116130051e-08    5.677600580650255e-09    1.2509412451212898e-09
232    1.1036908574568738e-08    5.518454287284369e-09    1.4100875384871758e-09
233    1.068973492666589e-08    5.344867463332945e-09    1.5836743624386002e-09
234    1.0312770281403066e-08    5.156385140701533e-09    1.7721566850700116e-09
235    9.905315397334274e-09    4.952657698667137e-09    1.9758841271044075e-09
236    9.4669094547091e-09    4.73345472735455e-09    2.195087098416995e-09
237    8.997356632737402e-09    4.498678316368701e-09    2.4298635094028437e-09
238    8.496751063152841e-09    4.2483755315764204e-09    2.6801662941951243e-09
239    7.965493751139335e-09    3.982746875569668e-09    2.945794950201877e-09
240    7.404310055705854e-09    3.702155027852927e-09    3.226386797918618e-09
241    6.814256187526874e-09    3.407128093763437e-09    3.521413732008108e-09
242    6.196725527672642e-09    3.098362763836321e-09    3.830179061935224e-09
243    5.553442984987389e-09    2.7767214924936945e-09    4.15182033327785e-09
244    4.886455533172768e-09    2.443227766586384e-09    4.485314059185161e-09
245    4.198116394880241e-09    2.0990581974401207e-09    4.829483628331424e-09
246    3.4910489039516324e-09    1.7455244519758162e-09    5.1830173737957286e-09
247    2.768038011476126e-09    1.384019005738063e-09    5.544522820033482e-09
248    2.031346919666166e-09    1.015673459833083e-09    5.912868365938462e-09
249    1.276614863300607e-09    6.383074316503035e-10    6.290234394121241e-09
250    0.0    1.941933009796254e-10    6.734348524791919e-09
251    0.0    7.848051592276861e-11    6.850061309848776e-09
252    0.0    3.3028004159732505e-11    6.895513821611812e-09
253    0.0    1.4025031786976672e-11    6.914516793984568e-09
254    0.0    5.968924573357404e-12    6.922572901198187e-09
255    0.0    2.5416582900839035e-12    6.926000167481461e-09
256    0.0    1.082399144272661e-12    6.927459426627272e-09
257    0.0    4.609524567600332e-13    6.928080873314785e-09
258    0.0    1.9627355296591986e-13    6.928345552218579e-09
259    0.0    8.366419536331993e-14    6.9284581615761814e-09
260    0.0    3.5606717227465445e-14    6.928506219054317e-09
261    0.0    1.50862395492668e-14    6.9285267395319955e-09
262    0.0    6.550966366591915e-15    6.928535274805178e-09
263    0.0    2.7610292524515856e-15    6.928539064742292e-09
264    0.0    1.1065367372387058e-15    6.9285407192348075e-09
265    0.0    4.345482307321902e-16    6.928541391223314e-09
266    0.0    1.3725999503666486e-16    6.92854168851155e-09
267    0.0    1.960237527853792e-16    6.928541629747792e-09
268    0.0    1.6696713456276768e-17    6.928541809074831e-09
269    0.0    3.209238430557093e-17    6.9285417936791605e-09
270    0.0    3.838075690598686e-17    6.928541787390788e-09
271    0.0    7.155734338404329e-17    6.928541754214201e-09
272    0.0    1.491862189340054e-16    6.928541676585326e-09
273    -0.0    -2.0751629581372555e-16    6.9285420332878406e-09
274    0.0    9.540979117872439e-18    6.928541816230566e-09
275    -0.0    -7.068998164605489e-17    6.928541896461526e-09
276    -0.0    -1.1882855810441129e-16    6.928541944600103e-09
277    0.0    1.8453120975703285e-16    6.928541641240335e-09
278    0.0    5.5077470362263625e-17    6.928541770694074e-09
279    -0.0    -7.611099250848241e-17    6.928541901882537e-09
280    -0.0    -1.0885389811754465e-16    6.928541934625443e-09
281    -0.0    -7.068998164605489e-17    6.928541896461526e-09
282    -0.0    -1.7607443281164592e-16    6.9285420018459776e-09
283    -0.0    -1.2728533504979822e-16    6.92854195305688e-09
284    -0.0    -4.336808689942018e-18    6.9285418301083534e-09
285    0.0    4.141652298894627e-17    6.928541784355022e-09
286    0.0    1.1058862159352145e-17    6.928541814712683e-09
287    0.0    3.924811864397526e-17    6.928541786523426e-09
288    0.0    2.7538735181131813e-17    6.9285417982328096e-09
289    -0.0    -5.421010862427522e-18    6.928541831192556e-09
290    -0.0    -5.702903427273753e-17    6.928541882800579e-09
291    -0.0    -3.8163916471489756e-17    6.928541863935461e-09
292    -0.0    -9.410874857174178e-17    6.928541919880293e-09
293    0.0    3.3393426912553537e-17    6.928541792378118e-09
294    0.0    2.0599841277224584e-17    6.9285418051717035e-09
295    -0.0    -2.6020852139652106e-18    6.92854182837363e-09
296    -0.0    -4.7271214720367993e-17    6.9285418730427595e-09
297    -0.0    -2.8189256484623115e-17    6.928541853960801e-09
298    0.0    2.7321894746634712e-17    6.92854179844965e-09
299    -0.0    -5.0090140368830305e-17    6.928541875861685e-09
300    -0.0    -7.849623728795052e-17    6.928541904267782e-09
301    -0.0    -5.334274688628682e-17    6.928541879114292e-09
302    0.0    4.423544863740858e-17    6.928541781536096e-09
303    -0.0    -2.710505431213761e-17    6.928541852876599e-09
304    0.0    6.440160904563896e-17    6.928541761369936e-09
305    -0.0    -9.345822726825048e-17    6.928541919229772e-09
306    0.0    2.7755575615628914e-17    6.928541798015969e-09
307    0.0    9.020562075079397e-17    6.928541735565924e-09
308    0.0    6.049848122469115e-17    6.9285417652730635e-09
309    -0.0    -1.1817803680091998e-16    6.9285419439495816e-09
310    0.0    1.734723475976807e-17    6.92854180842431e-09
311    -0.0    -1.5612511283791264e-17    6.928541841384056e-09
312    0.0    1.9081958235744878e-17    6.9285418066895865e-09
313    -0.0    -6.7220534694101275e-18    6.928541832493598e-09
314    0.0    8.001412032943023e-17    6.9285417457574244e-09
315    -0.0    -1.1275702593849246e-16    6.928541938528571e-09
316    -0.0    -1.1492543028346347e-17    6.928541837264088e-09
317    -0.0    -6.396792817664476e-17    6.928541889739473e-09
318    0.0    2.2985086056692694e-17    6.928541802786459e-09
319    0.0    1.0191500421363742e-17    6.928541815580044e-09
320    0.0    2.5153490401663703e-17    6.928541800618054e-09
321    -0.0    -1.1557595158695477e-16    6.928541941347496e-09
322    0.0    2.4936649967166602e-17    6.928541800834895e-09
323    0.0    5.789639601072594e-17    6.928541767875149e-09
324    -0.0    -1.3292318634672284e-16    6.928541958694731e-09
325    -0.0    -3.859759734048396e-17    6.928541864369142e-09
326    -0.0    -7.32920668600201e-17    6.928541899063612e-09
327    0.0    5.551115123125783e-17    6.9285417702603935e-09
328    0.0    8.608565249534905e-17    6.928541739685892e-09
329    -0.0    -1.0690233420707074e-16    6.928541932673879e-09
330    -0.0    -4.206704429243757e-17    6.928541867838589e-09
331    -0.0    -1.0408340855860843e-16    6.928541929854953e-09
332    -0.0    -2.2768245622195593e-17    6.92854184853979e-09
333    -0.0    -1.8865117801247777e-17    6.9285418446366626e-09
334    -0.0    -1.1817803680091998e-16    6.9285419439495816e-09
335    -0.0    -9.259086553026208e-17    6.92854191836241e-09
336    0.0    8.673617379884035e-18    6.928541817097927e-09
337    0.0    5.941427905220564e-17    6.928541766357266e-09
338    -0.0    -2.7538735181131813e-17    6.92854185331028e-09
339    0.0    2.6237692574149207e-17    6.928541799533852e-09
340    -0.0    -3.5778671692021646e-17    6.9285418615502165e-09
341    0.0    5.355958732078392e-17    6.9285417722119574e-09
342    0.0    1.3010426069826053e-18    6.928541824470502e-09
343    -0.0    -2.8406096919120216e-17    6.928541854177642e-09
344    0.0    3.924811864397526e-17    6.928541786523426e-09
345    -0.0    -4.0549161250957866e-17    6.928541866320706e-09
346    0.0    8.326672684688674e-17    6.928541742504818e-09
347    0.0    4.358492733391728e-17    6.9285417821866174e-09
348    0.0    5.2258544713801314e-17    6.928541773513e-09
349    -0.0    -2.4936649967166602e-17    6.928541850708195e-09
350    -0.0    -4.92227786308419e-17    6.928541874994323e-09
351    -0.0    -4.358492733391728e-17    6.928541869356472e-09
352    0.0    9.085614205428527e-17    6.928541734915403e-09
353    0.0    7.43762690325056e-17    6.928541751395276e-09
354    0.0    1.0148132334464322e-16    6.9285417242902214e-09
355    -0.0    -6.071532165918825e-17    6.9285418864868664e-09
356    0.0    5.421010862427522e-18    6.928541820350534e-09
357    -0.0    -1.1384122811097797e-16    6.928541939612773e-09
358    -0.0    -2.905661822261152e-17    6.928541854828163e-09
359    -0.0    -3.491130995403324e-17    6.928541860682855e-09
360    -0.0    -1.444157293750692e-16    6.928541970187274e-09
361    0.0    5.919743861770854e-17    6.928541766574106e-09
362    0.0    6.938893903907228e-18    6.928541818832651e-09
363    0.0    6.591949208711867e-17    6.928541759852053e-09
364    0.0    1.947227101783966e-16    6.9285416310488346e-09
365    -0.0    -6.093216209368535e-17    6.928541886703707e-09
366    -0.0    -7.676151381197371e-17    6.9285419025330586e-09
367    -0.0    -1.0538445116559103e-16    6.928541931155996e-09
368    -0.0    -1.0842021724855044e-18    6.928541826855747e-09
369    -0.0    -5.399326818977812e-17    6.928541879764813e-09
370    -0.0    -5.0090140368830305e-17    6.928541875861685e-09
371    -0.0    -9.150666335777657e-17    6.928541917278208e-09
372    -0.0    -2.667137344314341e-17    6.928541852442918e-09
373    0.0    1.0581813203458523e-16    6.928541719953413e-09
374    0.0    4.5319650809894085e-17    6.928541780451894e-09
375    -0.0    -3.447762908503904e-17    6.928541860249174e-09
376    -0.0    -4.4885969940899884e-17    6.928541870657515e-09
377    0.0    2.1250362580715887e-17    6.928541804521182e-09
378    0.0    1.474514954580286e-17    6.928541811026395e-09
379    -0.0    -1.1167282376600696e-16    6.9285419374443685e-09
380    0.0    1.7780915628762273e-17    6.928541807990629e-09
381    0.0    6.223320470066795e-17    6.92854176353834e-09
382    0.0    6.808789643208968e-17    6.928541757683648e-09
383    0.0    6.179952383167375e-17    6.928541763972021e-09
384    -0.0    -8.868773770931426e-17    6.9285419144592825e-09
385    0.0    8.782037597132586e-17    6.928541737951169e-09
386    -0.0    -3.469446951953614e-17    6.928541860466014e-09
387    0.0    9.627715291671279e-17    6.928541729494392e-09
388    0.0    1.1752751549742868e-16    6.928541708244029e-09
389    0.0    1.0343288725511712e-16    6.9285417223386575e-09
390    0.0    5.421010862427522e-18    6.928541820350534e-09
391    0.0    8.218252467440124e-17    6.92854174358902e-09
392    0.0    1.9081958235744878e-17    6.9285418066895865e-09
393    0.0    1.0451708942760263e-16    6.928541721254455e-09
394    0.0    5.355958732078392e-17    6.9285417722119574e-09
395    0.0    8.023096076392733e-18    6.928541817748449e-09
396    0.0    9.324138683375338e-18    6.928541816447406e-09
397    -0.0    -1.5417354892743873e-16    6.928541979945094e-09
398    0.0    1.1058862159352145e-17    6.928541814712683e-09
399    0.0    3.209238430557093e-17    6.9285417936791605e-09
400    -0.0    -9.80118763926896e-17    6.928541923783421e-09
401    -0.0    -8.261620554339544e-17    6.92854190838775e-09
402    -0.0    -1.235990476633475e-16    6.9285419493705924e-09
403    0.0    1.450662506785605e-16    6.928541680705294e-09
404    -0.0    -5.963111948670274e-17    6.928541885402664e-09
405    -0.0    -8.456776945386935e-18    6.928541834228322e-09
406    0.0    5.854691731421724e-17    6.9285417672246274e-09
407    0.0    2.1033522146218786e-17    6.928541804738023e-09
408    -0.0    -1.231653667943533e-16    6.9285419489369116e-09
409    0.0    1.5395670849294163e-17    6.928541810375874e-09
410    -0.0    -2.3852447794681098e-18    6.9285418281567895e-09
411    -0.0    -8.543513119185775e-17    6.928541911206676e-09
412    -0.0    -2.688821387764051e-17    6.928541852659759e-09
413    -0.0    -1.4051260155412137e-16    6.928541966284146e-09
414    -0.0    -2.0383000842727483e-17    6.928541846154546e-09
415    0.0    4.423544863740858e-17    6.928541781536096e-09
416    0.0    9.64939933512099e-17    6.928541729277551e-09
417    -0.0    -7.611099250848241e-17    6.928541901882537e-09
418    -0.0    -7.849623728795052e-17    6.928541904267782e-09
419    0.0    5.876375774871434e-17    6.928541767007787e-09
420    0.0    8.326672684688674e-17    6.928541742504818e-09
421    0.0    4.2500725161431774e-17    6.92854178327082e-09
422    -0.0    -8.348356728138384e-17    6.928541909255112e-09
423    -0.0    -9.996344030316351e-17    6.928541925734985e-09
424    0.0    6.5052130349130266e-18    6.928541819266332e-09
425    -0.0    -9.8879238130678e-17    6.928541924650783e-09
426    -0.0    -1.222980050563649e-16    6.92854194806955e-09
427    0.0    1.5200514458246772e-16    6.9285416737664e-09
428    0.0    1.5829351718288365e-17    6.928541809942193e-09
429    0.0    7.589415207398531e-18    6.9285418181821296e-09
430    -0.0    -5.377642775528102e-17    6.9285418795479725e-09
431    -0.0    -4.8138576458356397e-17    6.928541873910121e-09
432    -0.0    -6.635317295611287e-17    6.928541892124718e-09
433    0.0    4.3151246464923076e-17    6.928541782620298e-09
434    0.0    1.485356976305141e-16    6.928541677235847e-09
435    -0.0    -1.1644331332494318e-16    6.928541942214858e-09
436    -0.0    -6.873841773558098e-17    6.9285418945099625e-09
437    -0.0    -8.673617379884035e-17    6.9285419125077186e-09
438    0.0    2.6020852139652106e-17    6.928541799750693e-09
439    -0.0    -1.5308934675495323e-16    6.9285419788608915e-09
440    -0.0    -1.1535911115245767e-16    6.928541941130656e-09
441    -0.0    -2.45029690981724e-17    6.928541850274514e-09
442    -0.0    -4.380176776841438e-17    6.9285418695733125e-09
443    -0.0    -3.664603343001005e-17    6.928541862417578e-09
444    0.0    7.589415207398531e-18    6.9285418181821296e-09
445    -0.0    -1.242495689668388e-16    6.928541950021114e-09
446    -0.0    -1.1492543028346347e-17    6.928541837264088e-09
447    0.0    2.3852447794681098e-18    6.9285418233863e-09
448    -0.0    -1.1449174941446927e-16    6.928541940263294e-09
449    0.0    5.095750210681871e-17    6.928541774814043e-09
450    0.0    5.919743861770854e-17    6.928541766574106e-09
451    0.0    9.324138683375338e-18    6.928541816447406e-09
452    -0.0    -2.949029909160572e-17    6.928541855261844e-09
453    -0.0    -9.367506770274758e-17    6.9285419194466125e-09
454    0.0    2.3418766925686896e-17    6.928541802352778e-09
455    -0.0    -1.1492543028346347e-17    6.928541837264088e-09
456    0.0    7.546047120499111e-17    6.9285417503110736e-09
457    -0.0    -9.215718466126788e-17    6.9285419179287294e-09
458    -0.0    -1.229485263598562e-16    6.928541948720071e-09
459    -0.0    -4.9873299934333204e-18    6.928541830758875e-09
460    0.0    5.681219383824043e-17    6.928541768959351e-09
461    -0.0    -8.218252467440124e-17    6.9285419079540694e-09
462    -0.0    -3.361026734705064e-17    6.928541859381812e-09
463    -0.0    -5.963111948670274e-17    6.928541885402664e-09
464    -0.0    -4.5102810375396984e-17    6.928541870874355e-09
465    0.0    2.190088388420719e-17    6.928541803870661e-09
466    -0.0    -4.0549161250957866e-17    6.928541866320706e-09
467    0.0    1.700029006457271e-16    6.928541655768644e-09
468    0.0    1.8713329497099807e-16    6.92854163863825e-09
469    -0.0    -8.435092901937224e-17    6.928541910122474e-09
470    0.0    6.526897078362737e-17    6.928541760502574e-09
471    0.0    1.1405806854547507e-16    6.928541711713476e-09
472    -0.0    -1.1297386637298956e-16    6.928541938745411e-09
473    0.0    1.0169816377914032e-16    6.928541724073381e-09
474    -0.0    -1.0191500421363742e-17    6.928541835963045e-09
475    -0.0    -6.938893903907228e-18    6.928541832710439e-09
476    -0.0    -8.803721640582296e-17    6.928541913808761e-09
477    0.0    7.177418381854039e-17    6.928541753997361e-09
478    -0.0    -4.90059381963448e-17    6.928541874777483e-09
479    0.0    6.028164079019405e-17    6.928541765489904e-09
480    0.0    1.971079549578647e-16    6.92854162866359e-09
481    0.0    1.8323016715005025e-16    6.928541642541378e-09
482    0.0    3.870601755773251e-16    6.928541438711369e-09
483    0.0    6.719885065065156e-16    6.928541153783038e-09
484    0.0    1.2082349010178461e-15    6.928540617536644e-09
485    0.0    2.793772158060648e-15    6.928539031999387e-09
486    0.0    6.553785292240377e-15    6.9285352719862525e-09
487    0.0    1.5130908678773203e-14    6.928526694862866e-09
488    0.0    3.5622546579183734e-14    6.9285062032249656e-09
489    0.0    8.36433786816082e-14    6.928458182392863e-09
490    0.0    1.9653072572123342e-13    6.9283452950458235e-09
491    0.0    4.610908009572423e-13    6.9280807349705875e-09
492    0.0    1.0824203946352418e-12    6.9274594053769095e-09
493    0.0    2.5417604219285517e-12    6.926000065349616e-09
494    0.0    5.968848896045764e-12    6.922572976875499e-09
495    0.0    1.4025048700530562e-11    6.914516777071014e-09
496    0.0    3.302788142804658e-11    6.895513944343498e-09
497    0.0    7.848071519912792e-11    6.850061110572417e-09
498    0.0    1.9419311254528782e-10    6.734348713226257e-09
499    1.2766143047196477e-09    6.383071523598238e-10    6.290234673411721e-09
