0    2.63493755720684e-09    1.31746877860342e-09    5.715940599743813e-09
1    3.6219948000050517e-09    1.8109974000025258e-09    5.222411978344707e-09
2    4.578688489551702e-09    2.289344244775851e-09    4.744065133571382e-09
3    5.498716629595557e-09    2.7493583147977785e-09    4.2840510635494544e-09
4    6.376089380869671e-09    3.1880446904348353e-09    3.845364687912398e-09
5    7.205761671374988e-09    3.602880835687494e-09    3.4305285426597387e-09
6    7.983765028425627e-09    3.991882514212813e-09    3.0415268641344195e-09
7    8.707239484550405e-09    4.353619742275203e-09    2.6797896360720302e-09
8    9.374434325158665e-09    4.687217162579332e-09    2.3461922157679005e-09
9    9.98465837353385e-09    4.992329186766925e-09    2.041080191580308e-09
10    1.0538205837476444e-08    5.269102918738222e-09    1.7643064596090108e-09
11    1.103625888333043e-08    5.518129441665215e-09    1.515279936682018e-09
12    1.1480762650024207e-08    5.740381325012103e-09    1.2930280533351296e-09
13    1.1874297492324437e-08    5.9371487461622185e-09    1.0962606321850143e-09
14    1.2219940270612184e-08    6.109970135306092e-09    9.234392430411409e-10
15    1.2521128125216746e-08    6.260564062608373e-09    7.728453157388598e-10
16    1.278153219461814e-08    6.39076609730907e-09    6.426432810381633e-10
17    1.3004934725901335e-08    6.502467362950667e-09    5.309420153965655e-10
18    1.3195128140738172e-08    6.597564070369086e-09    4.3584530797814713e-10
19    1.335582228709567e-08    6.677911143547835e-09    3.554982347993979e-10
20    1.3490576307537833e-08    6.745288153768916e-09    2.8812122457831657e-10
21    1.3602741362993276e-08    6.801370681496638e-09    2.3203869685059497e-10
22    1.369542031387852e-08    6.84771015693926e-09    1.856992214079728e-10
23    1.3771444307836278e-08    6.885722153918139e-09    1.4768722442909388e-10
24    1.383336122994655e-08    6.916680614973275e-09    1.1672876337395777e-10
25    1.3883432205090418e-08    6.941716102545209e-09    9.169327580202391e-11
26    1.392364211167535e-08    6.961821055837675e-09    7.158832250955816e-11
27    1.3955710234138385e-08    6.977855117069193e-09    5.5554261278040196e-11
28    1.3981111764409943e-08    6.990555882204971e-09    4.285349614226164e-11
29    1.4001097536128077e-08    7.000548768064038e-09    3.2860610283194647e-11
30    1.4016718291685187e-08    7.008359145842594e-09    2.5050232504639225e-11
31    1.4028848546385198e-08    7.014424273192599e-09    1.898510515463414e-11
32    1.4038206825727623e-08    7.019103412863811e-09    1.4305965483421557e-11
33    1.4045381316763611e-08    7.0226906583818055e-09    1.0718719965427392e-11
34    1.4050847082624357e-08    7.0254235413121785e-09    7.9858370350544e-12
35    1.4054985088534505e-08    7.0274925442672526e-09    5.916834079980338e-12
36    1.405809904554342e-08    7.02904952277171e-09    4.359855575522542e-12
37    1.4060428198906655e-08    7.0302140994533274e-09    3.1952788939054733e-12
38    1.4062160703671306e-08    7.031080351835653e-09    2.329026511579957e-12
39    1.406344114079916e-08    7.03172057039958e-09    1.688807947652915e-12
40    1.4064382383542628e-08    7.032191191771314e-09    1.218186575918656e-12
41    1.4065070800314133e-08    7.032535400157067e-09    8.739781901662136e-13
42    1.4065570634862884e-08    7.032785317431442e-09    6.240609157909249e-13
43    1.406593229261524e-08    7.03296614630762e-09    4.432320396124956e-13
44    1.4066191946025125e-08    7.0330959730125625e-09    3.1340533467039133e-13
45    1.4066377904912303e-08    7.033188952456151e-09    2.2042589108151045e-13
46    1.4066510092575896e-08    7.033255046287948e-09    1.543320592850561e-13
47    1.4066603541695866e-08    7.033301770847933e-09    1.0760749930005531e-13
48    1.4066669645068641e-08    7.033334822534321e-09    7.45558129122692e-14
49    1.406671603244175e-08    7.033358016220875e-09    5.13621263575903e-14
50    1.406674801683952e-08    7.03337400841976e-09    3.536992747299461e-14
51    1.4066770648475668e-08    7.033385324237834e-09    2.40541093987634e-14
52    1.4066786042845475e-08    7.0333930214227375e-09    1.635692449541981e-14
53    1.4066796642439594e-08    7.033398321219797e-09    1.1057127435876168e-14
54    1.4066803419136853e-08    7.0334017095684265e-09    7.66877880642447e-15
55    1.4066808545678405e-08    7.033404272839203e-09    5.10550803023424e-15
56    1.4066811581444488e-08    7.033405790722244e-09    3.587624988754534e-15
57    1.4066814215188406e-08    7.033407107594203e-09    2.2707530300536405e-15
58    1.4066815677560296e-08    7.033407838780148e-09    1.5395670849294163e-15
59    1.4066816399205262e-08    7.033408199602631e-09    1.1787446019262404e-15
60    1.406681744134039e-08    7.033408720670195e-09    6.57677037829707e-16
61    1.4066817493815775e-08    7.033408746907888e-09    6.314393452555578e-16
62    1.4066817987778285e-08    7.0334089938891425e-09    3.8445809036335987e-16
63    1.4066818601003034e-08    7.033409300501517e-09    7.784571598445922e-17
64    1.4066818512532137e-08    7.033409256266068e-09    1.220811646218678e-16
65    1.4066818550262372e-08    7.033409275131186e-09    1.0321604682062002e-16
66    1.4066818741515635e-08    7.033409370757818e-09    7.589415207398531e-18
67    1.4066818653044738e-08    7.033409326522369e-09    5.182486384480711e-17
68    1.4066818696412825e-08    7.0334093482064125e-09    3.0140820395097023e-17
69    1.4066818442709517e-08    7.033409221354758e-09    1.5699247457590104e-16
70    1.4066818491281774e-08    7.033409245640887e-09    1.3270634591222574e-16
71    1.4066818536384584e-08    7.033409268192292e-09    1.1015494072452725e-16
72    1.4066818677330867e-08    7.033409338665433e-09    3.968179951296946e-17
73    1.4066818835190703e-08    7.0334094175953515e-09    3.924811864397526e-17
74    1.4066819102338118e-08    7.033409551169059e-09    1.728218262941894e-16
75    1.4066818517736307e-08    7.0334092588681535e-09    1.194790794079026e-16
76    1.4066818641335355e-08    7.033409320667677e-09    5.767955557622884e-17
77    1.4066818403678238e-08    7.033409201839119e-09    1.7650811368064012e-16
78    1.4066818377657386e-08    7.033409188828693e-09    1.8951853975046618e-16
79    1.4066818686004484e-08    7.033409343002242e-09    3.5344990823027445e-17
80    1.406681843924007e-08    7.033409219620035e-09    1.5872719805187785e-16
81    1.4066818849068491e-08    7.0334094245342454e-09    4.618701254788249e-17
82    1.406681901863771e-08    7.033409509318855e-09    1.3097162243624894e-16
83    1.406681872893889e-08    7.033409364469445e-09    1.3877787807814457e-17
84    1.4066818585390523e-08    7.033409292695261e-09    8.565197162635485e-17
85    1.4066818208088167e-08    7.033409104044083e-09    2.743031496388326e-16
86    1.406681865868259e-08    7.033409329341295e-09    4.90059381963448e-17
87    1.4066818513833179e-08    7.0334092569165896e-09    1.214306433183765e-16
88    1.406681837462162e-08    7.03340918731081e-09    1.9103642279194588e-16
89    1.4066818467429326e-08    7.033409233714663e-09    1.446325698095663e-16
90    1.406681869858123e-08    7.033409349290615e-09    2.905661822261152e-17
91    1.4066818732408337e-08    7.0334093662041686e-09    1.214306433183765e-17
92    1.4066818732842018e-08    7.033409366421009e-09    1.1926223897340549e-17
93    1.4066818906748046e-08    7.033409453374023e-09    7.502679033599691e-17
94    1.4066818605339843e-08    7.033409302669921e-09    7.567731163948821e-17
95    1.406681844401056e-08    7.03340922200528e-09    1.5634195327240974e-16
96    1.4066818726336805e-08    7.0334093631684025e-09    1.5178830414797062e-17
97    1.4066818453117858e-08    7.033409226558929e-09    1.5178830414797062e-16
98    1.4066818799628872e-08    7.033409399814436e-09    2.1467203015212988e-17
99    1.4066818583222118e-08    7.033409291611059e-09    8.673617379884035e-17
100    1.4066818300895872e-08    7.033409150447936e-09    2.2789929665645303e-16
101    1.4066818465694603e-08    7.033409232847301e-09    1.454999315475547e-16
102    1.4066818339059789e-08    7.0334091695298945e-09    2.0881733842070815e-16
103    1.4066818326049363e-08    7.0334091630246814e-09    2.1532255145562118e-16
104    1.4066818480439752e-08    7.033409240219876e-09    1.3812735677465326e-16
105    1.4066818574982182e-08    7.033409287491091e-09    9.085614205428527e-17
106    1.4066818830420214e-08    7.033409415210107e-09    3.686287386450715e-17
107    1.4066818672994058e-08    7.033409336497029e-09    4.185020385794047e-17
108    1.4066818831287575e-08    7.033409415643788e-09    3.729655473350135e-17
109    1.4066818685137122e-08    7.033409342568561e-09    3.5778671692021646e-17
110    1.4066818715494783e-08    7.033409357747392e-09    2.0599841277224584e-17
111    1.4066818780980594e-08    7.033409390490297e-09    1.214306433183765e-17
112    1.4066818850369534e-08    7.033409425184767e-09    4.683753385137379e-17
113    1.4066818762332317e-08    7.0334093811661585e-09    2.8189256484623115e-18
114    1.4066818542889797e-08    7.033409271444899e-09    1.0690233420707074e-16
115    1.4066818626156524e-08    7.033409313078262e-09    6.526897078362737e-17
116    1.4066818734576741e-08    7.033409367288371e-09    1.1058862159352145e-17
117    1.4066818566742245e-08    7.033409283371123e-09    9.497611030973019e-17
118    1.4066818752791338e-08    7.033409376395669e-09    1.951563910473908e-18
119    1.4066818546359244e-08    7.033409273179622e-09    1.0516761073109393e-16
120    1.4066818514700541e-08    7.0334092573502704e-09    1.209969624493823e-16
121    1.4066818792256297e-08    7.0334093961281485e-09    1.7780915628762273e-17
122    1.4066819184737483e-08    7.033409592368742e-09    2.1402150884863858e-16
123    1.4066818728071528e-08    7.033409364035764e-09    1.431146867680866e-17
124    1.4066818497786987e-08    7.0334092488934935e-09    1.2945373939476923e-16
125    1.4066818756694466e-08    7.033409378347233e-09    0.0
126    1.4066819123588481e-08    7.0334095617942405e-09    1.8344700758454735e-16
127    1.4066818713326379e-08    7.0334093566631894e-09    2.168404344971009e-17
128    1.4066818747587168e-08    7.033409373793584e-09    4.553649124439119e-18
129    1.406681879399102e-08    7.03340939699551e-09    1.8648277366750676e-17
130    1.4066818725035762e-08    7.033409362517881e-09    1.5829351718288365e-17
131    1.4066818557634947e-08    7.0334092788174735e-09    9.952975943416931e-17
132    1.4066818723301039e-08    7.0334093616505194e-09    1.6696713456276768e-17
133    1.4066818626590205e-08    7.0334093132951025e-09    6.505213034913027e-17
134    1.4066818694678102e-08    7.033409347339051e-09    3.1008182133085427e-17
135    1.4066818517736307e-08    7.0334092588681535e-09    1.194790794079026e-16
136    1.4066818730673614e-08    7.033409365336807e-09    1.3010426069826053e-17
137    1.4066818515567903e-08    7.033409257783951e-09    1.205632815803881e-16
138    1.406681882348132e-08    7.03340941174066e-09    3.3393426912553537e-17
139    1.4066818919324792e-08    7.033409459662396e-09    8.131516293641283e-17
140    1.406681853942035e-08    7.033409269710175e-09    1.0863705768304754e-16
141    1.406681845398522e-08    7.03340922699261e-09    1.5135462327897642e-16
142    1.4066818797894148e-08    7.033409398947074e-09    2.0599841277224584e-17
143    1.4066818593196778e-08    7.033409296598389e-09    8.174884380540703e-17
144    1.4066818603605119e-08    7.0334093018025595e-09    7.654467337747661e-17
145    1.406681841452026e-08    7.03340920726013e-09    1.710871028182126e-16
146    1.4066818666922526e-08    7.033409333461263e-09    4.4885969940899884e-17
147    1.4066818581053714e-08    7.033409290526857e-09    8.782037597132586e-17
148    1.406681854939501e-08    7.033409274697505e-09    1.0364972768961422e-16
149    1.406681845398522e-08    7.03340922699261e-09    1.5135462327897642e-16
150    1.4066818687305527e-08    7.033409343652763e-09    3.469446951953614e-17
151    1.4066818460924113e-08    7.0334092304620566e-09    1.478851763270228e-16
152    1.406681891845743e-08    7.033409459228715e-09    8.088148206741863e-17
153    1.4066818631794376e-08    7.033409315897188e-09    6.245004513516506e-17
154    1.4066818640901674e-08    7.033409320450837e-09    5.789639601072594e-17
155    1.4066818623120758e-08    7.033409311560379e-09    6.678685382510707e-17
156    1.4066818889400812e-08    7.033409444700406e-09    6.635317295611287e-17
157    1.4066818440107431e-08    7.033409220053716e-09    1.5829351718288365e-16
158    1.4066818803532e-08    7.033409401766e-09    2.3418766925686896e-17
159    1.4066818316508384e-08    7.033409158254192e-09    2.200930410145574e-16
160    1.406681866432044e-08    7.03340933216022e-09    4.618701254788249e-17
161    1.4066818678198229e-08    7.033409339099114e-09    3.924811864397526e-17
162    1.4066818864247321e-08    7.033409432123661e-09    5.377642775528102e-17
163    1.4066818705086442e-08    7.033409352543221e-09    2.5804011705155006e-17
164    1.4066818638299589e-08    7.033409319149794e-09    5.919743861770854e-17
165    1.4066818699882272e-08    7.033409349941136e-09    2.8406096919120216e-17
166    1.4066818694678102e-08    7.033409347339051e-09    3.1008182133085427e-17
167    1.406681853898667e-08    7.033409269493335e-09    1.0885389811754465e-16
168    1.4066818581053714e-08    7.033409290526857e-09    8.782037597132586e-17
169    1.4066818461791475e-08    7.0334092308957374e-09    1.474514954580286e-16
170    1.4066818602737757e-08    7.033409301368879e-09    7.697835424647081e-17
171    1.4066818438372708e-08    7.033409219186354e-09    1.5916087892087205e-16
172    1.406681856934433e-08    7.033409284672165e-09    9.367506770274758e-17
173    1.4066818685137122e-08    7.033409342568561e-09    3.5778671692021646e-17
174    1.4066818430566452e-08    7.033409215283226e-09    1.6306400674181987e-16
175    1.4066818441408474e-08    7.033409220704237e-09    1.5764299587939234e-16
176    1.4066818498220668e-08    7.033409249110334e-09    1.2923689896027213e-16
177    1.4066818629625971e-08    7.033409314812986e-09    6.353424730765056e-17
178    1.4066818772306977e-08    7.0334093861534885e-09    7.806255641895632e-18
179    1.4066818666922526e-08    7.033409333461263e-09    4.4885969940899884e-17
180    1.4066818670391973e-08    7.0334093351959864e-09    4.3151246464923076e-17
181    1.4066818615314503e-08    7.033409307657251e-09    7.068998164605489e-17
182    1.4066818368550088e-08    7.033409184275044e-09    1.940721888749053e-16
183    1.4066818432301176e-08    7.033409216150588e-09    1.6219664500383146e-16
184    1.4066818335590342e-08    7.033409167795171e-09    2.1055206189668496e-16
185    1.4066818179031548e-08    7.033409089515774e-09    2.888314587501384e-16
186    1.4066818136097142e-08    7.033409068048571e-09    3.1029866176535137e-16
187    1.4066817782213553e-08    7.0334088911067766e-09    4.872404563149857e-16
188    1.406681735677262e-08    7.03340867838631e-09    6.999609225566417e-16
189    1.406681649288033e-08    7.033408246440165e-09    1.1319070680748666e-15
190    1.40668155799821e-08    7.03340778999105e-09    1.588356182691264e-15
191    1.4066813787579069e-08    7.0334068937895344e-09    2.484557698467782e-15
192    1.4066811869842266e-08    7.033405934921133e-09    3.443426099813962e-15
193    1.4066808535270064e-08    7.033404267635032e-09    5.110712200662171e-15
194    1.4066803686717949e-08    7.0334018433589746e-09    7.534988258339759e-15
195    1.406679642603284e-08    7.03339821301642e-09    1.1165330812690222e-14
196    1.4066785888455086e-08    7.033392944227543e-09    1.643411969010078e-14
197    1.4066770493217917e-08    7.0333852466089586e-09    2.4131738274313363e-14
198    1.406674796696622e-08    7.03337398348311e-09    3.539486412296178e-14
199    1.4066716327344742e-08    7.033358163672371e-09    5.121467486213227e-14
200    1.406667021319058e-08    7.03333510659529e-09    7.4271751943078e-14
201    1.4066603814047451e-08    7.033301907023726e-09    1.0747132350719113e-13
202    1.406651025433886e-08    7.03325512716943e-09    1.542511778029887e-13
203    1.4066377836824406e-08    7.033188918412203e-09    2.204599350297265e-13
204    1.4066192044037001e-08    7.033096022018501e-09    3.13356328732195e-13
205    1.4065932211516918e-08    7.032966105758459e-09    4.4327258877374653e-13
206    1.4065570535549965e-08    7.0327852677749825e-09    6.241105722504248e-13
207    1.406507094299514e-08    7.03253547149757e-09    8.73906849663264e-13
208    1.40643827083696e-08    7.0321913541848e-09    1.2180241624332178e-12
209    1.4063441343328126e-08    7.031720671664063e-09    1.6887066831700048e-12
210    1.406216063081292e-08    7.03108031540646e-09    2.3290629407729524e-12
211    1.406042828130602e-08    7.03021414065301e-09    3.195237694222919e-12
212    1.4058098859060647e-08    7.0290494295303235e-09    4.359948816909376e-12
213    1.4054984897281242e-08    7.027492448640621e-09    5.916929706611951e-12
214    1.4050846804201239e-08    7.0254234021006196e-09    7.985976246613347e-12
215    1.4045381347121272e-08    7.022690673560636e-09    1.0718704786596978e-11
216    1.4038206663530978e-08    7.019103331765489e-09    1.4306046581744059e-11
217    1.4028848635723457e-08    7.014424317861728e-09    1.8985060485504635e-11
218    1.4016718411381107e-08    7.008359205690554e-09    2.5050172656679304e-11
219    1.4001097594241313e-08    7.0005487971206565e-09    3.2860581226576424e-11
220    1.398111194265278e-08    6.99055597132639e-09    4.285340702084306e-11
221    1.3955710079747996e-08    6.977855039873998e-09    5.5554338473234877e-11
222    1.3923642018867644e-08    6.961821009433822e-09    7.158836891341114e-11
223    1.3883432100573329e-08    6.941716050286664e-09    9.169332806056862e-11
224    1.3833361308009107e-08    6.916680654004553e-09    1.1672872434267956e-10
225    1.3771444501691626e-08    6.885722250845813e-09    1.4768712750141966e-10
226    1.3695420606179426e-08    6.847710303089713e-09    1.8569907525751994e-10
227    1.3602741392483575e-08    6.8013706962417875e-09    2.3203868210544543e-10
228    1.3490576732978765e-08    6.7452883664893826e-09    2.8812101185785033e-10
229    1.3355822290131436e-08    6.677911145065718e-09    3.5549823328151486e-10
230    1.3195127717031963e-08    6.597563858515981e-09    4.3584551983125164e-10
231    1.3004934704217291e-08    6.502467352108646e-09    5.309420262385872e-10
232    1.278153231995191e-08    6.390766159975955e-09    6.426432183712777e-10
233    1.25211282917502e-08    6.2605641458751e-09    7.72845232472133e-10
234    1.2219940060276963e-08    6.109970030138481e-09    9.234393482087516e-10
235    1.1874297666230466e-08    5.937148833115233e-09    1.0962605452320001e-09
236    1.1480763173043335e-08    5.740381586521667e-09    1.2930277918255656e-09
237    1.1036259084992034e-08    5.518129542496017e-09    1.515279835851216e-09
238    1.0538206357893487e-08    5.2691031789467435e-09    1.7643061994004894e-09
239    9.984658236490696e-09    4.992329118245348e-09    2.041080260101885e-09
240    9.374434849912516e-09    4.687217424956258e-09    2.3461919533909747e-09
241    8.707239555674068e-09    4.353619777837034e-09    2.679789600510199e-09
242    7.983764769951829e-09    3.991882384975914e-09    3.0415269933713185e-09
243    7.205762145388178e-09    3.602881072694089e-09    3.430528305653144e-09
244    6.3760898709290525e-09    3.1880449354645263e-09    3.845364442882707e-09
245    5.498717134833769e-09    2.7493585674168847e-09    4.284050810930348e-09
246    4.578688201587605e-09    2.2893441007938026e-09    4.74406527755343e-09
247    3.6219943940797583e-09    1.8109971970398792e-09    5.222412181307354e-09
248    2.634938090200628e-09    1.317469045100314e-09    5.715940333246919e-09
249    1.6180293519948985e-09    8.090146759974493e-10    6.224394702349784e-09
250    0.0    2.2274322707474536e-10    6.8106661512724875e-09
251    0.0    8.087749111922171e-11    6.952531887228011e-09
252    0.0    3.0455272635385167e-11    7.002954105711848e-09
253    0.0    1.1552876927681255e-11    7.021856501419552e-09
254    0.0    4.389722092768e-12    7.029019656254465e-09
255    0.0    1.6686292104994838e-12    7.0317407491367334e-09
256    0.0    6.34338935545653e-13    7.032775039411687e-09
257    0.0    2.4105565633869563e-13    7.033168322690894e-09
258    0.0    9.166343899191798e-14    7.033317714908241e-09
259    0.0    3.494643810442177e-14    7.0333744319091285e-09
260    0.0    1.3309665869432052e-14    7.0333960686813635e-09
261    0.0    5.154513968430585e-15    7.0334042238332645e-09
262    0.0    1.8197249262996706e-15    7.033407558622307e-09
263    0.0    6.368603561179853e-16    7.033408741486877e-09
264    0.0    4.512449441884669e-16    7.033408927102289e-09
265    -0.0    -2.168404344971009e-18    7.033409380515637e-09
266    -0.0    -3.252606517456513e-17    7.033409410873298e-09
267    -0.0    -4.92227786308419e-17    7.0334094275700115e-09
268    0.0    7.003946034256359e-17    7.0334093083077726e-09
269    0.0    4.9873299934333204e-18    7.033409373359903e-09
270    0.0    7.676151381197371e-17    7.033409301585719e-09
271    0.0    1.0842021724855044e-17    7.033409367505211e-09
272    0.0    1.1275702593849246e-17    7.03340936707153e-09
273    -0.0    -3.361026734705064e-17    7.0334094119575e-09
274    -0.0    -7.15573433840433e-18    7.033409385502967e-09
275    0.0    9.562663161322149e-17    7.033409282720601e-09
276    0.0    7.134050294954619e-17    7.03340930700673e-09
277    0.0    4.87890977618477e-17    7.033409329558135e-09
278    0.0    7.697835424647081e-17    7.033409301368879e-09
279    0.0    5.941427905220564e-17    7.033409318932954e-09
280    0.0    2.8189256484623115e-17    7.0334093501579764e-09
281    0.0    4.575333167888829e-17    7.033409332593901e-09
282    0.0    1.1470858984896637e-16    7.033409263638643e-09
283    -0.0    -1.5178830414797062e-17    7.033409393526063e-09
284    -0.0    -1.1774435593192578e-16    7.033409496091589e-09
285    -0.0    -1.0668549377257364e-16    7.033409485032727e-09
286    -0.0    -4.336808689942018e-19    7.033409378780914e-09
287    -0.0    -2.5370330836160804e-17    7.033409403717564e-09
288    -0.0    -2.688821387764051e-17    7.033409405235447e-09
289    0.0    7.24247051220317e-17    7.033409305922528e-09
290    0.0    1.6523241108679088e-16    7.033409213114822e-09
291    0.0    1.5178830414797062e-17    7.0334093631684025e-09
292    -0.0    -1.8713329497099807e-16    7.033409565480528e-09
293    -0.0    -5.681219383824043e-17    7.033409435159427e-09
294    -0.0    -1.0776969594505914e-16    7.033409486116929e-09
295    0.0    3.2526065174565133e-18    7.033409375094626e-09
296    0.0    4.4885969940899884e-17    7.033409333461263e-09
297    0.0    6.852157730108388e-17    7.033409309825656e-09
298    0.0    1.192622389734055e-16    7.033409259084994e-09
299    -0.0    -2.992397996059992e-17    7.033409408271213e-09
300    0.0    9.324138683375338e-17    7.033409285105846e-09
301    0.0    1.0603497246908233e-16    7.0334092723122604e-09
302    0.0    2.1250362580715887e-17    7.03340935709687e-09
303    -0.0    -5.2475385148298415e-17    7.033409430822618e-09
304    -0.0    -5.0306980803327406e-17    7.033409428654214e-09
305    -0.0    -2.3418766925686896e-17    7.033409401766e-09
306    -0.0    -2.4069288229178198e-17    7.033409402416521e-09
307    -0.0    -1.1427490897997217e-16    7.033409492622142e-09
308    -0.0    -1.0820337681405334e-16    7.03340948655061e-09
309    -0.0    -4.336808689942018e-19    7.033409378780914e-09
310    0.0    2.970713952610282e-17    7.033409348640093e-09
311    0.0    9.974659986866641e-18    7.033409368372573e-09
312    0.0    4.9439619065339e-17    7.033409328907614e-09
313    -0.0    -6.201636426617085e-17    7.033409440363597e-09
314    0.0    1.8214596497756474e-17    7.033409360132636e-09
315    0.0    8.456776945386935e-18    7.033409369890456e-09
316    -0.0    -6.7220534694101275e-18    7.033409385069286e-09
317    0.0    4.683753385137379e-17    7.033409331509699e-09
318    -0.0    -9.996344030316351e-17    7.033409478310673e-09
319    -0.0    -5.139118297581291e-17    7.033409429738416e-09
320    0.0    7.546047120499111e-17    7.033409302886762e-09
321    0.0    5.2909066017292616e-17    7.033409325438167e-09
322    0.0    5.963111948670274e-17    7.033409318716113e-09
323    0.0    3.165870343657673e-17    7.0334093466885295e-09
324    0.0    3.7730235602495554e-17    7.033409340616997e-09
325    0.0    2.862293735361732e-17    7.0334093497242955e-09
326    0.0    9.75781955236954e-18    7.033409368589413e-09
327    0.0    4.96564594998361e-17    7.033409328690773e-09
328    0.0    3.642919299551295e-17    7.03340934191804e-09
329    0.0    1.199127602768968e-16    7.033409258434473e-09
330    0.0    2.4069288229178198e-17    7.033409354277945e-09
331    0.0    2.4936649967166602e-17    7.033409353410583e-09
332    0.0    4.662069341687669e-17    7.0334093317265395e-09
333    -0.0    -1.8192912454306764e-16    7.0334095602763574e-09
334    0.0    5.442694905877232e-17    7.033409323920284e-09
335    -0.0    -4.9873299934333204e-18    7.033409383334563e-09
336    0.0    6.375108774214766e-17    7.033409314596145e-09
337    -0.0    -3.968179951296946e-17    7.033409418029032e-09
338    0.0    1.5178830414797062e-17    7.0334093631684025e-09
339    -0.0    -1.3877787807814457e-16    7.033409517125111e-09
340    -0.0    -3.664603343001005e-17    7.033409414993266e-09
341    -0.0    -6.765421556309548e-17    7.0334094460014485e-09
342    0.0    1.5612511283791264e-17    7.033409362734722e-09
343    0.0    1.1731067506293158e-16    7.033409261036558e-09
344    -0.0    -1.0842021724855044e-18    7.033409379431435e-09
345    -0.0    -7.654467337747661e-17    7.033409454891906e-09
346    -0.0    -9.324138683375338e-18    7.0334093876713716e-09
347    -0.0    -2.6020852139652106e-17    7.033409404368085e-09
348    0.0    1.929879867024198e-16    7.033409185359246e-09
349    0.0    1.4094628242311558e-17    7.033409364252605e-09
350    0.0    6.418476861114186e-17    7.033409314162464e-09
351    0.0    5.377642775528102e-17    7.033409324570805e-09
352    -0.0    -2.0599841277224584e-17    7.033409398947074e-09
353    -0.0    -9.77950359581925e-17    7.033409476142269e-09
354    -0.0    -8.673617379884035e-17    7.033409465083407e-09
355    -0.0    -1.6263032587282567e-17    7.0334093946102655e-09
356    0.0    6.7220534694101275e-18    7.0334093716251794e-09
357    -0.0    -6.548581121812447e-17    7.033409443833044e-09
358    0.0    1.929879867024198e-17    7.033409359048434e-09
359    0.0    3.361026734705064e-17    7.0334093447369656e-09
360    -0.0    -2.992397996059992e-17    7.033409408271213e-09
361    -0.0    -6.852157730108388e-17    7.03340944686881e-09
362    -0.0    -2.211772431870429e-17    7.033409400464957e-09
363    -0.0    -4.336808689942018e-17    7.03340942171532e-09
364    0.0    1.0495077029659683e-16    7.033409273396463e-09
365    -0.0    -4.7488055154865094e-17    7.033409425835288e-09
366    0.0    3.1008182133085427e-17    7.033409347339051e-09
367    0.0    3.686287386450715e-18    7.0334093746609455e-09
368    0.0    1.3660947373317356e-17    7.0334093646862855e-09
369    0.0    7.524363077049401e-17    7.033409303103602e-09
370    0.0    2.1423834928313568e-16    7.033409164108884e-09
371    0.0    2.8189256484623115e-17    7.0334093501579764e-09
372    -0.0    -6.440160904563896e-17    7.033409442748842e-09
373    -0.0    -7.567731163948821e-17    7.0334094540245445e-09
374    -0.0    -4.0549161250957866e-17    7.033409418896394e-09
375    0.0    5.442694905877232e-17    7.033409323920284e-09
376    0.0    5.421010862427522e-17    7.033409324137124e-09
377    -0.0    -7.762887554996212e-17    7.0334094559761084e-09
378    0.0    1.0299920638612292e-16    7.0334092753480265e-09
379    0.0    1.949395506128937e-16    7.033409183407682e-09
380    -0.0    -1.478851763270228e-16    7.033409526232409e-09
381    -0.0    -3.426078865054194e-17    7.0334094126080215e-09
382    0.0    7.567731163948821e-17    7.033409302669921e-09
383    -0.0    -5.421010862427522e-18    7.033409383768244e-09
384    -0.0    -5.160802341031001e-17    7.033409429955256e-09
385    -0.0    -4.4885969940899884e-17    7.033409423233203e-09
386    -0.0    -3.946495907847236e-17    7.033409417812192e-09
387    -0.0    -1.0516761073109393e-16    7.033409483514844e-09
388    0.0    2.667137344314341e-17    7.0334093516758595e-09
389    0.0    7.676151381197371e-17    7.033409301585719e-09
390    0.0    8.977193988179977e-17    7.033409288575293e-09
391    0.0    8.673617379884035e-19    7.033409377479871e-09
392    -0.0    -9.280770596475918e-17    7.033409471154939e-09
393    -0.0    -1.8865117801247777e-17    7.033409397212351e-09
394    -0.0    -1.1210650463500116e-16    7.0334094904537375e-09
395    -0.0    -2.5370330836160804e-17    7.033409403717564e-09
396    -0.0    -2.6237692574149207e-17    7.0334094045849255e-09
397    -0.0    -2.0816681711721685e-17    7.033409399163915e-09
398    -0.0    -8.456776945386935e-17    7.033409462915002e-09
399    0.0    4.466912950640278e-17    7.033409333678103e-09
400    -0.0    -1.7629127324614302e-16    7.033409554638506e-09
401    -0.0    -9.085614205428527e-17    7.033409469203375e-09
402    0.0    4.92227786308419e-17    7.033409329124454e-09
403    -0.0    -1.496198998029996e-17    7.033409393309223e-09
404    0.0    6.548581121812447e-17    7.033409312861422e-09
405    0.0    5.421010862427522e-18    7.033409372926222e-09
406    0.0    3.2742905609062234e-17    7.033409345604327e-09
407    0.0    4.2500725161431774e-17    7.033409335846508e-09
408    0.0    1.235990476633475e-17    7.033409365987328e-09
409    0.0    6.960577947356938e-17    7.0334093087414534e-09
410    -0.0    -3.838075690598686e-17    7.03340941672799e-09
411    -0.0    -1.8019440106709084e-16    7.033409558541634e-09
412    -0.0    -6.657001339060997e-17    7.033409444917246e-09
413    -0.0    -6.483528991463317e-17    7.033409443182523e-09
414    -0.0    -9.974659986866641e-18    7.033409388321893e-09
415    -0.0    -2.1250362580715887e-17    7.0334093995975955e-09
416    0.0    1.24683249835833e-16    7.033409253663983e-09
417    -0.0    -1.1492543028346347e-17    7.033409389839776e-09
418    -0.0    -5.854691731421724e-18    7.033409384201925e-09
419    0.0    2.6020852139652106e-18    7.033409375745148e-09
420    -0.0    -1.474514954580286e-17    7.0334093930923824e-09
421    -0.0    -6.440160904563896e-17    7.033409442748842e-09
422    0.0    7.48099499014998e-17    7.033409303537283e-09
423    0.0    8.912141857830846e-17    7.033409289225814e-09
424    -0.0    -4.85722573273506e-17    7.03340942691949e-09
425    0.0    9.324138683375338e-18    7.033409369023094e-09
426    0.0    3.859759734048396e-17    7.0334093397496356e-09
427    -0.0    -1.2858637765678083e-16    7.0334095069336106e-09
428    -0.0    -4.640385298237959e-17    7.033409424751086e-09
429    -0.0    -3.5778671692021646e-17    7.033409414125905e-09
430    0.0    8.239936510889834e-18    7.033409370107296e-09
431    -0.0    -1.496198998029996e-17    7.033409393309223e-09
432    0.0    4.96564594998361e-17    7.033409328690773e-09
433    -0.0    -1.734723475976807e-18    7.033409380081956e-09
434    0.0    1.7867651802561113e-16    7.033409199670715e-09
435    -0.0    -2.190088388420719e-17    7.033409400248117e-09
436    -0.0    -9.042246118529107e-17    7.033409468769694e-09
437    0.0    1.5916087892087205e-16    7.033409219186354e-09
438    0.0    1.9949319973733282e-17    7.033409358397913e-09
439    -0.0    -6.982261990806649e-17    7.033409448169853e-09
440    -0.0    -2.168404344971009e-17    7.033409400031276e-09
441    -0.0    -1.1405806854547507e-16    7.0334094924053014e-09
442    -0.0    -7.37257477290143e-18    7.033409385719808e-09
443    0.0    1.7997756063259374e-16    7.033409198369672e-09
444    -0.0    -1.8865117801247777e-17    7.033409397212351e-09
445    0.0    4.228388472693467e-17    7.033409336063348e-09
446    -0.0    -5.4643789493269423e-17    7.033409432991022e-09
447    0.0    2.6237692574149207e-17    7.03340935210954e-09
448    -0.0    -2.3852447794681098e-17    7.033409402199681e-09
449    -0.0    -4.336808689942018e-19    7.033409378780914e-09
450    -0.0    -9.194034422677078e-17    7.033409470287577e-09
451    0.0    6.201636426617085e-17    7.033409316330869e-09
452    0.0    2.8189256484623115e-17    7.0334093501579764e-09
453    -0.0    -1.8214596497756474e-17    7.033409396561829e-09
454    -0.0    -5.637851296924623e-18    7.033409383985084e-09
455    -0.0    -1.1926223897340549e-17    7.033409390273457e-09
456    -0.0    -2.7755575615628914e-17    7.0334094061028085e-09
457    0.0    6.743737512859838e-17    7.033409310909858e-09
458    -0.0    -1.5395670849294163e-16    7.033409532303941e-09
459    0.0    2.233456475320139e-17    7.033409356012668e-09
460    -0.0    -1.7433970933566911e-16    7.033409552686942e-09
461    -0.0    -4.336808689942018e-17    7.03340942171532e-09
462    -0.0    -6.548581121812447e-17    7.033409443833044e-09
463    -0.0    -7.914675859144182e-17    7.0334094574939915e-09
464    0.0    1.3248950547772864e-16    7.0334092458577274e-09
465    0.0    2.4936649967166602e-17    7.033409353410583e-09
466    0.0    9.475926987523309e-17    7.033409283587963e-09
467    0.0    2.211772431870429e-17    7.0334093562295086e-09
468    -0.0    -4.96564594998361e-17    7.033409428003692e-09
469    -0.0    -5.984795992119984e-17    7.033409438195193e-09
470    -0.0    -1.730386667286865e-16    7.0334095513859e-09
471    -0.0    -5.334274688628682e-17    7.03340943168998e-09
472    0.0    1.0039712117215771e-16    7.033409277950112e-09
473    -0.0    -5.074066167232161e-17    7.0334094290878946e-09
474    0.0    8.673617379884035e-19    7.033409377479871e-09
475    0.0    6.071532165918825e-18    7.033409372275701e-09
476    0.0    1.5916087892087205e-16    7.033409219186354e-09
477    0.0    9.345822726825048e-17    7.033409284889006e-09
478    0.0    4.705437428587089e-17    7.033409331292859e-09
479    0.0    1.0820337681405334e-16    7.033409270143856e-09
480    -0.0    -1.0278236595162582e-16    7.033409481129599e-09
481    -0.0    -4.0549161250957866e-17    7.033409418896394e-09
482    0.0    1.5243882545146192e-16    7.0334092259084074e-09
483    0.0    8.044780119842443e-17    7.033409297899432e-09
484    0.0    2.96637714392034e-16    7.0334090817095185e-09
485    0.0    8.508818649666239e-16    7.033408527465368e-09
486    0.0    1.9693448261026703e-15    7.033407409002407e-09
487    0.0    5.152779244954608e-15    7.033404225567988e-09
488    0.0    1.3222062333895224e-14    7.033396156284899e-09
489    0.0    3.474109021295302e-14    7.03337463725702e-09
490    0.0    9.177706337959446e-14    7.033317601283853e-09
491    0.0    2.4124821064452906e-13    7.033168130136588e-09
492    0.0    6.342244437962385e-13    7.032775153903437e-09
493    0.0    1.6685702299013006e-12    7.031740808117332e-09
494    0.0    4.389645114413754e-12    7.029019733232819e-09
495    0.0    1.1552681337609338e-11    7.0218566970096236e-09
496    0.0    3.0455010258459425e-11    7.0029543680887735e-09
497    0.0    8.08775206095208e-11    6.952531857737712e-09
498    0.0    2.227431034756977e-10    6.810666274871535e-09
499    1.6180292236253613e-09    8.090146118126806e-10    6.224394766534552e-09
