0    3.2956968183152358e-09    1.6478484091576179e-09    5.624716225985718e-09
1    4.555521360746079e-09    2.2777606803730394e-09    4.994803954770297e-09
2    5.7565503553194675e-09    2.8782751776597337e-09    4.394289457483602e-09
3    6.8866291410771274e-09    3.4433145705385637e-09    3.829250064604772e-09
4    7.935824911705497e-09    3.9679124558527484e-09    3.3046521792905875e-09
5    8.897045506578438e-09    4.448522753289219e-09    2.824041881854117e-09
6    9.766113720673097e-09    4.883056860336549e-09    2.3895077748067872e-09
7    1.0541646134135108e-08    5.270823067067554e-09    2.001741568075782e-09
8    1.122480302933812e-08    5.61240151466906e-09    1.6601631204742756e-09
9    1.1818929752851343e-08    5.909464876425671e-09    1.3630997587176646e-09
10    1.2329132642770191e-08    6.1645663213850954e-09    1.1079983137582405e-09
11    1.2761831549423092e-08    6.380915774711546e-09    8.916488604317901e-10
12    1.3124311569814862e-08    6.562155784907431e-09    7.104088502359052e-10
13    1.3424307949549269e-08    6.7121539747746345e-09    5.604106603687015e-10
14    1.3669646399625673e-08    6.834823199812837e-09    4.3774143533049925e-10
15    1.3867944311570651e-08    6.933972155785326e-09    3.385924793580103e-10
16    1.4026381889298278e-08    7.013190944649139e-09    2.593736904941968e-10
17    1.4151544425015927e-08    7.075772212507964e-09    1.9679242263537233e-10
18    1.424932623067185e-08    7.124663115335925e-09    1.4790151980741129e-10
19    1.4324887146269227e-08    7.162443573134614e-09    1.1012106200872229e-10
20    1.4382654621968027e-08    7.191327310984014e-09    8.123732415932228e-11
21    1.4426356503925014e-08    7.213178251962507e-09    5.93863831808289e-11
22    1.4459079453275209e-08    7.229539726637604e-09    4.3024908505731596e-11
23    1.4483335713903756e-08    7.241667856951878e-09    3.0896778191458196e-11
24    1.4501138636234534e-08    7.250569318117267e-09    2.199531702606894e-11
25    1.4514079057104806e-08    7.257039528552403e-09    1.552510659093287e-11
26    1.4523396500622926e-08    7.261698250311463e-09    1.0866384831872966e-11
27    1.4530043218521221e-08    7.265021609260611e-09    7.543025882725263e-12
28    1.4534741577844346e-08    7.267370788922173e-09    5.193846221163145e-12
29    1.4538033917769339e-08    7.269016958884669e-09    3.5476762586666988e-12
30    1.4540320319739869e-08    7.2701601598699345e-09    2.404475273401485e-12
31    1.4541894838900754e-08    7.270947419450377e-09    1.6172156929589176e-12
32    1.4542970336230837e-08    7.2714851681154186e-09    1.0794670279173912e-12
33    1.4543698657713822e-08    7.271849328856911e-09    7.153062864251325e-13
34    1.454418810603944e-08    7.27209405301972e-09    4.705821236156149e-13
35    1.4544514595742769e-08    7.2722572978713845e-09    3.0733727195142446e-13
36    1.4544730558840868e-08    7.272365279420434e-09    1.9935572290186165e-13
37    1.4544872511696588e-08    7.272436255848294e-09    1.283792950418361e-13
38    1.4544964910875174e-08    7.272482455437587e-09    8.217970574875277e-14
39    1.4545024335128887e-08    7.272512167564443e-09    5.246757889265652e-14
40    1.4545063097091276e-08    7.272531548545638e-09    3.308659769774014e-14
41    1.4545087726695188e-08    7.272543863347594e-09    2.0771795741780785e-14
42    1.454510314882057e-08    7.272551574410285e-09    1.306073305062938e-14
43    1.4545112959115508e-08    7.272556479557754e-09    8.155585581870461e-15
44    1.4545119204120022e-08    7.272559602060011e-09    5.033083325112209e-15
45    1.4545122668796484e-08    7.272561334398242e-09    3.3007450939148697e-15
46    1.4545125424838407e-08    7.272562712419203e-09    1.9227241326857936e-15
47    1.4545126742794567e-08    7.272563371397284e-09    1.263746052249104e-15
48    1.4545127730285906e-08    7.272563865142953e-09    7.700003828992052e-16
49    1.4545128509610428e-08    7.272564254805214e-09    3.8033812210791496e-16
50    1.4545128858289846e-08    7.272564429144923e-09    2.0599841277224584e-16
51    1.454512900010349e-08    7.272564500051745e-09    1.3509159069169385e-16
52    1.4545129092911196e-08    7.272564546455598e-09    8.868773770931426e-17
53    1.4545129134110879e-08    7.2725645670554395e-09    6.808789643208968e-17
54    1.454512955911813e-08    7.272564779559065e-09    1.444157293750692e-16
55    1.454512915926437e-08    7.272564579632185e-09    5.551115123125783e-17
56    1.454512923472484e-08    7.27256461736242e-09    1.7780915628762273e-17
57    1.4545129255541522e-08    7.272564627770761e-09    7.37257477290143e-18
58    1.4545129167937987e-08    7.272564583968993e-09    5.117434254131581e-17
59    1.4545129361793335e-08    7.272564680896668e-09    4.575333167888829e-17
60    1.4545129277225566e-08    7.272564638612783e-09    3.469446951953614e-18
61    1.4545129047374705e-08    7.272564523687353e-09    1.1145598333150986e-16
62    1.4545129223882819e-08    7.2725646119414095e-09    2.3201926491189795e-17
63    1.4545129158397008e-08    7.272564579198504e-09    5.594483210025203e-17
64    1.4545129111125793e-08    7.2725645555628965e-09    7.958043946043603e-17
65    1.4545129142784496e-08    7.272564571392248e-09    6.375108774214766e-17
66    1.4545129230821713e-08    7.2725646154108564e-09    1.973247953923618e-17
67    1.4545128865662421e-08    7.2725644328312106e-09    2.0231212538579513e-16
68    1.4545129062553536e-08    7.272564531276768e-09    1.0386656812411132e-16
69    1.454512922952067e-08    7.272564614760335e-09    2.0383000842727483e-17
70    1.4545129387814187e-08    7.272564693907094e-09    5.876375774871434e-17
71    1.4545129252939437e-08    7.2725646264697186e-09    8.673617379884035e-18
72    1.4545129391283634e-08    7.272564695641817e-09    6.049848122469115e-17
73    1.4545129172708476e-08    7.272564586354238e-09    4.87890977618477e-17
74    1.4545129336206164e-08    7.272564668103082e-09    3.2959746043559335e-17
75    1.4545128934183998e-08    7.272564467091999e-09    1.6805133673525319e-16
76    1.4545129364829101e-08    7.272564682414551e-09    4.7271214720367993e-17
77    1.4545129501438575e-08    7.2725647507192875e-09    1.1557595158695477e-16
78    1.4545128981888894e-08    7.272564490944447e-09    1.441988889405721e-16
79    1.4545129036099003e-08    7.272564518049501e-09    1.1709383462843448e-16
80    1.4545129070359791e-08    7.272564535179896e-09    9.996344030316351e-17
81    1.4545129055614642e-08    7.272564527807321e-09    1.0733601507606494e-16
82    1.4545129036532684e-08    7.272564518266342e-09    1.1687699419393738e-16
83    1.4545129101151133e-08    7.2725645505755665e-09    8.456776945386935e-17
84    1.45451291245699e-08    7.27256456228495e-09    7.28583859910259e-17
85    1.4545129073829238e-08    7.272564536914619e-09    9.82287168271867e-17
86    1.4545129336639845e-08    7.2725646683199224e-09    3.3176586478056436e-17
87    1.4545129126738304e-08    7.272564563369152e-09    7.177418381854039e-17
88    1.454512962850707e-08    7.272564814253535e-09    1.7911019889460533e-16
89    1.4545129579501132e-08    7.272564789750566e-09    1.5460722979643293e-16
90    1.4545128938954488e-08    7.272564469477244e-09    1.6566609195578508e-16
91    1.4545129145386582e-08    7.272564572693291e-09    6.245004513516506e-17
92    1.454512928459814e-08    7.27256464229907e-09    7.15573433840433e-18
93    1.4545129267250906e-08    7.272564633625453e-09    1.5178830414797062e-18
94    1.4545129296741205e-08    7.2725646483706025e-09    1.3227266504323154e-17
95    1.4545129297174886e-08    7.272564648587443e-09    1.3444106938820255e-17
96    1.4545129183550498e-08    7.272564591775249e-09    4.336808689942018e-17
97    1.454512923472484e-08    7.27256461736242e-09    1.7780915628762273e-17
98    1.4545129033063237e-08    7.272564516531618e-09    1.1861171766991419e-16
99    1.4545128966276383e-08    7.272564483138191e-09    1.5200514458246772e-16
100    1.454512921954601e-08    7.272564609773005e-09    2.5370330836160804e-17
101    1.4545129132809836e-08    7.272564566404918e-09    6.873841773558098e-17
102    1.4545129572562238e-08    7.272564786281119e-09    1.5113778284447932e-16
103    1.4545129336206164e-08    7.272564668103082e-09    3.2959746043559335e-17
104    1.454512941903921e-08    7.272564709519605e-09    7.43762690325056e-17
105    1.4545129083370217e-08    7.272564541685109e-09    9.345822726825048e-17
106    1.4545129162733816e-08    7.272564581366908e-09    5.377642775528102e-17
107    1.4545129176611604e-08    7.272564588305802e-09    4.683753385137379e-17
108    1.4545129091610154e-08    7.272564545805077e-09    8.933825901280557e-17
109    1.4545128985792022e-08    7.272564492896011e-09    1.4224732503009818e-16
110    1.4545129272455076e-08    7.272564636227538e-09    1.0842021724855044e-18
111    1.4545129170106391e-08    7.2725645850531956e-09    5.0090140368830305e-17
112    1.4545129046507344e-08    7.272564523253672e-09    1.1188966420050406e-16
113    1.4545129111993155e-08    7.272564555996577e-09    7.914675859144182e-17
114    1.4545129288501268e-08    7.272564644250634e-09    9.107298248878237e-18
115    1.4545129246867905e-08    7.2725646234339525e-09    1.1709383462843448e-17
116    1.454512929413912e-08    7.27256464706956e-09    1.1926223897340549e-17
117    1.4545129120666772e-08    7.272564560333386e-09    7.48099499014998e-17
118    1.4545129404727741e-08    7.272564702363871e-09    6.722053469410127e-17
119    1.4545129474550361e-08    7.272564737275181e-09    1.0213184464813452e-16
120    1.4545129310618993e-08    7.272564655309496e-09    2.0166160408230382e-17
121    1.4545129165335902e-08    7.272564582667951e-09    5.2475385148298415e-17
122    1.4545129217377606e-08    7.272564608688803e-09    2.6454533008646308e-17
123    1.4545129237326926e-08    7.272564618663463e-09    1.6479873021779667e-17
124    1.4545129183550498e-08    7.272564591775249e-09    4.336808689942018e-17
125    1.4545129270286672e-08    7.272564635143336e-09    0.0
126    1.4545129171841115e-08    7.272564585920557e-09    4.92227786308419e-17
127    1.4545129340542973e-08    7.272564670271486e-09    3.5128150388530344e-17
128    1.4545129406028784e-08    7.272564703014392e-09    6.787105599759258e-17
129    1.4545129135845603e-08    7.272564567922801e-09    6.722053469410127e-17
130    1.4545128873902358e-08    7.272564436951179e-09    1.981921571303502e-16
131    1.4545129008343427e-08    7.2725645041717135e-09    1.3097162243624894e-16
132    1.454512887997389e-08    7.272564439986945e-09    1.951563910473908e-16
133    1.4545129048242067e-08    7.2725645241210335e-09    1.1102230246251565e-16
134    1.4545129211306074e-08    7.272564605653037e-09    2.949029909160572e-17
135    1.4545129158830689e-08    7.272564579415344e-09    5.572799166575493e-17
136    1.4545129402559337e-08    7.2725647012796685e-09    6.613633252161577e-17
137    1.4545129301078014e-08    7.272564650539007e-09    1.5395670849294163e-17
138    1.4545129239929011e-08    7.2725646199645055e-09    1.5178830414797062e-17
139    1.4545129380875294e-08    7.272564690437647e-09    5.5294310796760726e-17
140    1.4545129343145058e-08    7.272564671572529e-09    3.642919299551295e-17
141    1.4545129146253943e-08    7.272564573126972e-09    6.201636426617085e-17
142    1.4545129481055574e-08    7.272564740527787e-09    1.0538445116559103e-16
143    1.4545129381742655e-08    7.272564690871328e-09    5.572799166575493e-17
144    1.4545129345747143e-08    7.2725646728735716e-09    3.7730235602495554e-17
145    1.4545129436386445e-08    7.272564718193222e-09    8.304988641238964e-17
146    1.4545129160131731e-08    7.272564580065866e-09    5.5077470362263625e-17
147    1.454512932926727e-08    7.272564664633635e-09    2.949029909160572e-17
148    1.4545129345747143e-08    7.2725646728735716e-09    3.7730235602495554e-17
149    1.4545129172274796e-08    7.272564586137398e-09    4.90059381963448e-17
150    1.45451291744432e-08    7.2725645872216e-09    4.7921736023859296e-17
151    1.4545128963674298e-08    7.272564481837149e-09    1.5330618718945033e-16
152    1.4545129231255394e-08    7.272564615627697e-09    1.951563910473908e-17
153    1.4545129145820263e-08    7.272564572910131e-09    6.223320470066795e-17
154    1.4545129102452176e-08    7.272564551226088e-09    8.391724815037804e-17
155    1.454512946891251e-08    7.272564734456255e-09    9.93129189996722e-17
156    1.4545129210438712e-08    7.272564605219356e-09    2.992397996059992e-17
157    1.4545129309751631e-08    7.2725646548758155e-09    1.973247953923618e-17
158    1.4545129230388032e-08    7.272564615194016e-09    1.9949319973733282e-17
159    1.4545129118932049e-08    7.272564559466024e-09    7.567731163948821e-17
160    1.4545128979286809e-08    7.272564489643404e-09    1.454999315475547e-16
161    1.4545129021787534e-08    7.272564510893767e-09    1.242495689668388e-16
162    1.4545129021353853e-08    7.2725645106769266e-09    1.244664094013359e-16
163    1.4545128877805485e-08    7.272564438902743e-09    1.962405932198763e-16
164    1.4545128881274932e-08    7.272564440637466e-09    1.945058697438995e-16
165    1.4545129025690662e-08    7.272564512845331e-09    1.222980050563649e-16
166    1.4545129221280734e-08    7.272564610640367e-09    2.45029690981724e-17
167    1.4545128943724978e-08    7.272564471862489e-09    1.6328084717631697e-16
168    1.4545129523122619e-08    7.272564761561309e-09    1.2641797331180982e-16
169    1.4545129497535447e-08    7.272564748767724e-09    1.1362438767648086e-16
170    1.4545129468478829e-08    7.2725647342394145e-09    9.90960785651751e-17
171    1.4545129163601178e-08    7.272564581800589e-09    5.334274688628682e-17
172    1.4545129081635494e-08    7.272564540817747e-09    9.432558900623889e-17
173    1.4545129082069175e-08    7.272564541034587e-09    9.410874857174178e-17
174    1.4545128968878468e-08    7.272564484439234e-09    1.5070410197548512e-16
175    1.4545129116763644e-08    7.272564558381822e-09    7.676151381197371e-17
176    1.4545128951097552e-08    7.272564475548776e-09    1.5959455978986625e-16
177    1.4545128975383681e-08    7.2725644876918405e-09    1.474514954580286e-16
178    1.4545129285031821e-08    7.272564642515911e-09    7.37257477290143e-18
179    1.4545129091610154e-08    7.272564545805077e-09    8.933825901280557e-17
180    1.4545129120666772e-08    7.272564560333386e-09    7.48099499014998e-17
181    1.4545128992297235e-08    7.2725644961486174e-09    1.3899471851264167e-16
182    1.4545129081635494e-08    7.272564540817747e-09    9.432558900623889e-17
183    1.4545128982756256e-08    7.272564491378128e-09    1.437652080715779e-16
184    1.4545128808416546e-08    7.272564404208273e-09    2.3093506273941244e-16
185    1.4545129097248005e-08    7.272564548624003e-09    8.651933336434325e-17
186    1.4545129086405983e-08    7.272564543202992e-09    9.194034422677078e-17
187    1.4545129103753218e-08    7.272564551876609e-09    8.326672684688674e-17
188    1.4545129125870943e-08    7.272564562935471e-09    7.22078646875346e-17
189    1.4545129007476065e-08    7.272564503738033e-09    1.3140530330524314e-16
190    1.4545129352252356e-08    7.272564676126178e-09    4.098284211995207e-17
191    1.4545129240362692e-08    7.272564620181346e-09    1.496198998029996e-17
192    1.4545129262046735e-08    7.272564631023368e-09    4.119968255444917e-18
193    1.4545129442024296e-08    7.272564721012148e-09    8.586881206085195e-17
194    1.4545129271154034e-08    7.272564635577017e-09    4.336808689942018e-19
195    1.4545129302812737e-08    7.2725646514063685e-09    1.6263032587282567e-17
196    1.4545129220847053e-08    7.2725646104235264e-09    2.47198095326695e-17
197    1.454512901484864e-08    7.27256450742432e-09    1.2771901591879242e-16
198    1.4545128649689348e-08    7.272564324844674e-09    3.1029866176535137e-16
199    1.454512816613518e-08    7.27256408306759e-09    5.520757462296189e-16
200    1.4545127783628653e-08    7.2725638918143265e-09    7.433290094560618e-16
201    1.4545126850347423e-08    7.2725634251737115e-09    1.209969624493823e-15
202    1.454512544175196e-08    7.27256272087598e-09    1.9142673557404066e-15
203    1.4545122992322412e-08    7.272561496161206e-09    3.1389821297800324e-15
204    1.4545119345499985e-08    7.2725596727499925e-09    4.962393343466154e-15
205    1.4545113042815916e-08    7.272556521407958e-09    8.113735378012521e-15
206    1.4545103243796681e-08    7.2725516218983405e-09    1.3013244995474516e-14
207    1.4545087726261507e-08    7.272543863130754e-09    2.0772012582215282e-14
208    1.454506329875288e-08    7.27253164937644e-09    3.298576689569899e-14
209    1.4545024677736773e-08    7.2725123388683865e-09    5.229627494940381e-14
210    1.4544964791612935e-08    7.272482395806468e-09    8.223933686823948e-14
211    1.4544872455318075e-08    7.272436227659038e-09    1.2840748429832072e-13
212    1.4544730720603832e-08    7.272365360301916e-09    1.9927484141979424e-13
213    1.4544514614391046e-08    7.272257307195523e-09    3.073279478127411e-13
214    1.4544188351502813e-08    7.272094175751406e-09    4.704593919296896e-13
215    1.4543698755725698e-08    7.271849377862849e-09    7.152572804869362e-13
216    1.4542970144977574e-08    7.271485072488787e-09    1.0795626545490045e-12
217    1.4541894792930582e-08    7.270947396465291e-09    1.6172386780449743e-12
218    1.4540320184865119e-08    7.270160092432559e-09    2.4045427107766137e-12
219    1.4538033951596446e-08    7.269016975798223e-09    3.547659345112808e-12
220    1.4534741528404727e-08    7.267370764202363e-09    5.193870940972678e-12
221    1.4530043086248556e-08    7.265021543124278e-09    7.543092019057784e-12
222    1.4523396629859825e-08    7.2616983149299125e-09    1.0866320213423486e-11
223    1.4514078755262921e-08    7.257039377631461e-09    1.552525751187528e-11
224    1.4501138271075242e-08    7.250569135537621e-09    2.1995499605714786e-11
225    1.4483335435046957e-08    7.241667717523478e-09    3.089691761985758e-11
226    1.4459079659273621e-08    7.229539829636811e-09    4.302480550652521e-11
227    1.442635636211137e-08    7.213178181055685e-09    5.938645408765097e-11
228    1.4382654455000893e-08    7.191327227500446e-09    8.123740764288956e-11
229    1.4324886785446744e-08    7.162443392723372e-09    1.101212424199638e-10
230    1.4249326195110018e-08    7.124663097555009e-09    1.4790153758832691e-10
231    1.4151544377311032e-08    7.075772188655516e-09    1.9679244648782013e-10
232    1.402638191488545e-08    7.013190957442725e-09    2.5937367770061115e-10
233    1.386794422613552e-08    6.93397211306776e-09    3.385925220755759e-10
234    1.3669646733126262e-08    6.834823366563131e-09    4.377412685802051e-10
235    1.3424307863246776e-08    6.712153931623388e-09    5.604107035199479e-10
236    1.3124311386801535e-08    6.5621556934007674e-09    7.104089417425685e-10
237    1.2761831534244261e-08    6.380915767122131e-09    8.916488680212054e-10
238    1.2329132511364888e-08    6.164566255682444e-09    1.1079983794608922e-09
239    1.1818929046818888e-08    5.909464523409444e-09    1.363100111733892e-09
240    1.1224803158141339e-08    5.612401579070669e-09    1.6601630560726666e-09
241    1.0541646024847529e-08    5.270823012423764e-09    2.0017416227195717e-09
242    9.76611380654191e-09    4.883056903270955e-09    2.389507731872381e-09
243    8.89704610115491e-09    4.448523050577455e-09    2.824041584565881e-09
244    7.935825284671044e-09    3.967912642335522e-09    3.304651992807814e-09
245    6.8866288596182434e-09    3.4433144298091217e-09    3.829250205334214e-09
246    5.756549942888961e-09    2.8782749714444805e-09    4.3942896636988554e-09
247    4.555521095767068e-09    2.277760547883534e-09    4.994804087259802e-09
248    3.2956969518889434e-09    1.6478484759444717e-09    5.624716159198864e-09
249    1.985447198142587e-09    9.927235990712935e-10    6.2798410360720425e-09
250    0.0    2.4774883728741204e-10    7.024815797855924e-09
251    0.0    8.09407534486245e-11    7.1916238816947115e-09
252    0.0    2.7329369236411827e-11    7.245235265906924e-09
253    0.0    9.284455149138893e-12    7.263280179994197e-09
254    0.0    3.1580955298787794e-12    7.269406539613457e-09
255    0.0    1.0743682419406264e-12    7.271490266901395e-09
256    0.0    3.6554353294304676e-13    7.272199091610393e-09
257    0.0    1.2433045044890623e-13    7.272440304692887e-09
258    0.0    4.240097856156311e-14    7.272522234164774e-09
259    0.0    1.4463690661825623e-14    7.272550171452674e-09
260    0.0    5.02549390990481e-15    7.272559609649426e-09
261    0.0    1.5267734992940873e-15    7.272563108369837e-09
262    0.0    5.171644362755856e-16    7.2725641179789e-09
263    0.0    1.708702623837155e-16    7.2725644642730736e-09
264    0.0    6.223320470066795e-17    7.272564572910131e-09
265    0.0    1.3682631416767066e-16    7.272564498317022e-09
266    0.0    8.239936510889834e-17    7.272564552743971e-09
267    -0.0    -3.230922474006803e-17    7.272564667452561e-09
268    -0.0    -1.951563910473908e-17    7.272564654658975e-09
269    -0.0    -5.551115123125783e-17    7.272564690654487e-09
270    0.0    5.659535340374333e-17    7.2725645785479826e-09
271    0.0    6.830473686658678e-17    7.272564566838599e-09
272    0.0    1.235990476633475e-16    7.272564511544288e-09
273    0.0    5.898059818321144e-17    7.272564576162738e-09
274    0.0    2.1250362580715887e-17    7.272564613892973e-09
275    -0.0    -5.5294310796760726e-17    7.272564690437647e-09
276    -0.0    -4.336808689942018e-19    7.272564635577017e-09
277    -0.0    -8.673617379884035e-19    7.272564636010698e-09
278    0.0    1.7780915628762273e-16    7.27256445733418e-09
279    -0.0    -3.7513395167998453e-17    7.272564672656731e-09
280    -0.0    -5.659535340374333e-17    7.272564691738689e-09
281    -0.0    -1.1275702593849246e-17    7.2725646464190385e-09
282    -0.0    -3.252606517456513e-17    7.272564667669401e-09
283    -0.0    -7.502679033599691e-17    7.272564710170126e-09
284    0.0    3.903127820947816e-18    7.272564631240208e-09
285    -0.0    -1.7997756063259374e-17    7.272564653141092e-09
286    0.0    7.589415207398531e-18    7.272564627553921e-09
287    -0.0    -4.206704429243757e-17    7.27256467721038e-09
288    -0.0    -1.973247953923618e-17    7.2725646548758155e-09
289    -0.0    -7.892991815694472e-17    7.272564714073254e-09
290    0.0    8.023096076392733e-18    7.27256462712024e-09
291    -0.0    -7.177418381854039e-17    7.27256470691752e-09
292    -0.0    -1.0083080204115191e-16    7.272564735974138e-09
293    0.0    1.3010426069826053e-18    7.272564633842293e-09
294    0.0    7.546047120499111e-17    7.272564559682865e-09
295    0.0    1.8561541192951836e-16    7.272564449527924e-09
296    0.0    6.5052130349130266e-18    7.272564628638123e-09
297    0.0    2.927345865710862e-17    7.272564605869877e-09
298    -0.0    -5.312590645178972e-17    7.272564688269242e-09
299    -0.0    -1.0191500421363742e-16    7.27256473705834e-09
300    -0.0    -6.505213034913027e-19    7.272564635793857e-09
301    0.0    3.7947076036992655e-17    7.27256459719626e-09
302    0.0    8.044780119842443e-17    7.272564554695535e-09
303    0.0    5.551115123125783e-17    7.272564579632185e-09
304    0.0    2.2768245622195593e-17    7.27256461237509e-09
305    0.0    1.1666015375944028e-16    7.272564518483182e-09
306    0.0    5.659535340374333e-17    7.2725645785479826e-09
307    -0.0    -1.5829351718288365e-17    7.272564650972688e-09
308    -0.0    -2.7972416050126014e-17    7.272564663115752e-09
309    0.0    1.0364972768961422e-16    7.272564531493608e-09
310    0.0    7.589415207398531e-18    7.272564627553921e-09
311    -0.0    -8.478460988836645e-17    7.272564719927946e-09
312    0.0    1.205632815803881e-16    7.272564514580054e-09
313    0.0    1.0039712117215771e-16    7.272564534746215e-09
314    -0.0    -2.211772431870429e-17    7.27256465726106e-09
315    0.0    9.280770596475918e-17    7.27256454233563e-09
316    -0.0    -4.119968255444917e-18    7.272564639263304e-09
317    -0.0    -9.974659986866641e-18    7.272564645117996e-09
318    0.0    7.37257477290143e-17    7.272564561417588e-09
319    0.0    4.445228907190568e-17    7.272564590691047e-09
320    -0.0    -2.688821387764051e-17    7.27256466203155e-09
321    0.0    4.445228907190568e-17    7.272564590691047e-09
322    -0.0    -3.859759734048396e-17    7.272564673740933e-09
323    -0.0    -1.7997756063259374e-17    7.272564653141092e-09
324    -0.0    -1.1384122811097797e-16    7.272564748984564e-09
325    0.0    1.1926223897340549e-17    7.272564623217112e-09
326    0.0    2.927345865710862e-17    7.272564605869877e-09
327    -0.0    -1.6046192152785466e-17    7.272564651189528e-09
328    0.0    1.9949319973733282e-17    7.272564615194016e-09
329    0.0    6.895525817007808e-17    7.272564566188078e-09
330    -0.0    -6.743737512859838e-17    7.272564702580711e-09
331    0.0    1.3379054808471125e-16    7.272564501352788e-09
332    0.0    1.249000902703301e-16    7.272564510243246e-09
333    -0.0    -1.3877787807814457e-16    7.272564773921214e-09
334    -0.0    -8.239936510889834e-18    7.2725646433832725e-09
335    0.0    6.613633252161577e-17    7.2725645690070034e-09
336    0.0    7.37257477290143e-18    7.272564627770761e-09
337    -0.0    -4.553649124439119e-18    7.272564639696985e-09
338    0.0    9.324138683375338e-17    7.272564541901949e-09
339    -0.0    -7.892991815694472e-17    7.272564714073254e-09
340    -0.0    -1.3617579286417936e-16    7.272564771319129e-09
341    -0.0    -2.2985086056692694e-17    7.272564658128422e-09
342    0.0    1.7564075194265172e-17    7.272564617579261e-09
343    0.0    9.280770596475918e-17    7.27256454233563e-09
344    -0.0    -3.144186300207963e-17    7.272564666585199e-09
345    0.0    7.047314121155779e-17    7.272564564670195e-09
346    0.0    3.7513395167998453e-17    7.272564597629941e-09
347    -0.0    -1.4159680372660688e-16    7.27256477674014e-09
348    -0.0    -1.5785983631388945e-16    7.272564793003172e-09
349    -0.0    -1.5720931501039814e-16    7.272564792352651e-09
350    -0.0    -4.683753385137379e-17    7.27256468198087e-09
351    -0.0    -1.5178830414797062e-17    7.272564650322166e-09
352    -0.0    -6.331740687315346e-17    7.272564698460743e-09
353    -0.0    -1.3292318634672284e-16    7.272564768066522e-09
354    -0.0    -4.0332320816460765e-17    7.272564675475657e-09
355    0.0    1.4203048459560108e-16    7.272564493112851e-09
356    -0.0    -4.83554168928535e-17    7.272564683498753e-09
357    0.0    1.2923689896027213e-16    7.272564505906437e-09
358    0.0    5.702903427273753e-17    7.272564578114302e-09
359    -0.0    -1.3617579286417936e-16    7.272564771319129e-09
360    0.0    1.0473392986209973e-16    7.272564530409406e-09
361    -0.0    -3.3393426912553537e-17    7.272564668536763e-09
362    -0.0    -6.678685382510707e-17    7.27256470193019e-09
363    -0.0    -6.938893903907228e-18    7.27256464208223e-09
364    -0.0    -5.681219383824043e-17    7.27256469195553e-09
365    -0.0    -6.288372600415926e-17    7.272564698027062e-09
366    0.0    1.6046192152785466e-17    7.272564619097144e-09
367    -0.0    -5.767955557622884e-17    7.2725646928228915e-09
368    -0.0    -6.483528991463317e-17    7.272564699978626e-09
369    0.0    7.090682208055199e-17    7.272564564236514e-09
370    0.0    2.7538735181131813e-17    7.272564607604601e-09
371    0.0    2.454633718507182e-16    7.272564389679964e-09
372    -0.0    -1.235990476633475e-17    7.272564647503241e-09
373    -0.0    -3.881443777498106e-17    7.272564673957774e-09
374    0.0    3.686287386450715e-17    7.272564598280462e-09
375    0.0    1.5829351718288365e-17    7.272564619313984e-09
376    -0.0    -5.160802341031001e-17    7.272564686751359e-09
377    0.0    3.5344990823027445e-17    7.272564599798345e-09
378    0.0    9.562663161322149e-17    7.272564539516704e-09
379    0.0    1.8865117801247777e-17    7.272564616278218e-09
380    -0.0    -8.109832250191573e-17    7.2725647162416585e-09
381    0.0    1.8800065670898647e-16    7.272564447142679e-09
382    0.0    8.153200337090993e-17    7.2725645536113326e-09
383    -0.0    -1.2858637765678083e-16    7.272564763729714e-09
384    -0.0    -2.8406096919120216e-17    7.272564663549433e-09
385    -0.0    -1.973247953923618e-17    7.2725646548758155e-09
386    0.0    8.933825901280557e-17    7.272564545805077e-09
387    -0.0    -5.204170427930421e-18    7.272564640347506e-09
388    0.0    3.2959746043559335e-17    7.27256460218359e-09
389    0.0    2.5153490401663703e-17    7.2725646099898456e-09
390    -0.0    -8.890457814381136e-18    7.272564644033794e-09
391    -0.0    -1.1384122811097797e-16    7.272564748984564e-09
392    0.0    3.187554387107383e-17    7.272564603267792e-09
393    -0.0    -9.952975943416931e-17    7.272564734673095e-09
394    -0.0    -3.2959746043559335e-17    7.272564668103082e-09
395    -0.0    -9.215718466126788e-17    7.272564727300521e-09
396    0.0    7.22078646875346e-17    7.272564562935471e-09
397    -0.0    -3.664603343001005e-17    7.272564671789369e-09
398    0.0    3.469446951953614e-17    7.2725646004488664e-09
399    0.0    3.187554387107383e-17    7.272564603267792e-09
400    -0.0    -6.613633252161577e-17    7.2725647012796685e-09
401    -0.0    -1.7564075194265172e-17    7.272564652707411e-09
402    -0.0    -1.235990476633475e-17    7.272564647503241e-09
403    0.0    1.8865117801247777e-17    7.272564616278218e-09
404    0.0    4.336808689942018e-19    7.272564634709655e-09
405    0.0    3.903127820947816e-18    7.272564631240208e-09
406    0.0    1.0538445116559103e-16    7.272564529758885e-09
407    0.0    1.734723475976807e-18    7.2725646334086125e-09
408    0.0    1.431146867680866e-17    7.272564620831867e-09
409    0.0    1.0278236595162582e-16    7.27256453236097e-09
410    -0.0    -5.551115123125783e-17    7.272564690654487e-09
411    -0.0    -6.917209860457518e-17    7.2725647043154346e-09
412    0.0    2.4069288229178198e-17    7.272564611074048e-09
413    0.0    8.738669510233166e-17    7.272564547756641e-09
414    0.0    1.0863705768304754e-16    7.272564526506278e-09
415    -0.0    -1.0039712117215771e-16    7.272564735540457e-09
416    -0.0    -4.2717565595928875e-17    7.2725646778609015e-09
417    -0.0    -1.0581813203458523e-16    7.272564740961468e-09
418    -0.0    -7.35089072945172e-17    7.272564708652243e-09
419    0.0    4.423544863740858e-17    7.272564590907887e-09
420    0.0    6.526897078362737e-17    7.272564569874365e-09
421    -0.0    -1.0711917464156784e-16    7.272564742262511e-09
422    -0.0    -1.4246416546459528e-16    7.2725647776075014e-09
423    0.0    8.370040771588094e-17    7.272564551442928e-09
424    0.0    1.1492543028346347e-17    7.272564623650793e-09
425    0.0    1.205632815803881e-16    7.272564514580054e-09
426    0.0    1.6306400674181987e-16    7.272564472079329e-09
427    -0.0    -5.2475385148298415e-17    7.272564687618721e-09
428    0.0    2.0599841277224584e-17    7.272564614543495e-09
429    -0.0    -1.5395670849294163e-17    7.272564650539007e-09
430    -0.0    -9.194034422677078e-17    7.27256472708368e-09
431    -0.0    -1.1817803680091998e-16    7.272564753321373e-09
432    -0.0    -9.367506770274758e-17    7.272564728818404e-09
433    -0.0    -1.0408340855860843e-16    7.2725647392267445e-09
434    -0.0    -3.3393426912553537e-17    7.272564668536763e-09
435    0.0    2.42861286636753e-17    7.272564610857207e-09
436    -0.0    -1.0972125985553305e-16    7.272564744864596e-09
437    -0.0    -1.1492543028346347e-17    7.272564646635879e-09
438    0.0    1.9949319973733282e-17    7.272564615194016e-09
439    -0.0    -5.095750210681871e-17    7.272564686100838e-09
440    -0.0    -3.209238430557093e-17    7.27256466723572e-09
441    0.0    9.540979117872439e-18    7.272564625602357e-09
442    -0.0    -4.7921736023859296e-17    7.272564683065072e-09
443    -0.0    -8.673617379884035e-18    7.272564643816953e-09
444    0.0    7.134050294954619e-17    7.272564563802833e-09
445    -0.0    -8.023096076392733e-17    7.272564715374297e-09
446    -0.0    -1.4094628242311558e-17    7.272564649237964e-09
447    -0.0    -8.868773770931426e-17    7.272564723831074e-09
448    0.0    8.456776945386935e-18    7.272564626686559e-09
449    0.0    4.0115480381963664e-17    7.2725645950278556e-09
450    0.0    6.505213034913027e-19    7.272564634492815e-09
451    0.0    3.859759734048396e-17    7.272564596545739e-09
452    0.0    2.7538735181131813e-17    7.272564607604601e-09
453    -0.0    -2.2551405187698492e-17    7.272564657694741e-09
454    0.0    1.3877787807814457e-17    7.272564621265548e-09
455    -0.0    -2.5370330836160804e-17    7.272564660513667e-09
456    0.0    2.168404344971009e-17    7.2725646134592925e-09
457    -0.0    -9.020562075079397e-17    7.272564725348957e-09
458    0.0    2.4069288229178198e-17    7.272564611074048e-09
459    0.0    2.3852447794681098e-18    7.272564632758091e-09
460    0.0    1.8214596497756474e-17    7.2725646169287395e-09
461    -0.0    -1.1926223897340549e-17    7.27256464706956e-09
462    0.0    1.1926223897340549e-17    7.272564623217112e-09
463    -0.0    -4.5319650809894085e-17    7.272564680462987e-09
464    -0.0    -4.9873299934333204e-18    7.272564640130666e-09
465    -0.0    -4.618701254788249e-17    7.2725646813303485e-09
466    -0.0    -1.0039712117215771e-16    7.272564735540457e-09
467    -0.0    -5.637851296924623e-18    7.272564640781187e-09
468    -0.0    -8.348356728138384e-17    7.272564718626903e-09
469    0.0    6.201636426617085e-17    7.272564573126972e-09
470    -0.0    -1.6067876196235176e-16    7.272564795822098e-09
471    0.0    6.179952383167375e-17    7.272564573343812e-09
472    0.0    5.833007687972014e-17    7.272564576813259e-09
473    -0.0    -3.0791341698588326e-17    7.272564665934678e-09
474    -0.0    -9.107298248878237e-17    7.2725647262163184e-09
475    -0.0    -1.1275702593849246e-17    7.2725646464190385e-09
476    0.0    3.924811864397526e-17    7.272564595895217e-09
477    -0.0    -9.606031248221569e-17    7.2725647312036484e-09
478    -0.0    -8.001412032943023e-17    7.272564715157456e-09
479    -0.0    -4.5319650809894085e-17    7.272564680462987e-09
480    0.0    9.75781955236954e-18    7.272564625385516e-09
481    0.0    8.782037597132586e-17    7.27256454732296e-09
482    0.0    1.951563910473908e-18    7.272564633191772e-09
483    0.0    7.37257477290143e-18    7.272564627770761e-09
484    0.0    2.3852447794681098e-17    7.272564611290888e-09
485    0.0    2.3158558404290375e-16    7.272564403557752e-09
486    0.0    6.099721422403448e-16    7.272564025171194e-09
487    0.0    1.7271340607694086e-15    7.272562908009275e-09
488    0.0    4.999689898199655e-15    7.272559635453438e-09
489    0.0    1.4369365072819384e-14    7.272550265778263e-09
490    0.0    4.232530124992362e-14    7.272522309842086e-09
491    0.0    1.243547365775699e-13    7.272440280406758e-09
492    0.0    3.656532542029023e-13    7.272198981889133e-09
493    0.0    1.074512007148698e-12    7.271490123136187e-09
494    0.0    3.1579812549697994e-12    7.269406653888366e-09
495    0.0    9.284476399501473e-12    7.2632801587438345e-09
496    0.0    2.7329422145477844e-11    7.245235212997858e-09
497    0.0    8.094077881895534e-11    7.191623856324381e-09
498    0.0    2.477488654766685e-10    7.0248157696666674e-09
499    1.9854467787731866e-09    9.927233893865933e-10    6.279841245756743e-09
