0    9.332191770048216e-09    4.666095885024108e-09    2.031345778339668e-16
1    9.332191984300366e-09    4.666095992150183e-09    9.600850285172905e-17
2    9.332191904969035e-09    4.666095952484517e-09    1.3567416820685066e-16
3    9.332191508197665e-09    4.666095754098832e-09    3.340598533404944e-16
4    9.332191398253483e-09    4.6660956991267414e-09    3.890319442014412e-16
5    9.3321918976027e-09    4.66609594880135e-09    1.3935733546803083e-16
6    9.332191594911485e-09    4.666095797455742e-09    2.9070294330551103e-16
7    9.332191707859427e-09    4.6660958539297136e-09    2.3422897203921496e-16
8    9.332191302939388e-09    4.666095651469694e-09    4.366889915282703e-16
9    9.332191973676097e-09    4.666095986838049e-09    1.0132063689320989e-16
10    9.332191635844618e-09    4.666095817922309e-09    2.702363765414004e-16
11    9.33219201588086e-09    4.66609600794043e-09    8.021825526971851e-17
12    9.332191555335922e-09    4.666095777667961e-09    3.1049072483178006e-16
13    9.332192016683656e-09    4.666096008341828e-09    7.981685760567103e-17
14    9.332191665233434e-09    4.666095832616717e-09    2.5554196873591336e-16
15    9.33219210987822e-09    4.66609605493911e-09    3.321957588167143e-17
16    9.332191853518028e-09    4.666095926759014e-09    1.6139967137288765e-16
17    9.332192085571054e-09    4.666096042785527e-09    4.53731586421783e-17
18    9.332191989321448e-09    4.666095994660724e-09    9.349796171615508e-17
19    9.332192207381577e-09    4.666096103690788e-09    1.553210271080621e-17
20    9.332192306319655e-09    4.666096153159828e-09    6.500114210899188e-17
21    9.332192714546518e-09    4.666096357273259e-09    2.6911457321981005e-16
22    9.33219201484971e-09    4.666096007424855e-09    8.073383032807792e-17
23    9.332192325240092e-09    4.666096162620046e-09    7.446136027493832e-17
24    9.332192203050333e-09    4.666096101525167e-09    1.3366481001415829e-17
25    9.332192374383792e-09    4.666096187191896e-09    9.903321035707924e-17
26    9.332191767798089e-09    4.6660958838990445e-09    2.042596410743512e-16
27    9.332192437961736e-09    4.666096218980868e-09    1.3082218233242388e-16
28    9.332192056514707e-09    4.6660960282573535e-09    5.99013320958636e-17
29    9.33219204239367e-09    4.666096021196835e-09    6.696185050113757e-17
30    9.332191877936716e-09    4.666095938968358e-09    1.4919032754010796e-16
31    9.332191683606703e-09    4.666095841803352e-09    2.4635533394012393e-16
32    9.33219149499606e-09    4.66609574749803e-09    3.4066065536699405e-16
33    9.332191987922434e-09    4.666095993961217e-09    9.419746865552177e-17
34    9.332191513896105e-09    4.666095756948053e-09    3.3121063302927794e-16
35    9.332192139465489e-09    4.6660960697327445e-09    1.8425941144263773e-17
36    9.33219168527926e-09    4.66609584263963e-09    2.4551905599519405e-16
37    9.332191885016881e-09    4.6660959425084405e-09    1.456502451541066e-16
38    9.332192080924365e-09    4.666096040462183e-09    4.769650301486723e-17
39    9.332192006983537e-09    4.666096003491769e-09    8.466691697645118e-17
40    9.332191779727857e-09    4.666095889863928e-09    1.9829475730480884e-16
41    9.332191891007105e-09    4.666095945503552e-09    1.4265513334389295e-16
42    9.332191804222403e-09    4.666095902111202e-09    1.8604748393222115e-16
43    9.332191989871791e-09    4.6660959949358955e-09    9.322279015922196e-17
44    9.332192005297962e-09    4.666096002648981e-09    8.550970483280186e-17
45    9.33219204260922e-09    4.66609602130461e-09    6.685407548476681e-17
46    9.332191841740068e-09    4.666095920870034e-09    1.6728865139506092e-16
47    9.332191858370177e-09    4.666095929185089e-09    1.5897359695838392e-16
48    9.332192335929457e-09    4.666096167964729e-09    7.980604304634251e-17
49    9.332191962485366e-09    4.666095981242683e-09    1.0691600253951256e-16
50    9.332191944436487e-09    4.6660959722182435e-09    1.1594044210643136e-16
51    9.332192323639782e-09    4.666096161819891e-09    7.366120530735863e-17
52    9.33219241214802e-09    4.66609620607401e-09    1.1791532423837314e-16
53    9.332192118945295e-09    4.666096059472648e-09    2.868603799946531e-17
54    9.332192011322533e-09    4.6660960056612665e-09    8.249741909871037e-17
55    9.33219217836285e-09    4.666096089181425e-09    1.0227393442503643e-18
56    9.332191857779344e-09    4.666095928889672e-09    1.5926901376080927e-16
57    9.332191842065688e-09    4.666095921032844e-09    1.6712584157099517e-16
58    9.332192075979711e-09    4.6660960379898556e-09    5.0168830060502474e-17
59    9.332191858068064e-09    4.666095929034032e-09    1.591246533731259e-16
60    9.33219205006038e-09    4.66609602503019e-09    6.31284953648586e-17
61    9.332192159196936e-09    4.666096079598468e-09    8.560217535347916e-18
62    9.332192176317371e-09    4.666096088158686e-09    0.0
63    9.33219212927046e-09    4.66609606463523e-09    2.352345573119222e-17
64    9.33219218728794e-09    4.66609609364397e-09    5.4852844503841175e-18
65    9.332191875617029e-09    4.666095937808514e-09    1.5035017124370838e-16
66    9.332192096770833e-09    4.6660960483854165e-09    3.9773269145105576e-17
67    9.33219184227002e-09    4.66609592113501e-09    1.6702367566635813e-16
68    9.332191699158655e-09    4.6660958495793275e-09    2.385793580717314e-16
69    9.332191639305146e-09    4.666095819652573e-09    2.6850611239610584e-16
70    9.332191887428437e-09    4.666095943714218e-09    1.444444672839105e-16
71    9.332191734836718e-09    4.666095867418359e-09    2.207403263874924e-16
72    9.332192192816986e-09    4.666096096408493e-09    8.249807257139429e-18
73    9.33219159800787e-09    4.666095799003935e-09    2.8915475071202616e-16
74    9.332191924182553e-09    4.666095962091276e-09    1.2606740920512617e-16
75    9.332192147510644e-09    4.666096073755322e-09    1.4403363479779625e-17
76    9.332192285667758e-09    4.666096142833879e-09    5.4675193405225e-17
77    9.332192589517786e-09    4.666096294758893e-09    2.0660020734739348e-16
78    9.332192145240204e-09    4.666096072620102e-09    1.5538583670905562e-17
79    9.33219205371147e-09    4.666096026855735e-09    6.130295076634592e-17
80    9.332192275423138e-09    4.666096137711569e-09    4.9552883252254663e-17
81    9.332191847513983e-09    4.666095923756991e-09    1.6440169427711918e-16
82    9.3321916023538e-09    4.6660958011769e-09    2.8698178529315753e-16
83    9.332192052517099e-09    4.666096026258549e-09    6.190013629112042e-17
84    9.332191806917753e-09    4.666095903458877e-09    1.8469980901820586e-16
85    9.332192071038796e-09    4.666096035519398e-09    5.2639287677953347e-17
86    9.332191918848882e-09    4.666095959424441e-09    1.287342444630808e-16
87    9.332191830737706e-09    4.666095915368853e-09    1.7278983260245708e-16
88    9.332191925890694e-09    4.666095962945347e-09    1.2521333860522027e-16
89    9.332191774663958e-09    4.666095887331979e-09    2.008267067018163e-16
90    9.332192268409589e-09    4.6660961342047946e-09    4.604610894797898e-17
91    9.332192160525077e-09    4.666096080262539e-09    7.896147013422995e-18
92    9.33219214133418e-09    4.66609607066709e-09    1.749159597463205e-17
93    9.332192272239326e-09    4.666096136119663e-09    4.796097747211881e-17
94    9.332191918537402e-09    4.666095959268701e-09    1.2888998437445106e-16
95    9.33219161438377e-09    4.666095807191885e-09    2.8096680084827406e-16
96    9.332192233098284e-09    4.666096116549142e-09    2.8390456588098064e-17
97    9.33219177123074e-09    4.66609588561537e-09    2.025433157495588e-16
98    9.33219201594501e-09    4.666096007972505e-09    8.018618051428616e-17
99    9.33219188861293e-09    4.666095944306465e-09    1.4385222085457357e-16
100    9.332192274608631e-09    4.666096137304316e-09    4.914562997665092e-17
101    9.332191869681465e-09    4.666095934840733e-09    1.5331795300648328e-16
102    9.3321920609112e-09    4.6660960304556e-09    5.770308555593352e-17
103    9.332191832446785e-09    4.666095916223393e-09    1.7193529299114386e-16
104    9.332191898596296e-09    4.666095949298148e-09    1.3886053740957638e-16
105    9.332192029435945e-09    4.666096014717973e-09    7.34407128704571e-17
106    9.332191582993114e-09    4.666095791496557e-09    2.966621286278135e-16
107    9.332191587734962e-09    4.666095793867481e-09    2.9429120482629054e-16
108    9.332191865500421e-09    4.666095932750211e-09    1.5540847498805997e-16
109    9.332192247729713e-09    4.6660961238648566e-09    3.57061709656926e-17
110    9.332192113021711e-09    4.6660960565108555e-09    3.164783014742472e-17
111    9.33219191916288e-09    4.66609595958144e-09    1.2857724558281824e-16
112    9.332191907558502e-09    4.666095953779251e-09    1.343794345064e-16
113    9.332191981705791e-09    4.6660959908528956e-09    9.730579005873066e-17
114    9.332191920967643e-09    4.666095960483821e-09    1.276748643264168e-16
115    9.33219178655203e-09    4.666095893276015e-09    1.948826703652521e-16
116    9.332191308124611e-09    4.666095654062306e-09    4.3409638001386064e-16
117    9.332191898799083e-09    4.6660959493995415e-09    1.3875914409163147e-16
118    9.332191787713538e-09    4.666095893856769e-09    1.9430191678334597e-16
119    9.332191904333262e-09    4.666095952166631e-09    1.359920545434354e-16
120    9.332191654381698e-09    4.666095827190849e-09    2.609678368028978e-16
121    9.332191716879445e-09    4.666095858439722e-09    2.297189633095329e-16
122    9.33219128964004e-09    4.66609564482002e-09    4.433386658669014e-16
123    9.332191700740284e-09    4.666095850370142e-09    2.3778854362762867e-16
124    9.332192202579044e-09    4.666096101289522e-09    1.313083627005356e-17
125    9.332190277998162e-09    4.666095138999081e-09    9.491596046528135e-16
126    9.332192299042999e-09    4.6660961495214994e-09    6.136281382727638e-17
127    9.332191810475682e-09    4.666095905237841e-09    1.8292084461434727e-16
128    9.332191445601367e-09    4.666095722800684e-09    3.6535800198294906e-16
129    9.332191970126435e-09    4.666095985063218e-09    1.0309546787554755e-16
130    9.33219206016274e-09    4.66609603008137e-09    5.807731529994231e-17
131    9.332192139002403e-09    4.666096069501202e-09    1.865748388696839e-17
132    9.332192114015549e-09    4.666096057007774e-09    3.115091132060084e-17
133    9.332192145590636e-09    4.666096072795318e-09    1.5363367792012742e-17
134    9.332191952148098e-09    4.666095976074049e-09    1.120846364611471e-16
135    9.332191875764724e-09    4.666095937882362e-09    1.502763238673421e-16
136    9.332192109174588e-09    4.666096054587294e-09    3.357139151262187e-17
137    9.33219205892086e-09    4.66609602946043e-09    5.86982557975481e-17
138    9.332191737039821e-09    4.666095868519911e-09    2.196387749288392e-16
139    9.332192165163453e-09    4.666096082581726e-09    5.5769592233121445e-18
140    9.332192256722705e-09    4.6660961283613525e-09    4.020266687288798e-17
141    9.33219168427355e-09    4.666095842136775e-09    2.460219106700936e-16
142    9.332191874064146e-09    4.666095937032073e-09    1.511266125974874e-16
143    9.332192172882816e-09    4.666096086441408e-09    1.7172774096774512e-18
144    9.332191891290196e-09    4.666095945645098e-09    1.425135878518341e-16
145    9.332192082145079e-09    4.666096041072539e-09    4.7086146293199054e-17
146    9.332192353516962e-09    4.666096176758481e-09    8.859979517531008e-17
147    9.33219242942784e-09    4.66609621471392e-09    1.2655523400829564e-16
148    9.332192375159123e-09    4.666096187579562e-09    9.942087599577773e-17
149    9.332191823799763e-09    4.666095911899882e-09    1.7625880392555848e-16
150    9.332192236656567e-09    4.666096118328284e-09    3.0169598008607743e-17
151    9.332192174223231e-09    4.6660960871116156e-09    1.047070034787999e-18
152    9.332191927633047e-09    4.666095963816524e-09    1.2434216191024677e-16
153    9.332192102122397e-09    4.6660960510611985e-09    3.7097487101645566e-17
154    9.332192125968558e-09    4.666096062984279e-09    2.517440649063272e-17
155    9.332192074969446e-09    4.666096037484723e-09    5.0673962790809007e-17
156    9.33219169736016e-09    4.66609584868008e-09    2.394786059679725e-16
157    9.332191964093202e-09    4.666095982046601e-09    1.0611208472732636e-16
158    9.332192148974225e-09    4.666096074487112e-09    1.3671573335466212e-17
159    9.332191812902215e-09    4.666095906451107e-09    1.8170757827806573e-16
160    9.332191909014482e-09    4.666095954507241e-09    1.3365144442982065e-16
161    9.332191774614762e-09    4.666095887307381e-09    2.0085130457169178e-16
162    9.332191760388146e-09    4.666095880194073e-09    2.0796461281647826e-16
163    9.332192152673378e-09    4.666096076336689e-09    1.182199665861703e-17
164    9.332191932930861e-09    4.666095966465431e-09    1.216932549648886e-16
165    9.332192175695027e-09    4.6660960878475135e-09    3.1117211155264816e-19
166    9.332192077090479e-09    4.6660960385452395e-09    4.9613446107983346e-17
167    9.332192191428125e-09    4.666096095714062e-09    7.555376725191974e-18
168    9.332192066551862e-09    4.666096033275931e-09    5.488275452761048e-17
169    9.33219244323948e-09    4.66609622161974e-09    1.3346105474977116e-16
170    9.332191834605427e-09    4.666095917302714e-09    1.7085597201145303e-16
171    9.332192033884258e-09    4.666096016942129e-09    7.121655655220002e-17
172    9.332191893398581e-09    4.666095946699291e-09    1.414593949647914e-16
173    9.332192067610311e-09    4.6660960338051555e-09    5.435353016196334e-17
174    9.332191799210549e-09    4.6660958996052746e-09    1.885534110543383e-16
175    9.332191892216418e-09    4.666095946108209e-09    1.4205047672382587e-16
176    9.332191999275e-09    4.6660959996375e-09    8.852118572015732e-17
177    9.332191893319438e-09    4.666095946659719e-09    1.4149896645811533e-16
178    9.33219175101304e-09    4.66609587550652e-09    2.1265216593847747e-16
179    9.332191739167454e-09    4.666095869583727e-09    2.1857495862255007e-16
180    9.332192076819405e-09    4.666096038409703e-09    4.974898296007261e-17
181    9.332191855051898e-09    4.666095927525949e-09    1.606327368058887e-16
182    9.332191841940473e-09    4.666095920970236e-09    1.6718844921719808e-16
183    9.3321918795475e-09    4.66609593977375e-09    1.483849356920702e-16
184    9.33219177742658e-09    4.66609588871329e-09    1.9944539531537215e-16
185    9.332191892142734e-09    4.666095946071367e-09    1.4208731852112837e-16
186    9.332192012360585e-09    4.6660960061802926e-09    8.19783930428354e-17
187    9.332191887962901e-09    4.666095943981451e-09    1.4417723500649668e-16
188    9.332191913961643e-09    4.666095956980821e-09    1.311778642055574e-16
189    9.332191710513578e-09    4.666095855256789e-09    2.329018964039941e-16
190    9.332191894215548e-09    4.666095947107774e-09    1.410509116716168e-16
191    9.332192090957285e-09    4.666096045478643e-09    4.2680043028982244e-17
192    9.332191914322982e-09    4.666095957161491e-09    1.3099719472488601e-16
193    9.332192112583069e-09    4.666096056291534e-09    3.186715129657887e-17
194    9.332191990428765e-09    4.666095995214382e-09    9.294430326239374e-17
195    9.332191950437226e-09    4.666095975218613e-09    1.1294007273624432e-16
196    9.332192094150814e-09    4.666096047075407e-09    4.1083278389928256e-17
197    9.332192053703178e-09    4.666096026851589e-09    6.130709659557603e-17
198    9.332191715298924e-09    4.666095857649462e-09    2.3050922354262525e-16
199    9.332192179757953e-09    4.6660960898789764e-09    1.7202908286489819e-18
200    9.332191610301784e-09    4.666095805150892e-09    2.830077937363129e-16
201    9.332192024912833e-09    4.666096012456416e-09    7.570226933293016e-17
202    9.332191622090203e-09    4.666095811045101e-09    2.771135842783071e-16
203    9.332192059418326e-09    4.666096029709163e-09    5.844952258735341e-17
204    9.332192038389484e-09    4.666096019194742e-09    6.896394356650989e-17
205    9.332191886736532e-09    4.666095943368266e-09    1.4479041985867917e-16
206    9.332192152862814e-09    4.666096076431407e-09    1.172727868821542e-17
207    9.332191883830333e-09    4.666095941915167e-09    1.4624351894176434e-16
208    9.332192086122206e-09    4.666096043061103e-09    4.509758259392565e-17
209    9.332192177257335e-09    4.666096088628667e-09    4.699816901760914e-19
210    9.332191482293486e-09    4.666095741146743e-09    3.4701194249762014e-16
211    9.33219181749994e-09    4.66609590874997e-09    1.7940871596996653e-16
212    9.332191664910435e-09    4.666095832455217e-09    2.557034683058888e-16
213    9.332192139718201e-09    4.6660960698591004e-09    1.8299585169793235e-17
214    9.332191843003825e-09    4.6660959215019125e-09    1.6665677308821534e-16
215    9.332192214992022e-09    4.666096107496011e-09    1.933732543445225e-17
216    9.332192141505816e-09    4.666096070752908e-09    1.74057776404409e-17
217    9.33219219833867e-09    4.666096099169335e-09    1.101064911016888e-17
218    9.332191695191755e-09    4.6660958475958775e-09    2.40562808140458e-16
219    9.332192142977245e-09    4.666096071488622e-09    1.6670063351301535e-17
220    9.33219172620705e-09    4.666095863103525e-09    2.2505516102446194e-16
221    9.332191941357114e-09    4.666095970678557e-09    1.1748012880167736e-16
222    9.33219178910789e-09    4.666095894553945e-09    1.9360474083894545e-16
223    9.332192031739756e-09    4.666096015869878e-09    7.228880761919536e-17
224    9.332191696957569e-09    4.6660958484787844e-09    2.396799011972179e-16
225    9.332192037352808e-09    4.666096018676404e-09    6.948228140811522e-17
226    9.332191911695411e-09    4.6660959558477056e-09    1.32310980049205e-16
227    9.332192048262116e-09    4.666096024131058e-09    6.402762745581394e-17
228    9.33219189319108e-09    4.66609594659554e-09    1.415631457474821e-16
229    9.33219229951854e-09    4.66609614975927e-09    6.160058441281291e-17
230    9.332192051724608e-09    4.666096025862304e-09    6.22963814471323e-17
231    9.33219233460844e-09    4.66609616730422e-09    7.914553436413525e-17
232    9.332192011554769e-09    4.6660960057773845e-09    8.23813011386814e-17
233    9.33219196285926e-09    4.66609598142963e-09    1.0672905558517252e-16
234    9.332192012378171e-09    4.6660960061890855e-09    8.196960011292396e-17
235    9.332192174239674e-09    4.666096087119837e-09    1.0388486866798345e-18
236    9.33219202059302e-09    4.66609601029651e-09    7.78621752242878e-17
237    9.332192135132555e-09    4.666096067566277e-09    2.0592408232240183e-17
238    9.332191989308648e-09    4.666095994654324e-09    9.35043616125544e-17
239    9.33219208382851e-09    4.666096041914255e-09    4.6244430462922245e-17
240    9.33219185056877e-09    4.666095925284385e-09    1.6287430031295634e-16
241    9.332192268338038e-09    4.666096134169019e-09    4.601033338648606e-17
242    9.332191822472499e-09    4.6660959112362496e-09    1.7692243604175875e-16
243    9.33219199862402e-09    4.66609599931201e-09    8.884667550093265e-17
244    9.332191727665066e-09    4.666095863832533e-09    2.2432615268854855e-16
245    9.332191997715437e-09    4.666095998857718e-09    8.930096722924984e-17
246    9.33219138808991e-09    4.666095694044955e-09    3.9411373077620257e-16
247    9.332191976676273e-09    4.666095988338137e-09    9.982054898824804e-17
248    9.332191370720078e-09    4.666095685360039e-09    4.0279864661607347e-16
249    9.332191970579107e-09    4.666095985289553e-09    1.0286913223479896e-16
