0    9.218384960560734e-09    4.609192480280367e-09    8.682029972149822e-17
1    9.21838488934348e-09    4.60919244467174e-09    5.121167320236033e-17
2    9.218384878199493e-09    4.609192439099747e-09    4.563967954426534e-17
3    9.218384616977621e-09    4.6091923084888105e-09    8.497125657614414e-17
4    9.218384873242364e-09    4.609192436621182e-09    4.3161114729630834e-17
5    9.218384908682111e-09    4.609192454341056e-09    6.088098856508976e-17
6    9.218384836273052e-09    4.609192418136526e-09    2.4676458651126822e-17
7    9.218385190055453e-09    4.609192595027727e-09    2.0156765952577495e-16
8    9.218384967273455e-09    4.6091924836367274e-09    9.017666033036787e-17
9    9.21838487301261e-09    4.609192436506305e-09    4.3046237540520695e-17
10    9.218384929093691e-09    4.609192464546846e-09    7.108677853153535e-17
11    9.218385059355844e-09    4.609192529677922e-09    1.3621785499832768e-16
12    9.218384933023623e-09    4.6091924665118115e-09    7.305174442229384e-17
13    9.218384979715272e-09    4.609192489857636e-09    9.639756890720459e-17
14    9.21838475188445e-09    4.609192375942225e-09    1.7517842415468358e-17
15    9.21838497661041e-09    4.609192488305205e-09    9.484513784026099e-17
16    9.218384992084792e-09    4.609192496042396e-09    1.0258232886409212e-16
17    9.218384960306594e-09    4.609192480153297e-09    8.669322989015905e-17
18    9.218384711547473e-09    4.609192355773737e-09    3.7686330509942465e-17
19    9.21838494365978e-09    4.60919247182989e-09    7.836982258365649e-17
20    9.218384880266313e-09    4.609192440133157e-09    4.667308951841764e-17
21    9.218385193644875e-09    4.609192596822437e-09    2.033623701397741e-16
22    9.218385089302097e-09    4.6091925446510484e-09    1.5119098131121444e-16
23    9.218385097288279e-09    4.6091925486441396e-09    1.551840724684029e-16
24    9.21838500536253e-09    4.609192502681265e-09    1.0922119774238147e-16
25    9.218384706001561e-09    4.609192353000781e-09    4.0459286423042754e-17
26    9.218384894826107e-09    4.609192447413053e-09    5.3952986148308013e-17
27    9.218384641623979e-09    4.609192320811989e-09    7.264807780182613e-17
28    9.218384946772238e-09    4.609192473386119e-09    7.992605206397293e-17
29    9.218384964348915e-09    4.609192482174457e-09    8.871439029583133e-17
30    9.218384890454043e-09    4.609192445227022e-09    5.17669545844835e-17
31    9.218384916473185e-09    4.6091924582365925e-09    6.477652534955617e-17
32    9.218384671751258e-09    4.609192335875629e-09    5.758443807759136e-17
33    9.21838502167915e-09    4.609192510839575e-09    1.1737950807042457e-16
34    9.218384878060936e-09    4.609192439030468e-09    4.5570400686422185e-17
35    9.218384899714413e-09    4.6091924498572065e-09    5.63971394222797e-17
36    9.218384891883266e-09    4.609192445941633e-09    5.248156584183541e-17
37    9.21838488079804e-09    4.60919244039902e-09    4.6938952811917693e-17
38    9.218385046870152e-09    4.609192523435076e-09    1.2997500876446545e-16
39    9.218385158122202e-09    4.609192579061101e-09    1.8560103387611096e-16
40    9.218384904445082e-09    4.609192452222541e-09    5.876247396440366e-17
41    9.218385164708191e-09    4.6091925823540954e-09    1.88894028314156e-16
42    9.218384888199212e-09    4.609192444099606e-09    5.0639538842437e-17
43    9.218385087713506e-09    4.609192543856753e-09    1.5039668609109407e-16
44    9.218384896152112e-09    4.609192448076056e-09    5.461598878006213e-17
45    9.218385021149844e-09    4.609192510574922e-09    1.1711485494216068e-16
46    9.218384681504017e-09    4.6091923407520085e-09    5.270805864690039e-17
47    9.218384917648713e-09    4.609192458824356e-09    6.536428928715369e-17
48    9.218384847453976e-09    4.609192423726988e-09    3.026692077075828e-17
49    9.21838476589247e-09    4.609192382946235e-09    1.0513832026560343e-17
50    9.218384777139557e-09    4.609192388569779e-09    4.8902884726910494e-18
51    9.218385025971932e-09    4.609192512985966e-09    1.195258986577537e-16
52    9.218384833562142e-09    4.609192416781071e-09    2.332100410345048e-17
53    9.218385173996102e-09    4.609192586998051e-09    1.9353798405478997e-16
54    9.218384885815337e-09    4.6091924429076685e-09    4.944760135825014e-17
55    9.218384984511249e-09    4.609192492255624e-09    9.879555723118969e-17
56    9.218385020910164e-09    4.609192510455082e-09    1.1699501466937522e-16
57    9.218384824842186e-09    4.609192412421093e-09    1.896102608455085e-17
58    9.218384895970061e-09    4.6091924479850305e-09    5.4524963343914956e-17
59    9.218384897319034e-09    4.609192448659517e-09    5.5199449724113145e-17
60    9.218384566653756e-09    4.609192283326878e-09    1.1013318918313956e-16
61    9.218384500935298e-09    4.609192250467649e-09    1.4299241789302267e-16
62    9.218384786920134e-09    4.609192393460067e-09    0.0
63    9.21838487968622e-09    4.60919243984311e-09    4.638304277252898e-17
64    9.218384861076545e-09    4.609192430538273e-09    3.7078205521566955e-17
65    9.218384926885721e-09    4.609192463442861e-09    6.998279350752003e-17
66    9.218384817311736e-09    4.609192408655868e-09    1.51958008522442e-17
67    9.218384722434355e-09    4.609192361217177e-09    3.2242889818024955e-17
68    9.218384749421608e-09    4.609192374710804e-09    1.87492628846536e-17
69    9.218384801686708e-09    4.609192400843354e-09    7.383286761833992e-18
70    9.218385019756913e-09    4.609192509878457e-09    1.1641838954590634e-16
71    9.218385020337533e-09    4.6091925101687665e-09    1.167086993352298e-16
72    9.218384852296278e-09    4.609192426148139e-09    3.2688071806256094e-17
73    9.218384758936101e-09    4.609192379468051e-09    1.3992016487324355e-17
74    9.218384889057061e-09    4.6091924445285305e-09    5.106846342290902e-17
75    9.218384773102324e-09    4.609192386551162e-09    6.908905297979731e-18
76    9.218384825287087e-09    4.6091924126435436e-09    1.9183476457962286e-17
77    9.218384778989965e-09    4.609192389494983e-09    3.96508447600865e-18
78    9.218384853277463e-09    4.6091924266387315e-09    3.317866435575517e-17
79    9.218385020090252e-09    4.609192510045126e-09    1.1658505899471026e-16
80    9.218384924910378e-09    4.609192462455189e-09    6.899512165815824e-17
81    9.218384968945687e-09    4.609192484472843e-09    9.10127761478977e-17
82    9.218384794616431e-09    4.6091923973082156e-09    3.8481484343538664e-18
83    9.21838477588619e-09    4.609192387943095e-09    5.516972085289799e-18
84    9.218384932326353e-09    4.6091924661631764e-09    7.270310930079867e-17
85    9.21838485688668e-09    4.60919242844334e-09    3.498327301296413e-17
86    9.218385020443584e-09    4.609192510221792e-09    1.167617249212169e-16
87    9.218384840451346e-09    4.609192420225673e-09    2.676560585852545e-17
88    9.21838493146308e-09    4.60919246573154e-09    7.22714732222787e-17
89    9.218384900635095e-09    4.6091924503175474e-09    5.685748032241649e-17
90    9.2183849124272e-09    4.6091924562136e-09    6.275353273882709e-17
91    9.218384818280239e-09    4.609192409140119e-09    1.5680052235167444e-17
92    9.218384868830708e-09    4.609192434415354e-09    4.09552870793867e-17
93    9.218385118999007e-09    4.609192559499504e-09    1.6603943661653844e-16
94    9.218385175428084e-09    4.609192587714042e-09    1.9425397504940362e-16
95    9.21838507344858e-09    4.60919253672429e-09    1.432642228248627e-16
96    9.218385173508777e-09    4.6091925867543886e-09    1.9329432146175023e-16
97    9.218385064269853e-09    4.6091925321349265e-09    1.38674859350296e-16
98    9.218385180921636e-09    4.609192590460818e-09    1.970007506961166e-16
99    9.218385022807613e-09    4.609192511403807e-09    1.1794373954677556e-16
100    9.218385097070036e-09    4.609192548535018e-09    1.5507495080199492e-16
101    9.218384833513655e-09    4.609192416756827e-09    2.3296760266877162e-17
102    9.218385264504587e-09    4.6091926322522935e-09    2.3879222638492704e-16
103    9.218384738358422e-09    4.609192369179211e-09    2.4280856214450886e-17
104    9.218385165227899e-09    4.609192582613949e-09    1.8915388214050585e-16
105    9.218384866832913e-09    4.609192433416457e-09    3.995638956193195e-17
106    9.218384952123622e-09    4.609192476061811e-09    8.260174394474617e-17
107    9.218384911177872e-09    4.609192455588936e-09    6.212886910128419e-17
108    9.218385115011292e-09    4.609192557505646e-09    1.640455789613447e-16
109    9.218385014642083e-09    4.609192507321042e-09    1.1386097456656083e-16
110    9.218385161867368e-09    4.609192580933684e-09    1.8747361692733708e-16
111    9.218385058976948e-09    4.609192529488474e-09    1.3602840664981527e-16
112    9.218384877469819e-09    4.6091924387349096e-09    4.527484243611209e-17
113    9.218385205899438e-09    4.609192602949719e-09    2.0948965179743717e-16
114    9.218384926532194e-09    4.609192463266097e-09    6.980602997370112e-17
115    9.218385217172154e-09    4.609192608586077e-09    2.1512601003335613e-16
116    9.21838523778361e-09    4.609192618891805e-09    2.2543173747986855e-16
117    9.218384823493095e-09    4.609192411746547e-09    1.8286480147348558e-17
118    9.218385060244582e-09    4.609192530122291e-09    1.3666222386801668e-16
119    9.218384970050019e-09    4.6091924850250095e-09    9.1564942367834e-17
120    9.218385080216906e-09    4.609192540108453e-09    1.4664838580130087e-16
121    9.218384793183483e-09    4.6091923965917415e-09    3.1316743662624858e-18
122    9.218384930949122e-09    4.609192465474561e-09    7.201449384855746e-17
123    9.21838470354257e-09    4.609192351771285e-09    4.1688782042942585e-17
124    9.218384915006973e-09    4.609192457503486e-09    6.404341916088819e-17
125    9.218385172732005e-09    4.6091925863660025e-09    1.929059353487382e-16
126    9.218384817025373e-09    4.609192408512686e-09    1.505261919693372e-17
127    9.218384971215334e-09    4.609192485607667e-09    9.214760011951022e-17
128    9.218385193548281e-09    4.609192596774141e-09    2.0331407354534897e-16
129    9.218385018045344e-09    4.609192509022672e-09    1.1556260502777123e-16
130    9.218385123467662e-09    4.609192561733831e-09    1.6827376394760747e-16
131    9.218384738573843e-09    4.609192369286921e-09    2.4173145718167906e-17
132    9.218384968055973e-09    4.609192484027986e-09    9.05679192416473e-17
133    9.218384884929711e-09    4.6091924424648555e-09    4.900478841529335e-17
134    9.218384684638e-09    4.609192342319e-09    5.1141066719634026e-17
135    9.218384687558557e-09    4.6091923437792786e-09    4.968078853601251e-17
136    9.218384795090237e-09    4.6091923975451184e-09    4.0850513074278284e-18
137    9.21838466906102e-09    4.60919233453051e-09    5.892955700351386e-17
138    9.218384971304513e-09    4.609192485652256e-09    9.21921892904299e-17
139    9.218384690766754e-09    4.609192345383377e-09    4.807669011364763e-17
140    9.218384960574359e-09    4.6091924802871795e-09    8.682711238102321e-17
141    9.218384851072186e-09    4.609192425536093e-09    3.207602598177708e-17
142    9.218384883862314e-09    4.609192441931157e-09    4.8471089829712913e-17
143    9.218385165368567e-09    4.609192582684284e-09    1.8922421648081062e-16
144    9.218385025438908e-09    4.609192512719454e-09    1.192593868546534e-16
145    9.218385083073372e-09    4.609192541536686e-09    1.4807661900799208e-16
146    9.218384727632844e-09    4.609192363816422e-09    2.964364514228325e-17
147    9.21838492812704e-09    4.60919246406352e-09    7.060345276371755e-17
148    9.21838469954146e-09    4.60919234977073e-09    4.368933737955617e-17
149    9.218384892028645e-09    4.609192446014322e-09    5.255425516534412e-17
150    9.218384996799485e-09    4.6091924983997424e-09    1.0493967532304066e-16
151    9.218384924398675e-09    4.609192462199338e-09    6.873927055879252e-17
152    9.218384860103005e-09    4.6091924300515025e-09    3.659143537367849e-17
153    9.218384764091104e-09    4.609192382045552e-09    1.141451508116422e-17
154    9.218384914902419e-09    4.609192457451209e-09    6.399114217335545e-17
155    9.218384557237605e-09    4.6091922786188025e-09    1.148412646561362e-16
156    9.218384767117546e-09    4.609192383558773e-09    9.901294029616863e-18
157    9.21838494444462e-09    4.60919247222231e-09    7.876224285651594e-17
158    9.218384859483349e-09    4.6091924297416745e-09    3.628160743062124e-17
159    9.218385071899846e-09    4.609192535949923e-09    1.4248985604005995e-16
160    9.218384942870325e-09    4.6091924714351624e-09    7.797509530406864e-17
161    9.218384900496569e-09    4.609192450248284e-09    5.678821718100497e-17
162    9.218384744073442e-09    4.609192372036721e-09    2.1423345899135426e-17
163    9.218385017624376e-09    4.609192508812188e-09    1.1535212064910099e-16
164    9.218384759485523e-09    4.6091923797427614e-09    1.3717305669992431e-17
165    9.218385052663649e-09    4.609192526331824e-09    1.3287175721931797e-16
166    9.218384596047712e-09    4.609192298023856e-09    9.543621132748933e-17
167    9.218385072148272e-09    4.609192536074136e-09    1.4261406878956337e-16
168    9.218384850975165e-09    4.609192425487582e-09    3.20275151475733e-17
169    9.218385056238558e-09    4.609192528119279e-09    1.346592118049838e-16
170    9.218384805032251e-09    4.609192402516126e-09    9.05605854583364e-18
171    9.218384889703714e-09    4.609192444851857e-09    5.1391790126382524e-17
172    9.218384738257486e-09    4.609192369128743e-09    2.4331324157983972e-17
173    9.218384956776717e-09    4.609192478388358e-09    8.492829116076691e-17
174    9.218384934047987e-09    4.6091924670239935e-09    7.356392638578055e-17
175    9.218385147110085e-09    4.609192573555043e-09    1.800949756118232e-16
176    9.218384829895201e-09    4.6091924149476006e-09    2.1487533460308316e-17
177    9.218384885918693e-09    4.6091924429593466e-09    4.949927946701939e-17
178    9.218384991106257e-09    4.6091924955531286e-09    1.0209306145793436e-16
179    9.218385141366382e-09    4.609192570683191e-09    1.7722312363904728e-16
180    9.218384972619842e-09    4.609192486309921e-09    9.284985412569121e-17
181    9.218385262625284e-09    4.609192631312642e-09    2.378525748516658e-16
182    9.218384934668832e-09    4.609192467334416e-09    7.387434907169823e-17
183    9.2183850555876e-09    4.6091925277938e-09    1.3433373277755644e-16
184    9.218384808253096e-09    4.609192404126548e-09    1.0666480763981491e-17
185    9.21838504587611e-09    4.609192522938055e-09    1.2947798819442622e-16
186    9.218385069293013e-09    4.6091925346465065e-09    1.4118643942471932e-16
187    9.218385040553334e-09    4.609192520276667e-09    1.2681659992080525e-16
188    9.218385058821735e-09    4.609192529410868e-09    1.3595080056474555e-16
189    9.218385069385092e-09    4.609192534692546e-09    1.412324786432528e-16
190    9.21838529457857e-09    4.609192647289285e-09    2.538292176585478e-16
191    9.218385126805204e-09    4.609192563402602e-09    1.699425346589842e-16
192    9.218384870976302e-09    4.609192435488151e-09    4.2028084085586324e-17
193    9.218385112960419e-09    4.609192556480209e-09    1.630201421811168e-16
194    9.218384846124667e-09    4.609192423062333e-09    2.96022662593209e-17
195    9.218384943096423e-09    4.6091924715482115e-09    7.808814442402503e-17
196    9.218384936754992e-09    4.609192468377496e-09    7.491742878721127e-17
197    9.218385116364747e-09    4.609192558182373e-09    1.6472230617382229e-16
198    9.218384754459102e-09    4.609192377229551e-09    1.6230516117403107e-17
199    9.218385121317765e-09    4.6091925606588826e-09    1.671988154446346e-16
200    9.218384936405887e-09    4.6091924682029434e-09    7.474287630716972e-17
201    9.218385011641128e-09    4.609192505820564e-09    1.1236049705953047e-16
202    9.218385042758617e-09    4.609192521379309e-09    1.2791924160350578e-16
203    9.218384816772858e-09    4.609192408386429e-09    1.4926361656956077e-17
204    9.218384963648106e-09    4.609192481824053e-09    8.836398583500591e-17
205    9.218384947562987e-09    4.609192473781493e-09    8.03214261987998e-17
206    9.218384958081129e-09    4.6091924790405645e-09    8.558049743116598e-17
207    9.218384791188978e-09    4.609192395594489e-09    2.1344221110461054e-18
208    9.21838486523958e-09    4.60919243261979e-09    3.9159722814995394e-17
209    9.21838509075269e-09    4.609192545376345e-09    1.519162780877193e-16
210    9.218385036159536e-09    4.609192518079768e-09    1.24619700858093e-16
211    9.218384803937145e-09    4.609192401968573e-09    8.50850551217355e-18
212    9.218384875604737e-09    4.6091924378023685e-09    4.4342301347396343e-17
213    9.218384871913594e-09    4.609192435956797e-09    4.249672987907314e-17
214    9.21838492119213e-09    4.609192460596065e-09    6.713599766267897e-17
215    9.21838496333289e-09    4.609192481666445e-09    8.82063781498125e-17
216    9.218384927147241e-09    4.6091924635736205e-09    7.01135533915718e-17
217    9.218384947548207e-09    4.609192473774103e-09    8.031403616720725e-17
218    9.218384840734874e-09    4.609192420367437e-09    2.6907369726266013e-17
219    9.218384936548767e-09    4.609192468274384e-09    7.481431658795347e-17
220    9.218384851045045e-09    4.609192425522522e-09    3.206245525664754e-17
221    9.218384864309117e-09    4.609192432154559e-09    3.8694491623077194e-17
222    9.218384693960038e-09    4.609192346980019e-09    4.64800478973243e-17
223    9.21838505756436e-09    4.60919252878218e-09    1.3532211269352258e-16
224    9.218385075701046e-09    4.609192537850523e-09    1.4439045569863325e-16
225    9.21838489107751e-09    4.609192445538755e-09    5.207868752449146e-17
226    9.218384993449382e-09    4.609192496724691e-09    1.0326462382927281e-16
227    9.218384901277624e-09    4.609192450638812e-09    5.717874486462289e-17
228    9.218384943545225e-09    4.609192471772612e-09    7.831254528932087e-17
229    9.218384838442091e-09    4.6091924192210456e-09    2.5760978460967547e-17
230    9.21838510768496e-09    4.60919255384248e-09    1.6038241292737606e-16
231    9.218384752258636e-09    4.609192376129318e-09    1.733074905015989e-17
232    9.218385161861611e-09    4.6091925809308055e-09    1.874707383388054e-16
233    9.218385047466374e-09    4.609192523733187e-09    1.3027311969414588e-16
234    9.21838497680799e-09    4.609192488403995e-09    9.49439280208182e-17
235    9.218384910248072e-09    4.609192455124036e-09    6.166396878161101e-17
236    9.218385050140521e-09    4.6091925250702606e-09    1.3161019346143068e-16
237    9.218385048627116e-09    4.609192524313558e-09    1.3085349111860901e-16
238    9.218385034608681e-09    4.609192517304341e-09    1.2384427362774498e-16
239    9.218384989426353e-09    4.609192494713176e-09    1.0125310917672351e-16
240    9.218385199654967e-09    4.6091925998274835e-09    2.0636741638914452e-16
241    9.218385085451169e-09    4.6091925427255845e-09    1.4926551743060842e-16
242    9.218384853824785e-09    4.609192426912393e-09    3.345232548088976e-17
243    9.218384940311442e-09    4.609192470155721e-09    7.669565369160224e-17
244    9.218384912950802e-09    4.609192456475401e-09    6.30153337483389e-17
245    9.21838477179133e-09    4.609192385895665e-09    7.56440209285554e-18
246    9.218384861927512e-09    4.609192430963756e-09    3.7503689030690756e-17
247    9.218384672356106e-09    4.609192336178053e-09    5.728201422819708e-17
248    9.218385128933447e-09    4.609192564466723e-09    1.7100665619491937e-16
249    9.218384862744178e-09    4.609192431372089e-09    3.791202177699388e-17
