0    9.142266992538529e-09    4.5711334962692645e-09    6.479549011946018e-17
1    9.142267191869605e-09    4.571133595934802e-09    3.487004770353726e-17
2    9.142266756212846e-09    4.571133378106423e-09    1.8295833161252756e-16
3    9.142266960278978e-09    4.571133480139489e-09    8.092526556442168e-17
4    9.142267033347223e-09    4.5711335166736115e-09    4.439114305384515e-17
5    9.142267122093343e-09    4.571133561046672e-09    1.8082995371021738e-20
6    9.142267093993932e-09    4.571133546996966e-09    1.406778871297605e-17
7    9.142267088481484e-09    4.571133544240742e-09    1.6824012416645616e-17
8    9.142267035426644e-09    4.571133517713322e-09    4.3351432444967035e-17
9    9.142266671293222e-09    4.571133335646611e-09    2.2541814359368185e-16
10    9.142267018150645e-09    4.571133509075322e-09    5.198943225485515e-17
11    9.142266981305375e-09    4.5711334906526874e-09    7.041206715821055e-17
12    9.142267078811842e-09    4.571133539405921e-09    2.165883346618131e-17
13    9.14226707368158e-09    4.57113353684079e-09    2.4223964386280714e-17
14    9.142267042063865e-09    4.571133521031933e-09    4.0032821877712465e-17
15    9.142267221023393e-09    4.571133610511697e-09    4.9446942095301934e-17
16    9.142267156845307e-09    4.571133578422653e-09    1.7357898772225105e-17
17    9.142267265028744e-09    4.571133632514372e-09    7.144961717132867e-17
18    9.142267295686917e-09    4.571133647843459e-09    8.677870411721538e-17
19    9.142266981839884e-09    4.571133490919942e-09    7.014481254692018e-17
20    9.142267082880054e-09    4.571133541440027e-09    1.9624727683922573e-17
21    9.14226692308338e-09    4.57113346154169e-09    9.95230642342913e-17
22    9.142266964891028e-09    4.571133482445514e-09    7.861924069939838e-17
23    9.142266951405817e-09    4.571133475702908e-09    8.5361846298308e-17
24    9.142266741200914e-09    4.571133370600457e-09    1.904642975310093e-16
25    9.142266820167407e-09    4.5711334100837034e-09    1.509810511435546e-16
26    9.14226695767655e-09    4.571133478838275e-09    8.222647939779108e-17
27    9.142266790427921e-09    4.571133395213961e-09    1.6585079394194266e-16
28    9.14226672891228e-09    4.57113336445614e-09    1.9660861497338788e-16
29    9.142266912442996e-09    4.571133456221498e-09    1.0484325666929964e-16
30    9.142266878821485e-09    4.571133439410743e-09    1.2165401186226787e-16
31    9.142266980176636e-09    4.571133490088318e-09    7.097643677372384e-17
32    9.14226720856911e-09    4.571133604284555e-09    4.3219800712549634e-17
33    9.142267418318619e-09    4.571133709159309e-09    1.4809455476521406e-16
34    9.142267121751107e-09    4.5711335608755536e-09    1.8920102150925402e-19
35    9.142266856240709e-09    4.571133428120354e-09    1.3294440022071238e-16
36    9.142267038643032e-09    4.571133519321516e-09    4.17432386513894e-17
37    9.142266854098175e-09    4.571133427049088e-09    1.3401566694277878e-16
38    9.142267027952687e-09    4.5711335139763435e-09    4.7088411113716224e-17
39    9.14226685841505e-09    4.571133429207525e-09    1.3185722929700842e-16
40    9.142266801572276e-09    4.571133400786138e-09    1.6027861664975168e-16
41    9.142267045408535e-09    4.571133522704268e-09    3.8360486845076245e-17
42    9.142266952581834e-09    4.571133476290917e-09    8.477383751524917e-17
43    9.142267075396385e-09    4.571133537698193e-09    2.336656190286745e-17
44    9.142267247654238e-09    4.571133623827119e-09    6.276236454622731e-17
45    9.142267017408907e-09    4.5711335087044534e-09    5.236030116403514e-17
46    9.142267125228958e-09    4.571133562614479e-09    1.5497245319793225e-18
47    9.142267105419217e-09    4.571133552709608e-09    8.35514622660622e-18
48    9.142267058954066e-09    4.571133529477033e-09    3.158772141385233e-17
49    9.142266732463476e-09    4.571133366231738e-09    1.9483301636744177e-16
50    9.142266707544409e-09    4.5711333537722045e-09    2.0729255007547486e-16
51    9.142266931745957e-09    4.5711334658729784e-09    9.519177614775746e-17
52    9.142266900067957e-09    4.5711334500339785e-09    1.1103077610071065e-16
53    9.142266943556114e-09    4.571133471778057e-09    8.928669753650268e-17
54    9.142267145100679e-09    4.571133572550339e-09    1.1485584785033551e-17
55    9.142267206375593e-09    4.5711336031877965e-09    4.2123041938365574e-17
56    9.142267093178672e-09    4.571133546589336e-09    1.4475418355758506e-17
57    9.14226733006298e-09    4.57113366503149e-09    1.0396673556038843e-16
58    9.142267379021364e-09    4.571133689510682e-09    1.28445927351853e-16
59    9.14226722390226e-09    4.57113361195113e-09    5.088637532748711e-17
60    9.142267251582309e-09    4.5711336257911544e-09    6.472639985879668e-17
61    9.142267210730138e-09    4.571133605365069e-09    4.4300314486683764e-17
62    9.14226712212951e-09    4.571133561064755e-09    0.0
63    9.142267169833718e-09    4.571133584916859e-09    2.3852104514726888e-17
64    9.142266970427353e-09    4.571133485213676e-09    7.585107829794784e-17
65    9.142266544499075e-09    4.5711332722495375e-09    2.888152170588109e-16
66    9.142266964755572e-09    4.571133482377786e-09    7.8686968593593e-17
67    9.142267028209323e-09    4.5711335141046615e-09    4.696009306683271e-17
68    9.142267072307329e-09    4.5711335361536645e-09    2.4911090086238713e-17
69    9.142266903146649e-09    4.571133451573324e-09    1.0949143020387703e-16
70    9.142266981948958e-09    4.571133490974479e-09    7.009027570195394e-17
71    9.142266965875027e-09    4.5711334829375135e-09    7.812724111567735e-17
72    9.142266950827715e-09    4.5711334754138575e-09    8.565089711873914e-17
73    9.142266821910085e-09    4.571133410955042e-09    1.5010971232118105e-16
74    9.142267108112199e-09    4.5711335540560996e-09    7.0086550080475e-18
75    9.14226707233395e-09    4.571133536166975e-09    2.4897779923002123e-17
76    9.14226699098746e-09    4.57113349549373e-09    6.557102488328784e-17
77    9.14226716733298e-09    4.57113358366649e-09    2.2601735819249894e-17
78    9.142267068511882e-09    4.571133534255941e-09    2.6808813637822157e-17
79    9.142267073566336e-09    4.571133536783168e-09    2.428158661493177e-17
80    9.142267134227646e-09    4.571133567113823e-09    6.049068422023722e-18
81    9.142267245156884e-09    4.571133622578442e-09    6.151368743510299e-17
82    9.1422670481454e-09    4.5711335240727e-09    3.699205466076956e-17
83    9.142266947597317e-09    4.571133473798658e-09    8.726609630492449e-17
84    9.142266677503337e-09    4.571133338751668e-09    2.223130862451701e-16
85    9.142267030889597e-09    4.571133515444798e-09    4.5619956249739624e-17
86    9.142267008772405e-09    4.5711335043862025e-09    5.667855205693453e-17
87    9.142266931091224e-09    4.571133465545612e-09    9.551914280134268e-17
88    9.142267191430709e-09    4.5711335957153546e-09    3.465059999574939e-17
89    9.142267019108766e-09    4.571133509554383e-09    5.1510371430275676e-17
90    9.142267314861333e-09    4.5711336574306665e-09    9.636591187798157e-17
91    9.142267146993116e-09    4.571133573496558e-09    1.243180330517786e-17
92    9.142266786288767e-09    4.571133393144384e-09    1.679203708832289e-16
93    9.142266800404308e-09    4.571133400202154e-09    1.6086260037194983e-16
94    9.142266974913166e-09    4.571133487456583e-09    7.36081714495654e-17
95    9.14226696846175e-09    4.571133484230875e-09    7.683387970786292e-17
96    9.142266831159358e-09    4.571133415579679e-09    1.4548507538375324e-16
97    9.142266749251339e-09    4.571133374625669e-09    1.8643908529627416e-16
98    9.142267002948891e-09    4.571133501474446e-09    5.959030887682122e-17
99    9.14226701756139e-09    4.571133508780695e-09    5.2284059926976124e-17
100    9.142266897907795e-09    4.571133448953897e-09    1.1211085725938441e-16
101    9.142266891044758e-09    4.571133445522379e-09    1.1554237549871063e-16
102    9.142267065538462e-09    4.571133532769231e-09    2.829552355073719e-17
103    9.142267223733942e-09    4.571133611866971e-09    5.080221631760474e-17
104    9.142266879994694e-09    4.571133439997347e-09    1.2106740763188915e-16
105    9.142267012134997e-09    4.571133506067498e-09    5.499725617672252e-17
106    9.142266975454467e-09    4.571133487727233e-09    7.33375212618605e-17
107    9.142266935381785e-09    4.571133467690892e-09    9.337386229039559e-17
108    9.142267061321949e-09    4.571133530660974e-09    3.040378028464702e-17
109    9.142267130420168e-09    4.571133565210084e-09    4.145329613025793e-18
110    9.142266998206668e-09    4.571133499103334e-09    6.196142044834324e-17
111    9.142267031038555e-09    4.571133515519278e-09    4.554547690738535e-17
112    9.142266996613542e-09    4.571133498306771e-09    6.275798379770323e-17
113    9.142267003340581e-09    4.571133501670291e-09    5.939446394063194e-17
114    9.142266755909396e-09    4.571133377954698e-09    1.8311005638920449e-16
115    9.142266943670985e-09    4.571133471835492e-09    8.922926225067007e-17
116    9.14226683671761e-09    4.571133418358805e-09    1.4270594953046392e-16
117    9.142266943835595e-09    4.571133471917798e-09    8.914695695254043e-17
118    9.142267001361752e-09    4.571133500680876e-09    6.038387865954438e-17
119    9.142266836360157e-09    4.571133418180079e-09    1.4288467596387642e-16
120    9.142267125985749e-09    4.5711335629928745e-09    1.92811995755293e-18
121    9.14226696968313e-09    4.571133484841565e-09    7.622318963240788e-17
122    9.142267088191516e-09    4.571133544095758e-09    1.6968996498510848e-17
123    9.142266722744596e-09    4.571133361372298e-09    1.9969245679354888e-16
124    9.142266580128889e-09    4.5711332900644445e-09    2.71000310097137e-16
125    9.142267932841249e-09    4.571133966420624e-09    4.0535586968951687e-16
126    9.142266873938814e-09    4.571133436969407e-09    1.240953477590732e-16
127    9.142266954895627e-09    4.5711334774478135e-09    8.361694105617128e-17
128    9.142267328758813e-09    4.571133664379406e-09    1.0331465171272002e-16
129    9.142267168671905e-09    4.5711335843359525e-09    2.3271197904407436e-17
130    9.142267018177614e-09    4.571133509088807e-09    5.197594755650931e-17
131    9.142266900099375e-09    4.5711334500496875e-09    1.1101506711369765e-16
132    9.142267028451474e-09    4.571133514225737e-09    4.683901781339271e-17
133    9.142266980438953e-09    4.571133490219476e-09    7.084527818861682e-17
134    9.14226703157802e-09    4.57113351578901e-09    4.5275744890160383e-17
135    9.142266846785301e-09    4.571133423392651e-09    1.376721038624643e-16
136    9.142266880873638e-09    4.571133440436819e-09    1.2062793567142646e-16
137    9.142266876016615e-09    4.571133438008308e-09    1.2305644696001477e-16
138    9.142266864486755e-09    4.571133432243377e-09    1.288213771872653e-16
139    9.142266929483275e-09    4.571133464741638e-09    9.632311686181053e-17
140    9.142266741089804e-09    4.571133370544902e-09    1.9051985263530958e-16
141    9.14226703648248e-09    4.57113351824124e-09    4.2823514197507117e-17
142    9.142267201133711e-09    4.571133600566856e-09    3.950210114233722e-17
143    9.142266955684306e-09    4.571133477842153e-09    8.322260172429071e-17
144    9.142267035591379e-09    4.5711335177956895e-09    4.3269065108291454e-17
145    9.142266999610541e-09    4.5711334998052705e-09    6.125948407951748e-17
146    9.142267285158624e-09    4.571133642579312e-09    8.151455730461058e-17
147    9.142266675441998e-09    4.571133337720999e-09    2.23343755769953e-16
148    9.142266977437922e-09    4.571133488718961e-09    7.234579374595536e-17
149    9.142267066052398e-09    4.571133533026199e-09    2.803855575754453e-17
150    9.14226693501028e-09    4.57113346750514e-09    9.355961479593111e-17
151    9.142266745945918e-09    4.571133372972959e-09    1.8809179546887756e-16
152    9.14226710246277e-09    4.571133551231385e-09    9.833369266436458e-18
153    9.142266870645174e-09    4.571133435322587e-09    1.257421675785346e-16
154    9.1422670432704e-09    4.5711335216352e-09    3.942955492107448e-17
155    9.142267189709093e-09    4.571133594854547e-09    3.3789792009754246e-17
156    9.142266873282765e-09    4.5711334366413826e-09    1.2442337202124539e-16
157    9.142267166846372e-09    4.571133583423186e-09    2.2358431395415384e-17
158    9.142267062288739e-09    4.5711335311443696e-09    2.992038503365777e-17
159    9.142266862000023e-09    4.571133431000012e-09    1.3006474297167642e-16
160    9.142266986029036e-09    4.571133493014518e-09    6.805023655316136e-17
161    9.142266687798673e-09    4.5711333438993365e-09    2.1716541804334133e-16
162    9.14226691375583e-09    4.571133456877915e-09    1.0418683922240206e-16
163    9.142266970665731e-09    4.5711334853328656e-09    7.573188901630446e-17
164    9.142266928935265e-09    4.5711334644676325e-09    9.659712209407994e-17
165    9.142266991901603e-09    4.571133495950802e-09    6.511395300093187e-17
166    9.142267136120467e-09    4.5711335680602334e-09    6.995478848070143e-18
167    9.142266997701895e-09    4.571133498850947e-09    6.221380731530359e-17
168    9.142266963583811e-09    4.5711334817919055e-09    7.927284904093573e-17
169    9.142266726784853e-09    4.571133363392427e-09    1.9767232788210045e-16
170    9.142266970730615e-09    4.571133485365308e-09    7.569944699268013e-17
171    9.142267021752973e-09    4.571133510876487e-09    5.018826797771686e-17
172    9.142267002062974e-09    4.571133501031487e-09    6.003326740356581e-17
173    9.142267126147714e-09    4.571133563073857e-09    2.0091025938830966e-18
174    9.142267173504572e-09    4.571133586752286e-09    2.5687531440017738e-17
175    9.142267188846814e-09    4.571133594423407e-09    3.335865223960181e-17
176    9.142267118987536e-09    4.571133559493768e-09    1.5709863824443855e-18
177    9.142267179240979e-09    4.571133589620489e-09    2.855573471911167e-17
178    9.142267315650842e-09    4.571133657825421e-09    9.676066645452964e-17
179    9.1422669369989e-09    4.57113346849945e-09    9.256530482215358e-17
180    9.142266999418306e-09    4.571133499709153e-09    6.135560163951553e-17
181    9.142267093453556e-09    4.571133546726778e-09    1.4337976506718533e-17
182    9.142267165896779e-09    4.571133582948389e-09    2.188363468689362e-17
183    9.142266788813038e-09    4.571133394406519e-09    1.6665823554353833e-16
184    9.142266792409188e-09    4.571133396204594e-09    1.6486016078598792e-16
185    9.142267219460672e-09    4.571133609730336e-09    4.8665581498420056e-17
186    9.142267020931308e-09    4.571133510465654e-09    5.059910046383112e-17
187    9.142266843534968e-09    4.571133421767484e-09    1.392972705750309e-16
188    9.142266904431778e-09    4.571133452215889e-09    1.0884886555069787e-16
189    9.142267125665064e-09    4.571133562832532e-09    1.767777613254426e-18
190    9.142266869983555e-09    4.571133434991778e-09    1.2607297695782926e-16
191    9.142266873666653e-09    4.5711334368333265e-09    1.242314280688249e-16
192    9.142267084405558e-09    4.571133542202779e-09    1.8861975342100688e-17
193    9.142267005608929e-09    4.5711335028044645e-09    5.826029013298088e-17
194    9.14226697626218e-09    4.57113348813109e-09    7.29336643898519e-17
195    9.142266829628083e-09    4.571133414814042e-09    1.4625071293155171e-16
196    9.142266839208013e-09    4.571133419604006e-09    1.4146074823227354e-16
197    9.14226690628723e-09    4.571133453143615e-09    1.079211394803278e-16
198    9.142266913021031e-09    4.571133456510516e-09    1.04554238936093e-16
199    9.142266773030076e-09    4.571133386515038e-09    1.7454971643112591e-16
200    9.14226695806939e-09    4.571133479034695e-09    8.203005957107607e-17
201    9.142266988481493e-09    4.571133494240746e-09    6.682400829668112e-17
202    9.142266692273027e-09    4.5711333461365135e-09    2.1492824107506205e-16
203    9.142266805108255e-09    4.571133402554127e-09    1.5851062727826044e-16
204    9.142266853867536e-09    4.571133426933768e-09    1.3413098667351663e-16
205    9.14226703092724e-09    4.57113351546362e-09    4.560113458208159e-17
206    9.142266865164877e-09    4.571133432582439e-09    1.2848231585417982e-16
207    9.14226714790918e-09    4.57113357395459e-09    1.288983554422501e-17
208    9.142267047719137e-09    4.5711335238595686e-09    3.720518601739997e-17
209    9.14226681594331e-09    4.571133407971655e-09    1.5309309967339238e-16
210    9.142267265395732e-09    4.571133632697866e-09    7.163311147379192e-17
211    9.142266861345168e-09    4.571133430672584e-09    1.3039217083662696e-16
212    9.142266898100708e-09    4.571133449050354e-09    1.1201440055533522e-16
213    9.142267114888147e-09    4.571133557444073e-09    3.620681210527297e-18
214    9.142266809980873e-09    4.5711334049904364e-09    1.560743181580376e-16
215    9.142267102642406e-09    4.571133551321203e-09    9.743551513983613e-18
216    9.142267086306201e-09    4.5711335431531006e-09    1.7911654006118116e-17
217    9.142266857892956e-09    4.571133428946478e-09    1.321182767449822e-16
218    9.142267123679257e-09    4.5711335618396284e-09    7.74873846518237e-19
219    9.142267019069583e-09    4.571133509534791e-09    5.1529963203083994e-17
220    9.14226693115908e-09    4.57113346557954e-09    9.548521433415759e-17
221    9.142267012349397e-09    4.5711335061746985e-09    5.4890056050877486e-17
222    9.142266748457105e-09    4.571133374228552e-09    1.8683620230065168e-16
223    9.142267067519345e-09    4.571133533759672e-09    2.730508230068457e-17
224    9.142266827903236e-09    4.571133413951618e-09    1.4711313640128317e-16
225    9.142267165630398e-09    4.571133582815199e-09    2.175044454620217e-17
226    9.142267078267863e-09    4.571133539133932e-09    2.1930822859297934e-17
227    9.14226706199118e-09    4.57113353099559e-09    3.006916422017339e-17
228    9.142266896599063e-09    4.571133448299531e-09    1.1276522329836286e-16
229    9.142267047708008e-09    4.571133523854004e-09    3.7210750461380614e-17
230    9.142266905021763e-09    4.5711334525108815e-09    1.0855387309192676e-16
231    9.14226703678408e-09    4.57113351839204e-09    4.2672714208755024e-17
232    9.142266731681897e-09    4.571133365840948e-09    1.9522380626731387e-16
233    9.14226689040073e-09    4.571133445200365e-09    1.1586438946655201e-16
234    9.142266967316617e-09    4.571133483658309e-09    7.7406445856066e-17
235    9.142266980687757e-09    4.5711334903438786e-09    7.072087601475313e-17
236    9.142266907443597e-09    4.571133453721799e-09    1.0734295594858487e-16
237    9.142266870947064e-09    4.571133435473532e-09    1.2559122283317532e-16
238    9.142266899399832e-09    4.571133449699916e-09    1.1136483878135448e-16
239    9.142267004817403e-09    4.5711335024087015e-09    5.865605304269565e-17
240    9.142266810708608e-09    4.571133405354304e-09    1.5571045050556226e-16
241    9.142267167934055e-09    4.5711335839670275e-09    2.2902272869666948e-17
242    9.14226692698153e-09    4.571133463490765e-09    9.757398931028057e-17
243    9.142267051370916e-09    4.571133525685458e-09    3.5379296484571856e-17
244    9.142267072694747e-09    4.571133536347374e-09    2.4717380930391045e-17
245    9.142267055727865e-09    4.5711335278639325e-09    3.3200822042823627e-17
246    9.142267068853764e-09    4.571133534426882e-09    2.663787262833501e-17
247    9.142267190454401e-09    4.5711335952272006e-09    3.4162445974696123e-17
248    9.142267058346567e-09    4.571133529173283e-09    3.189147123376854e-17
249    9.142267095923681e-09    4.571133547961841e-09    1.310291396129622e-17
