##q-DeltaF
0.001 0.21439027074533498 
0.025636363636363638 0.2143902837150919 
0.050272727272727274 0.21439027074533498 
0.07490909090909091 0.21439027074533498 
0.09954545454545455 0.2143902837150919 
0.12418181818181818 0.2143902837150919 
0.14881818181818182 0.21439025718497878 
0.17345454545454547 0.21439032223083157 
0.1980909090909091 0.21439037372241124 
0.22272727272727272 0.21439032026350135 
0.24736363636363637 0.2143903115186006 
0.272 0.21439043175419445 
0.29663636363636364 0.21439036382308052 
0.32127272727272727 0.2143902939447339 
0.34590909090909094 0.21439015535351363 
0.37054545454545457 0.21439008761325773 
0.3951818181818182 0.21438995635973743 
0.4198181818181818 0.21438991246390934 
0.44445454545454544 0.21439030354825325 
0.4690909090909091 0.21439142235891698 
0.49372727272727274 0.2143937524047388 
0.5183636363636364 0.21439839355087448 
0.543 0.214406170819164 
0.5676363636363636 0.21441809494780617 
0.5922727272727273 0.21443581733403286 
0.616909090909091 0.2144607329787499 
0.6415454545454545 0.2144944409941199 
0.6661818181818182 0.21453918664071484 
0.6908181818181819 0.214596275888501 
0.7154545454545455 0.21466797384536407 
0.7400909090909091 0.21475612849097273 
0.7647272727272727 0.2148631369421833 
0.7893636363636364 0.21499021082632394 
0.8140000000000001 0.21514027287947768 
0.8386363636363636 0.21531498024467902 
0.8632727272727273 0.21551611756084005 
0.8879090909090909 0.21574589576387593 
0.9125454545454545 0.2160064062984222 
0.9371818181818182 0.21629918415554356 
0.9618181818181818 0.2166266481624191 
0.9864545454545455 0.21699021696747378 
1.011090909090909 0.21739241411211885 
1.0357272727272726 0.2178349284724581 
1.0603636363636362 0.21831962070286864 
1.085 0.21884873805771018 
1.1096363636363635 0.21942479637956647 
1.134272727272727 0.22004909703915002 
1.1589090909090909 0.22072433981567788 
1.1835454545454545 0.2214530500541301 
1.208181818181818 0.22223732144671188 
1.2328181818181818 0.22307988784542357 
1.2574545454545454 0.22398361862267177 
1.282090909090909 0.22495097526986324 
1.3067272727272727 0.22598580878843302 
1.3313636363636363 0.2270904947102009 
1.3559999999999999 0.22826927942292094 
1.3806363636363637 0.22952582204737018 
1.4052727272727272 0.2308639878079873 
1.4299090909090908 0.2322886341700703 
1.4545454545454544 0.23380394054193235 
1.4791818181818182 0.23541600344627078 
1.5038181818181817 0.2371300270387752 
1.5284545454545453 0.23895279030474728 
1.553090909090909 0.2408906520027051 
1.5777272727272726 0.24295156392781747 
1.6023636363636362 0.24514374386283105 
1.627 0.2474769269950286 
1.6516363636363636 0.2499613013762558 
1.6762727272727271 0.2526081796986694 
1.700909090909091 0.2554308105164705 
1.7255454545454545 0.2584437754627592 
1.750181818181818 0.2616628508765483 
1.7748181818181816 0.26510720944772004 
1.7994545454545454 0.26879771225874116 
1.824090909090909 0.2727582799492068 
1.8487272727272726 0.27701651133087746 
1.8733636363636363 0.28160366753111526 
1.898 0.2865574350458295 
1.9226363636363635 0.2919210470936475 
1.9472727272727273 0.2977444000871593 
1.9719090909090908 0.30408864044686246 
1.9965454545454544 0.31102522266556615 
2.021181818181818 0.31864111130688455 
2.0458181818181815 0.32704253936919125 
2.0704545454545453 0.33636105789563814 
2.095090909090909 0.34675998916989365 
2.1197272727272725 0.35844864132299975 
2.1443636363636362 0.37169613585676736 
2.169 0.3868607004626482 
2.1936363636363634 0.40442297187721493 
2.218272727272727 0.4250576911560455 
2.242909090909091 0.44973000965750054 
2.2675454545454543 0.479900597039926 
2.292181818181818 0.5178851018046099 
2.316818181818182 0.5676555449430528 
2.3414545454545452 0.6367095217529787 
2.366090909090909 0.7415475997883714 
2.390727272727273 0.9289641562622267 
2.415363636363636 1.432350896299649 
2.44 3.2188381507475405 
