0.0 0.06061997600386742 
0.000505050505050505 0.06061999486073137 
0.00101010101010101 0.06062005142376355 
0.0015151515151515152 0.06062014567028512 
0.00202020202020202 0.06062027756249836 
0.002525252525252525 0.06062044704748754 
0.0030303030303030303 0.06062065405721965 
0.0035353535353535356 0.060620898508545795 
0.00404040404040404 0.060621180303202585 
0.004545454545454545 0.06062149932781401 
0.00505050505050505 0.060621855453893446 
0.005555555555555556 0.06062224853784607 
0.006060606060606061 0.06062267842097149 
0.0065656565656565654 0.06062314492946678 
0.007070707070707071 0.06062364787442973 
0.007575757575757576 0.06062418705186251 
0.00808080808080808 0.06062476224267566 
0.008585858585858586 0.06062537321269235 
0.00909090909090909 0.06062601971265304 
0.009595959595959595 0.0606267014782205 
0.0101010101010101 0.060627418229984915 
0.010606060606060607 0.06062816967346785 
0.011111111111111112 0.06062895549912024 
0.011616161616161616 0.060629775382288975 
0.012121212121212121 0.06063062898303232 
0.012626262626262626 0.060631515945210004 
0.013131313131313131 0.060632435892095424 
0.013636363636363636 0.06063338840531334 
0.014141414141414142 0.0606343729237899 
0.014646464646464647 0.06063538825881415 
0.015151515151515152 0.06063643026579487 
0.015656565656565657 0.06063748066068939 
0.01616161616161616 0.06063845326619765 
0.016666666666666666 0.06063893527065686 
0.01717171717171717 0.060636935018301794 
0.017676767676767676 0.06062266966567208 
0.01818181818181818 0.06054371900464564 
0.018686868686868686 0.05979855586965509 
0.01919191919191919 0.04623346078107044 
0.019696969696969695 0.044626350695382976 
0.0202020202020202 0.043330270676642135 
0.02070707070707071 0.042249769288582956 
0.021212121212121213 0.041237968384425325 
0.021717171717171718 0.04040767708872382 
0.022222222222222223 0.03958291005568392 
0.022727272727272728 0.038939296135750805 
0.023232323232323233 0.038173456477337706 
0.023737373737373738 0.03765848913292284 
0.024242424242424242 0.03711063454536883 
0.024747474747474747 0.036446681288766936 
0.025252525252525252 0.03603672424957157 
0.025757575757575757 0.03568433802748059 
0.026262626262626262 0.035148593168907886 
0.026767676767676767 0.03459937100875393 
0.02727272727272727 0.03428808845025101 
0.027777777777777776 0.034059499793797854 
0.028282828282828285 0.03377201196359746 
0.02878787878787879 0.03329281667341953 
0.029292929292929294 0.032790940503200756 
0.0297979797979798 0.03250433536291895 
0.030303030303030304 0.032334172793109656 
0.03080808080808081 0.0321961174594984 
0.031313131313131314 0.032032769974028416 
0.031818181818181815 0.031775486565674686 
0.03232323232323232 0.0313432501667554 
0.03282828282828283 0.030882288609370343 
0.03333333333333333 0.030602942323211695 
0.03383838383838384 0.03044567772834548 
0.03434343434343434 0.030346387049364792 
0.03484848484848485 0.030271628864030953 
0.03535353535353535 0.03020097339035044 
0.03585858585858586 0.030117224568815392 
0.03636363636363636 0.029999452841800195 
0.03686868686868687 0.02981395423741412 
0.03737373737373737 0.029505499046963434 
0.03787878787878788 0.02907180206131556 
0.03838383838383838 0.028705469472830182 
0.03888888888888889 0.0284656708913544 
0.03939393939393939 0.0282548459779808 
0.0398989898989899 0.027843024439971772 
0.0404040404040404 0.02579163904659119 
0.04090909090909091 1.7150589765777349e-09 
0.04141414141414142 1.1861638178434893e-09 
0.04191919191919192 1.0364365375174042e-09 
0.04242424242424243 8.81028749327646e-10 
0.04292929292929293 8.476050520166933e-10 
0.043434343434343436 7.877080622601167e-10 
0.04393939393939394 7.540429763332275e-10 
0.044444444444444446 6.627990266659414e-10 
0.04494949494949495 6.746673965640641e-10 
0.045454545454545456 6.637215784339514e-10 
0.04595959595959596 6.090362062643328e-10 
0.046464646464646465 5.980074392522867e-10 
0.04696969696969697 6.203589280678373e-10 
0.047474747474747475 5.661809229646744e-10 
0.047979797979797977 5.372195453902289e-10 
0.048484848484848485 5.290705896410651e-10 
0.04898989898989899 5.401511367603736e-10 
0.049494949494949494 5.689019412630954e-10 
0.05 5.06220033530479e-10 
