0.0 0.01503812863334232 
5.0505050505050505e-05 0.015038128597631298 
0.00010101010101010101 0.015038128489359075 
0.00015151515151515152 0.015038128305084518 
0.00020202020202020202 0.015038128038993081 
0.0002525252525252525 0.015038127682775971 
0.00030303030303030303 0.015038127225457314 
0.00035353535353535354 0.015038126653165496 
0.00040404040404040404 0.015038125948843715 
0.00045454545454545455 0.015038125091893333 
0.000505050505050505 0.015038124057742264 
0.0005555555555555556 0.015038122817328818 
0.0006060606060606061 0.015038121336489711 
0.0006565656565656566 0.015038119575238724 
0.0007070707070707071 0.015038117486920006 
0.0007575757575757576 0.015038115017217421 
0.0008080808080808081 0.01503811210299787 
0.0008585858585858586 0.015038108670962957 
0.0009090909090909091 0.01503810463607902 
0.0009595959595959596 0.015038099899750561 
0.00101010101010101 0.015038094347696283 
0.0010606060606060605 0.015038087847480269 
0.0011111111111111111 0.015038080245643026 
0.0011616161616161617 0.01503807136436792 
0.0012121212121212121 0.01503806099760819 
0.0012626262626262625 0.015038048906587118 
0.0013131313131313131 0.015038034814569869 
0.0013636363636363637 0.015038018400788623 
0.0014141414141414141 0.015037999293383295 
0.0014646464646464645 0.015037977061197322 
0.0015151515151515152 0.015037951204241545 
0.0015656565656565658 0.015037921142608308 
0.0016161616161616162 0.01503788620358174 
0.0016666666666666666 0.015037845606647853 
0.0017171717171717172 0.015037798446058875 
0.0017676767676767678 0.015037743670548059 
0.0018181818181818182 0.015037680059723621 
0.0018686868686868686 0.01503760619659073 
0.0019191919191919192 0.015037520435556785 
0.00196969696969697 0.015037420865165418 
0.00202020202020202 0.01503730526467451 
0.0020707070707070706 0.01503717105344051 
0.002121212121212121 0.015037015231889762 
0.002171717171717172 0.015036834312642414 
0.0022222222222222222 0.01503662424009833 
0.0022727272727272726 0.015036380296488886 
0.0023232323232323234 0.015036096992032566 
0.002373737373737374 0.015035767936392285 
0.0024242424242424242 0.015035385688101076 
0.0024747474747474746 0.015034941577978436 
0.002525252525252525 0.015034425501773066 
0.002575757575757576 0.01503382567630362 
0.0026262626262626263 0.015033128352177693 
0.0026767676767676767 0.015032317474688507 
0.0027272727272727275 0.015031374282633375 
0.002777777777777778 0.015030276832454573 
0.0028282828282828283 0.01502899943211708 
0.0028787878787878787 0.015027511965297408 
0.002929292929292929 0.015025779081468167 
0.00297979797979798 0.015023759220911832 
0.0030303030303030303 0.015021403434996644 
0.0030808080808080807 0.015018653848841665 
0.0031313131313131315 0.01501544230172239 
0.003181818181818182 0.015011687583771794 
0.0032323232323232323 0.015007293120687085 
0.0032828282828282827 0.015002143475704137 
0.003333333333333333 0.014996100023064207 
0.003383838383838384 0.014988995263837327 
0.0034343434343434343 0.01498062596383076 
0.0034848484848484847 0.014970742856467923 
0.0035353535353535356 0.014959037796970834 
0.003585858585858586 0.014945125849000242 
0.0036363636363636364 0.014928519187830624 
0.0036868686868686868 0.014908589033883514 
0.003737373737373737 0.014884508796884867 
0.003787878787878788 0.01485516252822253 
0.0038383838383838384 0.014818993008591491 
0.0038888888888888888 0.014773728547821337 
0.00393939393939394 0.014715847855585282 
0.00398989898989899 0.014639390502544066 
0.00404040404040404 0.014532751136815862 
0.004090909090909091 0.014366538550228323 
0.004141414141414141 0.013955993930322253 
0.004191919191919192 3.815035128718306e-10 
0.004242424242424242 4.152617662662048e-10 
0.004292929292929293 3.747041759114602e-10 
0.004343434343434344 3.647700629613953e-10 
0.004393939393939394 3.6330258823492746e-10 
0.0044444444444444444 3.263407737195195e-10 
0.004494949494949495 3.275640031084212e-10 
0.004545454545454545 3.5623930886355577e-10 
0.004595959595959596 3.1021503714706825e-10 
0.004646464646464647 3.7596065973229174e-10 
0.004696969696969697 3.557129232025529e-10 
0.004747474747474748 3.469017910536826e-10 
0.004797979797979798 3.4719590056569526e-10 
0.0048484848484848485 3.5544342853099914e-10 
0.004898989898989899 3.712338718428122e-10 
0.004949494949494949 2.9263474566538925e-10 
0.005 3.1563010080766686e-10 
