0.0 0.01494610338057327 
5.0505050505050505e-05 0.014946103576061543 
0.00010101010101010101 0.014946104161220754 
0.00015151515151515152 0.014946105132101192 
0.00020202020202020202 0.014946106482009378 
0.0002525252525252525 0.014946108201339214 
0.00030303030303030303 0.014946110277329679 
0.00035353535353535354 0.014946112693742904 
0.00040404040404040404 0.014946115430454538 
0.00045454545454545455 0.014946118462946106 
0.000505050505050505 0.014946121761686445 
0.0005555555555555556 0.014946125291386714 
0.0006060606060606061 0.014946129010110146 
0.0006565656565656566 0.014946132868214015 
0.0007070707070707071 0.014946136807097173 
0.0007575757575757576 0.014946140757721526 
0.0008080808080808081 0.014946144638870076 
0.0008585858585858586 0.014946148355097557 
0.0009090909090909091 0.014946151794321882 
0.0009595959595959596 0.014946154824995589 
0.00101010101010101 0.014946157292785589 
0.0010606060606060605 0.014946159016677566 
0.0011111111111111111 0.014946159784406119 
0.0011616161616161617 0.01494615934709517 
0.0012121212121212121 0.014946157412972798 
0.0012626262626262625 0.014946153640001117 
0.0013131313131313131 0.014946147627234226 
0.0013636363636363637 0.014946138904684667 
0.0014141414141414141 0.014946126921440624 
0.0014646464646464645 0.014946111031731248 
0.0015151515151515152 0.014946090478584488 
0.0015656565656565658 0.014946064374659687 
0.0016161616161616162 0.01494603167976371 
0.0016666666666666666 0.014945991174472841 
0.0017171717171717172 0.014945941429180529 
0.0017676767676767678 0.014945880767770054 
0.0018181818181818182 0.014945807224968067 
0.0018686868686868686 0.014945718496265038 
0.0019191919191919192 0.014945611879086891 
0.00196969696969697 0.014945484203661272 
0.00202020202020202 0.014945331751734773 
0.0020707070707070706 0.014945150160953 
0.002121212121212121 0.014944934312301492 
0.002171717171717172 0.01494467819750597 
0.0022222222222222222 0.014944374762685002 
0.0022727272727272726 0.014944015723810582 
0.0023232323232323234 0.014943591348629168 
0.002373737373737374 0.0149430900977647 
0.0024242424242424242 0.014942498721088946 
0.0024747474747474746 0.014941801292255296 
0.002525252525252525 0.014940979176882557 
0.002575757575757576 0.014940010416458982 
0.0026262626262626263 0.014938869110556188 
0.0026767676767676767 0.014937524674742854 
0.0027272727272727275 0.014935940945569047 
0.002777777777777778 0.014934075096035202 
0.0028282828282828283 0.014931876212578977 
0.0028787878787878787 0.014929284077752117 
0.002929292929292929 0.014926226571776067 
0.00297979797979798 0.014922617577962052 
0.0030303030303030303 0.01491835364816422 
0.0030808080808080807 0.01491331044357692 
0.0031313131313131315 0.014907336896212613 
0.003181818181818182 0.014900249252034616 
0.0032323232323232323 0.01489182189898189 
0.0032828282828282827 0.014881775104486274 
0.003333333333333333 0.014869758972651638 
0.003383838383838384 0.014855330009115415 
0.0034343434343434343 0.014837916299607897 
0.0034848484848484847 0.014816766457932786 
0.0035353535353535356 0.014790867411124328 
0.003585858585858586 0.014758808712296699 
0.0036363636363636364 0.014718540298265515 
0.0036868686868686868 0.014666902270422376 
0.003737373737373737 0.014598590478967726 
0.003787878787878788 0.014503425357837997 
0.0038383838383838384 0.014356386598104582 
0.0038888888888888888 0.014026811703072824 
0.00393939393939394 1.5609995832487308e-09 
0.00398989898989899 1.4283442545000329e-09 
0.00404040404040404 1.2710477318100284e-09 
0.004090909090909091 1.1768427036764812e-09 
0.004141414141414141 1.0904669930796229e-09 
0.004191919191919192 1.0592056248121477e-09 
0.004242424242424242 9.947646710773613e-10 
0.004292929292929293 9.419507483469431e-10 
0.004343434343434344 8.598552445713973e-10 
0.004393939393939394 8.198366605677405e-10 
0.0044444444444444444 7.975651729681334e-10 
0.004494949494949495 7.742496348155216e-10 
0.004545454545454545 7.345539611072755e-10 
0.004595959595959596 7.669542763849951e-10 
0.004646464646464647 7.593358074646252e-10 
0.004696969696969697 7.012304692686105e-10 
0.004747474747474748 6.892023304156096e-10 
0.004797979797979798 7.166465572397316e-10 
0.0048484848484848485 6.743443420982128e-10 
0.004898989898989899 6.616214472250065e-10 
0.004949494949494949 6.738512096670046e-10 
0.005 6.077217296999116e-10 
