0.0 0.010909511020337588 
5.0505050505050505e-05 0.010908275658130318 
0.00010101010101010101 0.010904566954916742 
0.00015151515151515152 0.010898377044594815 
0.00020202020202020202 0.01088969265981918 
0.0002525252525252525 0.010878495454679765 
0.00030303030303030303 0.010864761284894497 
0.00035353535353535354 0.010848460350312415 
0.00040404040404040404 0.01082955730490549 
0.00045454545454545455 0.010808010330137258 
0.000505050505050505 0.010783771642876604 
0.0005555555555555556 0.01075678638415147 
0.0006060606060606061 0.010726992929742113 
0.0006565656565656566 0.010694322150018037 
0.0007070707070707071 0.010658696608035893 
0.0007575757575757576 0.010620030577871392 
0.0008080808080808081 0.010578228974859495 
0.0008585858585858586 0.010533186592263707 
0.0009090909090909091 0.010484787627827253 
0.0009595959595959596 0.010432904082469309 
0.00101010101010101 0.01037739489873262 
0.0010606060606060605 0.010318104944165947 
0.0011111111111111111 0.01025486276744117 
0.0011616161616161617 0.010187479540737279 
0.0012121212121212121 0.010115746589673952 
0.0012626262626262625 0.01003943299576569 
0.0013131313131313131 0.009958283190589737 
0.0013636363636363637 0.009872012946316932 
0.0014141414141414141 0.009780306168353854 
0.0014646464646464645 0.009682809845396195 
0.0015151515151515152 0.009579128483378042 
0.0015656565656565658 0.009468817706562459 
0.0016161616161616162 0.009351375812997728 
0.0016666666666666666 0.009226233811860711 
0.0017171717171717172 0.00909274332526633 
0.0017676767676767678 0.008950161236841083 
0.0018181818181818182 0.008797630042255008 
0.0018686868686868686 0.008634153443625184 
0.0019191919191919192 0.008458564380838468 
0.00196969696969697 0.008269482529923896 
0.00202020202020202 0.008065259130244657 
0.0020707070707070706 0.007843899179972547 
0.002121212121212121 0.007602955418013522 
0.002171717171717172 0.007339374743609992 
0.0022222222222222222 0.0070492712643981815 
0.0022727272727272726 0.006727577328455439 
0.0023232323232323234 0.006367481362249628 
0.002373737373737374 0.005959464946254545 
0.0024242424242424242 0.005489522257565651 
0.0024747474747474746 0.004935495143719627 
0.002525252525252525 0.004258259120168944 
0.002575757575757576 0.003374315229366131 
0.0026262626262626263 0.002008651649156629 
0.0026767676767676767 9.250387124010937e-05 
0.0027272727272727275 2.971588673078993e-07 
0.002777777777777778 1.2714716757722798e-08 
0.0028282828282828283 8.990172150783338e-09 
0.0028787878787878787 6.974701489560071e-09 
0.002929292929292929 5.711118451383948e-09 
0.00297979797979798 4.795663121913572e-09 
0.0030303030303030303 4.168609385059819e-09 
0.0030808080808080807 3.672935532344839e-09 
0.0031313131313131315 3.2868298910526424e-09 
0.003181818181818182 2.9201379245640675e-09 
0.0032323232323232323 2.714888610667137e-09 
0.0032828282828282827 2.4943124761313033e-09 
0.003333333333333333 2.3328631502646257e-09 
0.003383838383838384 2.1373832778207394e-09 
0.0034343434343434343 1.9408438819651264e-09 
0.0034848484848484847 1.8889972305461665e-09 
0.0035353535353535356 1.742088515102262e-09 
0.003585858585858586 1.6678217223689116e-09 
0.0036363636363636364 1.540695617534389e-09 
0.0036868686868686868 1.5395380445028073e-09 
0.003737373737373737 1.4465035813046726e-09 
0.003787878787878788 1.3486739778377158e-09 
0.0038383838383838384 1.3343241816094708e-09 
0.0038888888888888888 1.293224853402688e-09 
0.00393939393939394 1.2159354062378443e-09 
0.00398989898989899 1.1976308909330039e-09 
0.00404040404040404 1.129606415221829e-09 
0.004090909090909091 1.1089154007334829e-09 
0.004141414141414141 1.029041831491764e-09 
0.004191919191919192 9.874646983743416e-10 
0.004242424242424242 9.79832616872843e-10 
0.004292929292929293 9.043504611083693e-10 
0.004343434343434344 9.563110041334102e-10 
0.004393939393939394 9.345546047831531e-10 
0.0044444444444444444 8.360160756488208e-10 
0.004494949494949495 8.593929189830247e-10 
0.004545454545454545 8.035256415828185e-10 
0.004595959595959596 7.668162091221733e-10 
0.004646464646464647 7.468570657593766e-10 
0.004696969696969697 7.423434396094043e-10 
0.004747474747474748 7.529317254362657e-10 
0.004797979797979798 7.791978267706944e-10 
0.0048484848484848485 7.153501805114028e-10 
0.004898989898989899 6.659617646221846e-10 
0.004949494949494949 7.272896826535824e-10 
0.005 6.981523053428077e-10 
