0    0.2418196413162761    0.12090982065813805    0.04930541129648092
1    0.2725892061182945    0.13629460305914726    0.033920628895471705
2    0.29326904254593333    0.14663452127296667    0.023580710681652295
3    0.3077252425286662    0.1538626212643331    0.016352610690285874
4    0.31763140139081103    0.15881570069540552    0.011399531259213447
5    0.32458421997833997    0.16229210998916999    0.007923121965448976
6    0.3293679819605184    0.1646839909802592    0.005531240974359752
7    0.3327261648848597    0.16636308244242984    0.0038521495121891236
8    0.3350434888789515    0.16752174443947576    0.0026934875151432003
9    0.3366711807506267    0.16833559037531334    0.0018796415793056187
10    0.3377976569958259    0.16889882849791296    0.0013164034567060001
11    0.33858967649567673    0.16929483824783836    0.0009203937067805978
12    0.3391393248689166    0.1695696624344583    0.0006455695201606493
13    0.339526209146771    0.1697631045733855    0.0004521273812334581
14    0.33979536467992627    0.16989768233996314    0.00031754961465582654
15    0.3399850188584213    0.16999250942921065    0.00022272252540830872
16    0.3401172445612897    0.17005862228064486    0.00015660967397410075
17    0.3402105032200602    0.1701052516100301    0.00010998034458886696
18    0.340275642072647    0.1701378210363235    7.741091829546742e-05
19    0.3403216224430312    0.1701608112215156    5.442073310335527e-05
20    0.3403537889875907    0.17017689449379536    3.83374608236009e-05
21    0.3403765108774324    0.1701882554387162    2.6976515902749076e-05
22    0.3403924278227444    0.1701962139113722    1.901804324674905e-05
23    0.3404036780961173    0.17020183904805866    1.339290656030001e-05
24    0.3404115681704329    0.17020578408521644    9.447869402517961e-06
25    0.3404171478696806    0.1702085739348403    6.65801977867142e-06
26    0.3404210649763891    0.17021053248819454    4.699466424423759e-06
27    0.3404238363246959    0.17021191816234796    3.3137922710035905e-06
28    0.3404257836026639    0.17021289180133195    2.340153287011537e-06
29    0.3404271618428321    0.17021358092141606    1.6510332029040509e-06
30    0.340428131010868    0.170214065505434    1.1664491849638914e-06
31    0.3404288172050719    0.17021440860253595    8.233520830125407e-07
32    0.3404293000651405    0.17021465003257025    5.819220487146559e-07
33    0.34042964204748727    0.17021482102374363    4.109308753275087e-07
34    0.34042988284215586    0.17021494142107793    2.9053354103081297e-07
35    0.3404300534307907    0.17021502671539535    2.0523922361626035e-07
36    0.34043017361185784    0.17021508680592892    1.4514869003945385e-07
37    0.3404302587744646    0.1702151293872323    1.0256738666725163e-07
38    0.340430318802714    0.170215159401357    7.255326195387823e-08
39    0.34043036134972954    0.17021518067486477    5.1279754192945504e-08
40    0.34043039135365233    0.17021519567682616    3.627779279757881e-08
41    0.34043041262449053    0.17021520631224527    2.564237369662159e-08
42    0.34043042763101505    0.17021521381550753    1.8139111435111488e-08
43    0.34043043827180536    0.17021521913590268    1.2818716282891884e-08
44    0.34043044578185183    0.17021522289092592    9.063693046096333e-09
45    0.3404304511080645    0.17021522555403226    6.400586699539801e-09
46    0.3404304548685858    0.1702152274342929    4.520326057910751e-09
47    0.34043045753605505    0.17021522876802753    3.1865914351669744e-09
48    0.3404304594200268    0.1702152297100134    2.24460555697803e-09
49    0.34043046075657357    0.17021523037828679    1.5763321759010296e-09
50    0.3404304617007801    0.17021523085039006    1.1042289027596297e-09
51    0.3404304623706245    0.17021523118531226    7.693067016756316e-10
52    0.3404304628438154    0.1702152314219077    5.327112639896825e-10
53    0.3404304631793167    0.17021523158965834    3.649606172828612e-10
54    0.340430463416039    0.1702152317080195    2.4659946307181713e-10
55    0.340430463583402    0.170215231791701    1.6291795690293043e-10
56    0.34043046370081037    0.17021523185040519    1.0421377649727503e-10
57    0.3404304637828198    0.1702152318914099    6.320904910595004e-11
58    0.3404304638389329    0.17021523191946644    3.5152519783920866e-11
59    0.34043046387609094    0.17021523193804547    1.6573492578331184e-11
60    0.34043046389859943    0.17021523194929972    5.319245044432819e-12
61    0.3404304639092373    0.17021523195461866    3.0531133177191805e-16
62    0.3404304639092379    0.17021523195461896    0.0
63    0.3404304638985996    0.1702152319492998    5.319161777705972e-12
64    0.34043046387609127    0.17021523193804564    1.657332604487749e-11
65    0.34043046383893294    0.17021523191946647    3.515249202834525e-11
66    0.3404304637828196    0.1702152318914098    6.32091601282525e-11
67    0.3404304637008112    0.1702152318504056    1.042133601636408e-10
68    0.34043046358340284    0.17021523179170142    1.629175405692962e-10
69    0.34043046341603905    0.17021523170801953    2.465994353162415e-10
70    0.34043046317931674    0.17021523158965837    3.649605895272856e-10
71    0.34043046284381573    0.17021523142190786    5.327110974562288e-10
72    0.34043046237062535    0.17021523118531268    7.693062853419974e-10
73    0.3404304617007807    0.17021523085039034    1.1042286252038735e-09
74    0.34043046075657374    0.17021523037828687    1.5763320926343027e-09
75    0.34043045942002664    0.17021522971001332    2.2446056402447567e-09
76    0.3404304575360559    0.17021522876802794    3.18659101883334e-09
77    0.34043045486858614    0.17021522743429307    4.520325891377297e-09
78    0.34043045110806414    0.17021522555403207    6.40058689382883e-09
79    0.34043044578185216    0.17021522289092608    9.063692879562879e-09
80    0.34043043827180586    0.17021521913590293    1.2818716033091704e-08
81    0.34043042763101544    0.17021521381550772    1.813911124082246e-08
82    0.34043041262449114    0.17021520631224557    2.5642373391310258e-08
83    0.34043039135365233    0.17021519567682616    3.627779279757881e-08
84    0.340430361349729    0.1702151806748645    5.127975447050126e-08
85    0.3404303188027138    0.1702151594013569    7.255326206490054e-08
86    0.3404302587744644    0.1702151293872322    1.0256738675051835e-07
87    0.3404301736118581    0.17021508680592906    1.4514868990067598e-07
88    0.3404300534307902    0.1702150267153951    2.0523922386606053e-07
89    0.34042988284215564    0.17021494142107782    2.9053354114183527e-07
90    0.3404296420474877    0.17021482102374386    4.109308751054641e-07
91    0.34042930006513966    0.17021465003256983    5.819220491309895e-07
92    0.34042881720507123    0.17021440860253562    8.233520833456076e-07
93    0.3404281310108688    0.1702140655054344    1.1664491845753133e-06
94    0.3404271618428319    0.17021358092141595    1.6510332030150732e-06
95    0.3404257836026631    0.17021289180133156    2.340153287400115e-06
96    0.3404238363246961    0.17021191816234804    3.313792270920324e-06
97    0.34042106497638924    0.17021053248819462    4.699466424340493e-06
98    0.34041714786968125    0.17020857393484062    6.658019778338353e-06
99    0.3404115681704335    0.17020578408521675    9.44786940221265e-06
100    0.3404036780961176    0.1702018390480588    1.3392906560161233e-05
101    0.3403924278227448    0.1701962139113724    1.901804324655476e-05
102    0.3403765108774328    0.1701882554387164    2.6976515902554787e-05
103    0.3403537889875906    0.1701768944937953    3.833746082365641e-05
104    0.34032162244303127    0.17016081122151563    5.442073310332751e-05
105    0.3402756420726473    0.17013782103632366    7.741091829530089e-05
106    0.3402105032200602    0.1701052516100301    0.00010998034458886696
107    0.3401172445612901    0.17005862228064506    0.00015660967397390646
108    0.3399850188584211    0.16999250942921054    0.00022272252540841975
109    0.3397953646799262    0.1698976823399631    0.0003175496146558543
110    0.3395262091467707    0.16976310457338534    0.0004521273812336246
111    0.3391393248689158    0.1695696624344579    0.0006455695201610656
112    0.33858967649567717    0.16929483824783859    0.0009203937067803758
113    0.3377976569958267    0.16889882849791335    0.0013164034567056115
114    0.33667118075062674    0.16833559037531337    0.001879641579305591
115    0.3350434888789507    0.16752174443947535    0.0026934875151436166
116    0.3327261648848603    0.16636308244243014    0.0038521495121888183
117    0.329367981960519    0.1646839909802595    0.005531240974359475
118    0.32458421997834025    0.16229210998917012    0.007923121965448837
119    0.3176314013908115    0.15881570069540574    0.011399531259213225
120    0.3077252425286665    0.15386262126433325    0.016352610690285707
121    0.29326904254593344    0.14663452127296672    0.02358071068165224
122    0.27258920611829446    0.13629460305914723    0.03392062889547173
123    0.24181964131627576    0.12090982065813788    0.04930541129648108
124    0.1949521295477957    0.09747606477389785    0.07273916718072111
125    0.0    0.0475444428842059    0.12267078907041307
126    0.0    0.03430602415555958    0.13590920779905938
127    0.0    0.027441640501766038    0.14277359145285293
128    0.0    0.023073328445860783    0.14714190350875817
129    0.0    0.019996538303163912    0.15021869365145504
130    0.0    0.017692291212516163    0.1525229407421028
131    0.0    0.015893521821807508    0.15432171013281146
132    0.0    0.014446412842452747    0.15576881911216622
133    0.0    0.01325516849843764    0.15696006345618133
134    0.0    0.012256588800856774    0.15795864315376218
135    0.0    0.011407086932470027    0.15880814502214893
136    0.0    0.010675522948453257    0.1595397090061657
137    0.0    0.010038999581041683    0.16017623237357728
138    0.0    0.009480271915517827    0.16073496003910115
139    0.0    0.008986085733374487    0.16122914622124448
140    0.0    0.008546074926155466    0.1616691570284635
141    0.0    0.008152008516329298    0.16206322343828966
142    0.0    0.0077972635117600905    0.16241796844285888
143    0.0    0.007476447791395898    0.16273878416322307
144    0.0    0.007185125136569209    0.16303010681804975
145    0.0    0.006919611325220684    0.16329562062939829
146    0.0    0.006676820623424221    0.16353841133119473
147    0.0    0.006454148638007875    0.1637610833166111
148    0.0    0.0062493818125932896    0.16396585014202567
149    0.0    0.006060626722163362    0.1641546052324556
150    0.0    0.005886254268748231    0.16432897768587074
151    0.0    0.005724855223942083    0.16449037673067687
152    0.0    0.005575204504855639    0.16464002744976333
153    0.0    0.005436232238781786    0.16477899971583718
154    0.0    0.005307000153354491    0.16490823180126446
155    0.0    0.005186682179957081    0.1650285497746619
156    0.0    0.005074548416876756    0.1651406835377422
157    0.0    0.004969951791430882    0.16524528016318807
158    0.0    0.004872316905294511    0.16534291504932444
159    0.0    0.004781130657311614    0.16543410129730735
160    0.0    0.004695934322342305    0.16551929763227666
161    0.0    0.004616316829739046    0.16559891512487993
162    0.0    0.004541909035614362    0.1656733229190046
163    0.0    0.0044723788226719045    0.16574285313194706
164    0.0    0.004407426892597636    0.16580780506202134
165    0.0    0.00434678314079049    0.16586844881382848
166    0.0    0.0042902035229858484    0.16592502843163312
167    0.0    0.004237467339212338    0.16597776461540661
168    0.0    0.004188374873334442    0.1660268570812845
169    0.0    0.004142745336846735    0.1660724866177722
170    0.0    0.0041004150740677455    0.1661148168805512
171    0.0    0.0040612359928358386    0.16615399596178312
172    0.0    0.004025074190548123    0.16619015776407084
173    0.0    0.003991808750112725    0.16622342320450623
174    0.0    0.003961330684341297    0.16625390127027767
175    0.0    0.003933542010584481    0.16628168994403447
176    0.0    0.003908354940195415    0.16630687701442354
177    0.0    0.0038856911697204453    0.1663295407848985
178    0.0    0.0038654812627026036    0.16634975069191635
179    0.0    0.0038476641126674372    0.16636756784195153
180    0.0    0.003832186479299858    0.1663830454753191
181    0.0    0.0038190025910794824    0.16639622936353948
182    0.0    0.0038080738087193505    0.16640715814589963
183    0.0    0.003799368344715704    0.16641586360990326
184    0.0    0.003792861035158746    0.16642237091946022
185    0.0    0.00378853316071895    0.1664266987939
186    0.0    0.0037863723144151962    0.16642885964020376
187    0.0    0.0037863723144152045    0.16642885964020376
188    0.0    0.0037885331607189106    0.16642669879390004
189    0.0    0.0037928610351589762    0.16642237091946
190    0.0    0.0037993683447155114    0.16641586360990346
191    0.0    0.003808073808719369    0.1664071581458996
192    0.0    0.0038190025910793263    0.16639622936353965
193    0.0    0.0038321864792998424    0.16638304547531912
194    0.0    0.003847664112667307    0.16636756784195164
195    0.0    0.003865481262702573    0.16634975069191638
196    0.0    0.003885691169720176    0.16632954078489878
197    0.0    0.003908354940195552    0.1663068770144234
198    0.0    0.003933542010584448    0.16628168994403453
199    0.0    0.003961330684341168    0.16625390127027778
200    0.0    0.003991808750112774    0.1662234232045062
201    0.0    0.004025074190548018    0.16619015776407095
202    0.0    0.004061235992835701    0.16615399596178326
203    0.0    0.004100415074067716    0.16611481688055124
204    0.0    0.004142745336846759    0.1660724866177722
205    0.0    0.0041883748733344845    0.16602685708128448
206    0.0    0.00423746733921243    0.16597776461540653
207    0.0    0.004290203522985794    0.16592502843163318
208    0.0    0.00434678314079042    0.16586844881382853
209    0.0    0.004407426892597611    0.16580780506202136
210    0.0    0.00447237882267189    0.16574285313194706
211    0.0    0.004541909035614356    0.1656733229190046
212    0.0    0.004616316829738932    0.16559891512488004
213    0.0    0.0046959343223421934    0.16551929763227677
214    0.0    0.004781130657311576    0.16543410129730737
215    0.0    0.004872316905294224    0.16534291504932475
216    0.0    0.00496995179143074    0.16524528016318824
217    0.0    0.005074548416876782    0.16514068353774217
218    0.0    0.00518668217995715    0.1650285497746618
219    0.0    0.005307000153354297    0.16490823180126465
220    0.0    0.005436232238781925    0.16477899971583704
221    0.0    0.005575204504855644    0.1646400274497633
222    0.0    0.005724855223941983    0.16449037673067698
223    0.0    0.005886254268748165    0.1643289776858708
224    0.0    0.006060626722163317    0.16415460523245565
225    0.0    0.006249381812593363    0.1639658501420256
226    0.0    0.006454148638007776    0.16376108331661118
227    0.0    0.006676820623424358    0.1635384113311946
228    0.0    0.006919611325220555    0.1632956206293984
229    0.0    0.007185125136569266    0.1630301068180497
230    0.0    0.007476447791395781    0.16273878416322318
231    0.0    0.00779726351176014    0.16241796844285883
232    0.0    0.008152008516329056    0.1620632234382899
233    0.0    0.008546074926155296    0.16166915702846366
234    0.0    0.008986085733374411    0.16122914622124454
235    0.0    0.009480271915517813    0.16073496003910115
236    0.0    0.010038999581041402    0.16017623237357756
237    0.0    0.01067552294845316    0.1595397090061658
238    0.0    0.011407086932470093    0.15880814502214888
239    0.0    0.01225658880085671    0.15795864315376226
240    0.0    0.013255168498437707    0.15696006345618124
241    0.0    0.014446412842452606    0.15576881911216636
242    0.0    0.015893521821807463    0.15432171013281148
243    0.0    0.0176922912125162    0.15252294074210276
244    0.0    0.019996538303163707    0.15021869365145527
245    0.0    0.023073328445860738    0.14714190350875822
246    0.0    0.027441640501765976    0.14277359145285298
247    0.0    0.03430602415555946    0.13590920779905952
248    0.0    0.04754444288420614    0.12267078907041282
249    0.19495212954779537    0.09747606477389768    0.07273916718072128
