0    0.22480010944041534    0.11240005472020767    0.05721394001754232
1    0.2577234963248534    0.1288617481624267    0.04075224657532328
2    0.28093758805859326    0.14046879402929663    0.02914520070845336
3    0.29771514480571226    0.14885757240285613    0.02075642233489386
4    0.30962999427711413    0.15481499713855706    0.014798997599192926
5    0.3181981881175634    0.1590990940587817    0.010514900678968292
6    0.32426558324928156    0.16213279162464078    0.007481203113109208
7    0.3286069585152677    0.16430347925763386    0.005310515480116129
8    0.3316772249795116    0.1658386124897558    0.0037753822479942023
9    0.33386829584805655    0.16693414792402828    0.0026798468137217146
10    0.3354180490383085    0.16770902451915426    0.0019049702185957307
11    0.336522717212787    0.1682613586063935    0.0013526361313564994
12    0.3373046482868052    0.1686523241434026    0.0009616705943474024
13    0.337861742132018    0.168930871066009    0.0006831236717410039
14    0.33825643610357214    0.16912821805178607    0.0004857766859639179
15    0.33853758354604696    0.16926879177302348    0.0003452029647265098
16    0.33873694169290336    0.16936847084645168    0.0002455238912983104
17    0.3388789333283313    0.16943946666416565    0.0001745280735843402
18    0.3389796895096944    0.1694898447548472    0.000124149982902777
19    0.3390514465342179    0.16952572326710896    8.827147064102703e-05
20    0.3391023938097939    0.16955119690489695    6.279783285303986e-05
21    0.33913867455844515    0.16956933727922258    4.4657458527413985e-05
22    0.3391644452814529    0.16958222264072645    3.1772097023541335e-05
23    0.3391827955227362    0.1695913977613681    2.2596976381877854e-05
24    0.3391958344675132    0.1695979172337566    1.607750399337804e-05
25    0.3392051180692704    0.1696025590346352    1.1435703114792695e-05
26    0.33921171639250597    0.16960585819625298    8.136541497005823e-06
27    0.3392164139005661    0.16960820695028306    5.787787466932093e-06
28    0.3392197533520024    0.1696098766760012    4.118061748797919e-06
29    0.33922213058400597    0.16961106529200298    2.9294457470074864e-06
30    0.3392238208304238    0.1696119104152119    2.0843225380928754e-06
31    0.33922502396035226    0.16961251198017613    1.4827575738618481e-06
32    0.3392258795134062    0.1696129397567031    1.0549810468829524e-06
33    0.33922648846051073    0.16961324423025537    7.505074946234647e-07
34    0.3392269215310396    0.1696134607655198    5.339722301822558e-07
35    0.3392272297543779    0.16961361487718896    3.7986056103389565e-07
36    0.33922744897459534    0.16961372448729767    2.702504523222071e-07
37    0.3392276049893884    0.1696138024946942    1.9224305577991707e-07
38    0.339227715960593    0.1696138579802965    1.3675745350050228e-07
39    0.33922779493339017    0.16961389746669508    9.727105490520138e-08
40    0.33922785110882286    0.16961392555441143    6.918333855798764e-08
41    0.33922789108480156    0.16961394554240078    4.919534921099533e-08
42    0.3392279195221087    0.16961395976105434    3.497669565089012e-08
43    0.3392279397583347    0.16961396987916735    2.485858263678864e-08
44    0.3392279541541401    0.16961397707707004    1.7660679946240876e-08
45    0.33922796439808384    0.16961398219904192    1.2538708071829774e-08
46    0.3392279716857184    0.1696139858428592    8.894890796140587e-09
47    0.33922797687140477    0.16961398843570238    6.302047605988292e-09
48    0.3392279805605733    0.16961399028028665    4.4574633428773325e-09
49    0.3392279831855316    0.1696139915927658    3.1449841897401853e-09
50    0.33922798505282764    0.16961399252641382    2.2113361697329026e-09
51    0.3392279863811911    0.16961399319059556    1.5471544323464315e-09
52    0.33922798732578285    0.16961399366289143    1.0748585632658347e-09
53    0.33922798799721204    0.16961399399860602    7.391439682535861e-10
54    0.3392279884739169    0.16961399423695844    5.007915471200164e-10
55    0.3392279888116992    0.1696139944058496    3.319003960555733e-10
56    0.3392279890500235    0.16961399452501175    2.1273824368783778e-10
57    0.33922798921677927    0.16961399460838963    1.2936035576061045e-10
58    0.33922798933145126    0.16961399466572563    7.202435869935186e-11
59    0.33922798940745447    0.16961399470372723    3.4022756834062307e-11
60    0.3392279894536687    0.16961399472683436    1.0915629511387692e-11
61    0.33922798947549987    0.16961399473774993    5.551115123125783e-17
62    0.3392279894755    0.16961399473775    0.0
63    0.33922798945366855    0.16961399472683428    1.0915712778114539e-11
64    0.33922798940745386    0.16961399470372693    3.402306214539408e-11
65    0.33922798933145093    0.16961399466572546    7.202452523280556e-11
66    0.33922798921677993    0.16961399460838997    1.2936002269370306e-10
67    0.339227989050023    0.1696139945250115    2.1273849348801832e-10
68    0.33922798881169874    0.16961399440584937    3.3190061810017824e-10
69    0.33922798847391616    0.16961399423695808    5.007919079424994e-10
70    0.33922798799721215    0.16961399399860608    7.391439127424348e-10
71    0.3392279873257827    0.16961399366289134    1.0748586465325616e-09
72    0.33922798638119056    0.16961399319059528    1.5471547099021876e-09
73    0.3392279850528274    0.1696139925264137    2.211336280755205e-09
74    0.33922798318553204    0.16961399159276602    3.1449839676955804e-09
75    0.3392279805605735    0.16961399028028676    4.45746323185503e-09
76    0.33922797687140477    0.16961398843570238    6.302047605988292e-09
77    0.33922797168571756    0.16961398584285878    8.89489121247422e-09
78    0.3392279643980845    0.16961398219904225    1.2538707738762866e-08
79    0.3392279541541395    0.16961397707706974    1.7660680251552208e-08
80    0.33922793975833493    0.16961396987916746    2.4858582525766337e-08
81    0.3392279195221092    0.1696139597610546    3.497669540108994e-08
82    0.33922789108480167    0.16961394554240083    4.919534915548418e-08
83    0.3392278511088229    0.16961392555441146    6.918333853023206e-08
84    0.33922779493339    0.169613897466695    9.727105498846811e-08
85    0.33922771596059254    0.16961385798029627    1.3675745372254688e-07
86    0.33922760498938836    0.16961380249469418    1.9224305580767265e-07
87    0.33922744897459506    0.16961372448729753    2.70250452460985e-07
88    0.33922722975437813    0.16961361487718907    3.7986056092287335e-07
89    0.33922692153103945    0.16961346076551972    5.339722302655225e-07
90    0.3392264884605109    0.16961324423025545    7.505074945401979e-07
91    0.33922587951340616    0.16961293975670308    1.054981046910708e-06
92    0.3392250239603519    0.16961251198017596    1.4827575740283816e-06
93    0.33922382083042363    0.16961191041521181    2.084322538176142e-06
94    0.33922213058400613    0.16961106529200307    2.9294457469242197e-06
95    0.33921975335200255    0.16960987667600128    4.118061748714652e-06
96    0.33921641390056617    0.16960820695028309    5.787787466904337e-06
97    0.33921171639250675    0.16960585819625337    8.136541496617244e-06
98    0.33920511806926945    0.16960255903463473    1.143570311526454e-05
99    0.3391958344675137    0.16959791723375686    1.607750399312824e-05
100    0.33918279552273634    0.16959139776136817    2.2596976381822342e-05
101    0.3391644452814531    0.16958222264072656    3.177209702343031e-05
102    0.3391386745584457    0.16956933727922285    4.465745852713643e-05
103    0.3391023938097929    0.16955119690489645    6.279783285353946e-05
104    0.3390514465342177    0.16952572326710885    8.827147064113805e-05
105    0.33897968950969387    0.16948984475484694    0.00012414998290305457
106    0.3388789333283314    0.1694394666641657    0.00017452807358428468
107    0.3387369416929038    0.1693684708464519    0.0002455238912980884
108    0.3385375835460474    0.1692687917730237    0.00034520296472628775
109    0.3382564361035717    0.16912821805178585    0.0004857766859641399
110    0.3378617421320183    0.16893087106600915    0.0006831236717408373
111    0.33730464828680534    0.16865232414340267    0.0009616705943473192
112    0.33652271721278754    0.16826135860639377    0.0013526361313562218
113    0.335418049038309    0.1677090245191545    0.0019049702185954809
114    0.3338682958480572    0.1669341479240286    0.0026798468137213816
115    0.3316772249795126    0.1658386124897563    0.0037753822479937027
116    0.328606958515268    0.164303479257634    0.00531051548011599
117    0.3242655832492823    0.16213279162464114    0.0074812031131088474
118    0.3181981881175636    0.1590990940587818    0.010514900678968181
119    0.3096299942771147    0.15481499713855734    0.014798997599192648
120    0.29771514480571337    0.14885757240285669    0.020756422334893304
121    0.2809375880585933    0.14046879402929666    0.029145200708453334
122    0.2577234963248537    0.12886174816242685    0.04075224657532314
123    0.22480010944041534    0.11240005472020767    0.05721394001754232
124    0.17717819233913545    0.08858909616956773    0.08102489856818226
125    0.0    0.0417505113366928    0.1278634834010572
126    0.0    0.028627549392516858    0.14098644534523314
127    0.0    0.02151122091955172    0.14810277381819828
128    0.0    0.01682331165977537    0.1527906830779746
129    0.0    0.013441721637699546    0.15617227310005044
130    0.0    0.010876655131906755    0.15873733960584324
131    0.0    0.008870991541757746    0.16074300319599225
132    0.0    0.007272283446385937    0.16234171129136404
133    0.0    0.005981872074465228    0.16363212266328475
134    0.0    0.004931587114091316    0.16468240762365868
135    0.0    0.004071939077663088    0.1655420556600869
136    0.0    0.0033656461293740583    0.16624834860837592
137    0.0    0.0027838451412122165    0.16683014959653777
138    0.0    0.0023037423231436174    0.16731025241460637
139    0.0    0.0019070784871588501    0.16770691625059114
140    0.0    0.0015790780990686537    0.16803491663868134
141    0.0    0.001307699066275014    0.16830629567147498
142    0.0    0.0010830779271993902    0.1685309168105506
143    0.0    0.0008971075194952457    0.16871688721825476
144    0.0    0.0007431081022961808    0.1688708866354538
145    0.0    0.0006155667811309864    0.168998427956619
146    0.0    0.0005099283815749398    0.16910406635617506
147    0.0    0.0004224260386827255    0.16919156869906726
148    0.0    0.0003499430383665089    0.1692640516993835
149    0.0    0.0002898996099941916    0.16932409512775579
150    0.0    0.00024015985421256113    0.16937383488353744
151    0.0    0.00019895504605012878    0.16941503969169985
152    0.0    0.00016482032941700147    0.169449174408333
153    0.0    0.0001365424058193134    0.16947745233193068
154    0.0    0.00011311627406466063    0.16950087846368533
155    0.0    9.370943554441692e-05    0.1695202853022056
156    0.0    7.76322656119658e-05    0.16953636247213802
157    0.0    6.43134825220994e-05    0.1695496812552279
158    0.0    5.327983326370526e-05    0.1695607149044863
159    0.0    4.413926934391339e-05    0.16956985546840608
160    0.0    3.656701177362108e-05    0.16957742772597637
161    0.0    3.0294008452298044e-05    0.16958370072929768
162    0.0    2.509737285170217e-05    0.1695888973648983
163    0.0    2.0792463739290837e-05    0.1695932022740107
164    0.0    1.72263241976639e-05    0.1695967684135523
165    0.0    1.4272246653350158e-05    0.16959972249109664
166    0.0    1.1825270696609255e-05    0.1696021694670534
167    0.0    9.79845367256836e-06    0.1696041962840774
168    0.0    8.119781495426973e-06    0.16960587495625457
169    0.0    6.729609914634879e-06    0.16960726512783536
170    0.0    5.578545296516715e-06    0.16960841619245348
171    0.0    4.625689632872798e-06    0.16960936904811713
172    0.0    3.837187401031349e-06    0.16961015755034897
173    0.0    3.1850226561271414e-06    0.16961080971509387
174    0.0    2.646023605450739e-06    0.16961134871414454
175    0.0    2.2010393000136165e-06    0.16961179369844998
176    0.0    1.8342591899243345e-06    0.16961216047856006
177    0.0    1.532651366496383e-06    0.1696124620863835
178    0.0    1.2854995288236453e-06    0.16961270923822117
179    0.0    1.084022230285692e-06    0.1696129107155197
180    0.0    9.210608656593823e-07    0.16961307367688433
181    0.0    7.908253244451498e-07    0.16961320391242554
182    0.0    6.886882622032971e-07    0.1696133060494878
183    0.0    6.110206907338194e-07    0.16961338371705925
184    0.0    5.550630360574502e-07    0.16961343967471393
185    0.0    5.188270908625114e-07    0.16961347591065912
186    0.0    5.010253708254229e-07    0.16961349371237916
187    0.0    5.010253709175801e-07    0.16961349371237908
188    0.0    5.188270908995912e-07    0.1696134759106591
189    0.0    5.550630360904099e-07    0.1696134396747139
190    0.0    6.110206907674297e-07    0.16961338371705922
191    0.0    6.886882622787575e-07    0.1696133060494877
192    0.0    7.908253244004806e-07    0.1696132039124256
193    0.0    9.210608658235305e-07    0.16961307367688416
194    0.0    1.0840222303203865e-06    0.16961291071551968
195    0.0    1.2854995289153688e-06    0.16961270923822108
196    0.0    1.5326513664133332e-06    0.1696124620863836
197    0.0    1.8342591901368381e-06    0.16961216047855984
198    0.0    2.20103930001405e-06    0.16961179369844998
199    0.0    2.6460236054624484e-06    0.16961134871414452
200    0.0    3.185022656188724e-06    0.1696108097150938
201    0.0    3.837187401079054e-06    0.16961015755034892
202    0.0    4.6256896329361155e-06    0.16960936904811705
203    0.0    5.578545296680646e-06    0.16960841619245332
204    0.0    6.729609914496101e-06    0.1696072651278355
205    0.0    8.119781495692386e-06    0.1696058749562543
206    0.0    9.798453672661602e-06    0.16960419628407733
207    0.0    1.1825270696789233e-05    0.1696021694670532
208    0.0    1.4272246653396561e-05    0.1695997224910966
209    0.0    1.7226324197736325e-05    0.16959676841355226
210    0.0    2.0792463739412702e-05    0.1695932022740106
211    0.0    2.5097372851958042e-05    0.16958889736489804
212    0.0    3.0294008452274625e-05    0.1695837007292977
213    0.0    3.6567011773842254e-05    0.16957742772597614
214    0.0    4.413926934385788e-05    0.16956985546840614
215    0.0    5.3279833263813244e-05    0.16956071490448618
216    0.0    6.431348252218354e-05    0.16954968125522782
217    0.0    7.763226561210545e-05    0.16953636247213788
218    0.0    9.370943554438179e-05    0.16952028530220561
219    0.0    0.00011311627406467755    0.1695008784636853
220    0.0    0.00013654240581934506    0.16947745233193065
221    0.0    0.0001648203294171615    0.16944917440833282
222    0.0    0.00019895504605006503    0.16941503969169994
223    0.0    0.0002401598542125902    0.1693738348835374
224    0.0    0.0002898996099944019    0.1693240951277556
225    0.0    0.00034994303836661687    0.16926405169938338
226    0.0    0.0004224260386827849    0.1691915686990672
227    0.0    0.0005099283815748847    0.16910406635617511
228    0.0    0.0006155667811309816    0.168998427956619
229    0.0    0.0007431081022961973    0.1688708866354538
230    0.0    0.0008971075194951429    0.16871688721825484
231    0.0    0.0010830779271992748    0.1685309168105507
232    0.0    0.0013076990662747733    0.1683062956714752
233    0.0    0.0015790780990687053    0.16803491663868128
234    0.0    0.0019070784871584963    0.1677069162505915
235    0.0    0.0023037423231435017    0.16731025241460648
236    0.0    0.0027838451412120395    0.16683014959653794
237    0.0    0.0033656461293737876    0.1662483486083762
238    0.0    0.004071939077663175    0.1655420556600868
239    0.0    0.004931587114091111    0.16468240762365888
240    0.0    0.005981872074465025    0.16363212266328497
241    0.0    0.007272283446386    0.162341711291364
242    0.0    0.00887099154175761    0.16074300319599238
243    0.0    0.010876655131906722    0.15873733960584327
244    0.0    0.013441721637699366    0.15617227310005063
245    0.0    0.0168233116597753    0.1527906830779747
246    0.0    0.02151122091955177    0.14810277381819822
247    0.0    0.02862754939251695    0.14098644534523302
248    0.0    0.04175051133669286    0.12786348340105713
249    0.1771781923391352    0.0885890961695676    0.08102489856818239
