0    0.20022052907366455    0.10011026453683228    0.06485474087268739
1    0.23423778306976603    0.11711889153488302    0.04784611387463665
2    0.2595157353875144    0.1297578676937572    0.035207137715762477
3    0.27848238545588927    0.13924119272794463    0.02572381268157503
4    0.29246857670161674    0.14623428835080837    0.018730717058711294
5    0.3027917498146254    0.1513958749073127    0.013569130502206955
6    0.3103082438615245    0.15515412193076225    0.009810883478757415
7    0.31578765421047017    0.15789382710523509    0.007071178304284581
8    0.31974602858366663    0.15987301429183332    0.005091991117686351
9    0.3226103478789995    0.16130517393949975    0.003659831470019914
10    0.32467078549865697    0.16233539274932848    0.002629612660191183
11    0.3261555224276307    0.16307776121381534    0.001887244195704324
12    0.32722126206681185    0.16361063103340592    0.0013543743761137428
13    0.3279874389334379    0.16399371946671895    0.0009712859428007148
14    0.32853682545895596    0.16426841272947798    0.0006965926800416855
15    0.3289312726703888    0.1644656363351944    0.0004993690743252677
16    0.3292139767447633    0.16460698837238166    0.00035801703713800315
17    0.3294168015031113    0.16470840075155566    0.0002566046579640102
18    0.3295621397450076    0.1647810698725038    0.0001839355370158724
19    0.32966636725106185    0.16483318362553093    0.00013182178398873923
20    0.32974104898385426    0.16487052449192713    9.448091759253763e-05
21    0.3297945924245294    0.1648972962122647    6.77091972549615e-05
22    0.32983295756181813    0.16491647878090906    4.85266286106012e-05
23    0.3298604593794996    0.1649302296897498    3.4775719769869484e-05
24    0.329880165457856    0.164940082728928    2.4922680591676905e-05
25    0.32989429027746936    0.16494714513873468    1.78602707849862e-05
26    0.3299044114962729    0.16495220574813646    1.2799661383205985e-05
27    0.32991166568421143    0.16495583284210572    9.172567413950894e-06
28    0.32991686384328    0.16495843192164    6.573487879663054e-06
29    0.3299205893752611    0.16496029468763054    4.710721889122915e-06
30    0.329923259051671    0.1649616295258355    3.3758836841535356e-06
31    0.3299251723653991    0.16496258618269954    2.419226820121745e-06
32    0.3299265434511525    0.16496327172557626    1.7336839434056728e-06
33    0.32992752607001846    0.16496376303500923    1.2423745104350736e-06
34    0.32992823022841894    0.16496411511420947    8.90295310196354e-07
35    0.32992873487417457    0.16496436743708728    6.379724323823943e-07
36    0.32992909651527486    0.16496454825763743    4.571518822382714e-07
37    0.3299293556895732    0.1649646778447866    3.2756473306028155e-07
38    0.3299295414222732    0.1649647707111366    2.3469838306144908e-07
39    0.32992967452962757    0.16496483726481379    1.681447058810015e-07
40    0.32992976991976064    0.16496488495988032    1.204496393458765e-07
41    0.32992983828226685    0.16496491914113343    8.626838624015143e-08
42    0.32992988727415623    0.16496494363707812    6.177244155081141e-08
43    0.32992992238493546    0.16496496119246773    4.421705193657921e-08
44    0.3299299475472776    0.1649649737736388    3.1635880859415266e-08
45    0.3299299655803188    0.1649649827901594    2.261936027370126e-08
46    0.3299299785038692    0.1649649892519346    1.6157585075449177e-08
47    0.3299299877657111    0.16496499388285554    1.1526664123184815e-08
48    0.3299299944031901    0.16496499720159505    8.207924617753548e-09
49    0.3299299991598028    0.1649649995799014    5.82961826034456e-09
50    0.32993000256826727    0.16496500128413363    4.125386032782785e-09
51    0.3299300050103397    0.16496500250516985    2.904349816201801e-09
52    0.32993000675949813    0.16496500337974906    2.0297706015970363e-09
53    0.32993000801162675    0.16496500400581338    1.4037062900928987e-09
54    0.3299300089069337    0.16496500445346685    9.560528202445795e-10
55    0.3299300095456664    0.1649650047728332    6.366864535589656e-10
56    0.3299300099993399    0.16496500499966996    4.0984970972601786e-10
57    0.32993001031874447    0.16496500515937224    2.5014743054718735e-10
58    0.3299300105396362    0.1649650052698181    1.3970155587905708e-10
59    0.329930010686741    0.1649650053433705    6.6149169475338e-11
60    0.32993001077652584    0.16496500538826292    2.125674636310748e-11
61    0.32993001081903905    0.16496500540951953    1.3877787807814457e-16
62    0.32993001081903933    0.16496500540951967    0.0
63    0.32993001077652606    0.16496500538826303    2.125663534080502e-11
64    0.32993001068674166    0.16496500534337083    6.614883640843061e-11
65    0.3299300105396364    0.1649650052698182    1.3970147261233024e-10
66    0.3299300103187444    0.1649650051593722    2.5014745830276297e-10
67    0.3299300099993402    0.1649650049996701    4.098495709481398e-10
68    0.3299300095456669    0.16496500477283346    6.36686203758785e-10
69    0.329930008906933    0.1649650044534665    9.560531533114869e-10
70    0.3299300080116273    0.16496500400581365    1.4037060125371426e-09
71    0.3299300067594972    0.1649650033797486    2.0297710734418217e-09
72    0.3299300050103399    0.16496500250516996    2.9043497051794986e-09
73    0.3299300025682672    0.1649650012841336    4.125386060538361e-09
74    0.32992999915980337    0.16496499957990168    5.829617982788804e-09
75    0.32992999440319026    0.16496499720159513    8.207924534486821e-09
76    0.329929987765712    0.164964993882856    1.1526663679095606e-08
77    0.32992997850386907    0.16496498925193454    1.6157585130960328e-08
78    0.3299299655803182    0.1649649827901591    2.2619360579012593e-08
79    0.3299299475472777    0.16496497377363886    3.1635880803904115e-08
80    0.32992992238493524    0.16496496119246762    4.421705204760151e-08
81    0.3299298872741564    0.1649649436370782    6.177244146754468e-08
82    0.3299298382822672    0.1649649191411336    8.626838607361798e-08
83    0.3299297699197608    0.1649648849598804    1.2044963926260976e-07
84    0.3299296745296273    0.16496483726481365    1.6814470601977938e-07
85    0.32992954142227277    0.16496477071113638    2.3469838328349368e-07
86    0.3299293556895731    0.16496467784478655    3.275647331157927e-07
87    0.32992909651527447    0.16496454825763723    4.5715188243256044e-07
88    0.32992873487417385    0.16496436743708692    6.379724327432168e-07
89    0.329928230228419    0.1649641151142095    8.902953101685984e-07
90    0.32992752607001835    0.16496376303500918    1.2423745104905848e-06
91    0.3299265434511518    0.1649632717255759    1.7336839437664953e-06
92    0.3299251723653994    0.1649625861826997    2.4192268199552114e-06
93    0.3299232590516713    0.16496162952583565    3.3758836840147577e-06
94    0.32992058937526136    0.16496029468763068    4.710721888984137e-06
95    0.32991686384328034    0.16495843192164017    6.57348787949652e-06
96    0.3299116656842114    0.1649558328421057    9.17256741397865e-06
97    0.32990441149627286    0.16495220574813643    1.279966138323374e-05
98    0.3298942902774695    0.16494714513873476    1.7860270784902932e-05
99    0.32988016545785614    0.16494008272892807    2.4922680591593638e-05
100    0.32986045937949987    0.16493022968974994    3.4775719769730706e-05
101    0.3298329575618191    0.16491647878090954    4.852662861012935e-05
102    0.32979459242452985    0.16489729621226493    6.770919725473945e-05
103    0.3297410489838545    0.16487052449192724    9.44809175924266e-05
104    0.3296663672510617    0.16483318362553084    0.0001318217839888225
105    0.32956213974500803    0.16478106987250402    0.00018393553701565035
106    0.32941680150311126    0.16470840075155563    0.000256604657964038
107    0.3292139767447629    0.16460698837238144    0.0003580170371382252
108    0.3289312726703878    0.1644656363351939    0.0004993690743257673
109    0.3285368254589553    0.16426841272947765    0.0006965926800420186
110    0.3279874389334375    0.16399371946671876    0.0009712859428009091
111    0.3272212620668115    0.16361063103340576    0.0013543743761139093
112    0.3261555224276306    0.1630777612138153    0.0018872441957043795
113    0.3246707854986564    0.1623353927493282    0.0026296126601914604
114    0.32261034787899967    0.16130517393949984    0.003659831470019831
115    0.31974602858366646    0.15987301429183323    0.005091991117686434
116    0.31578765421047    0.157893827105235    0.007071178304284664
117    0.3103082438615249    0.15515412193076245    0.00981088347875722
118    0.3027917498146254    0.1513958749073127    0.013569130502206955
119    0.2924685767016171    0.14623428835080854    0.018730717058711127
120    0.2784823854558896    0.1392411927279448    0.025723812681574865
121    0.2595157353875138    0.1297578676937569    0.035207137715762754
122    0.2342377830697654    0.1171188915348827    0.04784611387463697
123    0.20022052907366378    0.10011026453683189    0.06485474087268778
124    0.15373946401907007    0.07686973200953504    0.08809527339998463
125    0.0    0.034890466110352514    0.13007453929916715
126    0.0    0.02267599656737609    0.14228900884214357
127    0.0    0.01599580453265885    0.14896920087686083
128    0.0    0.011659047865507222    0.15330595754401244
129    0.0    0.00863295220683264    0.15633205320268703
130    0.0    0.00644520832323653    0.15851979708628314
131    0.0    0.004833641518544414    0.16013136389097526
132    0.0    0.003634218169245646    0.16133078724027403
133    0.0    0.002736356593571655    0.162228648815948
134    0.0    0.00206202038861681    0.16290298502090286
135    0.0    0.001554604507447756    0.1634104009020719
136    0.0    0.001172374644825767    0.1637926307646939
137    0.0    0.000884264436397139    0.16408074097312253
138    0.0    0.0006670187834654914    0.1642979866260542
139    0.0    0.0005031729443272766    0.1644618324651924
140    0.0    0.00037958586749087947    0.1645854195420288
141    0.0    0.00028635887718720787    0.16467864653233247
142    0.0    0.0002160308799732131    0.16474897452954645
143    0.0    0.00016297600665190646    0.16480202940286776
144    0.0    0.00012295127922949418    0.16484205413029018
145    0.0    9.275628088008378e-05    0.16487224912863957
146    0.0    6.997680715554143e-05    0.16489502860236413
147    0.0    5.279164822228266e-05    0.1649122137612974
148    0.0    3.9826899275444225e-05    0.1649251785102442
149    0.0    3.004608366227778e-05    0.1649349593258574
150    0.0    2.2667274716993598e-05    0.16494233813480266
151    0.0    1.7100577561932236e-05    0.16494790483195773
152    0.0    1.2900967155794404e-05    0.16495210444236388
153    0.0    9.732709764579284e-06    0.16495527269975507
154    0.0    7.342522454941748e-06    0.16495766288706473
155    0.0    5.539324400838808e-06    0.16495946608511883
156    0.0    4.178961026152835e-06    0.16496082644849352
157    0.0    3.15267968508965e-06    0.16496185272983457
158    0.0    2.378435536031648e-06    0.16496262697398364
159    0.0    1.7943325569041643e-06    0.16496321107696277
160    0.0    1.3536753351432208e-06    0.16496365173418454
161    0.0    1.0212360588867687e-06    0.16496398417346078
162    0.0    7.70438269686799e-07    0.16496423497124998
163    0.0    5.812322404668072e-07    0.1649644241772792
164    0.0    4.384921225356053e-07    0.16496456691739714
165    0.0    3.3080672961994725e-07    0.16496467460279005
166    0.0    2.495672820610785e-07    0.1649647558422376
167    0.0    1.882791902667498e-07    0.1649648171303294
168    0.0    1.420428517684251e-07    0.1649648633666679
169    0.0    1.071619578716515e-07    0.1649648982475618
170    0.0    8.084799750073673e-08    0.16496492456152217
171    0.0    6.09973333379546e-08    0.16496494441218632
172    0.0    4.6023027099832e-08    0.16496495938649255
173    0.0    3.472797662331176e-08    0.16496497068154303
174    0.0    2.6209212264458742e-08    0.1649649792003074
175    0.0    1.978571181502839e-08    0.16496498562380785
176    0.0    1.4943956148276774e-08    0.1649649904655635
177    0.0    1.1296877280202525e-08    0.1649649941126424
178    0.0    8.552913589605221e-09    0.16496499685660607
179    0.0    6.492702193808611e-09    0.16496499891681748
180    0.0    4.951542166521314e-09    0.1649650004579775
181    0.0    3.806227175887772e-09    0.1649650016032925
182    0.0    2.965196217903643e-09    0.16496500244432344
183    0.0    2.3612145912555588e-09    0.16496500304830508
184    0.0    1.945997283019779e-09    0.16496500346352239
185    0.0    1.6863503763970417e-09    0.1649650037231693
186    0.0    1.5615168409612717e-09    0.16496500384800283
187    0.0    1.5615170126988959e-09    0.16496500384800267
188    0.0    1.6863505819617736e-09    0.16496500372316908
189    0.0    1.945997166576466e-09    0.1649650034635225
190    0.0    2.3612145168792897e-09    0.16496500304830514
191    0.0    2.965196372727713e-09    0.1649650024443233
192    0.0    3.806227048168756e-09    0.1649650016032926
193    0.0    4.9515421029870665e-09    0.16496500045797757
194    0.0    6.492702296590977e-09    0.16496499891681737
195    0.0    8.552913476848195e-09    0.16496499685660618
196    0.0    1.1296877274130993e-08    0.1649649941126424
197    0.0    1.4943956168442935e-08    0.1649649904655635
198    0.0    1.9785711709643938e-08    0.16496498562380796
199    0.0    2.6209212167314228e-08    0.1649649792003075
200    0.0    3.472797658037735e-08    0.1649649706815431
201    0.0    4.602302721042062e-08    0.16496495938649244
202    0.0    6.099733305736307e-08    0.16496494441218662
203    0.0    8.084799760265174e-08    0.16496492456152206
204    0.0    1.0716195765264266e-07    0.16496489824756203
205    0.0    1.4204285170207193e-07    0.16496486336666796
206    0.0    1.882791902034324e-07    0.16496481713032946
207    0.0    2.49567281974776e-07    0.1649647558422377
208    0.0    3.308067295128281e-07    0.16496467460279016
209    0.0    4.3849212245841013e-07    0.16496456691739722
210    0.0    5.812322402473646e-07    0.1649644241772794
211    0.0    7.704382696434309e-07    0.16496423497125
212    0.0    1.0212360586239581e-06    0.16496398417346103
213    0.0    1.3536753351393177e-06    0.16496365173418454
214    0.0    1.7943325568152597e-06    0.16496321107696285
215    0.0    2.3784355358690175e-06    0.16496262697398378
216    0.0    3.1526796849313567e-06    0.16496185272983474
217    0.0    4.178961026036175e-06    0.16496082644849364
218    0.0    5.53932440039949e-06    0.16495946608511927
219    0.0    7.3425224548337616e-06    0.16495766288706484
220    0.0    9.732709764441808e-06    0.1649552726997552
221    0.0    1.2900967155811318e-05    0.16495210444236386
222    0.0    1.7100577561893638e-05    0.16494790483195776
223    0.0    2.266727471689472e-05    0.16494233813480277
224    0.0    3.0046083662035785e-05    0.16493495932585764
225    0.0    3.982689927546461e-05    0.1649251785102442
226    0.0    5.279164822223105e-05    0.16491221376129744
227    0.0    6.997680715549069e-05    0.16489502860236419
228    0.0    9.275628088008334e-05    0.16487224912863957
229    0.0    0.0001229512792295987    0.16484205413029007
230    0.0    0.0001629760066519867    0.16480202940286767
231    0.0    0.00021603087997334276    0.16474897452954632
232    0.0    0.00028635887718727856    0.16467864653233238
233    0.0    0.00037958586749103126    0.16458541954202863
234    0.0    0.0005031729443272003    0.16446183246519247
235    0.0    0.0006670187834656831    0.164297986626054
236    0.0    0.0008842644363971502    0.16408074097312253
237    0.0    0.001172374644826139    0.16379263076469353
238    0.0    0.0015546045074478375    0.16341040090207182
239    0.0    0.0020620203886170547    0.1629029850209026
240    0.0    0.0027363565935714642    0.1622286488159482
241    0.0    0.0036342181692457162    0.16133078724027394
242    0.0    0.004833641518544236    0.16013136389097543
243    0.0    0.0064452083232364645    0.1585197970862832
244    0.0    0.00863295220683238    0.15633205320268728
245    0.0    0.011659047865507397    0.15330595754401227
246    0.0    0.01599580453265853    0.14896920087686114
247    0.0    0.02267599656737652    0.14228900884214316
248    0.0    0.034890466110352444    0.13007453929916724
249    0.15373946401907113    0.07686973200953556    0.0880952733999841
