0    0.17654050251005013    0.08827025125502506    0.06938291069203757
1    0.2100752912633352    0.1050376456316676    0.05261551631539503
2    0.23602763436083454    0.11801381718041727    0.039639344766645365
3    0.2561073872647066    0.1280536936323533    0.029599468314709332
4    0.27136521042184397    0.13568260521092199    0.02197055673614065
5    0.28288865245874645    0.14144432622937322    0.016208835717689413
6    0.29147672457292284    0.14573836228646142    0.011914799660601216
7    0.29785313182799045    0.14892656591399522    0.008726596033067413
8    0.30254867217363396    0.15127433608681698    0.006378825860245657
9    0.30600019457588684    0.15300009728794342    0.004653064659119216
10    0.30852493728531466    0.15426246864265733    0.0033906933044053067
11    0.31037043505178835    0.15518521752589418    0.002467944421168461
12    0.3117155634694259    0.15585778173471296    0.0017953802123496787
13    0.31269580354577137    0.15634790177288568    0.0013052601741769532
14    0.3134089284981524    0.1567044642490762    0.0009486976979864448
15    0.31392774489876407    0.15696387244938204    0.0006892894976806008
16    0.3143048164845418    0.1571524082422709    0.0005007537047917454
17    0.31457889887141993    0.15728944943570997    0.0003637125113526707
18    0.3147780004981179    0.15738900024905894    0.0002641616980036954
19    0.31492265095270355    0.15746132547635178    0.00019183647071085996
20    0.31502770293682514    0.15751385146841257    0.00013931047865006763
21    0.3151040045012218    0.1575520022506109    0.00010115969645174694
22    0.31515941139372494    0.15757970569686247    7.345625020016566e-05
23    0.3151996487610737    0.15759982438053685    5.333756652578514e-05
24    0.3152288656449179    0.15761443282245896    3.8729124603675835e-05
25    0.3152500817112655    0.15762504085563275    2.8121091429883505e-05
26    0.31526548655783815    0.15763274327891907    2.0418668143562524e-05
27    0.31527667241709856    0.15763833620854928    1.4825738513357667e-05
28    0.3152847943081865    0.15764239715409326    1.0764792969381043e-05
29    0.31529069168655677    0.15764534584327838    7.816103784252793e-06
30    0.3152949736769088    0.1576474868384544    5.6751086082440505e-06
31    0.31529808283257826    0.15764904141628913    4.120530773504827e-06
32    0.3153003403437008    0.1576501701718504    2.9917752122354813e-06
33    0.3153019795163256    0.1576509897581628    2.172188899834948e-06
34    0.315303169699827    0.1576515848499135    1.5770971491246843e-06
35    0.3153040338887699    0.15765201694438494    1.1450026776993472e-06
36    0.31530466136961965    0.15765233068480983    8.312622528094948e-07
37    0.3153051169831896    0.1576525584915948    6.034554678457926e-07
38    0.31530544780306924    0.15765272390153462    4.3804552801729457e-07
39    0.31530568801263464    0.15765284400631732    3.179407453146599e-07
40    0.31530586242973224    0.15765293121486612    2.3073219651559285e-07
41    0.315305989075656    0.157652994537828    1.6740923464153568e-07
42    0.3153060810346745    0.15765304051733725    1.2142972538597974e-07
43    0.31530614780761784    0.15765307390380892    8.804325371536414e-08
44    0.3153061962926771    0.15765309814633854    6.380072409273296e-08
45    0.3153062314987335    0.15765311574936675    4.619769589098155e-08
46    0.3153062570625948    0.1576531285312974    3.3415765238187234e-08
47    0.3153062756249594    0.1576531378124797    2.413458294325821e-08
48    0.3153062891031521    0.15765314455157606    1.739548657897494e-08
49    0.31530629888928985    0.15765314944464492    1.250241771222349e-08
50    0.31530630599407494    0.15765315299703747    8.950025165432862e-09
51    0.3153063111512394    0.1576531555756197    6.371442928809756e-09
52    0.3153063148933369    0.15765315744666844    4.50039419619408e-09
53    0.3153063176067615    0.15765315880338074    3.1436818981323e-09
54    0.315306319571669    0.1576531597858345    2.161228140895588e-09
55    0.31530632099091227    0.15765316049545613    1.451606501667868e-09
56    0.31530632201099745    0.15765316100549873    9.415639101728601e-10
57    0.31530632273721615    0.15765316136860807    5.784545620279857e-10
58    0.3153063232445179    0.15765316162225895    3.248036839487156e-10
59    0.31530632358525645    0.15765316179262823    1.5443440970486222e-10
60    0.3153063237945924    0.1576531618972962    4.976644096821303e-11
61    0.3153063238941252    0.1576531619470626    2.7755575615628914e-17
62    0.3153063238941253    0.15765316194706264    0.0
63    0.31530632379459234    0.15765316189729617    4.976646872378865e-11
64    0.3153063235852565    0.15765316179262825    1.544343819492866e-10
65    0.315306323244518    0.157653161622259    3.248036284375644e-10
66    0.3153063227372158    0.1576531613686079    5.784547285614394e-10
67    0.31530632201099834    0.15765316100549917    9.415634660836503e-10
68    0.31530632099091316    0.15765316049545658    1.4516060575786582e-09
69    0.3153063195716693    0.15765315978583466    2.1612279743621343e-09
70    0.31530631760676225    0.15765315880338113    3.1436815095542414e-09
71    0.31530631489333655    0.15765315744666827    4.500394362727533e-09
72    0.31530631115123964    0.15765315557561982    6.371442817787454e-09
73    0.3153063059940753    0.15765315299703764    8.950024998899409e-09
74    0.31530629888928974    0.15765314944464487    1.2502417767734642e-08
75    0.3153062891031523    0.15765314455157614    1.7395486495708212e-08
76    0.31530627562495955    0.15765313781247978    2.4134582859991482e-08
77    0.3153062570625953    0.15765312853129765    3.3415764988387053e-08
78    0.31530623149873366    0.15765311574936683    4.619769580771482e-08
79    0.31530619629267664    0.15765309814633832    6.380072431477757e-08
80    0.3153061478076181    0.15765307390380906    8.804325357658627e-08
81    0.3153060810346743    0.15765304051733714    1.2142972549700204e-07
82    0.3153059890756564    0.1576529945378282    1.6740923444724665e-07
83    0.31530586242973213    0.15765293121486607    2.30732196571104e-07
84    0.31530568801263464    0.15765284400631732    3.179407453146599e-07
85    0.31530544780306985    0.15765272390153492    4.3804552771198324e-07
86    0.31530511698319036    0.15765255849159518    6.034554674572146e-07
87    0.31530466136962    0.15765233068481    8.312622526429614e-07
88    0.31530403388877054    0.15765201694438527    1.1450026773662803e-06
89    0.31530316969982736    0.15765158484991368    1.577097148958151e-06
90    0.31530197951632594    0.15765098975816297    2.1721888996684147e-06
91    0.3153003403437008    0.1576501701718504    2.9917752122354813e-06
92    0.3152980828325786    0.1576490414162893    4.1205307733382934e-06
93    0.31529497367690956    0.15764748683845478    5.6751086078554724e-06
94    0.31529069168655643    0.15764534584327822    7.816103784419326e-06
95    0.3152847943081861    0.15764239715409306    1.0764792969575332e-05
96    0.315276672417099    0.1576383362085495    1.4825738513135622e-05
97    0.3152654865578382    0.1576327432789191    2.041866814353477e-05
98    0.3152500817112659    0.15762504085563295    2.8121091429689216e-05
99    0.3152288656449182    0.1576144328224591    3.872912460353706e-05
100    0.31519964876107387    0.15759982438053693    5.3337566525701874e-05
101    0.3151594113937244    0.1575797056968622    7.345625020044322e-05
102    0.31510400450122167    0.15755200225061083    0.00010115969645180245
103    0.31502770293682497    0.15751385146841249    0.0001393104786501509
104    0.3149226509527038    0.1574613254763519    0.00019183647071074894
105    0.3147780004981178    0.1573890002490589    0.00026416169800372313
106    0.3145788988714201    0.15728944943571005    0.0003637125113525874
107    0.3143048164845417    0.15715240824227086    0.0005007537047917732
108    0.31392774489876424    0.15696387244938212    0.0006892894976805175
109    0.3134089284981526    0.1567044642490763    0.0009486976979863337
110    0.31269580354577103    0.15634790177288552    0.0013052601741771197
111    0.3117155634694259    0.15585778173471296    0.0017953802123496787
112    0.31037043505178846    0.15518521752589423    0.0024679444211684054
113    0.30852493728531466    0.15426246864265733    0.0033906933044053067
114    0.30600019457588706    0.15300009728794353    0.004653064659119105
115    0.302548672173634    0.151274336086817    0.006378825860245629
116    0.2978531318279904    0.1489265659139952    0.00872659603306744
117    0.29147672457292273    0.14573836228646136    0.011914799660601272
118    0.2828886524587465    0.14144432622937325    0.016208835717689385
119    0.2713652104218435    0.13568260521092174    0.0219705567361409
120    0.2561073872647068    0.1280536936323534    0.02959946831470925
121    0.2360276343608347    0.11801381718041735    0.03963934476664528
122    0.21007529126333552    0.10503764563166776    0.05261551631539488
123    0.17654050251005007    0.08827025125502504    0.0693829106920376
124    0.13270068636328938    0.06635034318164469    0.09130281876541795
125    0.0    0.02923320888773231    0.12841995305933032
126    0.0    0.018227481056104188    0.13942568089095844
127    0.0    0.012255553588166705    0.14539760835889592
128    0.0    0.008476344771304236    0.1491768171757584
129    0.0    0.00593676353856901    0.15171639840849363
130    0.0    0.004183281234167895    0.15346988071289475
131    0.0    0.0029566120902849236    0.15469654985677772
132    0.0    0.002092849765835237    0.1555603121812274
133    0.0    0.0014826015238093015    0.15617056042325334
134    0.0    0.0010507226643628777    0.15660243928269976
135    0.0    0.0007448070346605046    0.15690835491240213
136    0.0    0.0005280162517422339    0.1571251456953204
137    0.0    0.00037434817603942266    0.1572788137710232
138    0.0    0.0002654099074685234    0.15738775203959413
139    0.0    0.00018817646366830337    0.15746498548339433
140    0.0    0.00013341879073368052    0.15751974315632897
141    0.0    9.459551260790995e-05    0.15755856643445473
142    0.0    6.706949370385807e-05    0.15758609245335878
143    0.0    4.755322990623433e-05    0.1576056087171564
144    0.0    3.371594007265874e-05    0.15761944600699
145    0.0    2.3905105344182876e-05    0.15762925684171844
146    0.0    1.6949079676498082e-05    0.15763621286738613
147    0.0    1.2017153748520009e-05    0.15764114479331412
148    0.0    8.520344075673043e-06    0.15764464160298697
149    0.0    6.041053178455595e-06    0.1576471208938842
150    0.0    4.283198380302094e-06    0.15764887874868233
151    0.0    3.0368526708996965e-06    0.15765012509439175
152    0.0    2.153174650357942e-06    0.15765100877241228
153    0.0    1.526633520026327e-06    0.15765163531354262
154    0.0    1.082406346631596e-06    0.157652079540716
155    0.0    7.674425357498404e-07    0.1576523945045269
156    0.0    5.441284112389991e-07    0.1576526178186514
157    0.0    3.857953065249456e-07    0.1576527761517561
158    0.0    2.735347309538137e-07    0.1576528884123317
159    0.0    1.9394027840624606e-07    0.15765296800678424
160    0.0    1.3750660330302464e-07    0.15765302444045934
161    0.0    9.749427091121018e-08    0.15765306445279173
162    0.0    6.912492016199895e-08    0.1576530928221425
163    0.0    4.9010620410596534e-08    0.1576531129364422
164    0.0    3.4749277396956685e-08    0.15765312719778524
165    0.0    2.463776999821546e-08    0.15765313730929265
166    0.0    1.7468559396736916e-08    0.15765314447850323
167    0.0    1.2385483288707838e-08    0.15765314956157936
168    0.0    8.781508690786782e-09    0.15765315316555395
169    0.0    6.226241461206733e-09    0.15765315572082117
170    0.0    4.414525587963236e-09    0.15765315753253706
171    0.0    3.13000225954721e-09    0.15765315881706038
172    0.0    2.2192706587362276e-09    0.15765315972779198
173    0.0    1.573569058041513e-09    0.15765316037349358
174    0.0    1.1157869047109803e-09    0.15765316083127573
175    0.0    7.912543710519859e-10    0.15765316115580827
176    0.0    5.612151177808444e-10    0.1576531613858475
177    0.0    3.981974524419618e-10    0.1576531615488652
178    0.0    2.8273347053332787e-10    0.15765316166432916
179    0.0    2.0103416153993692e-10    0.15765316174602848
180    0.0    1.4334266607886337e-10    0.15765316180371997
181    0.0    1.0276947608883757e-10    0.15765316184429315
182    0.0    7.446929422942616e-11    0.15765316187259334
183    0.0    5.506244201911037e-11    0.15765316189200018
184    0.0    4.223123543575791e-11    0.1576531619048314
185    0.0    3.4443578414769527e-11    0.15765316191261905
186    0.0    3.076903185364466e-11    0.1576531619162936
187    0.0    3.0768950755322155e-11    0.1576531619162937
188    0.0    3.444350924267092e-11    0.15765316191261913
189    0.0    4.22314076070629e-11    0.15765316190483122
190    0.0    5.5062428358162996e-11    0.1576531618920002
191    0.0    7.4469413925346e-11    0.15765316187259323
192    0.0    1.0276965996952603e-10    0.15765316184429298
193    0.0    1.4334265827260773e-10    0.15765316180371997
194    0.0    2.0103403989245316e-10    0.15765316174602859
195    0.0    2.8273337989402625e-10    0.15765316166432924
196    0.0    3.981975001468574e-10    0.15765316154886513
197    0.0    5.612150492592671e-10    0.1576531613858476
198    0.0    7.912543771235181e-10    0.15765316115580827
199    0.0    1.1157868622102551e-09    0.15765316083127578
200    0.0    1.5735691564870702e-09    0.15765316037349347
201    0.0    2.219270630546971e-09    0.157653159727792
202    0.0    3.1300020448751797e-09    0.1576531588170606
203    0.0    4.414525448751677e-09    0.1576531575325372
204    0.0    6.226241441691094e-09    0.1576531557208212
205    0.0    8.781508542034244e-09    0.1576531531655541
206    0.0    1.2385483242737666e-08    0.1576531495615794
207    0.0    1.746855954809154e-08    0.1576531444785031
208    0.0    2.463776982907992e-08    0.1576531373092928
209    0.0    3.474927741864073e-08    0.1576531271977852
210    0.0    4.901062028352804e-08    0.15765311293644235
211    0.0    6.912492017587674e-08    0.15765309282214246
212    0.0    9.749427087391363e-08    0.15765306445279176
213    0.0    1.375066033103972e-07    0.15765302444045934
214    0.0    1.9394027847823708e-07    0.15765296800678416
215    0.0    2.7353473101452905e-07    0.15765288841233163
216    0.0    3.8579530633065656e-07    0.1576527761517563
217    0.0    5.441284114879319e-07    0.15765261781865114
218    0.0    7.674425355564188e-07    0.1576523945045271
219    0.0    1.0824063465860595e-06    0.15765207954071606
220    0.0    1.526633519944795e-06    0.1576516353135427
221    0.0    2.1531746503952384e-06    0.15765100877241225
222    0.0    3.0368526707570155e-06    0.15765012509439189
223    0.0    4.283198380221863e-06    0.15764887874868241
224    0.0    6.041053178325057e-06    0.1576471208938843
225    0.0    8.520344075801847e-06    0.15764464160298683
226    0.0    1.2017153748418528e-05    0.15764114479331423
227    0.0    1.6949079676609538e-05    0.15763621286738602
228    0.0    2.3905105344042797e-05    0.1576292568417186
229    0.0    3.371594007274027e-05    0.1576194460069899
230    0.0    4.7553229905988436e-05    0.15760560871715665
231    0.0    6.706949370380777e-05    0.15758609245335883
232    0.0    9.459551260775512e-05    0.15755856643445487
233    0.0    0.0001334187907336441    0.157519743156329
234    0.0    0.00018817646366824786    0.15746498548339438
235    0.0    0.0002654099074685095    0.15738775203959413
236    0.0    0.0003743481760393871    0.15727881377102326
237    0.0    0.0005280162517422539    0.15712514569532038
238    0.0    0.000744807034660561    0.15690835491240207
239    0.0    0.0010507226643630694    0.15660243928269957
240    0.0    0.0014826015238093813    0.15617056042325325
241    0.0    0.002092849765835396    0.15556031218122723
242    0.0    0.002956612090284999    0.15469654985677764
243    0.0    0.004183281234168006    0.15346988071289464
244    0.0    0.005936763538569055    0.15171639840849357
245    0.0    0.008476344771304295    0.14917681717575834
246    0.0    0.012255553588166754    0.14539760835889587
247    0.0    0.018227481056104302    0.13942568089095833
248    0.0    0.029233208887732447    0.12841995305933018
249    0.13270068636328974    0.06635034318164487    0.09130281876541776
