0    0.16235998065212523    0.08117999032606261    0.07115710880532126
1    0.19504160964345763    0.09752080482172881    0.05481629430965507
2    0.2208968986293828    0.1104484493146914    0.04188864981669248
3    0.2412607574282494    0.1206303787141247    0.03170672041725918
4    0.2570073428387074    0.1285036714193537    0.023833427712030175
5    0.26907512678120615    0.13453756339060308    0.017799535740780803
6    0.27820145896707793    0.13910072948353897    0.013236369647844914
7    0.2850639497045731    0.14253197485228655    0.009805124279097327
8    0.2901826677551366    0.1450913338775683    0.007245765253815567
9    0.29398875783123246    0.14699437891561623    0.005342720215767649
10    0.2968056087633543    0.14840280438167716    0.003934294749706718
11    0.298886977940501    0.1494434889702505    0.0028936101611333753
12    0.30042079377180486    0.15021039688590243    0.002126702245481449
13    0.30155020934172383    0.15077510467086191    0.0015619944605219649
14    0.3023805827705039    0.15119029138525195    0.0011468077461319337
15    0.3029908668691103    0.15149543343455515    0.000841665696828725
16    0.30343900706044985    0.15171950353022493    0.0006175956011589545
17    0.3037680290354449    0.15188401451772246    0.0004530846136614197
18    0.3040094751673959    0.15200473758369795    0.00033236154768592763
19    0.3041866441707626    0.1520933220853813    0.0002437770460025912
20    0.30431661059462134    0.15215830529731067    0.0001787938340732098
21    0.30441194863268606    0.15220597431634303    0.0001311248150408506
22    0.30448187315738107    0.15224093657869053    9.616255269334628e-05
23    0.304533158422159    0.1522665792110795    7.051992030437937e-05
24    0.3045707693495516    0.1522853846747758    5.171445660809293e-05
25    0.304598352138699    0.1522991760693495    3.79230620343729e-05
26    0.30461857944785087    0.15230928972392543    2.7809407458445623e-05
27    0.304633412872338    0.152316706436169    2.0392695214865864e-05
28    0.30464429041344243    0.15232214520672122    1.4953924662663987e-05
29    0.30465226711344023    0.15232613355672012    1.096557466376269e-05
30    0.304658116466369    0.1523290582331845    8.04089819939069e-06
31    0.30466240585337484    0.15233120292668742    5.896204696459462e-06
32    0.3046655512711399    0.15233277563556996    4.323495813918221e-06
33    0.3046678578268199    0.15233392891340994    3.170217973941236e-06
34    0.30466954923150485    0.15233477461575243    2.3245156314521953e-06
35    0.304670789550574    0.152335394775287    1.7043560968932336e-06
36    0.30467169908425457    0.15233584954212728    1.2495892565966837e-06
37    0.3046723660544236    0.1523361830272118    9.161041720773255e-07
38    0.3046728551509242    0.1523364275754621    6.715559217884692e-07
39    0.3046732138126549    0.15233660690632744    4.922250564365349e-07
40    0.30467347682541357    0.15233673841270678    3.6071867709486227e-07
41    0.304673669698246    0.152336834849123    2.642822608811546e-07
42    0.3046738111365631    0.15233690556828156    1.9356310232421237e-07
43    0.30467391485727247    0.15233695742863623    1.4170274764691015e-07
44    0.30467399091887193    0.15233699545943596    1.0367194791527368e-07
45    0.30467404669734527    0.15233702334867263    7.578271124519809e-08
46    0.30467408760145165    0.15233704380072582    5.533065805529702e-08
47    0.3046741175974312    0.1523370587987156    4.03326682885119e-08
48    0.3046741395936445    0.15233706979682224    2.933456164089243e-08
49    0.3046741557226879    0.15233707786134396    2.1270039923804163e-08
50    0.30467416754820614    0.15233708377410307    1.5357280808148133e-08
51    0.3046741762165528    0.1523370881082764    1.1023107482355243e-08
52    0.3046741825679596    0.1523370912839798    7.847404087657495e-09
53    0.30467418721801953    0.15233709360900977    5.5223741135534965e-09
54    0.30467419061738754    0.15233709530869377    3.822690108901128e-09
55    0.3046741930954738    0.1523370965477369    2.583646990794719e-09
56    0.30467419489238873    0.15233709744619436    1.6851895157099506e-09
57    0.3046741961822256    0.1523370980911128    1.0402710914902968e-09
58    0.30467419708993243    0.15233709854496622    5.864176644276853e-10
59    0.3046741977034352    0.1523370988517176    2.7966629012610156e-10
60    0.3046741980821538    0.1523370990410769    9.030698411294225e-11
61    0.30467419826276826    0.15233709913138413    2.498001805406602e-16
62    0.30467419826276776    0.15233709913138388    0.0
63    0.304674198082154    0.152337099041077    9.030687309063978e-11
64    0.30467419770343523    0.15233709885171762    2.7966626237052594e-10
65    0.30467419708993204    0.15233709854496602    5.864178587167146e-10
66    0.3046741961822246    0.1523370980911123    1.040271591090658e-09
67    0.3046741948923889    0.15233709744619445    1.6851894324432237e-09
68    0.30467419309547294    0.15233709654773647    2.5836474071283533e-09
69    0.3046741906173874    0.1523370953086937    3.822690192167855e-09
70    0.3046741872180199    0.15233709360900996    5.522373919264467e-09
71    0.3046741825679597    0.15233709128397985    7.847404032146343e-09
72    0.3046741762165532    0.1523370881082766    1.1023107288066214e-08
73    0.30467416754820636    0.15233708377410318    1.535728069712583e-08
74    0.30467415572268836    0.15233707786134418    2.1270039701759558e-08
75    0.3046741395936446    0.1523370697968223    2.933456158538128e-08
76    0.30467411759743074    0.15233705879871537    4.03326685105565e-08
77    0.3046740876014523    0.15233704380072616    5.5330657722230114e-08
78    0.3046740466973457    0.15233702334867286    7.578271102315348e-08
79    0.3046739909188725    0.15233699545943624    1.0367194763771792e-07
80    0.3046739148572725    0.15233695742863626    1.4170274761915458e-07
81    0.30467381113656306    0.15233690556828153    1.9356310235196794e-07
82    0.3046736696982466    0.1523368348491233    2.6428226057584325e-07
83    0.30467347682541357    0.15233673841270678    3.6071867709486227e-07
84    0.30467321381265444    0.15233660690632722    4.922250566585795e-07
85    0.3046728551509233    0.15233642757546165    6.715559222325584e-07
86    0.304672366054424    0.152336183027212    9.161041718830365e-07
87    0.30467169908425457    0.15233584954212728    1.2495892565966837e-06
88    0.30467078955057364    0.15233539477528682    1.704356097059767e-06
89    0.3046695492315047    0.15233477461575234    2.324515631535462e-06
90    0.3046678578268199    0.15233392891340994    3.170217973941236e-06
91    0.30466555127114    0.15233277563557    4.3234958138904656e-06
92    0.3046624058533745    0.15233120292668725    5.896204696625995e-06
93    0.3046581164663689    0.15232905823318446    8.040898199418445e-06
94    0.3046522671134406    0.1523261335567203    1.09655746635684e-05
95    0.30464429041344293    0.15232214520672147    1.4953924662414186e-05
96    0.30463341287233814    0.15231670643616907    2.0392695214810352e-05
97    0.30461857944785065    0.15230928972392532    2.7809407458556645e-05
98    0.30459835213869896    0.15229917606934948    3.7923062034400656e-05
99    0.3045707693495516    0.1522853846747758    5.171445660809293e-05
100    0.30453315842215906    0.15226657921107953    7.051992030435161e-05
101    0.3044818731573812    0.1522409365786906    9.616255269329077e-05
102    0.3044119486326865    0.15220597431634325    0.00013112481504062856
103    0.304316610594621    0.1521583052973105    0.00017879383407337635
104    0.30418664417076274    0.15209332208538137    0.00024377704600250794
105    0.30400947516739557    0.15200473758369779    0.00033236154768609416
106    0.30376802903544464    0.15188401451772232    0.0004530846136615585
107    0.3034390070604499    0.15171950353022495    0.0006175956011589268
108    0.302990866869111    0.1514954334345555    0.000841665696828392
109    0.30238058277050395    0.15119029138525197    0.001146807746131906
110    0.30155020934172405    0.15077510467086203    0.0015619944605218539
111    0.3004207937718049    0.15021039688590246    0.002126702245481421
112    0.2988869779405012    0.1494434889702506    0.002893610161133292
113    0.29680560876335504    0.14840280438167752    0.003934294749706357
114    0.29398875783123257    0.14699437891561629    0.0053427202157675935
115    0.2901826677551371    0.14509133387756856    0.007245765253815317
116    0.2850639497045735    0.14253197485228675    0.009805124279097133
117    0.27820145896707865    0.13910072948353933    0.013236369647844554
118    0.26907512678120615    0.13453756339060308    0.017799535740780803
119    0.2570073428387075    0.12850367141935376    0.02383342771203012
120    0.24126075742824948    0.12063037871412474    0.03170672041725914
121    0.22089689862938267    0.11044844931469133    0.04188864981669255
122    0.1950416096434575    0.09752080482172874    0.054816294309655136
123    0.16235998065212537    0.08117999032606268    0.0711571088053212
124    0.12063421351272507    0.06031710675636254    0.09201999237502134
125    0.0    0.026154991216789568    0.1261821079145943
126    0.0    0.015953683389463763    0.13638341574192012
127    0.0    0.010460088092025786    0.1418770110393581
128    0.0    0.007040021516507639    0.14529707761487623
129    0.0    0.0047915973090125    0.1475455018223714
130    0.0    0.003278131716885589    0.14905896741449828
131    0.0    0.002248222500918628    0.15008887663046525
132    0.0    0.0015437230438992743    0.1507933760874846
133    0.0    0.0010606024051843773    0.1512764967261995
134    0.0    0.0007288872298002276    0.15160821190158366
135    0.0    0.0005009905055645535    0.15183610862581934
136    0.0    0.0003443729207033251    0.15199272621068055
137    0.0    0.00023672465741529647    0.15210037447396857
138    0.0    0.00016272917477905702    0.15217436995660483
139    0.0    0.00011186417405055233    0.15222523495733334
140    0.0    7.689860056499503e-05    0.15226020053081887
141    0.0    5.2862384843704955e-05    0.15228423674654018
142    0.0    3.633921262660104e-05    0.15230075991875727
143    0.0    2.498069370960058e-05    0.15231211843767428
144    0.0    1.717250237056765e-05    0.1523199266290133
145    0.0    1.1804911335211096e-05    0.15232529422004867
146    0.0    8.11506309356851e-06    0.15232898406829032
147    0.0    5.578546856277716e-06    0.1523315205845276
148    0.0    3.834866733533771e-06    0.15233326426465035
149    0.0    2.6362067671206572e-06    0.15233446292461675
150    0.0    1.812210600179564e-06    0.1523352869207837
151    0.0    1.245769985301192e-06    0.15233585336139857
152    0.0    8.563810726235771e-07    0.15233624275031127
153    0.0    5.887030115670801e-07    0.15233651042837232
154    0.0    4.046927785114965e-07    0.15233669443860537
155    0.0    2.781984156279352e-07    0.15233682093296824
156    0.0    1.9124225227734604e-07    0.1523369078891316
157    0.0    1.3146587841007112e-07    0.15233696766550547
158    0.0    9.037373788689171e-08    0.152337008757646
159    0.0    6.212572102983274e-08    0.15233703700566284
160    0.0    4.2707154845975787e-08    0.15233705642422904
161    0.0    2.9358227921199437e-08    0.15233706977315595
162    0.0    2.018175996720134e-08    0.15233707894962392
163    0.0    1.3873570251822509e-08    0.15233708525781361
164    0.0    9.5371244131226e-09    0.15233708959425946
165    0.0    6.5561165537263155e-09    0.1523370925752673
166    0.0    4.506879075234088e-09    0.15233709462450482
167    0.0    3.098169757201341e-09    0.15233709603321413
168    0.0    2.1297795146403564e-09    0.15233709700160436
169    0.0    1.4640782427556565e-09    0.15233709766730563
170    0.0    1.0064552407630656e-09    0.15233709812492863
171    0.0    6.918717664755603e-10    0.15233709843951213
172    0.0    4.756190233323743e-10    0.15233709865576486
173    0.0    3.269623799137533e-10    0.1523370988044215
174    0.0    2.2477403900829362e-10    0.15233709890660985
175    0.0    1.545314735548753e-10    0.1523370989768524
176    0.0    1.062510363979835e-10    0.15233709902513284
177    0.0    7.307129836105208e-11    0.15233709905831258
178    0.0    5.027674934363069e-11    0.15233709908110712
179    0.0    3.462772343171272e-11    0.15233709909675616
180    0.0    2.389997423059287e-11    0.15233709910748391
181    0.0    1.6568808608105612e-11    0.15233709911481508
182    0.0    1.1592531838980347e-11    0.15233709911979135
183    0.0    8.263818232143172e-12    0.15233709912312007
184    0.0    6.109831390821441e-12    0.15233709912527404
185    0.0    4.823942677603665e-12    0.15233709912655993
186    0.0    4.223442125542154e-12    0.15233709912716042
187    0.0    4.223769771438679e-12    0.15233709912716012
188    0.0    4.823965662689722e-12    0.1523370991265599
189    0.0    6.10983182450231e-12    0.15233709912527404
190    0.0    8.263779200864962e-12    0.1523370991231201
191    0.0    1.1592509504415593e-11    0.15233709911979137
192    0.0    1.6568844820458173e-11    0.15233709911481502
193    0.0    2.3899858654641282e-11    0.15233709910748403
194    0.0    3.462773557477705e-11    0.15233709909675613
195    0.0    5.027672397329985e-11    0.15233709908110715
196    0.0    7.307152192354005e-11    0.15233709905831236
197    0.0    1.0625107803134692e-10    0.1523370990251328
198    0.0    1.5453147463907746e-10    0.1523370989768524
199    0.0    2.2477422332266295e-10    0.15233709890660965
200    0.0    3.2696225501366305e-10    0.15233709880442162
201    0.0    4.756189882042239e-10    0.1523370986557649
202    0.0    6.918719247690774e-10    0.15233709843951196
203    0.0    1.0064551670373179e-09    0.1523370981249287
204    0.0    1.4640782848227007e-09    0.1523370976673056
205    0.0    2.1297794717059504e-09    0.15233709700160442
206    0.0    3.098169807508322e-09    0.15233709603321408
207    0.0    4.50687922572135e-09    0.15233709462450465
208    0.0    6.556116609671148e-09    0.15233709257526726
209    0.0    9.537124361514576e-09    0.1523370895942595
210    0.0    1.3873570396238238e-08    0.15233708525781348
211    0.0    2.018176015585252e-08    0.15233707894962373
212    0.0    2.9358228041329038e-08    0.15233706977315584
213    0.0    4.270715494658975e-08    0.15233705642422893
214    0.0    6.212572112784462e-08    0.15233703700566276
215    0.0    9.037373772773083e-08    0.15233700875764616
216    0.0    1.314658783220339e-07    0.15233696766550556
217    0.0    1.9124225207568443e-07    0.15233690788913182
218    0.0    2.7819841564701714e-07    0.15233682093296824
219    0.0    4.0469277853665e-07    0.15233669443860534
220    0.0    5.887030114881502e-07    0.1523365104283724
221    0.0    8.5638107273113e-07    0.15233624275031116
222    0.0    1.2457699854022397e-06    0.1523358533613985
223    0.0    1.812210600201248e-06    0.15233528692078369
224    0.0    2.636206767124994e-06    0.15233446292461675
225    0.0    3.834866733598823e-06    0.15233326426465027
226    0.0    5.57854685644078e-06    0.15233152058452745
227    0.0    8.115063093523407e-06    0.15232898406829035
228    0.0    1.180491133534467e-05    0.15232529422004853
229    0.0    1.7172502370421065e-05    0.15231992662901345
230    0.0    2.498069370943882e-05    0.15231211843767445
231    0.0    3.633921262683436e-05    0.15230075991875705
232    0.0    5.286238484359957e-05    0.1522842367465403
233    0.0    7.689860056499156e-05    0.1522602005308189
234    0.0    0.00011186417405035197    0.15222523495733353
235    0.0    0.0001627291747792383    0.15217436995660463
236    0.0    0.0002367246574150701    0.15210037447396882
237    0.0    0.0003443729207031872    0.1519927262106807
238    0.0    0.0005009905055642161    0.15183610862581967
239    0.0    0.0007288872298001538    0.15160821190158372
240    0.0    0.0010606024051842394    0.15127649672619964
241    0.0    0.0015437230438991346    0.15079337608748475
242    0.0    0.0022482225009185126    0.15008887663046536
243    0.0    0.0032781317168855267    0.14905896741449837
244    0.0    0.0047915973090124405    0.14754550182237144
245    0.0    0.0070400215165074345    0.14529707761487645
246    0.0    0.010460088092025626    0.14187701103935826
247    0.0    0.01595368338946382    0.13638341574192006
248    0.0    0.026154991216789547    0.12618210791459433
249    0.12063421351272423    0.060317106756362114    0.09201999237502176
