0    0.14654069479765347    0.07327034739882674    0.072425224171661
1    0.17783317467540202    0.08891658733770101    0.056778984232786725
2    0.20317620873771997    0.10158810436885998    0.044107467201627754
3    0.22353923680393753    0.11176961840196876    0.03392595316851897
4    0.23960059206021422    0.11980029603010711    0.025895275540380625
5    0.2521272098045111    0.12606360490225554    0.019631966668232192
6    0.26176759283280104    0.13088379641640052    0.014811775154087214
7    0.2691324209246037    0.13456621046230186    0.011129361108185881
8    0.27471342328274867    0.13735671164137433    0.008338859929113401
9    0.27892463127554623    0.13946231563777312    0.006233255932714621
10    0.2820873650398497    0.14104368251992486    0.00465188905056288
11    0.28445701245775135    0.14222850622887567    0.0034670653416120634
12    0.2862277136704968    0.1431138568352484    0.0025817147352393266
13    0.2875491319246679    0.14377456596233396    0.0019210056081537807
14    0.2885337794223181    0.14426688971115906    0.0014286818593286787
15    0.2892669656421161    0.14463348282105806    0.0010620887494296738
16    0.2898124464415073    0.14490622322075364    0.0007893483497340981
17    0.29021812258761953    0.14510906129380977    0.0005865102766779706
18    0.2905196816686854    0.1452598408343427    0.0004357307361450291
19    0.2907437998069986    0.1453718999034993    0.0003236716669884343
20    0.29091031935763784    0.14545515967881892    0.00024041189166881805
21    0.2910340298434749    0.14551701492173744    0.00017855664875029986
22    0.29112592284110045    0.14556296142055022    0.00013261014993751208
23    0.2911941777057965    0.14559708885289824    9.848271758949867e-05
24    0.29124487072196215    0.14562243536098107    7.313620950666344e-05
25    0.29128251940958033    0.14564125970479017    5.4311865697570516e-05
26    0.2913104790178376    0.1456552395089188    4.033206156894842e-05
27    0.2913312427723643    0.14566562138618214    2.995018430559937e-05
28    0.2913466622408766    0.1456733311204383    2.2240450049448857e-05
29    0.2913581128851098    0.1456790564425549    1.6515127932825724e-05
30    0.29136661612451414    0.14568330806225707    1.2263508230664355e-05
31    0.2913729306072139    0.14568646530360696    9.106266880776204e-06
32    0.2913776196929435    0.14568880984647176    6.761724015980075e-06
33    0.2913811017713135    0.14569055088565674    5.020684830991939e-06
34    0.29138368752867755    0.14569184376433877    3.727806148962065e-06
35    0.2913856076897399    0.14569280384486996    2.767725617774941e-06
36    0.2913870335848271    0.14569351679241355    2.0547780741897448e-06
37    0.2913880924450639    0.14569404622253196    1.525347955777523e-06
38    0.2913888787491367    0.14569443937456836    1.1321959193788533e-06
39    0.2913894626564993    0.14569473132824964    8.402422380926478e-07
40    0.2913898962659499    0.14569494813297496    6.234375127811553e-07
41    0.29139021826553047    0.14569510913276523    4.6243772250376125e-07
42    0.29139045738417324    0.14569522869208662    3.428784011161312e-07
43    0.29139063495561235    0.14569531747780617    2.540926815619571e-07
44    0.2913907668218532    0.1456953834109266    1.8815956112638865e-07
45    0.29139086474690484    0.14569543237345242    1.3919703531484195e-07
46    0.29139093746643097    0.14569546873321548    1.0283727225335326e-07
47    0.2913909914672701    0.14569549573363505    7.583685268652829e-08
48    0.29139103156622687    0.14569551578311343    5.578737430345093e-08
49    0.2913910613398699    0.14569553066993496    4.090055277794491e-08
50    0.29139108344364495    0.14569554172182247    2.9848665261678065e-08
51    0.29139109984879946    0.14569554992439973    2.1646088005367048e-08
52    0.29139111201825846    0.14569555600912923    1.55613585073322e-08
53    0.29139112103713916    0.14569556051856958    1.1051918158422325e-08
54    0.29139112770955966    0.14569556385477983    7.7157079059198e-09
55    0.29139113263037464    0.14569556631518732    5.255300417061903e-09
56    0.29139113623823576    0.14569556811911788    3.4513698565774575e-09
57    0.29139113885472584    0.14569556942736292    2.1431248165004746e-09
58    0.2913911407130404    0.1456955703565202    1.2139675376054981e-09
59    0.2913911419787856    0.1456955709893928    5.810949499363005e-10
60    0.2913911427647529    0.14569557138237646    1.8811127655560256e-10
61    0.29139114314097536    0.14569557157048768    5.551115123125783e-17
62    0.2913911431409755    0.14569557157048774    0.0
63    0.29139114276475236    0.14569557138237618    1.8811155411135871e-10
64    0.29139114197878524    0.14569557098939262    5.810951164697542e-10
65    0.2913911407130405    0.14569557035652025    1.213967482094347e-09
66    0.29139113885472656    0.14569556942736328    2.1431244556779916e-09
67    0.291391136238236    0.145695568119118    3.451369745555155e-09
68    0.2913911326303747    0.14569556631518735    5.255300389306328e-09
69    0.29139112770956016    0.14569556385478008    7.71570765611962e-09
70    0.29139112103713893    0.14569556051856947    1.1051918269444627e-08
71    0.2913911120182585    0.14569555600912926    1.5561358479576626e-08
72    0.2913910998487995    0.14569554992439976    2.1646087977611472e-08
73    0.2913910834436451    0.14569554172182256    2.984866517841134e-08
74    0.2913910613398703    0.14569553066993515    4.090055258365588e-08
75    0.2913910315662266    0.1456955157831133    5.578737444222881e-08
76    0.2913909914672699    0.14569549573363494    7.583685279755059e-08
77    0.291390937466431    0.1456954687332155    1.0283727222559769e-07
78    0.291390864746905    0.1456954323734525    1.3919703523157523e-07
79    0.29139076682185355    0.14569538341092678    1.881595609598552e-07
80    0.2913906349556125    0.14569531747780626    2.5409268147869035e-07
81    0.2913904573841732    0.1456952286920866    3.428784011438868e-07
82    0.29139021826553013    0.14569510913276507    4.624377226702947e-07
83    0.2913898962659497    0.14569494813297484    6.234375128921776e-07
84    0.29138946265649956    0.14569473132824978    8.402422379538699e-07
85    0.29138887874913755    0.14569443937456877    1.1321959189625197e-06
86    0.2913880924450639    0.14569404622253196    1.525347955777523e-06
87    0.29138703358482676    0.14569351679241338    2.0547780743562782e-06
88    0.29138560768973965    0.14569280384486982    2.767725617913719e-06
89    0.2913836875286775    0.14569184376433875    3.7278061489898207e-06
90    0.2913811017713137    0.14569055088565686    5.020684830880917e-06
91    0.29137761969294323    0.14568880984647162    6.761724016118853e-06
92    0.29137293060721375    0.14568646530360688    9.10626688085947e-06
93    0.29136661612451414    0.14568330806225707    1.2263508230664355e-05
94    0.29135811288511004    0.14567905644255502    1.65151279327147e-05
95    0.2913466622408761    0.14567333112043804    2.2240450049698657e-05
96    0.29133124277236405    0.14566562138618203    2.9950184305710392e-05
97    0.29131047901783763    0.14565523950891882    4.033206156892066e-05
98    0.29128251940958017    0.14564125970479008    5.431186569765378e-05
99    0.2912448707219621    0.14562243536098105    7.31362095066912e-05
100    0.2911941777057967    0.14559708885289835    9.848271758938765e-05
101    0.29112592284110106    0.14556296142055053    0.00013261014993720677
102    0.2910340298434742    0.1455170149217371    0.00017855664875063293
103    0.29091031935763784    0.14545515967881892    0.00024041189166881805
104    0.29074379980699816    0.14537189990349908    0.00032367166698865635
105    0.29051968166868547    0.14525984083434273    0.00043573073614500135
106    0.29021812258761975    0.14510906129380988    0.0005865102766778596
107    0.28981244644150683    0.14490622322075342    0.0007893483497343201
108    0.28926696564211674    0.14463348282105837    0.0010620887494293685
109    0.28853377942231817    0.14426688971115909    0.001428681859328651
110    0.28754913192466786    0.14377456596233393    0.0019210056081538085
111    0.2862277136704964    0.1431138568352482    0.0025817147352395486
112    0.28445701245775146    0.14222850622887573    0.003467065341612008
113    0.2820873650398502    0.1410436825199251    0.00465188905056263
114    0.2789246312755464    0.1394623156377732    0.006233255932714538
115    0.27471342328274906    0.13735671164137453    0.008338859929113207
116    0.26913242092460427    0.13456621046230213    0.011129361108185604
117    0.26176759283280104    0.13088379641640052    0.014811775154087214
118    0.2521272098045113    0.12606360490225565    0.01963196666823208
119    0.23960059206021497    0.11980029603010749    0.02589527554038025
120    0.22353923680393817    0.11176961840196908    0.03392595316851865
121    0.20317620873772005    0.10158810436886002    0.04410746720162771
122    0.17783317467540208    0.08891658733770104    0.0567789842327867
123    0.14654069479765358    0.07327034739882679    0.07242522417166095
124    0.10756372859086813    0.053781864295434065    0.09191370727505367
125    0.0    0.02293877009933496    0.12275680147115278
126    0.0    0.013678478861475973    0.13201709270901177
127    0.0    0.00874000054921445    0.1369555710212733
128    0.0    0.005721306798988797    0.13997426477149894
129    0.0    0.0037827463383706223    0.14191282523211712
130    0.0    0.002512040706026999    0.14318353086446073
131    0.0    0.0016715297132968744    0.14402404185719087
132    0.0    0.0011132760853282582    0.14458229548515947
133    0.0    0.0007417862708172223    0.1449537852996705
134    0.0    0.0004943588770468174    0.1452012126934409
135    0.0    0.0003294936269748064    0.14536607794351292
136    0.0    0.0002196195686391426    0.1454759520018486
137    0.0    0.00014638754989843364    0.1455491840205893
138    0.0    9.757566677067245e-05    0.14559799590371705
139    0.0    6.504005896055837e-05    0.1456305315115272
140    0.0    4.335321127844384e-05    0.1456522183592093
141    0.0    2.889761921688128e-05    0.14566667395127086
142    0.0    1.9262074833173003e-05    0.14567630949565458
143    0.0    1.2839383357784919e-05    0.14568273218712996
144    0.0    8.55825678619613e-06    0.14568701331370154
145    0.0    5.704616870228982e-06    0.14568986695361752
146    0.0    3.802486326586439e-06    0.14569176908416115
147    0.0    2.5345965827378546e-06    0.145693036973905
148    0.0    1.689468237104936e-06    0.14569388210225062
149    0.0    1.1261369760465559e-06    0.14569444543351168
150    0.0    7.50641215162013e-07    0.14569482092927258
151    0.0    5.003496431768908e-07    0.14569507122084455
152    0.0    3.335145478495713e-07    0.1456952380559399
153    0.0    2.2230845000796584e-07    0.14569534926203773
154    0.0    1.4818258242243337e-07    0.1456954233879053
155    0.0    9.877302331031887e-08    0.14569547279746442
156    0.0    6.583844059044122e-08    0.14569550573204715
157    0.0    4.388546703815166e-08    0.1456955276850207
158    0.0    2.9252427512400925e-08    0.14569554231806023
159    0.0    1.94985851618458e-08    0.14569555207190257
160    0.0    1.299703496692936e-08    0.14569555857345276
161    0.0    8.663342398497476e-09    0.14569556290714533
162    0.0    5.774663391997642e-09    0.14569556579582435
163    0.0    3.849176790238912e-09    0.14569556772131095
164    0.0    2.5657187338254395e-09    0.14569556900476902
165    0.0    1.7102131854782043e-09    0.14569556986027454
166    0.0    1.139964705965113e-09    0.14569557043052303
167    0.0    7.598583650313129e-10    0.14569557081062937
168    0.0    5.064935762466583e-10    0.14569557106399417
169    0.0    3.376099820713574e-10    0.14569557123287774
170    0.0    2.2503855766700664e-10    0.14569557134544917
171    0.0    1.5000246617741242e-10    0.14569557142048528
172    0.0    9.998649651288272e-11    0.14569557147050125
173    0.0    6.664791635246914e-11    0.14569557150383983
174    0.0    4.4426030779490255e-11    0.14569557152606172
175    0.0    2.9614245951326e-11    0.14569557154087348
176    0.0    1.974187133213512e-11    0.14569557155074586
177    0.0    1.3162341659309074e-11    0.1456955715573254
178    0.0    8.778595255234944e-12    0.14569557156170915
179    0.0    5.858810398634562e-12    0.14569557156462892
180    0.0    3.9163665799951675e-12    0.14569557156657137
181    0.0    2.627181024811298e-12    0.14569557156786056
182    0.0    1.7762141583943514e-12    0.14569557156871152
183    0.0    1.22136480616708e-12    0.14569557156926638
184    0.0    8.703883967731141e-13    0.14569557156961735
185    0.0    6.646467230753128e-13    0.1456955715698231
186    0.0    5.696484950412639e-13    0.14569557156991808
187    0.0    5.695405085048844e-13    0.1456955715699182
188    0.0    6.644791054194465e-13    0.14569557156982327
189    0.0    8.70395335667018e-13    0.14569557156961735
190    0.0    1.221486887331702e-12    0.14569557156926624
191    0.0    1.7763026292916262e-12    0.14569557156871143
192    0.0    2.627113370595735e-12    0.14569557156786062
193    0.0    3.916309984641764e-12    0.14569557156657142
194    0.0    5.858780691495036e-12    0.14569557156462895
195    0.0    8.77856077760586e-12    0.14569557156170918
196    0.0    1.3162503205432774e-11    0.14569557155732524
197    0.0    1.9742027023567088e-11    0.14569557155074572
198    0.0    2.961410457136271e-11    0.14569557154087362
199    0.0    4.442612076827057e-11    0.1456955715260616
200    0.0    6.664794931221518e-11    0.1456955715038398
201    0.0    9.998670598074244e-11    0.14569557147050102
202    0.0    1.500024566364333e-10    0.14569557142048528
203    0.0    2.250385359829632e-10    0.1456955713454492
204    0.0    3.376100128626991e-10    0.1456955712328777
205    0.0    5.064936122421704e-10    0.1456955710639941
206    0.0    7.598583264337155e-10    0.14569557081062942
207    0.0    1.1399649423211866e-09    0.14569557043052278
208    0.0    1.7102129499894925e-09    0.1456955698602748
209    0.0    2.5657187962754846e-09    0.14569556900476893
210    0.0    3.849176833606999e-09    0.1456955677213109
211    0.0    5.774663260158658e-09    0.1456955657958245
212    0.0    8.663342428855136e-09    0.1456955629071453
213    0.0    1.299703507665062e-08    0.14569555857345265
214    0.0    1.9498585170519417e-08    0.14569555207190257
215    0.0    2.9252427524110308e-08    0.1456955423180602
216    0.0    4.388546696832904e-08    0.14569552768502078
217    0.0    6.583844067153954e-08    0.14569550573204706
218    0.0    9.877302334848279e-08    0.1456954727974644
219    0.0    1.481825825351904e-07    0.1456954233879052
220    0.0    2.2230845001533842e-07    0.14569534926203773
221    0.0    3.335145480126353e-07    0.14569523805593973
222    0.0    5.003496430784453e-07    0.14569507122084466
223    0.0    7.506412151234154e-07    0.1456948209292726
224    0.0    1.1261369761480372e-06    0.1456944454335116
225    0.0    1.6894682370797824e-06    0.14569388210225065
226    0.0    2.5345965826207607e-06    0.14569303697390512
227    0.0    3.802486326525724e-06    0.1456917690841612
228    0.0    5.704616870338269e-06    0.1456898669536174
229    0.0    8.558256786199165e-06    0.14568701331370154
230    0.0    1.283938335807722e-05    0.14568273218712965
231    0.0    1.92620748331266e-05    0.1456763094956546
232    0.0    2.889761921696975e-05    0.14566667395127075
233    0.0    4.3353211278221795e-05    0.14565221835920952
234    0.0    6.5040058960672e-05    0.14563053151152705
235    0.0    9.757566677047469e-05    0.14559799590371725
236    0.0    0.00014638754989851083    0.14554918402058922
237    0.0    0.00021961956863889628    0.14547595200184885
238    0.0    0.0003294936269749313    0.1453660779435128
239    0.0    0.0004943588770467723    0.14520121269344097
240    0.0    0.0007417862708172813    0.14495378529967046
241    0.0    0.0011132760853281125    0.14458229548515963
242    0.0    0.0016715297132967183    0.14402404185719103
243    0.0    0.002512040706026876    0.14318353086446087
244    0.0    0.0037827463383703006    0.14191282523211743
245    0.0    0.00572130679898872    0.13997426477149902
246    0.0    0.008740000549214332    0.1369555710212734
247    0.0    0.013678478861476013    0.1320170927090117
248    0.0    0.02293877009933497    0.12275680147115277
249    0.1075637285908678    0.0537818642954339    0.09191370727505384
