0    0.12901416468394158    0.06450708234197079    0.07299182098221484
1    0.15826979112264805    0.07913489556132403    0.0583640077628616
2    0.18256536995456438    0.09128268497728219    0.04621621834690344
3    0.2025334120936717    0.10126670604683585    0.036232197277349776
4    0.21864644386270954    0.10932322193135477    0.02817568139283086
5    0.23148156328819974    0.11574078164409987    0.021758121680085757
6    0.24156984940932244    0.12078492470466122    0.01671397861952441
7    0.24943073562223955    0.12471536781111978    0.012783535513065852
8    0.25550548192099404    0.12775274096049702    0.00974616236368861
9    0.26017528927578143    0.13008764463789071    0.007411258686294914
10    0.2637475321824535    0.13187376609122675    0.005625137232958877
11    0.2664717450234987    0.13323587251174934    0.004263030812436286
12    0.2685433421542202    0.1342716710771101    0.0032272322470755233
13    0.2701158527492388    0.1350579263746194    0.002440976949566215
14    0.27130756413480545    0.13565378206740272    0.0018451212567829056
15    0.2722097650758947    0.13610488253794736    0.0013940207862382648
16    0.27289214876465734    0.13644607438232867    0.0010528289418569592
17    0.27340797031715913    0.13670398515857957    0.0007949181656060622
18    0.2737976772357931    0.13689883861789656    0.0006000647062890663
19    0.274092005282242    0.137046002641121    0.0004529006830646387
20    0.27431423026287655    0.13715711513143827    0.0003417881927473554
21    0.2744819837468098    0.1372409918734049    0.00025791145078071787
22    0.27460859577797103    0.13730429788898552    0.00019460543520011253
23    0.27470414596612164    0.13735207298306082    0.00014683034112480953
24    0.274776247655126    0.137388123827563    0.0001107794966226372
25    0.27483065190827344    0.13741532595413672    8.357737004890953e-05
26    0.27487170030371627    0.13743585015185814    6.305317232749297e-05
27    0.2749026705525344    0.1374513352762672    4.756804791841707e-05
28    0.27492603630480383    0.13746301815240192    3.5885171783711645e-05
29    0.27494366445377866    0.13747183222688933    2.707109729629953e-05
30    0.27495696367926975    0.13747848183963488    2.042148455075332e-05
31    0.2749669969317862    0.1374834984658931    1.5404858292517032e-05
32    0.2749745661913867    0.13748728309569336    1.1620228492270623e-05
33    0.27498027654645696    0.13749013827322848    8.765050957149079e-06
34    0.2749845845020805    0.13749229225104026    6.611073145368351e-06
35    0.274987834467914    0.137493917233957    4.986090228614737e-06
36    0.2749902862737941    0.13749514313689706    3.7601872885650867e-06
37    0.2749921359416246    0.1374960679708123    2.8353533733371794e-06
38    0.2749935313520386    0.1374967656760193    2.137648166339323e-06
39    0.2749945840678063    0.13749729203390315    1.6112902824771957e-06
40    0.2749953782521654    0.1374976891260827    1.214198102922337e-06
41    0.2749959773981975    0.13749798869909874    9.146250868896644e-07
42    0.2749964294050295    0.13749821470251475    6.886216708801296e-07
43    0.27499677040773046    0.13749838520386523    5.181203203974416e-07
44    0.2749970276664174    0.1374985138332087    3.8949097691531875e-07
45    0.2749972217458923    0.13749861087294615    2.9245123947529983e-07
46    0.2749973681598804    0.1374986840799402    2.192442454251875e-07
47    0.2749974786114381    0.13749873930571904    1.6401846658631314e-07
48    0.2749975619286468    0.1374987809643234    1.2235986221464934e-07
49    0.2749976247704398    0.1374988123852199    9.09389657188786e-08
50    0.2749976721589884    0.1374988360794942    6.724469142627143e-08
51    0.2749977078812209    0.13749885394061045    4.938357517358938e-08
52    0.2749977347915726    0.1374988673957863    3.5928399338969186e-08
53    0.2749977550401829    0.13749887752009146    2.580409416697016e-08
54    0.27499777024478206    0.13749888512239103    1.820179459932625e-08
55    0.2749977816200084    0.1374988908100042    1.2514181441103389e-08
56    0.274997790074507    0.1374988950372535    8.286932140499914e-09
57    0.2749977962835502    0.1374988981417751    5.182410528492554e-09
58    0.2749978007430238    0.1374989003715119    2.952673716638543e-09
59    0.2749978038090537    0.13749890190452685    1.4196587794224058e-09
60    0.2749978057264683    0.13749890286323416    4.609514714370988e-10
61    0.2749978066483707    0.13749890332418535    2.7755575615628914e-16
62    0.27499780664837126    0.13749890332418563    0.0
63    0.27499780572646776    0.13749890286323388    4.6095174899285496e-10
64    0.2749978038090533    0.13749890190452665    1.4196589737114351e-09
65    0.274997800743024    0.137498900371512    2.9526736333718162e-09
66    0.2749977962835502    0.1374988981417751    5.182410528492554e-09
67    0.27499779007450575    0.13749889503725288    8.286932751122578e-09
68    0.2749977816200089    0.13749889081000444    1.2514181191303209e-08
69    0.2749977702447814    0.1374988851223907    1.8201794932393156e-08
70    0.2749977550401823    0.13749887752009116    2.580409447228149e-08
71    0.2749977347915724    0.1374988673957862    3.592839942223591e-08
72    0.2749977078812207    0.13749885394061034    4.938357528461168e-08
73    0.2749976721589883    0.13749883607949415    6.724469148178258e-08
74    0.2749976247704394    0.1374988123852197    9.093896594092321e-08
75    0.2749975619286468    0.1374987809643234    1.2235986221464934e-07
76    0.27499747861143836    0.13749873930571918    1.6401846644753526e-07
77    0.27499736815987985    0.13749868407993993    2.1924424570274326e-07
78    0.27499722174589175    0.13749861087294588    2.924512397528556e-07
79    0.2749970276664173    0.13749851383320866    3.894909769708299e-07
80    0.2749967704077305    0.13749838520386526    5.18120320369686e-07
81    0.27499642940502855    0.13749821470251428    6.886216713519744e-07
82    0.27499597739819676    0.13749798869909838    9.146250872504869e-07
83    0.2749953782521651    0.13749768912608254    1.2141981030888704e-06
84    0.2749945840678065    0.13749729203390326    1.6112902823661734e-06
85    0.27499353135203847    0.13749676567601923    2.1376481663948343e-06
86    0.27499213594162475    0.13749606797081237    2.8353533732539127e-06
87    0.27499028627379474    0.13749514313689737    3.7601872882597753e-06
88    0.2749878344679144    0.1374939172339572    4.986090228420448e-06
89    0.2749845845020805    0.13749229225104026    6.611073145368351e-06
90    0.27498027654645696    0.13749013827322848    8.765050957149079e-06
91    0.27497456619138677    0.13748728309569339    1.1620228492242868e-05
92    0.2749669969317859    0.13748349846589294    1.5404858292683565e-05
93    0.27495696367926964    0.13747848183963482    2.0421484550808833e-05
94    0.2749436644537788    0.1374718322268894    2.7071097296216262e-05
95    0.2749260363048031    0.13746301815240156    3.588517178407247e-05
96    0.27490267055253426    0.13745133527626713    4.7568047918500334e-05
97    0.27487170030371544    0.13743585015185772    6.30531723279093e-05
98    0.27483065190827327    0.13741532595413664    8.35773700489928e-05
99    0.2747762476551252    0.1373881238275626    0.00011077949662302577
100    0.27470414596612114    0.13735207298306057    0.00014683034112505933
101    0.2746085957779709    0.13730429788898546    0.00019460543520016804
102    0.2744819837468096    0.1372409918734048    0.0002579114507808289
103    0.27431423026287616    0.13715711513143808    0.0003417881927475497
104    0.27409200528224215    0.13704600264112107    0.00045290068306455544
105    0.27379767723579246    0.13689883861789623    0.0006000647062893993
106    0.273407970317159    0.1367039851585795    0.0007949181656061177
107    0.2728921487646576    0.1364460743823288    0.0010528289418568204
108    0.27220976507589445    0.13610488253794722    0.0013940207862384035
109    0.27130756413480583    0.13565378206740292    0.0018451212567827113
110    0.27011585274923894    0.13505792637461947    0.0024409769495661593
111    0.2685433421542208    0.1342716710771104    0.003227232247075218
112    0.266471745023499    0.1332358725117495    0.004263030812436119
113    0.263747532182454    0.131873766091227    0.005625137232958627
114    0.26017528927578104    0.13008764463789052    0.007411258686295108
115    0.25550548192099426    0.12775274096049713    0.009746162363688499
116    0.24943073562224002    0.12471536781112001    0.012783535513065616
117    0.2415698494093228    0.1207849247046614    0.016713978619524228
118    0.23148156328819988    0.11574078164409994    0.021758121680085687
119    0.21864644386270993    0.10932322193135496    0.028175681392830665
120    0.20253341209367215    0.10126670604683607    0.036232197277349554
121    0.18256536995456404    0.09128268497728202    0.046216218346903606
122    0.15826979112264877    0.07913489556132439    0.05836400776286124
123    0.129014164683942    0.064507082341971    0.07299182098221463
124    0.09350423727573302    0.04675211863786651    0.09074678468631911
125    0.0    0.019602996636368913    0.11789590668781672
126    0.0    0.011420753595684275    0.12607814972850134
127    0.0    0.007107932439289847    0.1303909708848958
128    0.0    0.00452377235652423    0.1329751309676614
129    0.0    0.0029047094575154163    0.1345941938666702
130    0.0    0.0018720962864749247    0.1356268070377107
131    0.0    0.0012085371027295844    0.13629036622145604
132    0.0    0.000780734913323972    0.13671816841086165
133    0.0    0.0005045287055560153    0.13699437461862962
134    0.0    0.00032608443106619135    0.13717281889311944
135    0.0    0.00021076667096127724    0.13728813665322434
136    0.0    0.00013623421886559475    0.13736266910532002
137    0.0    8.805946248236808e-05    0.13741084386170327
138    0.0    5.692045242992102e-05    0.1374419828717557
139    0.0    3.679270955831565e-05    0.13746211061462732
140    0.0    2.3782401182116143e-05    0.1374751209230035
141    0.0    1.5372689444898783e-05    0.13748353063474072
142    0.0    9.936744133794834e-06    0.13748896658005183
143    0.0    6.423007150049408e-06    0.1374924803170356
144    0.0    4.15176462338759e-06    0.13749475155956223
145    0.0    2.6836572723683283e-06    0.13749621966691325
146    0.0    1.7346880361980913e-06    0.13749716863614944
147    0.0    1.1212842368183047e-06    0.1374977820399488
148    0.0    7.247864257406249e-07    0.1374981785377599
149    0.0    4.684943804081354e-07    0.13749843482980523
150    0.0    3.0282987723397395e-07    0.1374986004943084
151    0.0    1.9574607182815812e-07    0.1374987075781138
152    0.0    1.2652821762722255e-07    0.137498776795968
153    0.0    8.178651934387729e-08    0.1374988215376663
154    0.0    5.2865952326289906e-08    0.1374988504582333
155    0.0    3.417199988383843e-08    0.13749886915218573
156    0.0    2.2088423860811002e-08    0.13749888123576176
157    0.0    1.4277726765633825e-08    0.13749888904645885
158    0.0    9.228973527238005e-09    0.1374988940952121
159    0.0    5.965512191868916e-09    0.13749889735867343
160    0.0    3.856044758672461e-09    0.13749889946814087
161    0.0    2.492507090480489e-09    0.13749890083167854
162    0.0    1.6111305258664776e-09    0.1374989017130551
163    0.0    1.0414180242994397e-09    0.1374989022827676
164    0.0    6.731616522884232e-10    0.13749890265102396
165    0.0    4.3512477171728237e-10    0.13749890288906086
166    0.0    2.8126008379952827e-10    0.13749890304292556
167    0.0    1.81803695795818e-10    0.13749890314238195
168    0.0    1.17515911498417e-10    0.13749890320666971
169    0.0    7.596112714530756e-11    0.1374989032482245
170    0.0    4.91003496541631e-11    0.13749890327508527
171    0.0    3.17381659148408e-11    0.13749890329244746
172    0.0    2.0515090928124868e-11    0.13749890330367054
173    0.0    1.3260883493723674e-11    0.13749890331092474
174    0.0    8.571767210960313e-12    0.13749890331561387
175    0.0    5.540879170415347e-12    0.13749890331864476
176    0.0    3.581735168872724e-12    0.13749890332060388
177    0.0    2.3156494083353962e-12    0.13749890332186998
178    0.0    1.497258914073818e-12    0.13749890332268838
179    0.0    9.68749819946213e-13    0.13749890332321688
180    0.0    6.273579745974533e-13    0.13749890332355827
181    0.0    4.0748849607086246e-13    0.13749890332377815
182    0.0    2.662876429776473e-13    0.13749890332391934
183    0.0    1.7688953600492052e-13    0.13749890332400874
184    0.0    1.2144950843617774e-13    0.13749890332406417
185    0.0    8.968216794191797e-14    0.13749890332409595
186    0.0    7.494829409870896e-14    0.1374989033241107
187    0.0    7.524818441961845e-14    0.13749890332411038
188    0.0    8.958632446987025e-14    0.13749890332409603
189    0.0    1.2146533778789603e-13    0.13749890332406417
190    0.0    1.7678046526636848e-13    0.13749890332400885
191    0.0    2.6632147008542884e-13    0.1374989033239193
192    0.0    4.0760992671418084e-13    0.137498903323778
193    0.0    6.274436265690797e-13    0.13749890332355819
194    0.0    9.685501099060412e-13    0.13749890332321707
195    0.0    1.4972721413403223e-12    0.13749890332268835
196    0.0    2.3154911148182133e-12    0.13749890332187015
197    0.0    3.581837300717372e-12    0.1374989033206038
198    0.0    5.54086724419145e-12    0.13749890331864476
199    0.0    8.571769596205092e-12    0.13749890331561385
200    0.0    1.3260998852834827e-11    0.13749890331092463
201    0.0    2.0515127357317864e-11    0.1374989033036705
202    0.0    3.1738124715158245e-11    0.13749890329244752
203    0.0    4.9100480625785536e-11    0.13749890327508515
204    0.0    7.596101525564336e-11    0.1374989032482246
205    0.0    1.1751594402448218e-10    0.1374989032066697
206    0.0    1.8180364115202852e-10    0.137498903142382
207    0.0    2.812602065312142e-10    0.13749890304292542
208    0.0    4.3512480858015623e-10    0.13749890288906083
209    0.0    6.731617932347056e-10    0.13749890265102382
210    0.0    1.0414179297570103e-09    0.1374989022827677
211    0.0    1.6111307370690608e-09    0.1374989017130549
212    0.0    2.4925071854565994e-09    0.13749890083167846
213    0.0    3.856044860587465e-09    0.13749889946814076
214    0.0    5.965512102964338e-09    0.13749889735867352
215    0.0    9.22897371935863e-09    0.1374988940952119
216    0.0    1.4277726674560842e-08    0.13749888904645896
217    0.0    2.2088424085457692e-08    0.13749888123576154
218    0.0    3.41719998617207e-08    0.13749886915218576
219    0.0    5.2865952305473224e-08    0.13749885045823332
220    0.0    8.178651923112026e-08    0.1374988215376664
221    0.0    1.2652821779115392e-07    0.13749877679596784
222    0.0    1.957460718129793e-07    0.1374987075781138
223    0.0    3.028298773441289e-07    0.1374986004943083
224    0.0    4.6849438022772416e-07    0.1374984348298054
225    0.0    7.247864259054236e-07    0.13749817853775972
226    0.0    1.1212842366838636e-06    0.13749778203994895
227    0.0    1.734688036313884e-06    0.1374971686361493
228    0.0    2.683657272262944e-06    0.13749621966691336
229    0.0    4.151764623316033e-06    0.1374947515595623
230    0.0    6.42300715008497e-06    0.13749248031703554
231    0.0    9.936744133879835e-06    0.13748896658005175
232    0.0    1.537268944495863e-05    0.13748353063474067
233    0.0    2.378240118209099e-05    0.13747512092300354
234    0.0    3.6792709558215904e-05    0.1374621106146274
235    0.0    5.6920452430024235e-05    0.1374419828717556
236    0.0    8.805946248221716e-05    0.1374108438617034
237    0.0    0.00013623421886564246    0.13736266910532
238    0.0    0.00021076667096124168    0.1372881366532244
239    0.0    0.0003260844310662911    0.13717281889311933
240    0.0    0.0005045287055561757    0.13699437461862946
241    0.0    0.000780734913324076    0.13671816841086154
242    0.0    0.001208537102729547    0.13629036622145607
243    0.0    0.0018720962864748779    0.13562680703771074
244    0.0    0.002904709457515379    0.13459419386667024
245    0.0    0.004523772356524103    0.13297513096766153
246    0.0    0.007107932439289863    0.13039097088489576
247    0.0    0.011420753595684445    0.12607814972850118
248    0.0    0.0196029966363689    0.11789590668781673
249    0.09350423727573302    0.04675211863786651    0.09074678468631911
