0    0.06537374263194373    0.032686871315971866    0.06638688599416631
1    0.0832287289419067    0.04161436447095335    0.05745939283918483
2    0.09943037612589105    0.049715188062945524    0.04935856924719265
3    0.11399003287453019    0.056995016437265095    0.04207874087287308
4    0.12689602964146096    0.06344801482073048    0.0356257424894077
5    0.13819265592519997    0.06909632796259998    0.029977429347538193
6    0.1479660269039796    0.0739830134519898    0.025090743858148384
7    0.15633852224321892    0.07816926112160946    0.020904496188528715
8    0.16344939095645114    0.08172469547822557    0.017349061831912607
9    0.16944553546653682    0.08472276773326841    0.014350989576869769
10    0.17447085185308278    0.08723542592654139    0.011838331383596787
11    0.178661269754025    0.0893306348770125    0.009743122433125681
12    0.1821406852980956    0.0910703426490478    0.008003414661090377
13    0.18501966015746132    0.09250983007873066    0.006563927231407515
14    0.18739490376413406    0.09369745188206703    0.005376305428071146
15    0.18934989444719763    0.09467494722359882    0.004398810086539362
16    0.19095582858317614    0.09547791429158807    0.0035958430185501072
17    0.19227291074695274    0.09613645537347637    0.002937301936661807
18    0.19335166970908244    0.09667583485454122    0.0023979224555969597
19    0.19423427732335596    0.09711713866167798    0.0019566186484601955
20    0.19495576218656124    0.09747788109328062    0.0015958762168575558
21    0.1955451129362869    0.09777255646814345    0.0013012008419947263
22    0.19602624532240678    0.09801312266120339    0.0010606346489347857
23    0.1964188421738082    0.0982094210869041    0.0008643362232340773
24    0.19673906979323552    0.09836953489661776    0.0007042224135204167
25    0.19700018495187863    0.09850009247593931    0.0005736648341988643
26    0.19721304408466586    0.09860652204233293    0.0004672352678052466
27    0.19738652847722551    0.09869326423861276    0.0003804930715254201
28    0.19752789725294198    0.09876394862647099    0.00030980868366718706
29    0.19764307949034216    0.09882153974517108    0.0002522175649670999
30    0.19773691512168082    0.09886845756084041    0.00020529974929776873
31    0.19781335316385557    0.09890667658192778    0.00016708072821039477
32    0.1978756144838675    0.09893780724193375    0.000135950068204424
33    0.19792632524871484    0.09896316262435742    0.00011059468578075715
34    0.1979676261886359    0.09898381309431795    8.994421582023127e-05
35    0.1980012619694454    0.0990006309847227    7.312632541547903e-05
36    0.19802865423006483    0.09901432711503241    5.943019510576408e-05
37    0.19805096123147403    0.09902548061573702    4.8276694401161446e-05
38    0.1980691265431737    0.09903456327158686    3.91940385513212e-05
39    0.19808391876429812    0.09904195938214906    3.179792798911618e-05
40    0.19809596391790993    0.09904798195895496    2.577535118321317e-05
41    0.19810577186200384    0.09905288593100192    2.0871379136255808e-05
42    0.19811375781673995    0.09905687890836998    1.687840176819999e-05
43    0.19812025990721213    0.09906012995360607    1.3627356532111556e-05
44    0.19812555345648436    0.09906277672824218    1.0980581895997377e-05
45    0.19812986262884608    0.09906493131442304    8.825995715139312e-06
46    0.19813336991284952    0.09906668495642476    7.072353713416524e-06
47    0.19813622384346144    0.09906811192173072    5.645388407457541e-06
48    0.19813854528884278    0.09906927264442139    4.484665716786296e-06
49    0.19814043256706318    0.09907021628353159    3.541026606587727e-06
50    0.19814196560880115    0.09907098280440058    2.774505737601629e-06
51    0.19814320934193352    0.09907160467096676    2.1526391714155046e-06
52    0.19814421644109537    0.09907210822054768    1.649089590494146e-06
53    0.19814502955851426    0.09907251477925713    1.2425308810459779e-06
54    0.19814568313047148    0.09907284156523574    9.157449024355113e-07
55    0.1981462048358701    0.09907310241793504    6.54892203133528e-07
56    0.19814661676861453    0.09907330838430727    4.489258309120503e-07
57    0.1981469363734679    0.09907346818673395    2.8912340423181693e-07
58    0.1981471771849806    0.0990735885924903    1.687176478804009e-07
59    0.19814734940080728    0.09907367470040364    8.260973453910747e-08
60    0.1981474603136689    0.09907373015683445    2.7153303730487188e-08
61    0.19814751462027652    0.09907375731013826    8.326672684688674e-17
62    0.19814751462027635    0.09907375731013818    0.0
63    0.19814746031366948    0.09907373015683474    2.7153303439053644e-08
64    0.19814734940080708    0.09907367470040354    8.260973463625199e-08
65    0.19814717718498087    0.09907358859249044    1.68717647741623e-07
66    0.19814693637346817    0.09907346818673408    2.8912340409303905e-07
67    0.19814661676861497    0.09907330838430749    4.489258306900057e-07
68    0.19814620483586987    0.09907310241793493    6.548922032445503e-07
69    0.19814568313047232    0.09907284156523616    9.157449020191777e-07
70    0.19814502955851407    0.09907251477925703    1.2425308811431224e-06
71    0.19814421644109553    0.09907210822054777    1.6490895904108793e-06
72    0.19814320934193327    0.09907160467096664    2.1526391715404047e-06
73    0.19814196560880187    0.09907098280440094    2.7745057372408066e-06
74    0.19814043256706346    0.09907021628353173    3.5410266064489493e-06
75    0.19813854528884306    0.09906927264442153    4.484665716647518e-06
76    0.19813622384346125    0.09906811192173062    5.645388407554686e-06
77    0.19813336991285047    0.09906668495642523    7.072353712944679e-06
78    0.1981298626288461    0.09906493131442305    8.825995715125434e-06
79    0.19812555345648455    0.09906277672824228    1.0980581895900232e-05
80    0.19812025990721194    0.09906012995360597    1.3627356532208701e-05
81    0.19811375781673973    0.09905687890836987    1.6878401768311013e-05
82    0.19810577186200373    0.09905288593100187    2.087137913631132e-05
83    0.1980959639179098    0.0990479819589549    2.5775351183282558e-05
84    0.19808391876429815    0.09904195938214908    3.1797927989102304e-05
85    0.1980691265431735    0.09903456327158675    3.919403855143222e-05
86    0.19805096123147367    0.09902548061573684    4.827669440134186e-05
87    0.19802865423006494    0.09901432711503247    5.943019510570857e-05
88    0.19800126196944548    0.09900063098472274    7.31263254154374e-05
89    0.19796762618863575    0.09898381309431788    8.994421582030065e-05
90    0.197926325248715    0.0989631626243575    0.00011059468578067388
91    0.1978756144838671    0.09893780724193355    0.00013595006820463218
92    0.19781335316385537    0.09890667658192769    0.0001670807282104919
93    0.19773691512168093    0.09886845756084046    0.00020529974929771322
94    0.19764307949034204    0.09882153974517102    0.0002522175649671554
95    0.19752789725294223    0.09876394862647112    0.00030980868366706216
96    0.19738652847722607    0.09869326423861303    0.00038049307152514256
97    0.19721304408466628    0.09860652204233314    0.00046723526780503843
98    0.19700018495187804    0.09850009247593902    0.0005736648341991557
99    0.1967390697932355    0.09836953489661775    0.0007042224135204306
100    0.19641884217380834    0.09820942108690417    0.0008643362232340079
101    0.19602624532240698    0.09801312266120349    0.0010606346489346885
102    0.1955451129362869    0.09777255646814345    0.0013012008419947263
103    0.19495576218656124    0.09747788109328062    0.0015958762168575558
104    0.1942342773233557    0.09711713866167784    0.0019566186484603343
105    0.1933516697090829    0.09667583485454145    0.002397922455596724
106    0.19227291074695282    0.09613645537347641    0.0029373019366617653
107    0.19095582858317656    0.09547791429158828    0.003595843018549899
108    0.18934989444719796    0.09467494722359898    0.0043988100865391955
109    0.18739490376413426    0.09369745188206713    0.005376305428071049
110    0.18501966015746132    0.09250983007873066    0.006563927231407515
111    0.18214068529809546    0.09107034264904773    0.008003414661090447
112    0.17866126975402521    0.08933063487701261    0.00974312243312557
113    0.17447085185308261    0.08723542592654131    0.01183833138359687
114    0.16944553546653707    0.08472276773326853    0.014350989576869644
115    0.16344939095645092    0.08172469547822546    0.017349061831912718
116    0.15633852224321865    0.07816926112160932    0.020904496188528854
117    0.1479660269039792    0.0739830134519896    0.02509074385814858
118    0.13819265592519991    0.06909632796259996    0.02997742934753822
119    0.12689602964146085    0.06344801482073043    0.03562574248940775
120    0.11399003287453047    0.056995016437265233    0.042078740872872944
121    0.09943037612589074    0.04971518806294537    0.049358569247192806
122    0.08322872894190707    0.041614364470953534    0.05745939283918464
123    0.06537374263194369    0.032686871315971845    0.06638688599416634
124    0.04547836229127658    0.02273918114563829    0.07633457616449989
125    0.0    0.009033756625875418    0.09004000068426277
126    0.0    0.004894620161156507    0.09417913714898167
127    0.0    0.002808646981577366    0.0962651103285608
128    0.0    0.001640214868439606    0.09743354244169858
129    0.0    0.0009638199022449327    0.09810993740789324
130    0.0    0.0005676697075360903    0.09850608760260209
131    0.0    0.0003346415619624576    0.09873911574817572
132    0.0    0.00019733891488223684    0.09887641839525595
133    0.0    0.00011638672179277356    0.0989573705883454
134    0.0    6.864623061115464e-05    0.09900511107952702
135    0.0    4.048915968076373e-05    0.09903326815045742
136    0.0    2.388164696648029e-05    0.0990498756631717
137    0.0    1.4086111766981914e-05    0.0990596711983712
138    0.0    8.30842132761066e-06    0.09906544888881057
139    0.0    4.900564384049434e-06    0.09906885674575412
140    0.0    2.890505281396335e-06    0.09907086680485679
141    0.0    1.7049100330757475e-06    0.0990720524001051
142    0.0    1.0056090614285647e-06    0.09907275170107675
143    0.0    5.931395651308409e-07    0.09907316417057305
144    0.0    3.498522028180448e-07    0.09907340745793536
145    0.0    2.0635373392668965e-07    0.09907355095640424
146    0.0    1.2171386426073488e-07    0.09907363559627391
147    0.0    7.179063088577284e-08    0.09907368551950729
148    0.0    4.2344351863007196e-08    0.09907371496578632
149    0.0    2.497601853503409e-08    0.09907373233411965
150    0.0    1.473163424754731e-08    0.09907374257850393
151    0.0    8.689177116542879e-09    0.09907374862096106
152    0.0    5.1251475242583555e-09    0.09907375218499065
153    0.0    3.0229716425390907e-09    0.09907375428716654
154    0.0    1.7830430140176878e-09    0.09907375552709516
155    0.0    1.0516943991026317e-09    0.09907375625844378
156    0.0    6.203221877137954e-10    0.099073756689816
157    0.0    3.6588526999836724e-10    0.09907375694425291
158    0.0    2.1581066057471676e-10    0.09907375709432752
159    0.0    1.2729176003187237e-10    0.09907375718284642
160    0.0    7.508072765935458e-11    0.09907375723505744
161    0.0    4.428498236522249e-11    0.0990737572658532
162    0.0    2.6120661623246777e-11    0.09907375728401752
163    0.0    1.5406722338878742e-11    0.09907375729473146
164    0.0    9.087422654652233e-12    0.09907375730105075
165    0.0    5.360084338185134e-12    0.09907375730477809
166    0.0    3.1613956244513908e-12    0.09907375730697678
167    0.0    1.8648194967385567e-12    0.09907375730827336
168    0.0    1.099981867744293e-12    0.0990737573090382
169    0.0    6.48739959321909e-13    0.09907375730948943
170    0.0    3.826615673635514e-13    0.09907375730975551
171    0.0    2.257094251084668e-13    0.09907375730991247
172    0.0    1.3317168548465652e-13    0.099073757310005
173    0.0    7.849515308577804e-14    0.09907375731005968
174    0.0    4.634227029898241e-14    0.09907375731009184
175    0.0    2.7396271015667217e-14    0.09907375731011078
176    0.0    1.614767347613011e-14    0.09907375731012202
177    0.0    9.558326352632207e-15    0.09907375731012862
178    0.0    5.5498140805188e-15    0.09907375731013263
179    0.0    3.3818434164167854e-15    0.09907375731013479
180    0.0    1.8596235662471372e-15    0.09907375731013632
181    0.0    1.1765761975812694e-15    0.099073757310137
182    0.0    7.066829760260518e-16    0.09907375731013747
183    0.0    4.0354004859910475e-16    0.09907375731013777
184    0.0    1.476683358925257e-16    0.09907375731013802
185    0.0    1.949395506128937e-16    0.09907375731013798
186    0.0    1.0928757898653885e-16    0.09907375731013807
187    0.0    2.949029909160572e-17    0.09907375731013815
188    0.0    3.0357660829594124e-17    0.09907375731013815
189    0.0    3.5540147214074835e-16    0.09907375731013782
190    0.0    4.670742959067553e-16    0.0990737573101377
191    0.0    7.504847437944662e-16    0.09907375731013743
192    0.0    1.1460016963171782e-15    0.09907375731013703
193    0.0    1.9435408143975152e-15    0.09907375731013623
194    0.0    3.3148397221571813e-15    0.09907375731013486
195    0.0    5.6345986904071665e-15    0.09907375731013254
196    0.0    9.439714634962293e-15    0.09907375731012874
197    0.0    1.6109726400093116e-14    0.09907375731012207
198    0.0    2.73227621083727e-14    0.09907375731011085
199    0.0    4.625141415692813e-14    0.09907375731009192
200    0.0    7.845612180756856e-14    0.09907375731005973
201    0.0    1.331734202081325e-13    0.099073757310005
202    0.0    2.2557368299647163e-13    0.09907375730991261
203    0.0    3.827144764295687e-13    0.09907375730975547
204    0.0    6.489210210847141e-13    0.09907375730948925
205    0.0    1.0999690741586576e-12    0.09907375730903821
206    0.0    1.8648398797393995e-12    0.09907375730827334
207    0.0    3.161595117651128e-12    0.09907375730697658
208    0.0    5.3601029864625005e-12    0.09907375730477808
209    0.0    9.087433062993089e-12    0.09907375730105074
210    0.0    1.540673144617699e-11    0.09907375729473145
211    0.0    2.6120653383310266e-11    0.09907375728401753
212    0.0    4.428494767075297e-11    0.09907375726585323
213    0.0    7.508078230314408e-11    0.09907375723505739
214    0.0    1.272919721018173e-10    0.09907375718284621
215    0.0    2.1581059769099076e-10    0.09907375709432759
216    0.0    3.6588532594319934e-10    0.09907375694425286
217    0.0    6.203221690655181e-10    0.09907375668981601
218    0.0    1.0516943193053518e-09    0.09907375625844386
219    0.0    1.7830430422069443e-09    0.09907375552709513
220    0.0    3.022971701519689e-09    0.09907375428716647
221    0.0    5.1251475671927615e-09    0.09907375218499061
222    0.0    8.689177134323794e-09    0.09907374862096105
223    0.0    1.4731634275302885e-08    0.0990737425785039
224    0.0    2.4976018612662965e-08    0.09907373233411956
225    0.0    4.23443519740295e-08    0.09907371496578621
226    0.0    7.179063094128399e-08    0.09907368551950724
227    0.0    1.2171386421389735e-07    0.09907363559627397
228    0.0    2.0635373389763303e-07    0.09907355095640429
229    0.0    3.4985220271049194e-07    0.09907340745793547
230    0.0    5.931395651338767e-07    0.09907316417057305
231    0.0    1.0056090614394067e-06    0.09907275170107674
232    0.0    1.704910032978603e-06    0.09907205240010519
233    0.0    2.890505281314803e-06    0.09907086680485687
234    0.0    4.900564384030786e-06    0.09906885674575415
235    0.0    8.308421327488796e-06    0.09906544888881069
236    0.0    1.4086111767157121e-05    0.09905967119837102
237    0.0    2.388164696626085e-05    0.09904987566317192
238    0.0    4.048915968084092e-05    0.09903326815045733
239    0.0    6.864623061108958e-05    0.09900511107952709
240    0.0    0.00011638672179290887    0.09895737058834526
241    0.0    0.00019733891488223163    0.09887641839525595
242    0.0    0.0003346415619624489    0.09873911574817573
243    0.0    0.0005676697075360244    0.09850608760260215
244    0.0    0.0009638199022448026    0.09810993740789338
245    0.0    0.0016402148684392989    0.09743354244169888
246    0.0    0.0028086469815775507    0.09626511032856062
247    0.0    0.004894620161156513    0.09417913714898167
248    0.0    0.009033756625875565    0.09004000068426261
249    0.04547836229127643    0.022739181145638214    0.07633457616449996
