##delta---free_energy
0.0 0.0
0.00202020202020202 -2.709326683316249e-06
0.00404040404040404 -9.798003238756792e-06
0.006060606060606061 -2.0094632720201845e-05
0.00808080808080808 -3.3002716239025175e-05
0.0101010101010101 -4.813799499675042e-05
0.012121212121212121 -6.520768489190232e-05
0.014141414141414142 -8.397351557596266e-05
0.01616161616161616 -0.00010423436489031701
0.01818181818181818 -0.00012581617555770209
0.0202020202020202 -0.0001485655068156575
0.022222222222222223 -0.00017234515136078699
0.024242424242424242 -0.00019703101844265804
0.026262626262626262 -0.00022250983738376817
0.028282828282828285 -0.00024867741639423
0.030303030303030304 -0.000275437290775244
0.03232323232323232 -0.00030269965234197115
0.03434343434343434 -0.0003303804870361091
0.03636363636363636 -0.0003584008699997412
0.03838383838383838 -0.0003866863819439459
0.0404040404040404 -0.0004151666204752473
0.04242424242424243 -0.0004437747868305451
0.044444444444444446 -0.0004724473332594243
0.046464646464646465 -0.0005011236597320021
0.048484848484848485 -0.0005297458511797686
0.050505050505050504 -0.0005582584483554456
0.052525252525252523 -0.0005866082468053265
0.05454545454545454 -0.0006147441195410011
0.05656565656565657 -0.0006426168598200093
0.05858585858585859 -0.0006701790411079855
0.06060606060606061 -0.0006973848918069052
0.06262626262626263 -0.0007241901827442234
0.06464646464646465 -0.0007505521257426154
0.06666666666666667 -0.0007764292818678768
0.06868686868686869 -0.0008017814781578636
0.0707070707070707 -0.0008265697318174716
0.07272727272727272 -0.000850756181017914
0.07474747474747474 -0.0008743040215492783
0.07676767676767676 -0.000897177448690627
0.07878787878787878 -0.0009193416037335283
0.0808080808080808 -0.000940762524679485
0.08282828282828283 -0.0009614071006894847
0.08484848484848485 -0.0009812430299093648
0.08686868686868687 -0.001000238780349946
0.08888888888888889 -0.001018363553531799
0.09090909090909091 -0.0010355872506427205
0.09292929292929293 -0.0010518804409787208
0.09494949494949495 -0.0010672143324670742
0.09696969696969697 -0.0010815607440995336
0.09898989898989899 -0.0010948920801040459
0.10101010101010101 -0.0011071813057187683
0.10303030303030303 -0.0011184019244369664
0.10505050505050505 -0.0011285279566068311
0.10707070707070707 -0.001137533919276393
0.10909090909090909 -0.0011453948071984995
0.1111111111111111 -0.001152086074895351
0.11313131313131314 -0.001157583619719162
0.11515151515151516 -0.0011618637658245916
0.11717171717171718 -0.0011649032489985983
0.1191919191919192 -0.0011666792022788286
0.12121212121212122 -0.0011671691423175616
0.12323232323232323 -0.001166350956425049
0.12525252525252525 -0.001164202890265642
0.12727272727272726 -0.0011607035361521413
0.1292929292929293 -0.0011558318219022112
0.13131313131313133 -0.0011495670002243513
0.13333333333333333 -0.0011418886385961286
0.13535353535353536 -0.0011327766096126198
0.13737373737373737 -0.0011222110817645898
0.1393939393939394 -0.00111017251063231
0.1414141414141414 -0.0010966416304645462
0.14343434343434344 -0.0010815994461229365
0.14545454545454545 -0.001065027225367885
0.14747474747474748 -0.001046906491471418
0.1494949494949495 -0.0010272190161369963
0.15151515151515152 -0.0010059468127071795
0.15353535353535352 -0.000983072129645052
0.15555555555555556 -0.0009585774442807633
0.15757575757575756 -0.0009324454567981775
0.1595959595959596 -0.000904659084456398
0.1616161616161616 -0.0008752014560377574
0.16363636363636364 -0.0008440559064993067
0.16565656565656567 -0.0008112059718266664
0.16767676767676767 -0.0007766353840825104
0.1696969696969697 -0.0007403280666289903
0.1717171717171717 -0.0007022681295263737
0.17373737373737375 -0.0006624398650960756
0.17575757575757575 -0.0006208277436369372
0.17777777777777778 -0.0005774164092949832
0.1797979797979798 -0.0005321906760716501
0.18181818181818182 -0.0004851355239700297
0.18383838383838383 -0.0004362360952702602
0.18585858585858586 -0.00038547769092997443
0.18787878787878787 -0.0003328457671002525
0.1898989898989899 -0.00027832593176094634
0.1919191919191919 -0.00022190394145673055
0.19393939393939394 -0.00016356569814524846
0.19595959595959597 -0.0001032972461382542
0.19797979797979798 -4.108476914325365e-05
0.2 2.3085412605951206e-05
