0.001 -0.4274383872597354 
0.00301010101010101 -0.04353331083460331 
0.00502020202020202 -0.003062089287090979 
0.00703030303030303 -0.0001823513671184256 
0.00904040404040404 -9.97599943509027e-06 
0.01105050505050505 -5.188566542512333e-07 
0.01306060606060606 -2.6078755555119267e-08 
0.015070707070707071 -1.244039575950919e-09 
0.017080808080808082 0.0 
0.019090909090909092 0.0 
0.021101010101010103 4.6075539850034043e-11 
0.023111111111111114 4.6075539850034043e-11 
0.02512121212121212 4.6075539850034043e-11 
0.02713131313131313 4.6075539850034043e-11 
0.02914141414141414 4.6075539850034043e-11 
0.031151515151515152 4.6075539850034043e-11 
0.03316161616161616 4.6075539850034043e-11 
0.03517171717171717 0.0 
0.037181818181818184 0.0 
0.039191919191919194 4.6075539850034043e-11 
0.041202020202020205 4.6075539850034043e-11 
0.043212121212121216 0.0 
0.045222222222222226 0.0 
0.04723232323232324 4.6075539850034043e-11 
0.04924242424242424 0.0 
0.05125252525252525 4.6075539850034043e-11 
0.05326262626262626 4.6075539850034043e-11 
0.05527272727272727 4.6075539850034043e-11 
0.05728282828282828 0.0 
0.05929292929292929 0.0 
0.061303030303030304 4.6075539850034043e-11 
0.06331313131313131 0.0 
0.06532323232323232 4.6075539850034043e-11 
0.06733333333333333 4.6075539850034043e-11 
0.06934343434343435 4.6075539850034043e-11 
0.07135353535353535 0.0 
0.07336363636363637 4.6075539850034043e-11 
0.07537373737373737 4.6075539850034043e-11 
0.07738383838383839 0.0 
0.07939393939393939 0.0 
0.08140404040404041 0.0 
0.08341414141414141 4.6075539850034043e-11 
0.08542424242424243 4.6075539850034043e-11 
0.08743434343434343 4.6075539850034043e-11 
0.08944444444444445 4.6075539850034043e-11 
0.09145454545454546 4.6075539850034043e-11 
0.09346464646464647 0.0 
0.09547474747474748 4.6075539850034043e-11 
0.09748484848484848 4.6075539850034043e-11 
0.0994949494949495 4.6075539850034043e-11 
0.1015050505050505 4.6075539850034043e-11 
0.10351515151515152 4.6075539850034043e-11 
0.10552525252525252 0.0 
0.10753535353535354 0.0 
0.10954545454545454 0.0 
0.11155555555555556 4.6075539850034043e-11 
0.11356565656565656 4.6075539850034043e-11 
0.11557575757575758 0.0 
0.11758585858585859 0.0 
0.1195959595959596 4.6075539850034043e-11 
0.1216060606060606 4.6075539850034043e-11 
0.12361616161616162 0.0 
0.1256262626262626 4.6075539850034043e-11 
0.12763636363636363 0.0 
0.12964646464646465 4.6075539850034043e-11 
0.13165656565656567 0.0 
0.13366666666666666 0.0 
0.13567676767676767 4.6075539850034043e-11 
0.1376868686868687 4.6075539850034043e-11 
0.1396969696969697 4.6075539850034043e-11 
0.1417070707070707 0.0 
0.14371717171717172 0.0 
0.14572727272727273 4.6075539850034043e-11 
0.14773737373737375 4.6075539850034043e-11 
0.14974747474747474 0.0 
0.15175757575757576 0.0 
0.15376767676767678 4.6075539850034043e-11 
0.1557777777777778 4.6075539850034043e-11 
0.15778787878787878 0.0 
0.1597979797979798 4.6075539850034043e-11 
0.16180808080808082 4.6075539850034043e-11 
0.1638181818181818 0.0 
0.16582828282828282 4.6075539850034043e-11 
0.16783838383838384 0.0 
0.16984848484848486 4.6075539850034043e-11 
0.17185858585858585 0.0 
0.17386868686868687 4.6075539850034043e-11 
0.17587878787878788 4.6075539850034043e-11 
0.1778888888888889 0.0 
0.1798989898989899 4.6075539850034043e-11 
0.1819090909090909 4.6075539850034043e-11 
0.18391919191919193 0.0 
0.18592929292929294 4.6075539850034043e-11 
0.18793939393939393 0.0 
0.18994949494949495 4.6075539850034043e-11 
0.19195959595959597 4.6075539850034043e-11 
0.19396969696969696 4.6075539850034043e-11 
0.19597979797979798 0.0 
0.197989898989899 0.0 
0.2 0.0 
