##delta---free_energy---extended_GL
0.0 0.0 0.0
0.00202020202020202 -0.005418653366632498 -0.0013020085038687353
0.00404040404040404 -0.019596006477513583 -0.005205854787928695
0.006060606060606061 -0.04018926544040369 -0.011705001169541143
0.00808080808080808 -0.06600543247805035 -0.020788551510974848
0.0101010101010101 -0.09627598999350084 -0.03244125121940609
0.012121212121212121 -0.13041536978380464 -0.04664348724691866
0.014141414141414142 -0.16794703115192533 -0.06337128809050385
0.01616161616161616 -0.20846872978063402 -0.08259632379206047
0.01818181818181818 -0.25163235111540416 -0.10428590593839482
0.0202020202020202 -0.297131013631315 -0.1284029876612207
0.022222222222222223 -0.34469030272157397 -0.15490616363715956
0.024242424242424242 -0.39406203688531605 -0.1837496700877401
0.026262626262626262 -0.44501967476753634 -0.21488338477939867
0.028282828282828285 -0.49735483278846004 -0.24825282702347928
0.030303030303030304 -0.5508745815509428 -0.2837991576762331
0.03232323232323232 -0.6053993046839423 -0.3214591791388191
0.03434343434343434 -0.6607609740722182 -0.36116533535730366
0.03636363636363636 -0.7168017399994824 -0.4028457118226606
0.03838383838383838 -0.7733727638883465 -0.44642403557077137
0.0404040404040404 -0.8303332409504947 -0.491819675182425
0.04242424242424243 -0.8875495736610901 -0.5389476407833178
0.044444444444444446 -0.9448946665188487 -0.5877185840440535
0.046464646464646465 -1.0022473194640042 -0.638038798180144
0.048484848484848485 -1.0594917023595372 -0.6898102179520076
0.050505050505050504 -1.1165168967108912 -0.7429304196649712
0.052525252525252523 -1.1732164936106528 -0.7972926211692686
0.05454545454545454 -1.229488239082002 -0.8527856818600416
0.05656565656565657 -1.2852337196400185 -0.9092941026773387
0.05858585858585859 -1.340358082215971 -0.9666980261061167
0.06060606060606061 -1.3947697836138104 -1.0248732361762392
0.06262626262626263 -1.4483803654884468 -1.0836911584624778
0.06464646464646465 -1.5011042514852306 -1.1430188600845121
0.06666666666666667 -1.5528585637357537 -1.2027190497069282
0.06868686868686869 -1.6035629563157272 -1.2626500775392198
0.0707070707070707 -1.6531394636349432 -1.3226659353357888
0.07272727272727272 -1.7015123620358281 -1.382616256395944
0.07474747474747474 -1.7486080430985567 -1.4423463155639027
0.07676767676767676 -1.794354897381254 -1.5016970292287874
0.07878787878787878 -1.8386832074670565 -1.5605049553246315
0.0808080808080808 -1.8815250493594249 -1.618602293330373
0.08282828282828283 -1.9228142013789693 -1.6758168842698589
0.08484848484848485 -1.9624860598187297 -1.731972210711843
0.08686868686868687 -2.000477560699892 -1.786887396769987
0.08888888888888889 -2.036727107063598 -1.8403772081028595
0.09090909090909091 -2.071174501285441 -1.8922520519139385
0.09292929292929293 -2.1037608819574416 -1.9423179769516068
0.09494949494949495 -2.1344286649341484 -1.990376673509156
0.09696969696969697 -2.163121488199522 -2.0362254734247864
0.09898989898989899 -2.1897841602080916 -2.079657350081604
0.10101010101010101 -2.2143626114375365 -2.120460918407622
0.10303030303030303 -2.236803848873933 -2.1584204348757634
0.10505050505050505 -2.2570559132136623 -2.193315797503857
0.10707070707070707 -2.2750678385527863 -2.22492254585464
0.10909090909090909 -2.2907896143969992 -2.2530118610357563
0.1111111111111111 -2.304172149790247 -2.277350565699756
0.11313131313131314 -2.315167239438324 -2.2977011240441003
0.11515151515151516 -2.3237275316487285 -2.3138216418111557
0.11717171717171718 -2.329806497997197 -2.3254658662881957
0.1191919191919192 -2.333358404557657 -2.332383186307402
0.12121212121212122 -2.3343382846351233 -2.3343186322458647
0.12323232323232323 -2.332701912850098 -2.33101287602558
0.12525252525252525 -2.328405780531739 -2.3222022311134505
0.12727272727272726 -2.3214070723042823 -2.307618652521291
0.1292929292929293 -2.3116636438044225 -2.28698973680582
0.13131313131313133 -2.299134000448703 -2.2600387220686637
0.13333333333333333 -2.2837772771922573 -2.226484487956356
0.13535353535353536 -2.2655532192252394 -2.186041555660338
0.13737373737373737 -2.2444221635291797 -2.1384200879169617
0.1393939393939394 -2.2203450212646203 -2.0833258890074813
0.1414141414141414 -2.1932832609290926 -2.0204604047580634
0.14343434343434344 -2.163198892245873 -1.949520722539777
0.14545454545454545 -2.13005445073577 -1.8701995712686044
0.14747474747474748 -2.0938129829428362 -1.7821853214054295
0.1494949494949495 -2.0544380322739926 -1.68516198495605
0.15151515151515152 -2.0118936254139044 -1.5788092154711642
0.15353535353535352 -1.966144259290104 -1.462802308046384
0.15555555555555556 -1.9171548885615266 -1.3368121993222264
0.15757575757575756 -1.8648909135959002 -1.2005054674841142
0.1595959595959596 -1.809318168912796 -1.0535443322623799
0.1616161616161616 -1.750402912075515 -0.8955866549322646
0.16363636363636364 -1.6881118129986135 -0.7262859383139126
0.16565656565656567 -1.6224119436533329 -0.5452913267723769
0.16767676767676767 -1.5532707681650209 -0.3522476062176274
0.1696969696969697 -1.4806561332584351 -0.14679520410452263
0.1717171717171717 -1.4045362590527475 0.07142981056715136
0.17373737373737375 -1.3248797301921513 0.3027957272527164
0.17575757575757575 -1.2416554872738743 0.5476751938625739
0.17777777777777778 -1.1548328185899663 0.8064452167622331
0.1797979797979798 -1.0643813521433003 1.0794871607722776
0.18181818181818182 -0.9702710479400594 1.3671867491684004
0.18383838383838383 -0.8724721905405204 1.6699340636813762
0.18585858585858586 -0.7709553818599488 1.9881235444970748
0.18787878787878787 -0.665691534200505 2.32215399025646
0.1898989898989899 -0.5566518635218927 2.672428558055593
0.1919191919191919 -0.44380788291346107 3.03935476344561
0.19393939393939394 -0.3271313962904969 3.4233444804327604
0.19595959595959597 -0.2065944922765084 3.824813941478377
0.19797979797979798 -0.0821695382865073 4.244183737498876
0.2 0.04617082521190241 4.681878817865789
