##delta---free_energy---extended_GL
0.0 -0.00492083160850143 0.0
0.00202020202020202 -0.00549150827680478 -0.00032862524567126104
0.00404040404040404 -0.0075950206089601124 -0.0013139509494783104
0.006060606060606061 -0.012256030362777892 -0.0029543270118009466
0.00808080808080808 -0.01911287247889959 -0.0052470032666055
0.0101010101010101 -0.027142738702650604 -0.008188129481444833
0.012121212121212121 -0.036008762104529524 -0.011772755357458344
0.014141414141414142 -0.04561020885751077 -0.015994830529371958
0.01616161616161616 -0.055881907551111 -0.020847204565498132
0.01818181818181818 -0.06676339085470318 -0.02632162696773586
0.0202020202020202 -0.07819582217086918 -0.032408747171570676
0.022222222222222223 -0.09012233119915436 -0.039098114546074626
0.024242424242424242 -0.10248848828030077 -0.046378178393906296
0.026262626262626262 -0.11524256513189357 -0.05423628795131081
0.028282828282828285 -0.12833560848036996 -0.06265869238811984
0.030303030303030304 -0.14172138800836365 -0.07163054080775155
0.03232323232323232 -0.15535626916459933 -0.08113588224721065
0.03434343434343434 -0.16919904673306974 -0.09115766567708843
0.03636363636363636 -0.18321076290988003 -0.1016777400015626
0.03838383838383838 -0.19735452465636172 -0.11267685405839756
0.0404040404040404 -0.21159532887384103 -0.12413465661894409
0.04242424242424243 -0.22589989982623138 -0.13602969638813966
0.044444444444444446 -0.24023654064114908 -0.1483394220045081
0.046464646464646465 -0.25457499915989956 -0.16104018204015985
0.048484848484848485 -0.26888634753106544 -0.1741072250007919
0.050505050505050504 -0.28314287450427855 -0.1875146993256878
0.052525252525252523 -0.2973179892015878 -0.20123565338771754
0.05454545454545454 -0.311386135120415 -0.21524203549333773
0.05656565656565657 -0.32532271318336825 -0.2295046938825915
0.05858585858585859 -0.33910401274908963 -0.24399337672910837
0.06060606060606061 -0.35270714961393423 -0.25867673214010467
0.06262626262626263 -0.36611001015251077 -0.27352230815638284
0.06464646464646465 -0.37929120084504575 -0.2884965527523325
0.06666666666666667 -0.39223000255344687 -0.30356481383592915
0.06868686868686869 -0.4049063289781998 -0.31869133924873516
0.0707070707070707 -0.4173006888134978 -0.33383927676589925
0.07272727272727272 -0.42939415118155466 -0.34897067409615695
0.07474747474747474 -0.44116831398116574 -0.3640464788818302
0.07676767676767676 -0.45260527483492297 -0.37902653869882713
0.07878787878787878 -0.4636876043607572 -0.393869601056643
0.0808080808080808 -0.474398321524518 -0.4085333133983592
0.08282828282828283 -0.48472087086770443 -0.42297422310064386
0.08484848484848485 -0.4946391014228766 -0.4371477774737513
0.08686868686868687 -0.5041372471539489 -0.4510083237615227
0.08888888888888889 -0.5131999087799386 -0.46450910914138566
0.09090909090909091 -0.5218120368534755 -0.47760228072435457
0.09292929292929293 -0.5299589159816378 -0.49023888555503
0.09494949494949495 -0.537626150088272 -0.5023688706115989
0.09696969696969697 -0.5447996486299189 -0.5139410828058353
0.09898989898989899 -0.5514656136814438 -0.5249032689830996
0.10101010101010101 -0.5576105278241812 -0.535202075922338
0.10303030303030303 -0.5632211427675884 -0.5447830503360847
0.10505050505050505 -0.5682844686488124 -0.5535906388704587
0.10707070707070707 -0.5727877639568533 -0.5615681881051672
0.10909090909090909 -0.5767185260314136 -0.5686579445535028
0.1111111111111111 -0.5800644821002834 -0.574801054662345
0.11313131313131314 -0.5828135808050092 -0.57993756481216
0.11515151515151516 -0.5849539841893829 -0.5840064213169998
0.11717171717171718 -0.5864740601142557 -0.5869454704245037
0.1191919191919192 -0.5873623750662773 -0.5886914583158979
0.12121212121212122 -0.5876076873393004 -0.5891800311059937
0.12323232323232323 -0.5871989405569593 -0.5883457348431901
0.12525252525252525 -0.5861252575217577 -0.5861220155094725
0.12727272727272726 -0.584375934358718 -0.5824412190204123
0.1292929292929293 -0.5819404349471142 -0.5772345912251683
0.13131313131313133 -0.578808385611751 -0.5704322779064849
0.13333333333333333 -0.5749695700626489 -0.5619633247806932
0.13535353535353536 -0.5704139245688111 -0.5517556774977114
0.13737373737373737 -0.5651315333469711 -0.5397361816410443
0.1393939393939394 -0.5591126241602069 -0.5258305827277817
0.1414141414141414 -0.5523475641049345 -0.5099635262086017
0.14343434343434344 -0.5448268555851428 -0.4920585574677687
0.14545454545454545 -0.5365411324545448 -0.4720381218231328
0.14747474747474748 -0.5274811563227786 -0.4498235645261311
0.1494949494949495 -0.5176378130156536 -0.42533513076178736
0.15151515151515152 -0.5070021091783019 -0.3984919656487109
0.15353535353535352 -0.49556516901793657 -0.3692121142390995
0.15555555555555556 -0.48331823117393924 -0.3374125215187359
0.15757575757575756 -0.4702526457137992 -0.3030090324069896
0.1595959595959596 -0.45635987124285293 -0.2659163917568169
0.1616161616161616 -0.44163147212782405 -0.22604824435476129
0.16363636363636364 -0.4260591158237048 -0.1833171349209508
0.16565656565656567 -0.40963457029977235 -0.13763450810910247
0.16767676767676767 -0.3923497015641715 -0.08891070850651818
0.1696969696969697 -0.37419647127478584 -0.03705498063408638
0.1717171717171717 -0.35516693443901204 0.01802453105371613
0.17373737373737375 -0.3352532371950474 0.07642078216882953
0.17575757575757575 -0.31444761467037097 0.1382278283896025
0.17777777777777778 -0.29274238891582627 0.2035408254608029
0.1797979797979798 -0.27012996691019 0.27245602919360634
0.18181818181818182 -0.24660283863386212 0.3450707954656074
0.18383838383838383 -0.22215357520531143 0.4214835802208091
0.18585858585858586 -0.1967748270822085 0.5017939394696324
0.18787878787878787 -0.1704593223196298 0.5861025292889074
0.1898989898989899 -0.14319986488612813 0.6745111058218826
0.1919191919191919 -0.11498933303425929 0.7671225252782142
0.19393939393939394 -0.08582067772215396 0.8640407439339777
0.19595959595959597 -0.055686921085680297 0.9653708181316577
0.19797979797979798 -0.02458115495903712 1.071218904280152
0.2 0.007503460561110842 1.181692258854778
