##delta---free_energy---extended_GL
0.0 -0.00900874346348246 0.0
0.00202020202020202 -0.009481764221959565 -0.00032761659552990905
0.00404040404040404 -0.010893380832044386 -0.001309918046687511
0.006060606060606061 -0.013221902359191517 -0.0029452593471764295
0.00808080808080808 -0.016433529237815492 -0.005230898819836038
0.0101010101010101 -0.02048836771086826 -0.008162998116641456
0.012121212121212121 -0.025369703310957448 -0.01173662221870356
0.014141414141414142 -0.031257029177822915 -0.015945739436268973
0.01616161616161616 -0.03900107200115599 -0.02078322140872005
0.01818181818181818 -0.04906159752556505 -0.02624084310457492
0.0202020202020202 -0.06035534883858418 -0.03230928282148746
0.022222222222222223 -0.07226353591204315 -0.038978122186247285
0.024242424242424242 -0.0846281358944907 -0.04623584615477974
0.026262626262626262 -0.09738295362956251 -0.05406984301214596
0.028282828282828285 -0.11047710209686556 -0.06246640437254283
0.030303030303030304 -0.12386409291627842 -0.0714107251793029
0.03232323232323232 -0.13750025608840133 -0.0808869037048946
0.03434343434343434 -0.15134438058851174 -0.09087794155092203
0.03636363636363636 -0.16535750682385242 -0.10136574364812499
0.03838383838383838 -0.17950274057454862 -0.11233111825637919
0.0404040404040404 -0.19374507770351101 -0.12375377696469592
0.04242424242424243 -0.20805124150763277 -0.13561233469122236
0.044444444444444446 -0.22238953420264806 -0.1478843096832413
0.046464646464646465 -0.23672970276493288 -0.16054612351717135
0.048484848484848485 -0.25104281851952237 -0.17357310109856686
0.050505050505050504 -0.2653011694292218 -0.186939470662118
0.052525252525252523 -0.27947816386256363 -0.20061836377165057
0.05454545454545454 -0.2935482445936941 -0.2145818153201262
0.05656565656565657 -0.30748681184923043 -0.22880076352964232
0.05858585858585859 -0.32127015431763084 -0.2432450499514318
0.06060606060606061 -0.33487538714848597 -0.25788341946586374
0.06262626262626263 -0.34828039609021744 -0.2726835202824426
0.06464646464646465 -0.3614637870188062 -0.28761190393980884
0.06666666666666667 -0.3744048402097633 -0.3026340253057385
0.06868686868686869 -0.38708346879559485 -0.31771424257714337
0.0707070707070707 -0.39948018091854465 -0.33281581728007104
0.07272727272727272 -0.41157604516502033 -0.347900914269705
0.07474747474747474 -0.42335265891222207 -0.3629306017303644
0.07676767676767676 -0.43479211927592587 -0.3778648511755038
0.07878787878787878 -0.4458769963796385 -0.3926625374477139
0.0808080808080808 -0.4565903087080869 -0.4072814387187212
0.08282828282828283 -0.4669155003329024 -0.42167823648938785
0.08484848484848485 -0.47683641982837344 -0.43580851558971134
0.08686868686868687 -0.486337300710602 -0.44962676417882547
0.08888888888888889 -0.4954027432614794 -0.4630863737449995
0.09090909090909091 -0.5040176976054909 -0.4761396391056388
0.09292929292929293 -0.5121674479320291 -0.48873775840728395
0.09494949494949495 -0.5198375977549858 -0.5008308331256115
0.09696969696969697 -0.5270140561303833 -0.5123678680654339
0.09898989898989899 -0.5336830247401849 -0.5232967713606993
0.10101010101010101 -0.5398309857807817 -0.5335643544744914
0.10303030303030303 -0.5454446905840769 -0.5431163321990298
0.10505050505050505 -0.5505111489172805 -0.5518973226556697
0.10707070707070707 -0.5550176189055946 -0.5598508472949025
0.10909090909090909 -0.5589515975328823 -0.5669193308963553
0.1111111111111111 -0.5623008116757546 -0.5730441015687898
0.11313131313131314 -0.5650532096319694 -0.5781653907501052
0.11515151515151516 -0.5671969531072136 -0.5822223332073347
0.11717171717171718 -0.5687204096299183 -0.5851529670366489
0.1191919191919192 -0.5696121453598835 -0.5868942336633531
0.12121212121212122 -0.5698609182691143 -0.5873819778418886
0.12323232323232323 -0.5694556716654233 -0.5865509476558325
0.12525252525252525 -0.5683855280391299 -0.5843347945178975
0.12727272727272726 -0.5666397832090979 -0.5806660731699325
0.1292929292929293 -0.564207900752649 -0.5754762416829218
0.13131313131313133 -0.5610795066970695 -0.5686956614569851
0.13333333333333333 -0.557244384459409 -0.5602535972213785
0.13535353535353536 -0.5526924700197924 -0.5500782170344934
0.13737373737373737 -0.5474138473102812 -0.5380965922838578
0.1393939393939394 -0.5413987438132608 -0.5242346976861334
0.1414141414141414 -0.5346375263486607 -0.5084174112871201
0.14343434343434344 -0.5271206970469393 -0.49056851446175237
0.14545454545454545 -0.518838889492713 -0.4706106919141003
0.14747474747474748 -0.509782865029706 -0.4484655316773701
0.1494949494949495 -0.4999435092211115 -0.42405352511390365
0.15151515151515152 -0.48931182845387866 -0.39729406691517777
0.15353535353535352 -0.47787894667817454 -0.36810545510180687
0.15555555555555556 -0.46563610228190555 -0.33640489102353954
0.15757575757575756 -0.45257464508233625 -0.3021084793592604
0.1595959595959596 -0.43868603343878476 -0.26513122811698997
0.1616161616161616 -0.4239618314745712 -0.22538704863388553
0.16363636363636364 -0.4083937064034444 -0.18278875557623764
0.16565656565656567 -0.3919734259576444 -0.1372480669394754
0.16767676767676767 -0.3746928559094158 -0.0886756040481618
0.1696969696969697 -0.35654395768449376 -0.03698089155599572
0.1717171717171717 -0.33751878606085484 0.01792764255418644
0.17373737373737375 -0.31760948694875424 0.076142666970416
0.17575757575757575 -0.2968082952510258 0.1377579470515836
0.17777777777777778 -0.27510753279602795 0.2028683448274499
0.1797979797979798 -0.252499606342667 0.2715698189986339
0.18181818181818182 -0.2289770056532916 0.34395942493662474
0.18383838383838383 -0.20453230163116132 0.4201353146837701
0.18585858585858586 -0.17915814452055656 0.5001967369532871
0.18787878787878787 -0.15284726216532363 0.5842440371292525
0.1898989898989899 -0.12559245832528632 0.6723786572666122
0.1919191919191919 -0.09738661104586299 0.7647031360911705
0.19393939393939394 -0.06822267107997959 0.861321108999602
0.19595959595959597 -0.03809366036125539 0.9623373080594411
0.19797979797979798 -0.0069926705224361285 1.0678575620090862
0.2 0.02508713853876543 1.1779887962578057
