##delta---free_energy---extended_GL
0.0 -0.0009281223972266162 0.0
0.00202020202020202 -0.001347267409869346 -0.00032623106068164554
0.00404040404040404 -0.0026185731135228707 -0.0013043782394898161
0.006060606060606061 -0.004771857422042558 -0.0029328035267142134
0.00808080808080808 -0.007825374510275651 -0.0052087769061710055
0.0101010101010101 -0.011763078946728456 -0.008128476355202828
0.012121212121212121 -0.01653351491495414 -0.011686987844678792
0.014141414141414142 -0.022065878582907317 -0.015878305338994463
0.01616161616161616 -0.028286861092169602 -0.020695330796071876
0.01818181818181818 -0.03513290941316427 -0.02612987416735955
0.0202020202020202 -0.04258449718520296 -0.03217265339783245
0.022222222222222223 -0.0508694983359419 -0.03881329442599203
0.024242424242424242 -0.06091311630859764 -0.04604033118386619
0.026262626262626262 -0.07298061345795759 -0.053841205597009306
0.028282828282828285 -0.08596417209912488 -0.06220226758450225
0.030303030303030304 -0.09933747304592089 -0.07110877505895229
0.03232323232323232 -0.11297335189237856 -0.08054489392649322
0.03434343434343434 -0.12681905519002612 -0.09049369808678533
0.03636363636363636 -0.14083408239821438 -0.10093716943301526
0.03838383838383838 -0.15498133345215592 -0.11185619785189627
0.0404040404040404 -0.16922577569550867 -0.12323058122366794
0.04242424242424243 -0.18353412750298048 -0.1350390254220965
0.044444444444444446 -0.19787468936090136 -0.14725914431447443
0.046464646464646465 -0.21221720699429625 -0.1598674597616208
0.048484848484848485 -0.22653275058803501 -0.17283940161788117
0.050505050505050504 -0.24079360702364738 -0.18614930773112748
0.052525252525252523 -0.2549731836340925 -0.19977042394275824
0.05454545454545454 -0.26904592219977985 -0.21367490408769838
0.05656565656565657 -0.28298722199167514 -0.22783380999439926
0.05858585858585859 -0.29677337077703214 -0.24221711148483863
0.06060606060606061 -0.3103814828166378 -0.25679368637452105
0.06262626262626263 -0.32378944300023704 -0.2715313204724771
0.06464646464646465 -0.3369758563723053 -0.28639670758126423
0.06666666666666667 -0.34992000240390553 -0.3013554494969661
0.06868686868686869 -0.36260179344628796 -0.3163720560091928
0.0707070707070707 -0.3750017368840872 -0.331409944901081
0.07272727272727272 -0.38710090056724766 -0.34643144194929404
0.07474747474747474 -0.3988808811571971 -0.3613977809240214
0.07676767676767676 -0.41032377507281126 -0.37626910358897914
0.07878787878787878 -0.42141215175888647 -0.39100445970140973
0.0808080808080808 -0.43212902903860595 -0.4055618070120823
0.08282828282828283 -0.4424578503385419 -0.41989801126529236
0.08484848484848485 -0.4523824636032714 -0.43396884619886167
0.08686868686868687 -0.4618871017341917 -0.4477289935441387
0.08888888888888889 -0.47095636441201805 -0.4611320430259983
0.09090909090909091 -0.47957520117427066 -0.47413049236284194
0.09292929292929293 -0.4877288956350867 -0.48667574726659746
0.09494949494949495 -0.4954030507465177 -0.49871812144271876
0.09696969696969697 -0.5025835750132046 -0.5102068365901871
0.09898989898989899 -0.5092566695781215 -0.5210900224015093
0.10101010101010101 -0.515408816108561 -0.531314716562719
0.10303030303030303 -0.5210267654182417 -0.5408268647533768
0.10505050505050505 -0.5260975267655112 -0.5495713206465688
0.10707070707070707 -0.5306083577766003 -0.5574918459089084
0.10909090909090909 -0.5345467549451541 -0.5645311102005355
0.1111111111111111 -0.5379004446668887 -0.5706306911751153
0.11313131313131314 -0.540657374766738 -0.5757310744798411
0.11515151515151516 -0.542805706486206 -0.5797716537554309
0.11717171717171718 -0.5443338068963612 -0.5826907306361306
0.1191919191919192 -0.5452302417085093 -0.5844255147497127
0.12121212121212122 -0.5454837684528684 -0.5849121237174746
0.12323232323232323 -0.5450833300023987 -0.5840855831542415
0.12525252525252525 -0.5440180484193888 -0.5818798266683647
0.12727272727272726 -0.542277219102175 -0.5782276958617222
0.1292929292929293 -0.5398503052127808 -0.573060940329718
0.13131313131313133 -0.5367269323701294 -0.5663102176612828
0.13333333333333333 -0.5328968835885917 -0.5579050934388736
0.13535353535353536 -0.5283500944517527 -0.5477740412384743
0.13737373737373737 -0.5230766485005915 -0.5358444426295952
0.1393939393939394 -0.517066772831754 -0.522042587175272
0.1414141414141414 -0.510310833884887 -0.5062936724320684
0.14343434343434344 -0.5027993334156236 -0.48852180395007383
0.14545454545454545 -0.49452290463830195 -0.4686499952729044
0.14747474747474748 -0.4854723085314845 -0.44660016793770224
0.1494949494949495 -0.4756384302982042 -0.42229315147513663
0.15151515151515152 -0.4650122759687747 -0.395648683409402
0.15353535353535352 -0.453584969143094 -0.36658540925822136
0.15555555555555556 -0.44134774786141406 -0.3350208825328426
0.15757575757575756 -0.4282919615988021 -0.3008715647380402
0.1595959595959596 -0.41440906837544844 -0.26405282537211555
0.1616161616161616 -0.39969063198043386 -0.22447894192689694
0.16363636363636364 -0.3841283192972469 -0.18206309988773733
0.16565656565656567 -0.3677138977305958 -0.1367173927335186
0.16767676767676767 -0.3504392327304231 -0.08835282193664729
0.1696969696969697 -0.3322962854032312 -0.03687929696305655
0.1717171717171717 -0.31327711021049254 0.017794364727792243
0.17373737373737375 -0.2933738527508467 0.0757604376829147
0.17575757575757575 -0.27257874761801304 0.13711228845579507
0.17777777777777778 -0.2508841163347597 0.20194437560639678
0.1797979797979798 -0.22828236535769975 0.27035224970115107
0.18181818181818182 -0.20476598415018543 0.3424325533129684
0.18383838383838383 -0.18032754331954948 0.4182830210212273
0.18585858585858586 -0.15495969281664657 0.49800247941178477
0.18787878787878787 -0.12865516019564893 0.5816908470769668
0.1898989898989899 -0.10140674892909374 0.6694491346155778
0.1919191919191919 -0.07320733677818225 0.7613794446328901
0.19393939393939394 -0.04404987421446549 0.8575849717406553
0.19595959595959597 -0.013927382892461537 0.9581700025570942
0.19797979797979798 0.017167045830660754 1.0632399157069008
0.2 0.04924025233094653 1.1729011818212485
