##delta---free_energy---extended_GL
0.0 -0.0006931481211722712 0.0
0.00202020202020202 -0.004710784343387786 -0.0013018311303661747
0.00404040404040404 -0.017117323810452945 -0.005205145592521901
0.006060606060606061 -0.03715755807525056 -0.01170340659963879
0.00808080808080808 -0.0628801273614954 -0.02078571950700285
0.0101010101010101 -0.09313696944218464 -0.032436831812014504
0.012121212121212121 -0.1272744560155843 -0.04663713315418859
0.014141414141414142 -0.16480594484573885 -0.06336265531515432
0.01616161616161616 -0.20532772955311884 -0.08258507221865533
0.01818181818181818 -0.2484914852861948 -0.10427169993054967
0.0202020202020202 -0.29399030022568695 -0.12838549665880977
0.022222222222222223 -0.3415497551923181 -0.15488506275352257
0.024242424242424242 -0.3909216677848235 -0.1837246407068892
0.026262626262626262 -0.4418794962844004 -0.21485411515322536
0.028282828282828285 -0.49421485684115396 -0.24821901286896128
0.030303030303030304 -0.5477348198187428 -0.28376050277264114
0.03232323232323232 -0.6022597686251174 -0.3214153959249241
0.03434343434343434 -0.6576216749344894 -0.3611161455285833
0.03636363636363636 -0.7136626888382125 -0.4027908469285064
0.03838383838383838 -0.770233971572452 -0.44636323761169555
0.0404040404040404 -0.8271947181756332 -0.49175269720726744
0.04242424242424243 -0.8844113309578461 -0.5388742474864527
0.044444444444444446 -0.9417567142600092 -0.5876385523625968
0.046464646464646465 -0.999109667871835 -0.6379519178911596
0.048484848484848485 -1.0563543615135131 -0.6897162922697146
0.050505050505050504 -1.1133798765517895 -0.742829265837951
0.052525252525252523 -1.1700798039491929 -0.7971840710776714
0.05454545454545454 -1.2263518896006644 -0.8526695826127937
0.05656565656565657 -1.2820977198998662 -0.9091703172093489
0.05858585858585859 -1.3372224416589233 -0.9665664337754836
0.06060606060606061 -1.3916345115708282 -1.024733733361458
0.06262626262626263 -1.4452454711781684 -1.083543659159647
0.06464646464646465 -1.4979697440207929 -1.1428632965045409
0.06666666666666667 -1.5497244521275206 -1.202555372872743
0.06868686868686869 -1.6004292494740184 -1.2624782578829705
0.0707070707070707 -1.6500061703727624 -1.3224859632960573
0.07272727272727272 -1.6983794910720462 -1.3824281430149497
0.07474747474747474 -1.74547560306155 -1.4421500930847098
0.07676767676767676 -1.7912228968084491 -1.5014927516925118
0.07878787878787878 -1.8355516548094784 -1.5602926991676482
0.0808080808080808 -1.8783939529848794 -1.618382157981522
0.08282828282828283 -1.919683569571589 -1.675588992747653
0.08484848484848485 -1.9593559007807926 -1.731736710221674
0.08686868686868687 -1.9973478825572784 -1.7866444593013333
0.08888888888888889 -2.033597917863517 -1.8401270310264928
0.09090909090909091 -2.068045809000978 -1.8919948585791297
0.09292929292929293 -2.100632694488013 -1.9420540172833345
0.09494949494949495 -2.131300990105956 -1.990106224605312
0.09696969696969697 -2.1599943337705554 -2.035948840153384
0.09898989898989899 -2.186657533865855 -2.0793748656779836
0.10101010101010101 -2.2112365208017764 -2.1201729450716584
0.10303030303030303 -2.233678301498003 -2.1581273643690735
0.10505050505050505 -2.2539309165863415 -2.193018051747005
0.10707070707070707 -2.2719434000991896 -2.2246205775243464
0.10909090909090909 -2.287665741478577 -2.252706154162103
0.1111111111111111 -2.3010488497079677 -2.277041636263394
0.11313131313131314 -2.312044519430401 -2.2973895205734567
0.11515151515151516 -2.320605398896987 -2.3135079459796395
0.11717171717171718 -2.326684959622071 -2.3251506935114072
0.1191919191919192 -2.3302374676263753 -2.332067186340337
0.12121212121212122 -2.331217956153523 -2.334002489780122
0.12323232323232323 -2.3295821997708117 -2.3306973112865705
0.12525252525252525 -2.3252866897528293 -2.321888000457601
0.12727272727272726 -2.318288610669697 -2.3073065490332527
0.1292929292929293 -2.308545818103994 -2.286680590895676
0.13131313131313133 -2.296016817419968 -2.2597334020691338
0.13333333333333333 -2.2806607435231854 -2.2261839007200055
0.13535353535353536 -2.2624373415515038 -2.1857466471567846
0.13737373737373737 -2.241306948436886 -2.1381318438300805
0.1393939393939394 -2.2172304752903074 -2.083045335332614
0.1414141414141414 -2.1901693905606407 -2.0201886083992235
0.14343434343434344 -2.1600857039234143 -1.9492587919068578
0.14545454545454545 -2.126941950850778 -1.8699486568745851
0.14747474747474748 -2.090701177842675 -1.7819466164635827
0.1494949494949495 -2.0513269282573674 -1.6849367259771482
0.15151515151515152 -2.0087832287349556 -1.578598682860687
0.15353535353535352 -1.9630345761574972 -1.4626078267017248
0.15555555555555556 -1.9140459251402717 -1.3366351392298994
0.15757575757575756 -1.8617826760073513 -1.200347244316961
0.1595959595959596 -1.8062106632341965 -1.0534064079767766
0.1616161616161616 -1.7472961443422719 -0.8954705383653294
0.16363636363636364 -1.6850057892015684 -0.7261931857807112
0.16565656565656567 -1.6193066697451286 -0.5452235426631307
0.16767676767676767 -1.5501662500541897 -0.3522064435949198
0.1696969696969697 -1.4775523768125822 -0.146782365300506
0.1717171717171717 -1.401433270101279 0.07141257335354864
0.17373737373737375 -1.3217775145217274 0.3027466113585832
0.17575757575757575 -1.2385540506338657 0.5475923455638093
0.17777777777777778 -1.1517321666892713 0.8063267306763396
0.1797979797979798 -1.0612814906521635 1.0793310792611541
0.18181818181818182 -0.9671719824914362 1.3669910617411356
0.18383838383838383 -0.8693739267296223 1.6696967063970416
0.18585858585858586 -0.767857925242879 1.9878423993675174
0.18787878787878787 -0.6625948902978962 2.3218268846490955
0.1898989898989899 -0.553556037816179 2.6720532640961996
0.1919191919191919 -0.4407128808516063 3.038928997421121
0.19393939393939394 -0.32403722328308504 3.422865902194057
0.19595959595959597 -0.20350115369865307 3.8242801538430813
0.19797979797979798 -0.07907703947876144 4.243592285654146
0.2 0.04926247894627522 4.681227188771108
