##delta---free_energy---extended_GL
0.0 -0.0005988180246276897 0.0
0.00202020202020202 -0.0049754599458538 -0.0013019087312735448
0.00404040404040404 -0.01812265072749142 -0.005205455865512373
0.006060606060606061 -0.03846754471760505 -0.011704104223971069
0.00808080808080808 -0.0642449696820222 -0.0207869585087406
0.0101010101010101 -0.0945099321716043 -0.03243876530274832
0.012121212121212121 -0.12864855429961608 -0.046639913069757996
0.014141414141414142 -0.16618016265374536 -0.06336643215436974
0.01616161616161616 -0.2067019159649135 -0.08258999478202007
0.01818181818181818 -0.24986561378318584 -0.10427791505898192
0.0202020202020202 -0.295364362161763 -0.12839314897236456
0.022222222222222223 -0.3429237445743638 -0.15489429439011373
0.024242424242424242 -0.39229557910675794 -0.18373559106101145
0.026262626262626262 -0.4432533242111276 -0.21486692061467622
0.028282828282828285 -0.4955885961585409 -0.24823380656156288
0.030303030303030304 -0.549108465417703 -0.28377741429296266
0.03232323232323232 -0.6036333154911517 -0.32143455108100316
0.03434343434343434 -0.6589951181476863 -0.36113766607864844
0.03636363636363636 -0.7150360235614244 -0.4028148503196988
0.03838383838383838 -0.7716071930512953 -0.44638983671879123
0.0404040404040404 -0.828567821730303 -0.49178200007139883
0.04242424242424243 -0.8857843119808422 -0.5389063570538312
0.044444444444444446 -0.9431295682134078 -0.5876735662232341
0.046464646464646465 -1.0004823902836506 -0.6379899280175902
0.048484848484848485 -1.057726947973606 -0.6897573847557178
0.050505050505050504 -1.1147523227114107 -0.7428735206372724
0.052525252525252523 -1.1714521055155274 -0.7972315617427452
0.05454545454545454 -1.2277240423386502 -0.8527203760334646
0.05656565656565657 -1.2834697196258276 -0.9092244733515944
0.05858585858585859 -1.3385942842423901 -0.9666240054201355
0.06060606060606061 -1.3930061929290787 -1.0247947658429246
0.06262626262626263 -1.446616987278503 -1.0836081901046355
0.06464646464646465 -1.4993410908764417 -1.1429313555707783
0.06666666666666667 -1.5510956257958242 -1.2026269814876989
0.06868686868686869 -1.6018002460568823 -1.2625534289825795
0.0707070707070707 -1.6513769860139291 -1.3225647010634398
0.07272727272727272 -1.6997501219580045 -1.3825104426191346
0.07474747474747474 -1.7468460454169872 -1.4422359404193568
0.07676767676767676 -1.7925931468985254 -1.5015821231146325
0.07878787878787878 -1.8369217089361882 -1.5603855612363284
0.0808080808080808 -1.8797638074875067 -1.6184784671966443
0.08282828282828283 -1.9210532208257973 -1.675688695288618
0.08484848484848485 -1.9607253451986253 -1.731839741686123
0.08686868686868687 -1.9987171165826112 -1.7867507444438693
0.08888888888888889 -2.0349669379770603 -1.8402364834974032
0.09090909090909091 -2.06941461171391 -1.8921073806631086
0.09292929292929293 -2.102001276343799 -1.9421694996382035
0.09494949494949495 -2.132669347681258 -1.9902245460007437
0.09696969696969697 -2.1613624636711393 -2.0360698672096222
0.09898989898989899 -2.188025432728409 -2.0794984526045672
0.10101010101010101 -2.212604185292548 -2.1202989334061426
0.10303030303030303 -2.235045728312798 -2.1582555827157504
0.10505050505050505 -2.255298102447796 -2.193148315515628
0.10707070707070707 -2.273310341760407 -2.22475268866885
0.10909090909090909 -2.2890324357176723 -2.252839900919326
0.1111111111111111 -2.3024152933312507 -2.2771767928918027
0.11313131313131314 -2.3134107092705563 -2.2975258470918627
0.11515151515151516 -2.3219713318126196 -2.313645187905928
0.11717171717171718 -2.3280506324981616 -2.325288581601252
0.1191919191919192 -2.331602877370642 -2.332205436325928
0.12121212121212122 -2.332583099700969 -2.3341408021088843
0.12323232323232323 -2.3309470740796314 -2.330835370859887
0.12525252525252525 -2.32665129180441 -2.3220254763695354
0.12727272727272726 -2.3196529374708916 -2.30744309430927
0.1292929292929293 -2.309909866684393 -2.286815842231364
0.13131313131313133 -2.2973805848309894 -2.2598669795689283
0.13333333333333333 -2.2820242268389848 -2.226315407635909
0.13535353535353536 -2.263800537869429 -2.185875669627089
0.13737373737373737 -2.242669854874748 -2.1382579506180908
0.1393939393939394 -2.2185930889895644 -2.0831680775653685
0.1414141414141414 -2.1915317086818504 -2.020307519306216
0.14343434343434344 -2.1614477236494167 -1.94937338655876
0.14545454545454545 -2.128303669385332 -1.8700584319219686
0.14747474747474748 -2.0920625924090928 -1.7820510498756408
0.1494949494949495 -2.0526880360994255 -1.6850352767804178
0.15151515151515152 -2.0101440271164392 -1.5786907908777708
0.15353535353535352 -1.9643950623622004 -1.462692912290013
0.15555555555555556 -1.915406096471088 -1.3367126030202925
0.15757575757575756 -1.8631425297862734 -1.2004164669525905
0.1595959595959596 -1.8075701968027715 -1.053466749851728
0.1616161616161616 -1.7486553550593271 -0.8955213393633635
0.16363636363636364 -1.6863646744459402 -0.7262337650139868
0.16565656565656567 -1.620665226913843 -0.5452531982109259
0.16767676767676767 -1.551524476560644 -0.3522244522423544
0.1696969696969697 -1.478910270090637 -0.14678798227726328
0.1717171717171717 -1.402790827600711 0.07142011463449983
0.17373737373737375 -1.3231347337105035 0.30276809956226647
0.17575757575757575 -1.2399109289967782 0.5476285916945188
0.17777777777777778 -1.153088701728393 0.8063785683389181
0.1797979797979798 -1.0626376798868478 1.0793993649222706
0.18181818181818182 -0.9685278234578618 1.367076674990564
0.18383838383838383 -0.8707294169789748 1.669800550208938
0.18585858585858586 -0.7692130623449884 1.9879654003616989
0.18787878787878787 -0.6639496718375995 2.3219699933523175
0.1898989898989899 -0.5549104613937743 2.6722174552034343
0.1919191919191919 -0.44206694408512703 3.039115270056835
0.19393939393939394 -0.3253909238046617 3.4230752801734896
0.19595959595959597 -0.20485448915724191 3.8245136859335234
0.19797979797979798 -0.08043000753787055 4.243851045836215
0.2 0.04790988060676682 4.6815122765000305
