##delta---free_energy---extended_GL
0.0 -0.009597542417623117 0.0
0.00202020202020202 -0.009066357422739202 1.025023258128971e+24
0.00404040404040404 -0.007471531985174806 1.6400372130063744e+25
0.006060606060606061 -0.004809276888977365 8.30268839084479e+25
0.00808080808080808 -0.001073349725402295 2.6240595408102074e+26
0.0101010101010101 0.003744838470538525 6.406395363306171e+26
0.012121212121212121 0.00965607835701121 1.3284301425351684e+27
0.014141414141414142 0.016673178705786995 2.4610808427677006e+27
0.01616161616161616 0.024810726325767973 4.198495265296335e+27
0.01818181818181818 0.03408469965847871 6.72517759658429e+27
0.0202020202020202 0.04451154561854764 1.0250232581289878e+28
0.022222222222222223 0.05610503132629674 1.5007365522266518e+28
0.024242424242424242 0.06886344184817972 2.12548822805627e+28
0.026262626262626262 0.08271522273957999 2.927568927542203e+28
0.028282828282828285 0.09731604976173003 3.937729348428322e+28
0.030303030303030304 0.11169707912040394 5.189180244278003e+28
0.03232323232323232 0.12506794612454541 6.717592424474137e+28
0.03434343434343434 0.13822988878541764 8.561096754219122e+28
0.03636363636363636 0.15208159271162458 1.0760284154534866e+29
0.03838383838383838 0.16657388186922617 1.3358205602262785e+29
0.0404040404040404 0.18075735216132216 1.640037213006381e+29
0.04242424242424243 0.19480436781054777 1.993475482641838e+29
0.044444444444444446 0.2097775032050322 2.4011784835626432e+29
0.046464646464646465 0.2260463750087638 2.8684353357807423e+29
0.048484848484848485 0.24369389078799486 3.4007811648900324e+29
0.050505050505050504 0.2627551210235879 4.00399710206636e+29
0.052525252525252523 0.2832576411823311 4.6841102840675254e+29
0.05454545454545454 0.30522714274138707 5.447393853233275e+29
0.05656565656565657 0.3286882467594978 6.300366957485316e+29
0.05858585858585859 0.3536646707103728 7.249794750327291e+29
0.06060606060606061 0.3801793034824641 8.302688390844805e+29
0.06262626262626263 0.40825426297510603 9.466305043705415e+29
0.06464646464646465 0.43791094680887 1.074814787915862e+30
0.06666666666666667 0.46917007809031475 1.2155966073035879e+30
0.06868686868686869 0.5020517469670267 1.3697754806750595e+30
0.0707070707070707 0.5365754484793115 1.5381755267298127e+30
0.07272727272727272 0.5727601171341803 1.7216454647255785e+30
0.07474747474747474 0.6106241585612224 1.9210586144782824e+30
0.07676767676767676 0.6501854785719843 2.1373128963620457e+30
0.07878787878787878 0.6914615098936565 2.3713308313091842e+30
0.0808080808080808 0.7344692368201322 2.6240595408102093e+30
0.08282828282828283 0.7792252179893921 2.896470746913829e+30
0.08484848484848485 0.8257456074724132 3.189560772226941e+30
0.08686868686868687 0.8740461743354899 3.5043505399146444e+30
0.08888888888888889 0.9241423208208062 3.841885573700229e+30
0.09090909090909091 0.9760490992713358 4.203235997865183e+30
0.09292929292929293 1.0297812279119398 4.589496537249188e+30
0.09494949494949495 1.0853531055901158 5.0017865172501197e+30
0.09696969696969697 1.1427788255645055 5.441249863824052e+30
0.09898989898989899 1.2020721884184695 5.90905510348525e+30
0.10101010101010101 1.2632467141771713 6.406395363306176e+30
0.10303030303030303 1.3263156536861516 6.93448837091749e+30
0.10505050505050505 1.3912919993148307 7.494576454508041e+30
0.10707070707070707 1.458188495034733 8.087926542824876e+30
0.10909090909090909 1.5270176459197273 8.71583016517324e+30
0.1111111111111111 1.5977917271144406 9.379603451416572e+30
0.11313131313131314 1.6705227923065422 1.0080587131976505e+31
0.11515151515151516 1.7452226817415522 1.0820146537832861e+31
0.11717171717171718 1.821903029809505 1.1599671600523666e+31
0.1191919191919192 1.9005752722365514 1.2420576852145137e+31
0.12121212121212122 1.981250652906624 1.3284301425351689e+31
0.12323232323232323 2.0639402303372663 1.419230905335593e+31
0.12525252525252525 2.148654883835434 1.5146088069928663e+31
0.12727272727272726 2.2354053193510026 1.614715140939888e+31
0.1292929292929293 2.3242020750494703 1.7197036606653793e+31
0.13131313131313133 2.4150555266191986 1.8297305797138778e+31
0.13333333333333333 2.5079758923342297 1.9449545716857406e+31
0.13535353535353536 2.602973237880974 2.0655367702371485e+31
0.13737373737373737 2.700057480969349 2.191640769080095e+31
0.1393939393939394 2.799238395737575 2.3234326219824017e+31
0.1414141414141414 2.900525616962227 2.4610808427677003e+31
0.14343434343434344 3.003928644088546 2.6047564053154513e+31
0.14545454545454545 3.1094568450869247 2.7546327435609256e+31
0.14747474747474748 3.217119460146705 2.9108857514952223e+31
0.1494949494949495 3.326925605219003 3.073693783165252e+31
0.15151515151515152 3.438884275411965 3.2432376526737526e+31
0.15353535353535352 3.5530043482502833 3.419700634179273e+31
0.15555555555555556 3.669294586804199 3.6032684618961907e+31
0.15757575757575756 3.787763642695836 3.7941293300946948e+31
0.1595959595959596 3.908420058987417 3.9924738931008004e+31
0.1616161616161616 4.031272272961246 4.198495265296335e+31
0.16363636363636364 4.156328618792031 4.412389021118954e+31
0.16565656565656567 4.28359733011996 4.634353195062126e+31
0.16767676767676767 4.413086542529413 4.864588281675138e+31
0.1696969696969697 4.544804295935933 5.1032972355631055e+31
0.1717171717171717 4.678758536888381 5.350685471386952e+31
0.17373737373737375 4.81495712078754 5.606960863863431e+31
0.17575757575757575 4.953407814028083 5.872333747765104e+31
0.17777777777777778 5.0941182960652895 6.147016917920367e+31
0.1797979797979798 5.23709616141025 6.4312256292134185e+31
0.18181818181818182 5.382348921556854 6.7251775965842925e+31
0.18383838383838383 5.52988400684535 7.029092995028829e+31
0.18585858585858586 5.679708768262117 7.3431944595987e+31
0.18787878787878787 5.831830479181349 7.667707085401384e+31
0.1898989898989899 5.986256337049895 8.0028584276001915e+31
0.1919191919191919 6.1429934650157065 8.34887850141424e+31
0.19393939393939394 6.302048913508429 8.705999782118483e+31
0.19595959595959597 6.463429661765531 9.074457205043676e+31
0.19797979797979798 6.627142619313872 9.4544881655764e+31
0.2 6.7931946274046595 9.846332519159065e+31
