##delta---free_energy---extended_GL
0.0 -0.006659675401238019 0.0
0.00202020202020202 -0.006809220406694294 -0.00032429131189407664
0.00404040404040404 -0.0072569051027358 -0.0012966225094130433
0.006060606060606061 -0.008000172493893842 -0.00291536537806711
0.00808080808080808 -0.009036057398020603 -0.00517780622703996
0.0101010101010101 -0.010364695793555256 -0.008080145889188749
0.012121212121212121 -0.011999695174836233 -0.011617499721044113
0.014141414141414142 -0.013999189103856224 -0.01578389760281015
0.01616161616161616 -0.016550730294170535 -0.020572283938364435
0.01818181818181818 -0.02011664960127746 -0.025974517655258024
0.0202020202020202 -0.02531856258372045 -0.03198137220471544
0.022222222222222223 -0.03220966529659108 -0.03858253556163469
0.024242424242424242 -0.04021180108793487 -0.045766610224587216
0.026262626262626262 -0.048850263934809846 -0.05352111321581799
0.028282828282828285 -0.05795960159559854 -0.06183247608124544
0.030303030303030304 -0.0677885846477011 -0.0706860448904614
0.03232323232323232 -0.07931310886044685 -0.08006608023673129
0.03434343434343434 -0.09258825158747186 -0.08995575723699395
0.03636363636363636 -0.10651594882597237 -0.1003371655318616
0.03838383838383838 -0.12065377568478652 -0.11119130928562017
0.0404040404040404 -0.13489953461271398 -0.12249810718622878
0.04242424242424243 -0.14921073336824975 -0.13423639244532032
0.044444444444444446 -0.16355444353962412 -0.14638391279820084
0.046464646464646465 -0.17790024627709045 -0.1589173305038501
0.048484848484848485 -0.192219188563854 -0.17181222234492116
0.050505050505050504 -0.20648355289927167 -0.18504307962774078
0.052525252525252523 -0.2206667447860582 -0.19858330818230896
0.05454545454545454 -0.2347432045626192 -0.21240522836229936
0.05656565656565657 -0.24868833015545988 -0.22648007504505893
0.05858585858585859 -0.26247840804091993 -0.2407779976316082
0.06060606060606061 -0.27609055123571125 -0.2552680600466412
0.06262626262626263 -0.289502643426772 -0.2699182407385254
0.06464646464646465 -0.30269328849510657 -0.28469543267930175
0.06666666666666667 -0.3156417647842318 -0.2995654433646847
0.06868686868686869 -0.32832798355264003 -0.314492994814062
0.0707070707070707 -0.3407324511236993 -0.32944172357049495
0.07272727272727272 -0.35283623431644173 -0.3443741807007186
0.07474747474747474 -0.3646209287901456 -0.3592518317951413
0.07676767676767676 -0.3760686299879126 -0.3740350569678446
0.07878787878787878 -0.38716190640423065 -0.3886831508565839
0.0808080808080808 -0.3978837749361901 -0.4031543226227878
0.08282828282828283 -0.4082176781071212 -0.41740569595155874
0.08484848484848485 -0.41814746297984584 -0.4313933090516721
0.08686868686868687 -0.4276573615952657 -0.44507211465557717
0.08888888888888889 -0.43673197279224496 -0.45839598001939647
0.09090909090909091 -0.4453562452861206 -0.4713176869229263
0.09292929292929293 -0.4535154618864681 -0.48378893166963627
0.09494949494949495 -0.4611952247576028 -0.49576032508666895
0.09696969696969697 -0.4683814416335963 -0.5071813925248413
0.09898989898989899 -0.47506031290163264 -0.5180005738586432
0.10101010101010101 -0.48121831948878935 -0.528165223486238
0.10303030303030303 -0.48684221148266715 -0.5376216103294628
0.10505050505050505 -0.4919189974298206 -0.5463149178338276
0.10707070707070707 -0.49643593425730614 -0.5541892439685169
0.10909090909090909 -0.5003805177731238 -0.5611876012263879
0.1111111111111111 -0.5037404736991675 -0.567251916623971
0.11313131313131314 -0.506503749198373 -0.5723230317014711
0.11515151515151516 -0.5086585048621828 -0.5763407025227654
0.11717171717171718 -0.5101931071219497 -0.5792435996754052
0.1191919191919192 -0.5110961210604046 -0.5809693082706159
0.12121212121212122 -0.5113563035893094 -0.5814543279432949
0.12323232323232323 -0.5109625969727176 -0.5806340728520142
0.12525252525252525 -0.5099041226744703 -0.5784428716790189
0.12727272727272726 -0.5081701755028689 -0.5748139676302277
0.1292929292929293 -0.5057502180394522 -0.5696795184352328
0.13131313131313133 -0.50263387533073 -0.5629705963472996
0.13333333333333333 -0.4988109298278687 -0.5546171881433669
0.13535353535353536 -0.49427131655852463 -0.5445481951240474
0.13737373737373737 -0.48900511851661577 -0.5326914331136277
0.1393939393939394 -0.4830025622586618 -0.5189736324600659
0.1414141414141414 -0.4762540136921416 -0.5033204380349958
0.14343434343434344 -0.4687499740473413 -0.485656409233724
0.14545454545454545 -0.46048107602030086 -0.46590501997523004
0.14747474747474748 -0.4514380800786739 -0.4439886587021673
0.1494949494949495 -0.4416118709204966 -0.4198286283808628
0.15151515151515152 -0.43099345407824785 -0.393345146501316
0.15353535353535352 -0.41957395265944797 -0.36445734507720173
0.15555555555555556 -0.40734460421913354 -0.33308327064586696
0.15757575757575756 -0.3942967577519312 -0.299139884268332
0.1595959595959596 -0.3804218708045255 -0.2625430615292912
0.1616161616161616 -0.36571150669749386 -0.22320759253711286
0.16363636363636364 -0.3501573318511646 -0.1810471819238369
0.16565656565656567 -0.3337511132132249 -0.13597444884517906
0.16767676767676767 -0.31648471578137105 -0.08790092698052698
0.1696969696969697 -0.2983501002147477 -0.03673706453294171
0.1717171717171717 -0.2793393205326993 0.01760777577084037
0.17373737373737375 -0.25944452189708045 0.07522531668041288
0.17575757575757575 -0.2386579384686911 0.1362083664216911
0.17777777777777778 -0.21697189134260952 0.20065081869692242
0.1797979797979798 -0.19437878655230634 0.2686476526846751
0.18181818181818182 -0.17087111314231151 0.34029493303984953
0.18383838383838383 -0.1464414413051145 0.41568980989366733
0.18585858585858586 -0.12108242058206997 0.49493051885368133
0.18787878787878787 -0.09478677812057867 0.5781163810037666
0.1898989898989899 -0.06754731699163585 0.6653478029041295
0.1919191919191919 -0.039356914558197786 0.7567262765912977
0.19393939393939394 -0.01020852089766322 0.85235437957813
0.19595959595959597 0.019904842725281924 0.9523357748538084
0.19797979797979798 0.05099008534079985 1.0567752108838413
0.2 0.08305404770737823 1.1657785216100685
