##delta---free_energy---extended_GL
0.0 -0.008028219224570421 0.0
0.00202020202020202 -0.00714691032464998 9.22520932316074e+24
0.00404040404040404 -0.00450283003522145 1.476033491705737e+26
0.006060606060606061 -9.551755999837042e-05 7.472419551760313e+26
0.00808080808080808 0.006075795096762704 2.3616535867291867e+27
0.0101010101010101 0.014012182862416012 5.765755826975553e+27
0.012121212121212121 0.023715026763966307 1.1955871282816516e+28
0.014141414141414142 0.035186012230497 2.2149727584909307e+28
0.01616161616161616 0.0484271263140954 3.778645738766702e+28
0.01818181818181818 0.06344065373741614 6.052659836925862e+28
0.0202020202020202 0.08022917181142475 9.22520932316089e+28
0.022222222222222223 0.09879554436611215 1.3506628970039869e+29
0.024242424242424242 0.11914291489188145 1.9129394052506432e+29
0.026262626262626262 0.14127469908510193 2.6348120347879827e+29
0.028282828282828285 0.16519457694005268 3.5439564135854905e+29
0.030303030303030304 0.19090648443977898 4.670262219850204e+29
0.03232323232323232 0.21841460475491203 6.045833182026724e+29
0.03434343434343434 0.24772335859995565 7.704987078797211e+29
0.03636363636363636 0.27883739286858145 9.68425573908138e+29
0.03838383838383838 0.3117615654174415 1.2022385042036509e+30
0.0404040404040404 0.3465009207612866 1.4760334917057427e+30
0.04242424242424243 0.38306064355163016 1.7941279343776546e+30
0.044444444444444446 0.42144595609806856 2.1610606352063793e+30
0.046464646464646465 0.46166187140340753 2.5815918022026686e+30
0.048484848484848485 0.5037125648266283 3.06070304840103e+30
0.050505050505050504 0.5475997212610082 3.6035973918597245e+30
0.052525252525252523 0.5933181076410392 4.215699255660773e+30
0.05454545454545454 0.6408437518020946 4.902654467909948e+30
0.05656565656565657 0.6901040339992051 5.670330261736785e+30
0.05858585858585859 0.7409156382133233 6.524815275294564e+30
0.06060606060606061 0.7929265939003471 7.472419551760327e+30
0.06262626262626263 0.8457666384776985 8.519674539334874e+30
0.06464646464646465 0.8994404384180825 9.673333091242759e+30
0.06666666666666667 0.9543158116412087 1.0940369465732294e+31
0.06868686868686869 1.0107331814069767 1.2327979326075538e+31
0.0707070707070707 1.0688703592812772 1.3843579740568315e+31
0.07272727272727272 1.1288030253441548 1.5494809182530209e+31
0.07474747474747474 1.1905640578676184 1.7289527530304545e+31
0.07676767676767676 1.2541708913473713 1.9235816067258414e+31
0.07878787878787878 1.3196355553084231 2.134197748178266e+31
0.0808080808080808 1.3869673808953848 2.3616535867291884e+31
0.08282828282828283 1.456170577936632 2.6068236722224463e+31
0.08484848484848485 1.5272284378974064 2.8706046950042474e+31
0.08686868686868687 1.6000329067699113 3.1539154859231802e+31
0.08888888888888889 1.6741369095618666 3.457697016330207e+31
0.09090909090909091 1.7484784010049452 3.7829123980786653e+31
0.09292929292929293 1.8225589809801477 4.13054688352427e+31
0.09494949494949495 1.8973743724767473 4.501607865525109e+31
0.09696969696969697 1.9737509148478694 4.897124877441648e+31
0.09898989898989899 2.0519559283729905 5.3181495931367255e+31
0.10101010101010101 2.1320434284224348 5.765755826975559e+31
0.10303030303030303 2.2139358637543864 6.241039533825741e+31
0.10505050505050505 2.297114546879243 6.745118809057237e+31
0.10707070707070707 2.3800249713659696 7.279133888542391e+31
0.10909090909090909 2.4620596216476542 7.844247148655917e+31
0.1111111111111111 2.544795223555184 8.441643106274915e+31
0.11313131313131314 2.6288070442134313 9.072528418778856e+31
0.11515151515151516 2.712700775408962 9.738131884049577e+31
0.11717171717171718 2.794559470590457 1.0439704440471302e+32
0.1191919191919192 2.875055206270872 1.1178519166930625e+32
0.12121212121212122 2.955958510789742 1.1955871282816523e+32
0.12323232323232323 3.0385166765130407 1.277307814802034e+32
0.12525252525252525 3.1230448731053 1.3631479262935799e+32
0.12727272727272726 3.209599550538769 1.4532436268458994e+32
0.1292929292929293 3.2981974668424527 1.5477332945988414e+32
0.13131313131313133 3.388849843273647 1.64675752174249e+32
0.13333333333333333 3.481567024857668 1.750459114517167e+32
0.13535353535353536 3.576359107929875 1.8589830932134336e+32
0.13737373737373737 3.6732360278351734 1.972476692172086e+32
0.1393939393939394 3.7722075744213726 2.091089359784162e+32
0.1414141414141414 3.8732833977346672 2.2149727584909305e+32
0.14343434343434344 3.9764730122523133 2.3442807647839063e+32
0.14545454545454545 4.081785800770831 2.4791694692048334e+32
0.14747474747474748 4.189231018110149 2.6197971763457003e+32
0.1494949494949495 4.298817794662227 2.7663244048487272e+32
0.15151515151515152 4.410555139790063 2.9189138874063778e+32
0.15353535353535352 4.524451945094256 3.0777305707613462e+32
0.15555555555555556 4.64051698754497 3.2429416157065723e+32
0.15757575757575756 4.758758932493947 3.4147163970852254e+32
0.1595959595959596 4.879186336567614 3.593226503790721e+32
0.1616161616161616 5.001807650449791 3.7786457387667014e+32
0.16363636363636364 5.12663122155891 3.9711501190070595e+32
0.16565656565656567 5.253665296625513 4.170917875555914e+32
0.16767676767676767 5.3829180241734775 4.378129453507625e+32
0.1696969696969697 5.5143974569122065 4.592967512006796e+32
0.1717171717171717 5.648111554040611 4.8156169242482566e+32
0.17373737373737375 5.7840681834710495 5.0462647774770884e+32
0.17575757575757575 5.922275123972895 5.285100372988594e+32
0.17777777777777778 6.06274006724243 5.532315226128331e+32
0.1797979797979798 6.205470619902258 5.788103066292077e+32
0.18181818181818182 6.350474305430794 6.0526598369258645e+32
0.18383838383838383 6.497758566027869 6.326183695525947e+32
0.18585858585858586 6.647330764418598 6.608875013638832e+32
0.18787878787878787 6.799198185596083 6.900936376861247e+32
0.1898989898989899 6.953368038510121 7.202572584840174e+32
0.1919191919191919 7.109847457698152 7.513990651272818e+32
0.19393939393939394 7.2686435048671 7.835399803906636e+32
0.19595959595959597 7.429763170422575 8.16701148453931e+32
0.19797979797979798 7.5932133749532795 8.509039349018761e+32
0.2 7.7590009706664205 8.861699267243159e+32
