##delta---compare_q_0_to_finite_change_q
0.0 0.0 
0.00030303030303030303 1.4422017338802288e-07 
0.0006060606060606061 5.768794453615554e-07 
0.0009090909090909091 1.2979728839127349e-06 
0.0012121212121212121 2.307487152575051e-06 
0.0015151515151515152 3.6053876423466144e-06 
0.0018181818181818182 5.191584902968317e-06 
0.002121212121212121 7.065847629746714e-06 
0.0024242424242424242 9.227577615638439e-06 
0.0027272727272727275 1.1675229453612702e-05 
0.0030303030303030303 1.4404825637575414e-05 
0.003333333333333333 1.7406231258428306e-05 
0.0036363636363636364 2.0654274799380803e-05 
0.00393939393939394 2.4090239043835028e-05 
0.004242424242424242 2.7595346259113286e-05 
0.004545454545454545 3.098880585257575e-05 
0.0048484848484848485 3.410179284364858e-05 
0.005151515151515152 3.686937241709529e-05 
0.005454545454545455 3.9322008722228927e-05 
0.005757575757575757 4.1520989864329754e-05 
0.006060606060606061 4.3521133761532834e-05 
0.006363636363636364 4.536313002026873e-05 
0.006666666666666666 4.707587881894142e-05 
0.0069696969696969695 4.868035738436447e-05 
0.007272727272727273 5.019202943731216e-05 
0.007575757575757576 5.162285269998392e-05 
0.00787878787878788 5.298242491462588e-05 
0.008181818181818182 5.427805286926742e-05 
0.008484848484848484 5.551678752563021e-05 
0.008787878787878787 5.6702965105614566e-05 
0.00909090909090909 5.7842443334811834e-05 
0.009393939393939394 5.893779382768117e-05 
0.009696969696969697 5.9993633464182496e-05 
0.01 6.101230260446756e-05 
0.010303030303030303 6.199636647852458e-05 
0.010606060606060607 6.29491759595112e-05 
0.01090909090909091 6.387112626634917e-05 
0.011212121212121211 6.476619272689276e-05 
0.011515151515151515 6.563425939948502e-05 
0.011818181818181818 6.647788735099312e-05 
0.012121212121212121 6.729872699052066e-05 
0.012424242424242424 6.809657657213393e-05 
0.012727272727272728 6.887496190647653e-05 
0.013030303030303031 6.963255205155292e-05 
0.013333333333333332 7.037197440949967e-05 
0.013636363636363636 7.109396943142201e-05 
0.013939393939393939 7.17979880686471e-05 
0.014242424242424242 7.248735387656779e-05 
0.014545454545454545 7.316008873840474e-05 
0.014848484848484849 7.381870429944684e-05 
0.015151515151515152 7.446367901447957e-05 
0.015454545454545455 7.509398182864971e-05 
0.01575757575757576 7.571297517315543e-05 
0.01606060606060606 7.631835038591817e-05 
0.016363636363636365 7.691225805065188e-05 
0.016666666666666666 7.749542515448412e-05 
0.016969696969696968 7.806616644593305e-05 
0.017272727272727273 7.862798486075918e-05 
0.017575757575757574 7.917855248579144e-05 
0.01787878787878788 7.971935390869476e-05 
0.01818181818181818 8.025175112870784e-05 
0.018484848484848486 8.077334255485767e-05 
0.018787878787878787 8.128766727713811e-05 
0.019090909090909092 8.179277014060063e-05 
0.019393939393939394 8.228914708761295e-05 
0.019696969696969695 8.277901571200346e-05 
0.02 8.325939323858621e-05 
0.020303030303030302 8.373353717579448e-05 
0.020606060606060607 8.420031229888991e-05 
0.02090909090909091 8.465898315098458e-05 
0.021212121212121213 8.511260638351814e-05 
0.021515151515151515 8.555798714096455e-05 
0.02181818181818182 8.599763017391524e-05 
0.02212121212121212 8.6431617902781e-05 
0.022424242424242423 8.685794270422776e-05 
0.022727272727272728 8.728019655372919e-05 
0.02303030303030303 8.769553878682929e-05 
0.023333333333333334 8.810522634521476e-05 
0.023636363636363636 8.851076311621001e-05 
0.02393939393939394 8.890912703427603e-05 
0.024242424242424242 8.930387380332831e-05 
0.024545454545454544 8.969315830363485e-05 
0.02484848484848485 9.007664634445973e-05 
0.02515151515151515 9.045714390740614e-05 
0.025454545454545455 9.083118939270208e-05 
0.025757575757575757 9.120157778597787e-05 
0.026060606060606062 9.156798787153094e-05 
0.026363636363636363 9.192847224276194e-05 
0.026666666666666665 9.228664290985762e-05 
0.02696969696969697 9.263939823886176e-05 
0.02727272727272727 9.298809494684975e-05 
0.027575757575757576 9.333415054479702e-05 
0.027878787878787878 9.367440042406088e-05 
0.028181818181818183 9.401245679982822e-05 
0.028484848484848484 9.434640269264492e-05 
0.02878787878787879 9.467575839171332e-05 
0.02909090909090909 9.500344252046489e-05 
0.029393939393939392 9.532585602191831e-05 
0.029696969696969697 9.564568921214232e-05 
0.03 9.596280339919759e-05 
