##delta---compare_q_0_to_finite_change_q
0.0 0.0 
0.00030303030303030303 1.4395703219630476e-07 
0.0006060606060606061 5.758280960435061e-07 
0.0009090909090909091 1.2956130922247818e-06 
0.0012121212121212121 2.303311856303417e-06 
0.0015151515151515152 3.598924157631662e-06 
0.0018181818181818182 5.18244969916848e-06 
0.002121212121212121 7.0538881185711185e-06 
0.0024242424242424242 9.213238987649652e-06 
0.0027272727272727275 1.1660501811638826e-05 
0.0030303030303030303 1.4395676030107924e-05 
0.003333333333333333 1.7418761016960984e-05 
0.0036363636363636364 2.0729756080254433e-05 
0.00393939393939394 2.4328660461833337e-05 
0.004242424242424242 2.8215473337331732e-05 
0.004545454545454545 3.239019381726387e-05 
0.0048484848484848485 3.685282094520513e-05 
0.005151515151515152 4.16033537001567e-05 
0.005454545454545455 4.6641790993999076e-05 
0.005757575757575757 5.1968131673129324e-05 
0.006060606060606061 5.7582374518096906e-05 
0.006363636363636364 6.348451824342185e-05 
0.006666666666666666 6.967456149777713e-05 
0.0069696969696969695 7.615250286398798e-05 
0.007272727272727273 8.291834085885055e-05 
0.007575757575757576 8.997207393294951e-05 
0.00787878787878788 9.731370047174996e-05 
0.008181818181818182 0.00010494321879377815 
0.008484848484848484 0.00011286062715262226 
0.008787878787878787 0.00012106592373529556 
0.00909090909090909 0.0001295591066633278 
0.009393939393939394 0.00013834017399203728 
0.009696969696969697 0.0001474091237103493 
0.01 0.00015676595374261517 
0.010303030303030303 0.00016641066194606532 
0.010606060606060607 0.00017634324611262846 
0.01090909090909091 0.0001865637039682042 
0.011212121212121211 0.00019707203317193488 
0.011515151515151515 0.00020786823131875272 
0.011818181818181818 0.00021895229593628753 
0.012121212121212121 0.000230324224486867 
0.012424242424242424 0.00024198401436551647 
0.012727272727272728 0.0002539316629010499 
0.013030303030303031 0.00026616716735516086 
0.013333333333333332 0.0002786905249158735 
0.013636363636363636 0.00029150173269081275 
0.013939393939393939 0.00030460078768101083 
0.014242424242424242 0.00031798768671724247 
0.014545454545454545 0.00033166242629540646 
0.014848484848484849 0.00034562500214560705 
0.015151515151515152 0.00035987540812147927 
0.015454545454545455 0.0003744136333207279 
0.01575757575757576 0.0003892396546274539 
0.01606060606060606 0.0004043534174015803 
0.016363636363636365 0.000419754785465011 
0.016666666666666666 0.0004354434116505217 
0.016969696969696968 0.00045141840297546873 
0.017272727272727273 0.00046767745655688486 
0.017575757575757574 0.0004842146422181031 
0.01787878787878788 0.0005010147949018574 
0.01818181818181818 0.0005180398609078111 
0.018484848484848486 0.000535198776778634 
0.018787878787878787 0.0005522965784723055 
0.019090909090909092 0.0005690028695340516 
0.019393939393939394 0.0005849511430560596 
0.019696969696969695 0.0005999477417686649 
0.02 0.0006140269961644662 
0.020303030303030302 0.0006273268821656529 
0.020606060606060607 0.0006399852728003678 
0.02090909090909091 0.0006521092719664011 
0.021212121212121213 0.0006637772485011738 
0.021515151515151515 0.00067504697885106 
0.02181818181818182 0.0006859623588297836 
0.02212121212121212 0.0006965578881801774 
0.022424242424242423 0.000706861519490485 
0.022727272727272728 0.0007168964786460491 
0.02303030303030303 0.0007266824607640955 
0.023333333333333334 0.0007362364267508381 
0.023636363636363636 0.000745573178833365 
0.02393939393939394 0.0007547057897105333 
0.024242424242424242 0.0007636458615728769 
0.024545454545454544 0.0007724038248983561 
0.02484848484848485 0.0007809890916207222 
0.02515151515151515 0.0007894101579304332 
0.025454545454545455 0.0007976748674640476 
0.025757575757575757 0.0008057902756027032 
0.026060606060606062 0.0008137630115637876 
0.026363636363636363 0.0008215990748311015 
0.026666666666666665 0.0008293040928112531 
0.02696969696969697 0.0008368832902346185 
0.02727272727272727 0.000844341452642584 
0.027575757575757576 0.0008516832173289003 
0.027878787878787878 0.0008589126660477633 
0.028181818181818183 0.0008660339708148968 
0.028484848484848484 0.0008730506273233914 
0.02878787878787879 0.000879966427254476 
0.02909090909090909 0.0008867843754913338 
0.029393939393939392 0.0008935079475573728 
0.029696969696969697 0.0009001397336880473 
0.03 0.0009066829414281529 
