##delta---compare_q_0_to_finite_q
0.0 0.0 
0.000505050505050505 4.0009970166463146e-07 
0.00101010101010101 1.6003985524548582e-06 
0.0015151515151515152 3.6008957913509065e-06 
0.00202020202020202 6.4015901493803275e-06 
0.002525252525252525 1.0002479850754729e-05 
0.0030303030303030303 1.4403562611732881e-05 
0.0035353535353535356 1.9604835641075593e-05 
0.00404040404040404 2.560629564050032e-05 
0.004545454545454545 3.240793880331691e-05 
0.00505050505050505 4.000976081670161e-05 
0.005555555555555556 4.8411756859422894e-05 
0.006060606060606061 5.761392160252398e-05 
0.0065656565656565654 6.761624921091422e-05 
0.007070707070707071 7.841873334064073e-05 
0.007575757575757576 9.0021367141162e-05 
0.00808080808080808 0.00010242414325398386 
0.008585858585858586 0.00011562705381334124 
0.00909090909090909 0.00012963009044551652 
0.009595959595959595 0.00014443324426611067 
0.0101010101010101 0.00016003650587072114 
0.010606060606060607 0.00017643986528196362 
0.011111111111111112 0.00019364331169799696 
0.011616161616161616 0.0002116468322556102 
0.012121212121212121 0.00023045040600072755 
0.012626262626262626 0.00025005397441100287 
0.013131313131313131 0.00027045729741189463 
0.013636363636363636 0.00029165925034453714 
0.014141414141414142 0.00031365439933097146 
0.014646464646464647 0.00033641650601566646 
0.015151515151515152 0.00035982322020367967 
0.015656565656565657 0.0003833845892522731 
0.01616161616161616 0.0004058594744180937 
0.016666666666666666 0.0004260054515159481 
0.01717171717171717 0.00044417727688164627 
0.017676767676767676 0.00046107077904935064 
0.01818181818181818 0.00047630286204207553 
0.018686868686868686 0.0004904447278806857 
0.01919191919191919 0.0005044971293577873 
0.019696969696969695 0.0005183023007875817 
0.0202020202020202 0.0005308126033987718 
0.02070707070707071 0.0005421026757348954 
0.021212121212121213 0.0005533253589912873 
0.021717171717171718 0.0005649725797834434 
0.022222222222222223 0.0005766951864984548 
0.022727272727272728 0.0005873785917449369 
0.023232323232323233 0.0005966711442665655 
0.023737373737373738 0.0006056877544972394 
0.024242424242424242 0.0006151743979564799 
0.024747474747474747 0.000625213182212292 
0.025252525252525252 0.0006352931118917694 
0.025757575757575757 0.0006442568487188963 
0.026262626262626262 0.0006518845672073895 
0.026767676767676767 0.0006593245212457078 
0.02727272727272727 0.0006672832893259511 
0.027777777777777776 0.0006758872513312325 
0.028282828282828285 0.0006848469880831088 
0.02878787878787879 0.0006931949735444504 
0.029292929292929294 0.0007000541083332337 
0.0297979797979798 0.0007062280118150285 
0.030303030303030304 0.0007127267351290812 
0.03080808080808081 0.0007198877845769403 
0.031313131313131314 0.0007276829563572847 
0.031818181818181815 0.0007356694871998571 
0.03232323232323232 0.0007427341292473102 
0.03282828282828283 0.0007483607790954921 
0.03333333333333333 0.0007536115211844391 
0.03383838383838384 0.0007593248349633086 
0.03434343434343434 0.000765734493940272 
0.03484848484848485 0.0007727845915624131 
0.03535353535353535 0.000780023911697299 
0.03585858585858586 0.0007863360229173396 
0.03636363636363636 0.0007912124838355794 
0.03686868686868687 0.0007957189864252997 
0.03737373737373737 0.0008006918059854798 
0.03787878787878788 0.000806368822130935 
0.03838383838383838 0.0008127199993855356 
0.03888888888888889 0.0008193858254032876 
0.03939393939393939 0.0008253410301922487 
0.0398989898989899 0.0008298097703616351 
0.0404040404040404 0.0008336947911507196 
0.04090909090909091 0.0008379567468866753 
0.04141414141414142 0.0008429094853781862 
0.04191919191919192 0.0008485734700504964 
0.04242424242424243 0.0008547196973722748 
0.04292929292929293 0.000860535393449709 
0.043434343434343436 0.0008649322496153218 
0.04393939393939394 0.0008683625438468425 
0.044444444444444446 0.0008719572245811378 
0.04494949494949495 0.0008761927415418995 
0.045454545454545456 0.0008811598073382356 
0.04595959595959596 0.0008867485452590245 
0.046464646464646465 0.0008924317937385241 
0.04696969696969697 0.0008970524572732756 
0.047474747474747475 0.0009003050695930597 
0.047979797979797977 0.0009033226570998069 
0.048484848484848485 0.0009068583650105211 
0.04898989898989899 0.0009111165262770556 
0.049494949494949494 0.0009160806728730222 
0.05 0.0009214763605245935 
