##delta---compare_q_0_to_finite_q
0.0 -3.1551996980851982e-06 
0.0015151515151515152 -2.1509894422706565e-06 
0.0030303030303030303 1.569183950778085e-08 
0.004545454545454545 2.015398316416395e-06 
0.006060606060606061 3.081326025039744e-06 
0.007575757575757576 3.424967029786786e-06 
0.00909090909090909 3.50949639528153e-06 
0.010606060606060607 3.528546022153023e-06 
0.012121212121212121 3.532699642619262e-06 
0.013636363636363636 3.533541920660356e-06 
0.015151515151515152 3.5336461833139746e-06 
0.016666666666666666 3.533580770408661e-06 
0.01818181818181818 3.5334712831627263e-06 
0.019696969696969695 3.5333456171429134e-06 
0.021212121212121213 3.5332100708274087e-06 
0.022727272727272728 3.5330661582975156e-06 
0.024242424242424242 3.5329143213402856e-06 
0.025757575757575757 3.5327547609540493e-06 
0.02727272727272727 3.5325876149272512e-06 
0.02878787878787879 3.5324130037679405e-06 
0.030303030303030304 3.5322310372976098e-06 
0.031818181818181815 3.5320418210176295e-06 
0.03333333333333333 3.5318454545176783e-06 
0.03484848484848485 3.5316420326125846e-06 
0.03636363636363636 3.531431644660191e-06 
0.03787878787878788 3.53121437910887e-06 
0.03939393939393939 3.5309903182678763e-06 
0.04090909090909091 3.5307595424001004e-06 
0.04242424242424243 3.530522128585283e-06 
0.04393939393939394 3.5302781504924544e-06 
0.045454545454545456 3.5300276806537914e-06 
0.04696969696969697 3.529770787281467e-06 
0.048484848484848485 3.5295075383600803e-06 
0.05 3.5292379984639267e-06 
0.051515151515151514 3.528962230120653e-06 
0.05303030303030303 3.528680294266433e-06 
0.05454545454545454 3.528392251610083e-06 
0.05606060606060606 3.5280981583127877e-06 
0.05757575757575758 3.5277980712180744e-06 
0.05909090909090909 3.527492045122876e-06 
0.06060606060606061 3.5271801323233593e-06 
0.06212121212121212 3.5268623855699713e-06 
0.06363636363636363 3.5265388555671615e-06 
0.06515151515151515 3.5262095914277702e-06 
0.06666666666666667 3.5258746415820245e-06 
0.06818181818181818 3.5255340530966585e-06 
0.0696969696969697 3.5251878725830414e-06 
0.07121212121212121 3.5248361455159733e-06 
0.07272727272727272 3.524478914414394e-06 
0.07424242424242425 3.5241162247529956e-06 
0.07575757575757576 3.5237481174591086e-06 
0.07727272727272727 3.523374634823882e-06 
0.07878787878787878 3.522995818457369e-06 
0.0803030303030303 3.522611707012461e-06 
0.08181818181818182 3.5222223402798115e-06 
0.08333333333333333 3.5218277571402116e-06 
0.08484848484848485 3.521427995110526e-06 
0.08636363636363636 3.521023091707402e-06 
0.08787878787878788 3.5206130833103765e-06 
0.0893939393939394 3.5201980062994197e-06 
0.09090909090909091 3.519777895462676e-06 
0.09242424242424242 3.5193527864977193e-06 
0.09393939393939393 3.5189227128283335e-06 
0.09545454545454546 3.518487708106203e-06 
0.09696969696969697 3.5180478064377255e-06 
0.09848484848484848 3.517603039653993e-06 
0.1 3.5171534402706622e-06 
0.10151515151515152 3.516699039664544e-06 
0.10303030303030303 3.5162398698959305e-06 
0.10454545454545454 3.5157759609772722e-06 
0.10606060606060606 3.5153073440594325e-06 
0.10757575757575757 3.5148340482463007e-06 
0.10909090909090909 3.514356103551195e-06 
0.11060606060606061 3.513873539532069e-06 
0.11212121212121212 3.5133863839288855e-06 
0.11363636363636363 3.512894666300899e-06 
0.11515151515151516 3.5123984137041576e-06 
0.11666666666666667 3.5118976543344234e-06 
0.11818181818181818 3.511392415930358e-06 
0.11969696969696969 3.5108827250952476e-06 
0.12121212121212122 3.510368607748896e-06 
0.12272727272727273 3.509850091177203e-06 
0.12424242424242424 3.5093272013004065e-06 
0.12575757575757576 3.508799963356131e-06 
0.12727272727272726 3.508268403038667e-06 
0.12878787878787878 3.5077325462682524e-06 
0.1303030303030303 3.5071924166909033e-06 
0.1318181818181818 3.506648039546846e-06 
0.13333333333333333 3.506099439163843e-06 
0.13484848484848486 3.505546638961528e-06 
0.13636363636363635 3.5049896637247627e-06 
0.13787878787878788 3.5044285366441982e-06 
0.1393939393939394 3.5038632806849712e-06 
0.1409090909090909 3.5032939190385998e-06 
0.14242424242424243 3.5027204742165904e-06 
0.14393939393939395 3.5021429698640916e-06 
0.14545454545454545 3.501561427356366e-06 
0.14696969696969697 3.500975868973334e-06 
0.1484848484848485 3.500386317228238e-06 
0.15 3.4997927932638867e-06 
