##delta---compare_q_0_to_finite_change_q
0.0 0.0 
0.00101010101010101 1.5475622643862154e-06 
0.00202020202020202 5.372016259389057e-06 
0.0030303030303030303 8.46440517634619e-06 
0.00404040404040404 1.0363290693021553e-05 
0.00505050505050505 1.17386825641006e-05 
0.006060606060606061 1.2831145811469469e-05 
0.007070707070707071 1.3741336188832065e-05 
0.00808080808080808 1.452435922001314e-05 
0.00909090909090909 1.5210862413368886e-05 
0.0101010101010101 1.5821626801698584e-05 
0.011111111111111112 1.6373552025288518e-05 
0.012121212121212121 1.687692119030544e-05 
0.013131313131313131 1.7337971280721833e-05 
0.014141414141414142 1.776411593473313e-05 
0.015151515151515152 1.816167106062494e-05 
0.01616161616161616 1.8532925128056377e-05 
0.01717171717171717 1.8880145860930497e-05 
0.01818181818181818 1.9207861697032058e-05 
0.01919191919191919 1.9518699416221352e-05 
0.0202020202020202 1.981252573987149e-05 
0.021212121212121213 2.009098322087084e-05 
0.022222222222222223 2.0357404750939167e-05 
0.023232323232323233 2.0612460235679464e-05 
0.024242424242424242 2.085531490811263e-05 
0.025252525252525252 2.1087772813007175e-05 
0.026262626262626262 2.1312290457171913e-05 
0.02727272727272727 2.1528322481754002e-05 
0.028282828282828285 2.17350803573936e-05 
0.029292929292929294 2.1934650160255844e-05 
0.030303030303030304 2.2128643039468443e-05 
0.031313131313131314 2.231577028414904e-05 
0.03232323232323232 2.249566193204373e-05 
0.03333333333333333 2.267057558583474e-05 
0.03434343434343434 2.284127197435737e-05 
0.03535353535353535 2.3006094693482737e-05 
0.03636363636363636 2.316526232916658e-05 
0.03737373737373737 2.3321007927188476e-05 
0.03838383838383838 2.3473274860225502e-05 
0.03939393939393939 2.3620360630047798e-05 
0.0404040404040404 2.3763105731268297e-05 
0.04141414141414142 2.3903504052395873e-05 
0.04242424242424243 2.404077359860821e-05 
0.043434343434343436 2.417343637407612e-05 
0.044444444444444446 2.430288654013566e-05 
0.045454545454545456 2.443068509292061e-05 
0.046464646464646465 2.455547470253805e-05 
0.047474747474747475 2.4676212779377236e-05 
0.048484848484848485 2.4794704166015435e-05 
0.049494949494949494 2.4911929883091943e-05 
0.050505050505050504 2.502615322227939e-05 
0.051515151515151514 2.5136908217245945e-05 
0.052525252525252523 2.5246218246138598e-05 
0.05353535353535353 2.5354400159631042e-05 
0.05454545454545454 2.5459561204115742e-05 
0.05555555555555555 2.5561876998290244e-05 
0.05656565656565657 2.5663373930183297e-05 
0.05757575757575758 2.576369119960873e-05 
0.05858585858585859 2.5861008906940698e-05 
0.0595959595959596 2.595613211451564e-05 
0.06060606060606061 2.6050876570843685e-05 
0.06161616161616162 2.6144260976980148e-05 
0.06262626262626263 2.6234750373077987e-05 
0.06363636363636363 2.6323695694009076e-05 
0.06464646464646465 2.6412513478499023e-05 
0.06565656565656566 2.6499722375410782e-05 
0.06666666666666667 2.658424710170948e-05 
0.06767676767676768 2.6667841414928262e-05 
0.06868686868686869 2.6751378607696096e-05 
0.0696969696969697 2.6833047447144055e-05 
0.0707070707070707 2.6912353146326495e-05 
0.07171717171717172 2.6991266910590638e-05 
0.07272727272727272 2.7070033476411483e-05 
0.07373737373737374 2.714671332105354e-05 
0.07474747474747474 2.7221448106320166e-05 
0.07575757575757576 2.729621948019485e-05 
0.07676767676767676 2.7370624873765335e-05 
0.07777777777777778 2.744280832594086e-05 
0.07878787878787878 2.7513534767604143e-05 
0.0797979797979798 2.7584589849539043e-05 
0.0808080808080808 2.7654972439268022e-05 
0.08181818181818182 2.7723110366423498e-05 
0.08282828282828283 2.779031229310931e-05 
0.08383838383838384 2.7857983510330087e-05 
0.08484848484848485 2.792463468704227e-05 
0.08585858585858586 2.7989145616629685e-05 
0.08686868686868687 2.805323222382867e-05 
0.08787878787878788 2.811777595215972e-05 
0.08888888888888889 2.8180959250857994e-05 
0.0898989898989899 2.82422330659756e-05 
0.09090909090909091 2.8303542228059087e-05 
0.09191919191919191 2.8365156001382273e-05 
0.09292929292929293 2.8425121350301196e-05 
0.09393939393939393 2.8483518833127165e-05 
0.09494949494949495 2.854232096706255e-05 
0.09595959595959595 2.8601160158177664e-05 
0.09696969696969697 2.8658153353535453e-05 
0.09797979797979799 2.871400305557472e-05 
0.09898989898989899 2.877050641236565e-05 
0.1 2.882669992359297e-05 
