##delta---compare_q_0_to_finite_q
0.0 -1.2422551662893966e-09 
0.0015151515151515152 1.2632913594643468e-06 
0.0030303030303030303 4.705963475134922e-06 
0.004545454545454545 9.759637583010772e-06 
0.006060606060606061 1.6034752740779365e-05 
0.007575757575757576 2.327982885490201e-05 
0.00909090909090909 3.130961349797872e-05 
0.010606060606060607 3.997221799672843e-05 
0.012121212121212121 4.9135314550039766e-05 
0.013636363636363636 5.867829701328447e-05 
0.015151515151515152 6.848629253945546e-05 
0.016666666666666666 7.844818292724085e-05 
0.01818181818181818 8.845509842303726e-05 
0.019696969696969695 9.839434043951769e-05 
0.021212121212121213 0.00010814810843730812 
0.022727272727272728 0.00011758810812607407 
0.024242424242424242 0.00012656810276766918 
0.025757575757575757 0.00013491081425854643 
0.02727272727272727 0.00014238203050517768 
0.02878787878787879 0.00014864193579105633 
0.030303030303030304 0.0001532080916043924 
0.031818181818181815 0.00015572157973329012 
0.03333333333333333 0.00015664221840997925 
0.03484848484848485 0.0001568827675200737 
0.03636363636363636 0.0001569321603034041 
0.03787878787878788 0.00015693583063166442 
0.03939393939393939 0.00015692886750366593 
0.04090909090909091 0.0001569192816301438 
0.04242424242424243 0.00015690887941873373 
0.04393939393939394 0.000156898068686678 
0.045454545454545456 0.0001568869432534484 
0.04696969696969697 0.00015687552648541896 
0.048484848484848485 0.00015686382589992715 
0.05 0.00015685184539688635 
0.051515151515151514 0.00015683958799945683 
0.05303030303030303 0.00015682705647323023 
0.05454545454545454 0.00015681425346647298 
0.05606060606060606 0.0001568011815443242 
0.05757575757575758 0.00015678784320280107 
0.05909090909090909 0.00015677424087061803 
0.06060606060606061 0.00015676037691446257 
0.06212121212121212 0.0001567462536420862 
0.06363636363636363 0.0001567318733063075 
0.06515151515151515 0.0001567172381050113 
0.06666666666666667 0.0001567023501862422 
0.06818181818181818 0.0001566872116496598 
0.0696969696969697 0.00015667182454853908 
0.07121212121212121 0.00015665619089177193 
0.07272727272727272 0.00015664031264659578 
0.07424242424242425 0.00015662419173877412 
0.07575757575757576 0.00015660783005623665 
0.07727272727272727 0.00015659122944907734 
0.07878787878787878 0.0001565743917317378 
0.0803030303030303 0.00015655731868500881 
0.08181818181818182 0.00015654001205548415 
0.08333333333333333 0.00015652247355919823 
0.08484848484848485 0.0001565047048808991 
0.08636363636363636 0.00015648670767568536 
0.08787878787878788 0.0001564684835702792 
0.0893939393939394 0.0001564500341644816 
0.09090909090909091 0.0001564313610306271 
0.09242424242424242 0.00015641246571685774 
0.09393939393939393 0.000156393349744758 
0.09545454545454546 0.0001563740146137203 
0.09696969696969697 0.00015635446179876463 
0.09848484848484848 0.00015633469275344375 
0.1 0.00015631470890821236 
0.10151515151515152 0.00015629451167351342 
0.10303030303030303 0.00015627410243960202 
0.10454545454545454 0.00015625348257599378 
0.10606060606060606 0.0001562326534331076 
0.10757575757575757 0.00015621161634335294 
0.10909090909090909 0.0001561903726207672 
0.11060606060606061 0.00015616892356065367 
0.11212121212121212 0.00015614727044358 
0.11363636363636363 0.00015612541453046986 
0.11515151515151516 0.00015610335706842332 
0.11666666666666667 0.00015608109928780343 
0.11818181818181818 0.0001560586424031495 
0.11969696969696969 0.0001560359876144504 
0.12121212121212122 0.00015601313610768544 
0.12272727272727273 0.00015599008905373872 
0.12424242424242424 0.00015596684760985254 
0.12575757575757576 0.00015594341291998767 
0.12727272727272726 0.00015591978611500992 
0.12878787878787878 0.0001558959683119615 
0.1303030303030303 0.00015587196061696892 
0.1318181818181818 0.0001558477641221542 
0.13333333333333333 0.00015582337990872538 
0.13484848484848486 0.0001557988090462462 
0.13636363636363635 0.00015577405259136878 
0.13787878787878788 0.00015574911159183143 
0.1393939393939394 0.00015572398708336554 
0.1409090909090909 0.00015569868008988123 
0.14242424242424243 0.00015567319162619261 
0.14393939393939395 0.0001556475226965632 
0.14545454545454545 0.00015562167429561662 
0.14696969696969697 0.0001555956474072447 
0.1484848484848485 0.00015556944300642445 
0.15 0.00015554306205831352 
