0    1.425625939545718    0.3564064848864295    0.01568156102282442
1    1.474468934356633    0.36861723358915827    0.003470812320095662
2    1.485027147220089    0.3712567868050223    0.000831259104231652
3    1.487589788377537    0.37189744709438427    0.00019059881486965802
4    1.4881729732128781    0.37204324330321953    4.4802606034399783e-05
5    1.488310635645936    0.372077658911484    1.0386997769951112e-05
6    1.4883424747010392    0.3720856186752598    2.427233994128919e-06
7    1.4883499246097127    0.3720874811524282    5.647568257494129e-07
8    1.4883516566197077    0.3720879141549269    1.317543270040744e-07
9    1.4883520608251686    0.37208801520629214    3.070296178409038e-08
10    1.4883521549818943    0.3720880387454736    7.163780346708393e-09
11    1.4883521769487782    0.37208804423719455    1.6720593798424943e-09
12    1.4883521820735093    0.3720880455183773    3.908766088578375e-10
13    1.4883521832707707    0.37208804581769267    9.156125857501252e-11
14    1.488352183550909    0.37208804588772726    2.1526669335969473e-11
15    1.4883521836166556    0.3720880459041639    5.090039500998955e-12
16    1.488352183632156    0.372088045908039    1.2149170558473088e-12
17    1.4883521836358398    0.37208804590895994    2.9398705692074145e-13
18    1.4883521836367235    0.3720880459091809    7.30526750203353e-14
19    1.488352183636941    0.3720880459092353    1.865174681370263e-14
20    1.4883521836369957    0.37208804590924893    4.9960036108132044e-15
21    1.4883521836370122    0.37208804590925304    8.881784197001252e-16
22    1.4883521836370124    0.3720880459092531    8.326672684688674e-16
23    1.4883521836370146    0.37208804590925365    2.7755575615628914e-16
24    1.4883521836370128    0.3720880459092532    7.216449660063518e-16
25    1.4883521836370153    0.3720880459092538    1.1102230246251565e-16
26    1.4883521836370144    0.3720880459092536    3.3306690738754696e-16
27    1.4883521836370155    0.3720880459092539    5.551115123125783e-17
28    1.4883521836370133    0.3720880459092533    6.106226635438361e-16
29    1.488352183637016    0.372088045909254    5.551115123125783e-17
30    1.488352183637015    0.37208804590925376    1.6653345369377348e-16
31    1.4883521836370157    0.37208804590925393    0.0
32    1.4883521836370137    0.37208804590925343    4.996003610813204e-16
33    1.4883521836370164    0.3720880459092541    1.6653345369377348e-16
34    1.488352183637016    0.372088045909254    5.551115123125783e-17
35    1.4883521836370173    0.3720880459092543    3.885780586188048e-16
36    1.4883521836370153    0.3720880459092538    1.1102230246251565e-16
37    1.4883521836370157    0.37208804590925393    0.0
38    1.4883521836370148    0.3720880459092537    2.220446049250313e-16
39    1.4883521836370164    0.3720880459092541    1.6653345369377348e-16
40    1.4883521836370155    0.3720880459092539    5.551115123125783e-17
41    1.4883521836370164    0.3720880459092541    1.6653345369377348e-16
42    1.4883521836370155    0.3720880459092539    5.551115123125783e-17
43    1.488352183637015    0.37208804590925376    1.6653345369377348e-16
44    1.4883521836370153    0.3720880459092538    1.1102230246251565e-16
45    1.488352183637015    0.37208804590925376    1.6653345369377348e-16
46    1.488352183637015    0.37208804590925376    1.6653345369377348e-16
47    1.488352183637016    0.372088045909254    5.551115123125783e-17
48    1.4883521836370155    0.3720880459092539    5.551115123125783e-17
49    1.4883521836370164    0.3720880459092541    1.6653345369377348e-16
50    1.4883521836370164    0.3720880459092541    1.6653345369377348e-16
51    1.488352183637015    0.37208804590925376    1.6653345369377348e-16
52    1.4883521836370155    0.3720880459092539    5.551115123125783e-17
53    1.4883521836370168    0.3720880459092542    2.7755575615628914e-16
54    1.4883521836370168    0.3720880459092542    2.7755575615628914e-16
55    1.4883521836370162    0.37208804590925404    1.1102230246251565e-16
56    1.488352183637015    0.37208804590925376    1.6653345369377348e-16
57    1.488352183637016    0.372088045909254    5.551115123125783e-17
58    1.4883521836370155    0.3720880459092539    5.551115123125783e-17
59    1.488352183637016    0.372088045909254    5.551115123125783e-17
60    1.4883521836370164    0.3720880459092541    1.6653345369377348e-16
61    1.488352183637016    0.372088045909254    5.551115123125783e-17
62    1.4883521836370162    0.37208804590925404    1.1102230246251565e-16
63    1.4883521836370144    0.3720880459092536    3.3306690738754696e-16
64    1.4883521836370157    0.37208804590925393    0.0
65    1.4883521836370173    0.3720880459092543    3.885780586188048e-16
66    1.4883521836370155    0.3720880459092539    5.551115123125783e-17
67    1.488352183637016    0.372088045909254    5.551115123125783e-17
68    1.488352183637015    0.37208804590925376    1.6653345369377348e-16
69    1.4883521836370173    0.3720880459092543    3.885780586188048e-16
70    1.4883521836370157    0.37208804590925393    0.0
71    1.4883521836370164    0.3720880459092541    1.6653345369377348e-16
72    1.488352183637016    0.372088045909254    5.551115123125783e-17
73    1.4883521836370173    0.3720880459092543    3.885780586188048e-16
74    1.488352183637016    0.372088045909254    5.551115123125783e-17
75    1.4883521836370162    0.37208804590925404    1.1102230246251565e-16
76    1.488352183637016    0.372088045909254    5.551115123125783e-17
77    1.4883521836370173    0.3720880459092543    3.885780586188048e-16
78    1.4883521836370155    0.3720880459092539    5.551115123125783e-17
79    1.488352183637016    0.372088045909254    5.551115123125783e-17
80    1.4883521836370146    0.37208804590925365    2.7755575615628914e-16
81    1.4883521836370168    0.3720880459092542    2.7755575615628914e-16
82    1.4883521836370144    0.3720880459092536    3.3306690738754696e-16
83    1.4883521836370168    0.3720880459092542    2.7755575615628914e-16
84    1.4883521836370155    0.3720880459092539    5.551115123125783e-17
85    1.4883521836370155    0.3720880459092539    5.551115123125783e-17
86    1.488352183637014    0.3720880459092535    4.440892098500626e-16
87    1.488352183637016    0.372088045909254    5.551115123125783e-17
88    1.488352183637016    0.372088045909254    5.551115123125783e-17
89    1.488352183637016    0.372088045909254    5.551115123125783e-17
90    1.488352183637015    0.37208804590925376    1.6653345369377348e-16
91    1.488352183637016    0.372088045909254    5.551115123125783e-17
92    1.488352183637015    0.37208804590925376    1.6653345369377348e-16
93    1.4883521836370157    0.37208804590925393    0.0
94    1.4883521836370155    0.3720880459092539    5.551115123125783e-17
95    1.4883521836370155    0.3720880459092539    5.551115123125783e-17
96    1.488352183637014    0.3720880459092535    4.440892098500626e-16
97    1.4883521836370168    0.3720880459092542    2.7755575615628914e-16
98    1.4883521836370153    0.3720880459092538    1.1102230246251565e-16
99    1.488352183637015    0.37208804590925376    1.6653345369377348e-16
100    1.4883521836370146    0.37208804590925365    2.7755575615628914e-16
101    1.488352183637016    0.372088045909254    5.551115123125783e-17
102    1.4883521836370153    0.3720880459092538    1.1102230246251565e-16
103    1.4883521836370168    0.3720880459092542    2.7755575615628914e-16
104    1.4883521836370157    0.37208804590925393    0.0
105    1.488352183637016    0.372088045909254    5.551115123125783e-17
106    1.4883521836370155    0.3720880459092539    5.551115123125783e-17
107    1.4883521836370148    0.3720880459092537    2.220446049250313e-16
108    1.4883521836370153    0.3720880459092538    1.1102230246251565e-16
109    1.488352183637017    0.37208804590925426    3.3306690738754696e-16
110    1.4883521836370155    0.3720880459092539    5.551115123125783e-17
111    1.4883521836370155    0.3720880459092539    5.551115123125783e-17
112    1.488352183637015    0.37208804590925376    1.6653345369377348e-16
113    1.488352183637015    0.37208804590925376    1.6653345369377348e-16
114    1.4883521836370155    0.3720880459092539    5.551115123125783e-17
115    1.488352183637015    0.37208804590925376    1.6653345369377348e-16
116    1.488352183637015    0.37208804590925376    1.6653345369377348e-16
117    1.4883521836370164    0.3720880459092541    1.6653345369377348e-16
118    1.4883521836370155    0.3720880459092539    5.551115123125783e-17
119    1.488352183637016    0.372088045909254    5.551115123125783e-17
120    1.488352183637015    0.37208804590925376    1.6653345369377348e-16
121    1.4883521836370164    0.3720880459092541    1.6653345369377348e-16
122    1.4883521836370166    0.37208804590925415    2.220446049250313e-16
123    1.4883521836370157    0.37208804590925393    0.0
124    1.4883521836370153    0.3720880459092538    1.1102230246251565e-16
125    1.488352183637016    0.372088045909254    5.551115123125783e-17
126    1.488352183637016    0.372088045909254    5.551115123125783e-17
127    1.488352183637016    0.372088045909254    5.551115123125783e-17
128    1.4883521836370166    0.37208804590925415    2.220446049250313e-16
129    1.4883521836370168    0.3720880459092542    2.7755575615628914e-16
130    1.488352183637016    0.372088045909254    5.551115123125783e-17
131    1.4883521836370164    0.3720880459092541    1.6653345369377348e-16
132    1.488352183637016    0.372088045909254    5.551115123125783e-17
133    1.488352183637016    0.372088045909254    5.551115123125783e-17
134    1.4883521836370155    0.3720880459092539    5.551115123125783e-17
135    1.4883521836370166    0.37208804590925415    2.220446049250313e-16
136    1.4883521836370155    0.3720880459092539    5.551115123125783e-17
137    1.488352183637016    0.372088045909254    5.551115123125783e-17
138    1.4883521836370164    0.3720880459092541    1.6653345369377348e-16
139    1.488352183637015    0.37208804590925376    1.6653345369377348e-16
140    1.4883521836370153    0.3720880459092538    1.1102230246251565e-16
141    1.4883521836370155    0.3720880459092539    5.551115123125783e-17
142    1.488352183637015    0.37208804590925376    1.6653345369377348e-16
143    1.4883521836370166    0.37208804590925415    2.220446049250313e-16
144    1.4883521836370164    0.3720880459092541    1.6653345369377348e-16
145    1.488352183637016    0.372088045909254    5.551115123125783e-17
146    1.488352183637016    0.372088045909254    5.551115123125783e-17
147    1.4883521836370164    0.3720880459092541    1.6653345369377348e-16
148    1.4883521836370146    0.37208804590925365    2.7755575615628914e-16
149    1.488352183637015    0.37208804590925376    1.6653345369377348e-16
150    1.488352183637016    0.372088045909254    5.551115123125783e-17
151    1.488352183637015    0.37208804590925376    1.6653345369377348e-16
152    1.488352183637015    0.37208804590925376    1.6653345369377348e-16
153    1.4883521836370146    0.37208804590925365    2.7755575615628914e-16
154    1.4883521836370142    0.37208804590925354    3.885780586188048e-16
155    1.4883521836370153    0.3720880459092538    1.1102230246251565e-16
156    1.4883521836370157    0.37208804590925393    0.0
157    1.4883521836370164    0.3720880459092541    1.6653345369377348e-16
158    1.4883521836370155    0.3720880459092539    5.551115123125783e-17
159    1.4883521836370164    0.3720880459092541    1.6653345369377348e-16
160    1.488352183637016    0.372088045909254    5.551115123125783e-17
161    1.488352183637016    0.372088045909254    5.551115123125783e-17
162    1.4883521836370164    0.3720880459092541    1.6653345369377348e-16
163    1.4883521836370157    0.37208804590925393    0.0
164    1.488352183637016    0.372088045909254    5.551115123125783e-17
165    1.4883521836370155    0.3720880459092539    5.551115123125783e-17
166    1.4883521836370164    0.3720880459092541    1.6653345369377348e-16
167    1.4883521836370155    0.3720880459092539    5.551115123125783e-17
168    1.4883521836370162    0.37208804590925404    1.1102230246251565e-16
169    1.4883521836370155    0.3720880459092539    5.551115123125783e-17
170    1.4883521836370155    0.3720880459092539    5.551115123125783e-17
171    1.4883521836370157    0.37208804590925393    0.0
172    1.4883521836370148    0.3720880459092537    2.220446049250313e-16
173    1.4883521836370157    0.37208804590925393    0.0
174    1.4883521836370166    0.37208804590925415    2.220446049250313e-16
175    1.4883521836370155    0.3720880459092539    5.551115123125783e-17
176    1.4883521836370153    0.3720880459092538    1.1102230246251565e-16
177    1.4883521836370164    0.3720880459092541    1.6653345369377348e-16
178    1.488352183637016    0.372088045909254    5.551115123125783e-17
179    1.4883521836370164    0.3720880459092541    1.6653345369377348e-16
180    1.4883521836370144    0.3720880459092536    3.3306690738754696e-16
181    1.4883521836370168    0.3720880459092542    2.7755575615628914e-16
182    1.4883521836370144    0.3720880459092536    3.3306690738754696e-16
183    1.488352183637016    0.372088045909254    5.551115123125783e-17
184    1.488352183637016    0.372088045909254    5.551115123125783e-17
185    1.4883521836370155    0.3720880459092539    5.551115123125783e-17
186    1.4883521836370164    0.3720880459092541    1.6653345369377348e-16
187    1.4883521836370153    0.3720880459092538    1.1102230246251565e-16
188    1.488352183637016    0.372088045909254    5.551115123125783e-17
189    1.4883521836370162    0.37208804590925404    1.1102230246251565e-16
190    1.488352183637017    0.37208804590925426    3.3306690738754696e-16
191    1.4883521836370162    0.37208804590925404    1.1102230246251565e-16
192    1.4883521836370164    0.3720880459092541    1.6653345369377348e-16
193    1.488352183637015    0.37208804590925376    1.6653345369377348e-16
194    1.488352183637016    0.372088045909254    5.551115123125783e-17
195    1.4883521836370142    0.37208804590925354    3.885780586188048e-16
196    1.4883521836370164    0.3720880459092541    1.6653345369377348e-16
197    1.4883521836370146    0.37208804590925365    2.7755575615628914e-16
198    1.488352183637015    0.37208804590925376    1.6653345369377348e-16
199    1.4883521836370164    0.3720880459092541    1.6653345369377348e-16
200    1.4883521836370177    0.37208804590925443    4.996003610813204e-16
201    1.488352183637016    0.372088045909254    5.551115123125783e-17
202    1.4883521836370168    0.3720880459092542    2.7755575615628914e-16
203    1.488352183637016    0.372088045909254    5.551115123125783e-17
204    1.4883521836370177    0.37208804590925443    4.996003610813204e-16
205    1.4883521836370146    0.37208804590925365    2.7755575615628914e-16
206    1.4883521836370164    0.3720880459092541    1.6653345369377348e-16
207    1.4883521836370164    0.3720880459092541    1.6653345369377348e-16
208    1.4883521836370164    0.3720880459092541    1.6653345369377348e-16
209    1.488352183637016    0.372088045909254    5.551115123125783e-17
210    1.4883521836370155    0.3720880459092539    5.551115123125783e-17
211    1.4883521836370168    0.3720880459092542    2.7755575615628914e-16
212    1.488352183637016    0.372088045909254    5.551115123125783e-17
213    1.4883521836370157    0.37208804590925393    0.0
214    1.4883521836370153    0.3720880459092538    1.1102230246251565e-16
215    1.4883521836370155    0.3720880459092539    5.551115123125783e-17
216    1.4883521836370157    0.37208804590925393    0.0
217    1.4883521836370157    0.37208804590925393    0.0
218    1.4883521836370162    0.37208804590925404    1.1102230246251565e-16
219    1.4883521836370162    0.37208804590925404    1.1102230246251565e-16
220    1.488352183637016    0.372088045909254    5.551115123125783e-17
221    1.4883521836370146    0.37208804590925365    2.7755575615628914e-16
222    1.488352183637016    0.372088045909254    5.551115123125783e-17
223    1.4883521836370153    0.3720880459092538    1.1102230246251565e-16
224    1.4883521836370155    0.3720880459092539    5.551115123125783e-17
225    1.4883521836370155    0.3720880459092539    5.551115123125783e-17
226    1.488352183637016    0.372088045909254    5.551115123125783e-17
227    1.488352183637016    0.372088045909254    5.551115123125783e-17
228    1.488352183637016    0.372088045909254    5.551115123125783e-17
229    1.488352183637015    0.37208804590925376    1.6653345369377348e-16
230    1.4883521836370162    0.37208804590925404    1.1102230246251565e-16
231    1.4883521836370157    0.37208804590925393    0.0
232    1.4883521836370168    0.3720880459092542    2.7755575615628914e-16
233    1.4883521836370155    0.3720880459092539    5.551115123125783e-17
234    1.4883521836370164    0.3720880459092541    1.6653345369377348e-16
235    1.4883521836370155    0.3720880459092539    5.551115123125783e-17
236    1.4883521836370164    0.3720880459092541    1.6653345369377348e-16
237    1.4883521836370168    0.3720880459092542    2.7755575615628914e-16
238    1.4883521836370177    0.37208804590925443    4.996003610813204e-16
239    1.4883521836370153    0.3720880459092538    1.1102230246251565e-16
240    1.4883521836370168    0.3720880459092542    2.7755575615628914e-16
241    1.4883521836370164    0.3720880459092541    1.6653345369377348e-16
242    1.4883521836370166    0.37208804590925415    2.220446049250313e-16
243    1.4883521836370153    0.3720880459092538    1.1102230246251565e-16
244    1.4883521836370166    0.37208804590925415    2.220446049250313e-16
245    1.4883521836370155    0.3720880459092539    5.551115123125783e-17
246    1.4883521836370173    0.3720880459092543    3.885780586188048e-16
247    1.4883521836370146    0.37208804590925365    2.7755575615628914e-16
248    1.488352183637016    0.372088045909254    5.551115123125783e-17
249    1.4883521836370155    0.3720880459092539    5.551115123125783e-17
250    1.4883521836370157    0.37208804590925393    0.0
251    1.488352183637016    0.372088045909254    5.551115123125783e-17
252    1.488352183637016    0.372088045909254    5.551115123125783e-17
253    1.4883521836370155    0.3720880459092539    5.551115123125783e-17
254    1.488352183637016    0.372088045909254    5.551115123125783e-17
255    1.4883521836370164    0.3720880459092541    1.6653345369377348e-16
256    1.4883521836370155    0.3720880459092539    5.551115123125783e-17
257    1.488352183637016    0.372088045909254    5.551115123125783e-17
258    1.4883521836370166    0.37208804590925415    2.220446049250313e-16
259    1.4883521836370148    0.3720880459092537    2.220446049250313e-16
260    1.4883521836370164    0.3720880459092541    1.6653345369377348e-16
261    1.4883521836370164    0.3720880459092541    1.6653345369377348e-16
262    1.4883521836370166    0.37208804590925415    2.220446049250313e-16
263    1.4883521836370155    0.3720880459092539    5.551115123125783e-17
264    1.4883521836370153    0.3720880459092538    1.1102230246251565e-16
265    1.488352183637015    0.37208804590925376    1.6653345369377348e-16
266    1.4883521836370177    0.37208804590925443    4.996003610813204e-16
267    1.4883521836370153    0.3720880459092538    1.1102230246251565e-16
268    1.488352183637015    0.37208804590925376    1.6653345369377348e-16
269    1.4883521836370155    0.3720880459092539    5.551115123125783e-17
270    1.488352183637016    0.372088045909254    5.551115123125783e-17
271    1.488352183637016    0.372088045909254    5.551115123125783e-17
272    1.4883521836370164    0.3720880459092541    1.6653345369377348e-16
273    1.4883521836370155    0.3720880459092539    5.551115123125783e-17
274    1.488352183637017    0.37208804590925426    3.3306690738754696e-16
275    1.4883521836370155    0.3720880459092539    5.551115123125783e-17
276    1.488352183637017    0.37208804590925426    3.3306690738754696e-16
277    1.488352183637016    0.372088045909254    5.551115123125783e-17
278    1.4883521836370173    0.3720880459092543    3.885780586188048e-16
279    1.4883521836370162    0.37208804590925404    1.1102230246251565e-16
280    1.4883521836370168    0.3720880459092542    2.7755575615628914e-16
281    1.4883521836370155    0.3720880459092539    5.551115123125783e-17
282    1.488352183637016    0.372088045909254    5.551115123125783e-17
283    1.4883521836370155    0.3720880459092539    5.551115123125783e-17
284    1.4883521836370155    0.3720880459092539    5.551115123125783e-17
285    1.4883521836370155    0.3720880459092539    5.551115123125783e-17
286    1.4883521836370166    0.37208804590925415    2.220446049250313e-16
287    1.4883521836370146    0.37208804590925365    2.7755575615628914e-16
288    1.4883521836370164    0.3720880459092541    1.6653345369377348e-16
289    1.4883521836370162    0.37208804590925404    1.1102230246251565e-16
290    1.4883521836370157    0.37208804590925393    0.0
291    1.4883521836370144    0.3720880459092536    3.3306690738754696e-16
292    1.488352183637016    0.372088045909254    5.551115123125783e-17
293    1.4883521836370146    0.37208804590925365    2.7755575615628914e-16
294    1.4883521836370173    0.3720880459092543    3.885780586188048e-16
295    1.4883521836370162    0.37208804590925404    1.1102230246251565e-16
296    1.4883521836370162    0.37208804590925404    1.1102230246251565e-16
297    1.488352183637016    0.372088045909254    5.551115123125783e-17
298    1.488352183637017    0.37208804590925426    3.3306690738754696e-16
299    1.4883521836370146    0.37208804590925365    2.7755575615628914e-16
300    1.4883521836370173    0.3720880459092543    3.885780586188048e-16
301    1.4883521836370153    0.3720880459092538    1.1102230246251565e-16
302    1.488352183637016    0.372088045909254    5.551115123125783e-17
303    1.488352183637016    0.372088045909254    5.551115123125783e-17
304    1.488352183637016    0.372088045909254    5.551115123125783e-17
305    1.4883521836370153    0.3720880459092538    1.1102230246251565e-16
306    1.488352183637016    0.372088045909254    5.551115123125783e-17
307    1.4883521836370146    0.37208804590925365    2.7755575615628914e-16
308    1.4883521836370175    0.3720880459092544    4.440892098500626e-16
309    1.488352183637016    0.372088045909254    5.551115123125783e-17
310    1.4883521836370164    0.3720880459092541    1.6653345369377348e-16
311    1.4883521836370155    0.3720880459092539    5.551115123125783e-17
312    1.4883521836370164    0.3720880459092541    1.6653345369377348e-16
313    1.488352183637015    0.37208804590925376    1.6653345369377348e-16
314    1.4883521836370168    0.3720880459092542    2.7755575615628914e-16
315    1.4883521836370153    0.3720880459092538    1.1102230246251565e-16
316    1.4883521836370168    0.3720880459092542    2.7755575615628914e-16
317    1.488352183637015    0.37208804590925376    1.6653345369377348e-16
318    1.4883521836370168    0.3720880459092542    2.7755575615628914e-16
319    1.488352183637015    0.37208804590925376    1.6653345369377348e-16
320    1.4883521836370177    0.37208804590925443    4.996003610813204e-16
321    1.488352183637016    0.372088045909254    5.551115123125783e-17
322    1.4883521836370164    0.3720880459092541    1.6653345369377348e-16
323    1.488352183637015    0.37208804590925376    1.6653345369377348e-16
324    1.4883521836370173    0.3720880459092543    3.885780586188048e-16
325    1.4883521836370168    0.3720880459092542    2.7755575615628914e-16
326    1.488352183637016    0.372088045909254    5.551115123125783e-17
327    1.488352183637015    0.37208804590925376    1.6653345369377348e-16
328    1.4883521836370168    0.3720880459092542    2.7755575615628914e-16
329    1.4883521836370153    0.3720880459092538    1.1102230246251565e-16
330    1.4883521836370164    0.3720880459092541    1.6653345369377348e-16
331    1.4883521836370162    0.37208804590925404    1.1102230246251565e-16
332    1.4883521836370166    0.37208804590925415    2.220446049250313e-16
333    1.488352183637015    0.37208804590925376    1.6653345369377348e-16
334    1.4883521836370173    0.3720880459092543    3.885780586188048e-16
335    1.4883521836370153    0.3720880459092538    1.1102230246251565e-16
336    1.4883521836370155    0.3720880459092539    5.551115123125783e-17
337    1.488352183637015    0.37208804590925376    1.6653345369377348e-16
338    1.488352183637016    0.372088045909254    5.551115123125783e-17
339    1.4883521836370142    0.37208804590925354    3.885780586188048e-16
340    1.4883521836370157    0.37208804590925393    0.0
341    1.4883521836370157    0.37208804590925393    0.0
342    1.488352183637016    0.372088045909254    5.551115123125783e-17
343    1.4883521836370155    0.3720880459092539    5.551115123125783e-17
344    1.4883521836370182    0.37208804590925454    6.106226635438361e-16
345    1.4883521836370155    0.3720880459092539    5.551115123125783e-17
346    1.4883521836370164    0.3720880459092541    1.6653345369377348e-16
347    1.4883521836370166    0.37208804590925415    2.220446049250313e-16
348    1.4883521836370168    0.3720880459092542    2.7755575615628914e-16
349    1.4883521836370155    0.3720880459092539    5.551115123125783e-17
350    1.4883521836370166    0.37208804590925415    2.220446049250313e-16
351    1.4883521836370155    0.3720880459092539    5.551115123125783e-17
352    1.4883521836370155    0.3720880459092539    5.551115123125783e-17
353    1.4883521836370157    0.37208804590925393    0.0
354    1.4883521836370155    0.3720880459092539    5.551115123125783e-17
355    1.4883521836370153    0.3720880459092538    1.1102230246251565e-16
356    1.488352183637016    0.372088045909254    5.551115123125783e-17
357    1.4883521836370155    0.3720880459092539    5.551115123125783e-17
358    1.4883521836370173    0.3720880459092543    3.885780586188048e-16
359    1.4883521836370155    0.3720880459092539    5.551115123125783e-17
360    1.4883521836370155    0.3720880459092539    5.551115123125783e-17
361    1.4883521836370157    0.37208804590925393    0.0
362    1.4883521836370168    0.3720880459092542    2.7755575615628914e-16
363    1.4883521836370164    0.3720880459092541    1.6653345369377348e-16
364    1.4883521836370166    0.37208804590925415    2.220446049250313e-16
365    1.4883521836370157    0.37208804590925393    0.0
366    1.4883521836370155    0.3720880459092539    5.551115123125783e-17
367    1.488352183637015    0.37208804590925376    1.6653345369377348e-16
368    1.4883521836370168    0.3720880459092542    2.7755575615628914e-16
369    1.4883521836370162    0.37208804590925404    1.1102230246251565e-16
370    1.4883521836370155    0.3720880459092539    5.551115123125783e-17
371    1.4883521836370155    0.3720880459092539    5.551115123125783e-17
372    1.4883521836370164    0.3720880459092541    1.6653345369377348e-16
373    1.4883521836370164    0.3720880459092541    1.6653345369377348e-16
374    1.4883521836370164    0.3720880459092541    1.6653345369377348e-16
375    1.488352183637016    0.372088045909254    5.551115123125783e-17
376    1.488352183637016    0.372088045909254    5.551115123125783e-17
377    1.4883521836370162    0.37208804590925404    1.1102230246251565e-16
378    1.488352183637016    0.372088045909254    5.551115123125783e-17
379    1.4883521836370157    0.37208804590925393    0.0
380    1.488352183637015    0.37208804590925376    1.6653345369377348e-16
381    1.4883521836370155    0.3720880459092539    5.551115123125783e-17
382    1.4883521836370148    0.3720880459092537    2.220446049250313e-16
383    1.4883521836370166    0.37208804590925415    2.220446049250313e-16
384    1.488352183637016    0.372088045909254    5.551115123125783e-17
385    1.4883521836370155    0.3720880459092539    5.551115123125783e-17
386    1.4883521836370157    0.37208804590925393    0.0
387    1.4883521836370164    0.3720880459092541    1.6653345369377348e-16
388    1.4883521836370155    0.3720880459092539    5.551115123125783e-17
389    1.4883521836370155    0.3720880459092539    5.551115123125783e-17
390    1.4883521836370157    0.37208804590925393    0.0
391    1.488352183637016    0.372088045909254    5.551115123125783e-17
392    1.4883521836370153    0.3720880459092538    1.1102230246251565e-16
393    1.488352183637016    0.372088045909254    5.551115123125783e-17
394    1.4883521836370155    0.3720880459092539    5.551115123125783e-17
395    1.488352183637016    0.372088045909254    5.551115123125783e-17
396    1.488352183637016    0.372088045909254    5.551115123125783e-17
397    1.4883521836370155    0.3720880459092539    5.551115123125783e-17
398    1.488352183637016    0.372088045909254    5.551115123125783e-17
399    1.488352183637016    0.372088045909254    5.551115123125783e-17
400    1.4883521836370164    0.3720880459092541    1.6653345369377348e-16
401    1.4883521836370168    0.3720880459092542    2.7755575615628914e-16
402    1.4883521836370155    0.3720880459092539    5.551115123125783e-17
403    1.4883521836370164    0.3720880459092541    1.6653345369377348e-16
404    1.4883521836370155    0.3720880459092539    5.551115123125783e-17
405    1.488352183637016    0.372088045909254    5.551115123125783e-17
406    1.4883521836370166    0.37208804590925415    2.220446049250313e-16
407    1.4883521836370162    0.37208804590925404    1.1102230246251565e-16
408    1.4883521836370168    0.3720880459092542    2.7755575615628914e-16
409    1.4883521836370155    0.3720880459092539    5.551115123125783e-17
410    1.4883521836370162    0.37208804590925404    1.1102230246251565e-16
411    1.4883521836370164    0.3720880459092541    1.6653345369377348e-16
412    1.488352183637016    0.372088045909254    5.551115123125783e-17
413    1.4883521836370157    0.37208804590925393    0.0
414    1.4883521836370153    0.3720880459092538    1.1102230246251565e-16
415    1.488352183637016    0.372088045909254    5.551115123125783e-17
416    1.4883521836370155    0.3720880459092539    5.551115123125783e-17
417    1.4883521836370164    0.3720880459092541    1.6653345369377348e-16
418    1.488352183637015    0.37208804590925376    1.6653345369377348e-16
419    1.4883521836370168    0.3720880459092542    2.7755575615628914e-16
420    1.488352183637016    0.372088045909254    5.551115123125783e-17
421    1.4883521836370168    0.3720880459092542    2.7755575615628914e-16
422    1.4883521836370146    0.37208804590925365    2.7755575615628914e-16
423    1.488352183637016    0.372088045909254    5.551115123125783e-17
424    1.4883521836370164    0.3720880459092541    1.6653345369377348e-16
425    1.4883521836370148    0.3720880459092537    2.220446049250313e-16
426    1.4883521836370153    0.3720880459092538    1.1102230246251565e-16
427    1.4883521836370155    0.3720880459092539    5.551115123125783e-17
428    1.4883521836370146    0.37208804590925365    2.7755575615628914e-16
429    1.4883521836370148    0.3720880459092537    2.220446049250313e-16
430    1.4883521836370137    0.37208804590925343    4.996003610813204e-16
431    1.488352183637016    0.372088045909254    5.551115123125783e-17
432    1.488352183637015    0.37208804590925376    1.6653345369377348e-16
433    1.488352183637016    0.372088045909254    5.551115123125783e-17
434    1.4883521836370146    0.37208804590925365    2.7755575615628914e-16
435    1.488352183637016    0.372088045909254    5.551115123125783e-17
436    1.488352183637015    0.37208804590925376    1.6653345369377348e-16
437    1.488352183637016    0.372088045909254    5.551115123125783e-17
438    1.488352183637016    0.372088045909254    5.551115123125783e-17
439    1.4883521836370164    0.3720880459092541    1.6653345369377348e-16
440    1.4883521836370153    0.3720880459092538    1.1102230246251565e-16
441    1.4883521836370166    0.37208804590925415    2.220446049250313e-16
442    1.4883521836370142    0.37208804590925354    3.885780586188048e-16
443    1.4883521836370155    0.3720880459092539    5.551115123125783e-17
444    1.4883521836370155    0.3720880459092539    5.551115123125783e-17
445    1.4883521836370157    0.37208804590925393    0.0
446    1.4883521836370166    0.37208804590925415    2.220446049250313e-16
447    1.4883521836370164    0.3720880459092541    1.6653345369377348e-16
448    1.4883521836370164    0.3720880459092541    1.6653345369377348e-16
449    1.4883521836370166    0.37208804590925415    2.220446049250313e-16
450    1.488352183637015    0.37208804590925376    1.6653345369377348e-16
451    1.4883521836370173    0.3720880459092543    3.885780586188048e-16
452    1.4883521836370155    0.3720880459092539    5.551115123125783e-17
453    1.488352183637015    0.37208804590925376    1.6653345369377348e-16
454    1.4883521836370155    0.3720880459092539    5.551115123125783e-17
455    1.4883521836370157    0.37208804590925393    0.0
456    1.4883521836370164    0.3720880459092541    1.6653345369377348e-16
457    1.488352183637016    0.372088045909254    5.551115123125783e-17
458    1.4883521836370155    0.3720880459092539    5.551115123125783e-17
459    1.4883521836370164    0.3720880459092541    1.6653345369377348e-16
460    1.488352183637016    0.372088045909254    5.551115123125783e-17
461    1.4883521836370168    0.3720880459092542    2.7755575615628914e-16
462    1.4883521836370157    0.37208804590925393    0.0
463    1.488352183637016    0.372088045909254    5.551115123125783e-17
464    1.4883521836370157    0.37208804590925393    0.0
465    1.4883521836370164    0.3720880459092541    1.6653345369377348e-16
466    1.488352183637015    0.37208804590925376    1.6653345369377348e-16
467    1.4883521836370164    0.3720880459092541    1.6653345369377348e-16
468    1.4883521836370157    0.37208804590925393    0.0
469    1.4883521836370153    0.3720880459092538    1.1102230246251565e-16
470    1.4883521836370153    0.3720880459092538    1.1102230246251565e-16
471    1.488352183637015    0.37208804590925376    1.6653345369377348e-16
472    1.4883521836370144    0.3720880459092536    3.3306690738754696e-16
473    1.4883521836370155    0.3720880459092539    5.551115123125783e-17
474    1.488352183637015    0.37208804590925376    1.6653345369377348e-16
475    1.4883521836370148    0.3720880459092537    2.220446049250313e-16
476    1.4883521836370142    0.37208804590925354    3.885780586188048e-16
477    1.4883521836370097    0.37208804590925243    1.4988010832439613e-15
478    1.4883521836369962    0.37208804590924904    4.884981308350689e-15
479    1.4883521836369416    0.3720880459092354    1.8540724511240114e-14
480    1.4883521836367248    0.3720880459091812    7.271960811294775e-14
481    1.4883521836358395    0.3720880459089599    2.940425680719727e-13
482    1.4883521836321558    0.37208804590803896    1.21497256699854e-12
483    1.488352183616655    0.3720880459041637    5.090206034452649e-12
484    1.4883521835509081    0.37208804588772704    2.1526891380574398e-11
485    1.4883521832707707    0.37208804581769267    9.156125857501252e-11
486    1.4883521820735084    0.3720880455183771    3.908768309024424e-10
487    1.4883521769487786    0.37208804423719466    1.6720592688201918e-09
488    1.4883521549818945    0.37208803874547364    7.1637802911972415e-09
489    1.488352060825169    0.37208801520629226    3.0702961673068074e-08
490    1.488351656619708    0.372087914154927    1.3175432694856326e-07
491    1.4883499246097123    0.37208748115242807    5.647568258604352e-07
492    1.4883424747010376    0.3720856186752594    2.427233994517497e-06
493    1.488310635645934    0.3720776589114835    1.0386997770450712e-05
494    1.4881729732128783    0.3720432433032196    4.480260603434427e-05
495    1.487589788377537    0.37189744709438427    0.00019059881486965802
496    1.4850271472200887    0.37125678680502217    0.000831259104231763
497    1.4744689343566342    0.36861723358915854    0.0034708123200953844
498    1.4256259395457198    0.35640648488642995    0.015681561022823975
499    1.2422630898587605    0.31056577246469014    0.06152227344456379
500    0.0    0.060162823020084605    0.31192522288916935
501    0.0    0.017331689912087615    0.3547563559971663
502    0.0    0.005239580093435479    0.3668484658158184
503    0.0    0.0015973153013685171    0.3704907306078854
504    0.0    0.00048773339641102094    0.3716003125128429
505    0.0    0.00014897480305128656    0.37193907110620267
506    0.0    4.550624406503799e-05    0.3720425396651889
507    0.0    1.3900639817095856e-05    0.37207414526943683
508    0.0    4.246192981641368e-06    0.3720837997162723
509    0.0    1.2970744266375261e-06    0.3720867488348273
510    0.0    3.9621426925311176e-07    0.3720876496949847
511    0.0    1.2103064203020791e-07    0.3720879248786119
512    0.0    3.6970945978265224e-08    0.37208800893830796
513    0.0    1.1293428135369932e-08    0.3720880346158258
514    0.0    3.449776896438661e-09    0.372088042459477
515    0.0    1.053795363470389e-09    0.37208804485545854
516    0.0    3.219003067572723e-10    0.37208804558735364
517    0.0    9.833031524436597e-11    0.37208804581092364
518    0.0    3.0036668464961114e-11    0.37208804587921723
519    0.0    9.175226984431406e-12    0.3720880459000787
520    0.0    2.8026916724932516e-12    0.3720880459064512
521    0.0    8.56257339337807e-13    0.37208804590839767
522    0.0    2.6134042846459593e-13    0.3720880459089926
523    0.0    7.985972994006829e-14    0.37208804590917405
524    0.0    2.4210234511601314e-14    0.3720880459092297
525    0.0    7.56556275960385e-15    0.3720880459092464
526    0.0    2.3722343533982837e-15    0.37208804590925154
527    0.0    6.917209860457518e-16    0.37208804590925326
528    0.0    1.1102230246251565e-16    0.3720880459092538
529    0.0    1.2923689896027213e-16    0.3720880459092538
530    -0.0    -7.112366251504909e-17    0.372088045909254
531    0.0    6.331740687315346e-17    0.3720880459092539
532    -0.0    -2.0252896582029223e-16    0.37208804590925415
533    -0.0    -1.238158880978446e-16    0.37208804590925404
534    -0.0    -1.5352302762394743e-16    0.3720880459092541
535    0.0    5.659535340374333e-17    0.3720880459092539
536    -0.0    -2.5934115965853266e-16    0.3720880459092542
537    0.0    3.859759734048396e-17    0.3720880459092539
538    -0.0    -9.020562075079397e-17    0.37208804590925404
539    0.0    1.1666015375944028e-16    0.3720880459092538
540    -0.0    -7.979727989493313e-17    0.372088045909254
541    0.0    2.5782327661705295e-16    0.37208804590925365
542    -0.0    -1.3747683547116196e-16    0.37208804590925404
543    0.0    1.8778381627448937e-16    0.37208804590925376
544    -0.0    -8.066464163292153e-17    0.372088045909254
545    0.0    1.5959455978986625e-16    0.37208804590925376
546    -0.0    -7.45931094670027e-17    0.372088045909254
547    0.0    7.892991815694472e-17    0.3720880459092539
548    -0.0    -2.3635607360183997e-16    0.37208804590925415
549    -0.0    -4.336808689942018e-17    0.372088045909254
550    -0.0    -1.960237527853792e-16    0.37208804590925415
551    0.0    2.244298497044994e-16    0.3720880459092537
552    -0.0    -2.480654570646834e-16    0.37208804590925415
553    0.0    2.6454533008646308e-17    0.37208804590925393
554    -0.0    -1.8865117801247777e-16    0.3720880459092541
555    -0.0    -7.762887554996212e-17    0.372088045909254
556    -0.0    -2.942524696125659e-16    0.3720880459092542
557    0.0    1.0104764247564901e-16    0.3720880459092538
558    -0.0    -1.2598429244281562e-16    0.37208804590925404
559    0.0    1.960237527853792e-16    0.3720880459092537
560    -0.0    -2.0621525320674294e-16    0.37208804590925415
561    0.0    1.1405806854547507e-16    0.3720880459092538
562    -0.0    -3.729655473350135e-17    0.372088045909254
563    0.0    9.93129189996722e-17    0.3720880459092538
564    -0.0    -1.9038590148845458e-16    0.3720880459092541
565    0.0    1.2967057982926633e-16    0.3720880459092538
566    -0.0    -1.981921571303502e-16    0.37208804590925415
567    0.0    2.0350474777552918e-16    0.3720880459092537
568    -0.0    -7.068998164605489e-17    0.372088045909254
569    0.0    1.4582519219930035e-16    0.37208804590925376
570    -0.0    -1.7520707107365752e-16    0.3720880459092541
571    0.0    2.299592807841755e-16    0.3720880459092537
572    -0.0    -2.469812548921979e-16    0.37208804590925415
573    0.0    3.913969842672671e-17    0.3720880459092539
574    -0.0    -1.3704315460216776e-16    0.37208804590925404
575    -0.0    -2.47198095326695e-17    0.37208804590925393
576    -0.0    -1.71954464556201e-16    0.3720880459092541
577    -0.0    -2.6346112791397758e-17    0.37208804590925393
578    -0.0    -3.174543961037557e-16    0.37208804590925426
579    0.0    1.9949319973733282e-17    0.37208804590925393
580    -0.0    -1.2728533504979822e-16    0.37208804590925404
581    0.0    1.6750923564901044e-16    0.37208804590925376
582    -0.0    -1.4289784633358948e-16    0.3720880459092541
583    0.0    2.1304572689340162e-16    0.3720880459092537
584    -0.0    -1.3834419720915037e-16    0.37208804590925404
585    0.0    1.345494896054511e-16    0.3720880459092538
586    -0.0    -5.182486384480711e-17    0.372088045909254
587    0.0    4.7488055154865094e-17    0.3720880459092539
588    -0.0    -1.8388068845354155e-16    0.3720880459092541
589    0.0    2.6085904270001237e-16    0.37208804590925365
590    -0.0    -3.0140820395097023e-17    0.372088045909254
591    0.0    2.084920777689625e-16    0.3720880459092537
592    -0.0    -1.0430024899310553e-16    0.37208804590925404
593    0.0    1.1893697832165984e-16    0.3720880459092538
594    -0.0    -1.0928757898653885e-16    0.37208804590925404
595    0.0    2.7267684638010437e-16    0.37208804590925365
596    -0.0    -1.0386656812411132e-16    0.37208804590925404
597    0.0    9.942133921692076e-17    0.3720880459092538
598    -0.0    -1.5027042110649091e-16    0.3720880459092541
599    0.0    8.413408858487514e-17    0.3720880459092538
600    -0.0    -6.320898665590491e-17    0.372088045909254
601    0.0    1.8323016715005025e-16    0.37208804590925376
602    -0.0    -1.8767539605724082e-16    0.3720880459092541
603    0.0    1.5243882545146192e-16    0.37208804590925376
604    -0.0    -7.340048707726865e-17    0.372088045909254
605    0.0    2.1911725905932045e-16    0.3720880459092537
606    -0.0    -2.246466901389965e-16    0.37208804590925415
607    -0.0    -8.131516293641283e-18    0.37208804590925393
608    -0.0    -4.846383711010205e-17    0.372088045909254
609    0.0    1.0484235007934828e-16    0.3720880459092538
610    -0.0    -1.3314002678121994e-16    0.37208804590925404
611    0.0    4.423544863740858e-17    0.3720880459092539
612    -0.0    -9.530137096147584e-17    0.37208804590925404
613    0.0    1.2349062744609896e-16    0.3720880459092538
614    -0.0    -5.594483210025203e-17    0.372088045909254
615    0.0    2.2551405187698492e-17    0.37208804590925393
616    -0.0    -1.196959198423997e-16    0.37208804590925404
617    -0.0    -6.971419969081794e-17    0.372088045909254
618    -0.0    -1.7954387976359953e-16    0.3720880459092541
619    0.0    5.388484797252957e-17    0.3720880459092539
620    -0.0    -1.4842727741326556e-16    0.3720880459092541
621    0.0    5.074066167232161e-17    0.3720880459092539
622    0.0    4.651227319962814e-17    0.3720880459092539
623    0.0    1.463672932855431e-16    0.37208804590925376
624    0.0    3.2742905609062234e-17    0.3720880459092539
625    0.0    1.2218958483911635e-16    0.3720880459092538
626    -0.0    -1.951563910473908e-17    0.37208804590925393
627    0.0    5.605325231750058e-17    0.3720880459092539
628    0.0    4.662069341687669e-18    0.37208804590925393
629    0.0    5.627009275199768e-17    0.3720880459092539
630    0.0    1.0625181290357943e-17    0.37208804590925393
631    0.0    7.323785675139582e-17    0.3720880459092539
632    0.0    3.729655473350135e-17    0.3720880459092539
633    0.0    5.041540102057596e-18    0.37208804590925393
634    0.0    2.0090266256156397e-16    0.3720880459092537
635    0.0    3.800128614561693e-17    0.3720880459092539
636    0.0    4.0766001685454967e-17    0.3720880459092539
637    -0.0    -1.5287250632045613e-17    0.37208804590925393
638    -0.0    -1.5395670849294163e-17    0.37208804590925393
639    0.0    5.724587470723463e-17    0.3720880459092539
640    0.0    1.5070410197548512e-17    0.37208804590925393
641    -0.0    -3.9410748969848086e-17    0.372088045909254
642    0.0    1.7206288477344955e-16    0.37208804590925376
643    -0.0    -2.981555974335137e-17    0.372088045909254
644    0.0    6.776263578034403e-17    0.3720880459092539
645    0.0    4.6132802439258214e-17    0.3720880459092539
646    0.0    2.411265631607762e-16    0.3720880459092537
647    0.0    4.412702842016003e-17    0.3720880459092539
648    0.0    1.450662506785605e-16    0.37208804590925376
649    -0.0    -9.324138683375338e-18    0.37208804590925393
650    0.0    6.505213034913027e-19    0.37208804590925393
651    -0.0    -1.2679744407217974e-16    0.37208804590925404
652    0.0    3.2526065174565133e-18    0.37208804590925393
653    -0.0    -2.4882439858542327e-17    0.37208804590925393
654    0.0    3.67544536472586e-17    0.3720880459092539
655    -0.0    -5.637851296924623e-18    0.37208804590925393
656    0.0    6.06069014419397e-17    0.3720880459092539
657    0.0    2.0708261494473135e-17    0.37208804590925393
658    0.0    2.1141942363467336e-17    0.37208804590925393
659    0.0    1.848564704087785e-17    0.37208804590925393
660    -0.0    -5.204170427930421e-18    0.37208804590925393
661    0.0    2.4882439858542327e-17    0.37208804590925393
662    0.0    1.2305694657710475e-16    0.3720880459092538
663    0.0    2.688821387764051e-17    0.37208804590925393
664    -0.0    -4.119968255444917e-17    0.372088045909254
665    0.0    1.5504091066542713e-17    0.37208804590925393
666    0.0    1.122149248522497e-16    0.3720880459092538
667    0.0    1.820375447603162e-16    0.37208804590925376
668    -0.0    -2.5153490401663703e-17    0.37208804590925393
669    -0.0    -3.415236843329339e-17    0.372088045909254
670    0.0    1.8323016715005025e-17    0.37208804590925393
671    0.0    1.1145598333150986e-16    0.3720880459092538
672    -0.0    -4.4885969940899884e-17    0.372088045909254
673    -0.0    -8.218252467440124e-17    0.372088045909254
674    -0.0    -5.399326818977812e-17    0.372088045909254
675    -0.0    -1.83772268236293e-17    0.37208804590925393
676    0.0    8.814563662307151e-17    0.3720880459092538
677    0.0    9.416295868036606e-17    0.3720880459092538
678    -0.0    -1.5742615544489524e-16    0.3720880459092541
679    -0.0    -5.139118297581291e-17    0.372088045909254
680    -0.0    -9.855397747893235e-17    0.37208804590925404
681    -0.0    -1.0354130747236567e-17    0.37208804590925393
682    0.0    7.871307772244762e-17    0.3720880459092539
683    0.0    1.8106176280507924e-17    0.37208804590925393
684    -0.0    -7.589415207398531e-19    0.37208804590925393
685    -0.0    -4.195862407518902e-17    0.372088045909254
686    0.0    7.014788055981214e-17    0.3720880459092539
687    0.0    1.406752318799942e-16    0.37208804590925376
688    0.0    1.233822072288504e-16    0.3720880459092538
689    0.0    2.0626946331536722e-16    0.3720880459092537
690    0.0    8.196568423990414e-17    0.3720880459092539
691    0.0    3.518236049715462e-17    0.3720880459092539
692    -0.0    -1.0668549377257364e-16    0.37208804590925404
693    0.0    5.605325231750058e-17    0.3720880459092539
694    0.0    4.391018798566293e-17    0.3720880459092539
695    0.0    1.1340754724198376e-16    0.3720880459092538
696    -0.0    -1.6328084717631697e-16    0.3720880459092541
697    0.0    1.4078365209724275e-16    0.37208804590925376
698    0.0    1.3118846287074604e-17    0.37208804590925393
699    0.0    8.456776945386935e-17    0.3720880459092538
700    -0.0    -6.7220534694101275e-18    0.37208804590925393
701    -0.0    -1.7618285302889447e-17    0.37208804590925393
702    -0.0    -1.5439038936193583e-16    0.3720880459092541
703    -0.0    -3.5236570605778894e-17    0.372088045909254
704    -0.0    -8.413408858487514e-17    0.37208804590925404
705    0.0    1.1525069093520912e-16    0.3720880459092538
706    -0.0    -1.089623183347932e-16    0.37208804590925404
707    0.0    6.792526610621685e-17    0.3720880459092539
708    -0.0    -1.2457482961858446e-16    0.37208804590925404
709    0.0    1.8415173899666293e-16    0.37208804590925376
710    -0.0    -1.1145598333150986e-16    0.37208804590925404
711    0.0    1.0543866127421531e-16    0.3720880459092538
712    -0.0    -4.163336342344337e-17    0.372088045909254
713    0.0    2.664426838883127e-16    0.37208804590925365
714    -0.0    -1.6263032587282567e-18    0.37208804590925393
715    0.0    6.711211447685272e-17    0.3720880459092539
716    -0.0    -2.3418766925686896e-17    0.37208804590925393
717    0.0    2.531612072753653e-17    0.37208804590925393
718    -0.0    -9.421716878899034e-17    0.37208804590925404
719    0.0    3.209238430557093e-17    0.3720880459092539
720    0.0    9.75781955236954e-18    0.37208804590925393
721    0.0    1.6393136847980827e-16    0.37208804590925376
722    0.0    3.0899761915836876e-17    0.3720880459092539
723    -0.0    -2.0003530082357557e-17    0.37208804590925393
724    -0.0    -1.4062102177136993e-16    0.3720880459092541
725    0.0    8.890457814381136e-17    0.3720880459092538
726    0.0    1.1861171766991419e-16    0.3720880459092538
727    0.0    1.1427490897997217e-16    0.3720880459092538
728    0.0    3.144186300207963e-17    0.3720880459092539
729    -0.0    -4.553649124439119e-18    0.37208804590925393
730    -0.0    -5.898059818321144e-17    0.372088045909254
731    0.0    1.235990476633475e-16    0.3720880459092538
732    -0.0    -3.903127820947816e-18    0.37208804590925393
733    0.0    2.0887154852933243e-16    0.3720880459092537
734    0.0    5.746271514173174e-17    0.3720880459092539
735    0.0    2.959871930885427e-16    0.37208804590925365
736    0.0    6.646159317336142e-17    0.3720880459092539
737    0.0    1.275563855929196e-16    0.3720880459092538
738    -0.0    -3.979021973021801e-17    0.372088045909254
739    -0.0    -3.707971429900425e-17    0.372088045909254
740    -0.0    -1.336821278674627e-16    0.37208804590925404
741    0.0    1.336821278674627e-16    0.3720880459092538
742    -0.0    -4.705437428587089e-17    0.372088045909254
743    0.0    1.0505919051384538e-16    0.3720880459092538
744    -0.0    -5.4752209710517974e-17    0.372088045909254
745    0.0    2.883977778811442e-17    0.3720880459092539
746    0.0    2.6237692574149207e-17    0.37208804590925393
747    0.0    6.521476067500309e-17    0.3720880459092539
748    0.0    7.047314121155779e-18    0.37208804590925393
749    0.0    9.443400922348744e-17    0.3720880459092538
750    -0.0    -6.10405823109339e-17    0.372088045909254
751    0.0    7.41594285980085e-17    0.3720880459092539
752    0.0    1.478851763270228e-16    0.37208804590925376
753    0.0    1.5341460740669888e-17    0.37208804590925393
754    0.0    2.1684043449710089e-16    0.3720880459092537
755    0.0    6.559423143537302e-17    0.3720880459092539
756    -0.0    -7.155734338404329e-17    0.372088045909254
757    0.0    2.314771638256552e-17    0.37208804590925393
758    0.0    1.0842021724855044e-18    0.37208804590925393
759    -0.0    -6.743737512859838e-17    0.372088045909254
760    0.0    7.047314121155779e-18    0.37208804590925393
761    0.0    2.42861286636753e-17    0.37208804590925393
762    -0.0    -1.0299920638612292e-17    0.37208804590925393
763    -0.0    -9.86623976961809e-18    0.37208804590925393
764    -0.0    -2.3744027577432547e-17    0.37208804590925393
765    -0.0    -6.429318882839041e-17    0.372088045909254
766    -0.0    -1.0050554138940626e-16    0.37208804590925404
767    -0.0    -8.581460195222768e-17    0.37208804590925404
768    -0.0    -3.3610267347050637e-18    0.37208804590925393
769    0.0    1.1210650463500116e-16    0.3720880459092538
770    0.0    1.3010426069826053e-17    0.37208804590925393
771    0.0    1.3877787807814457e-17    0.37208804590925393
772    -0.0    -1.5894403848637495e-16    0.3720880459092541
773    -0.0    -5.990217002982412e-17    0.372088045909254
774    0.0    4.7921736023859296e-17    0.3720880459092539
775    0.0    9.540979117872439e-18    0.37208804590925393
776    -0.0    -1.3801893655740471e-16    0.37208804590925404
777    -0.0    -4.954803928258755e-17    0.372088045909254
778    -0.0    -8.868773770931426e-17    0.37208804590925404
779    0.0    4.705437428587089e-17    0.3720880459092539
780    0.0    8.239936510889834e-17    0.3720880459092539
781    0.0    1.7477339020466331e-16    0.37208804590925376
782    0.0    7.26415455565288e-18    0.37208804590925393
783    -0.0    -6.570265165262157e-17    0.372088045909254
784    -0.0    -1.6447346956605102e-16    0.3720880459092541
785    0.0    8.185726402265558e-18    0.37208804590925393
786    -0.0    -3.176712365382528e-17    0.372088045909254
787    0.0    1.5872719805187785e-16    0.37208804590925376
788    -0.0    -1.1785277614917433e-16    0.37208804590925404
789    0.0    1.9353008778866254e-17    0.37208804590925393
790    -0.0    -4.2717565595928875e-17    0.372088045909254
791    0.0    7.838781707070197e-17    0.3720880459092539
792    -0.0    -9.085614205428527e-17    0.37208804590925404
793    0.0    6.109479241955817e-17    0.3720880459092539
794    -0.0    -9.77950359581925e-17    0.37208804590925404
795    0.0    7.204523436166177e-17    0.3720880459092539
796    -0.0    -2.8080836267374565e-17    0.372088045909254
797    -0.0    -7.871307772244762e-17    0.372088045909254
798    -0.0    -5.182486384480711e-17    0.372088045909254
799    0.0    4.119968255444917e-18    0.37208804590925393
800    -0.0    -2.461138931542095e-17    0.37208804590925393
801    -0.0    -4.683753385137379e-17    0.372088045909254
802    -0.0    -5.2366964931049864e-17    0.372088045909254
803    -0.0    -2.0659472396711287e-16    0.37208804590925415
804    -0.0    -1.960237527853792e-16    0.37208804590925415
805    -0.0    -2.6075062248276382e-17    0.37208804590925393
806    0.0    6.093216209368535e-17    0.3720880459092539
807    0.0    1.1622647289044608e-16    0.3720880459092538
808    -0.0    -7.340048707726865e-17    0.372088045909254
809    -0.0    -6.564844154399729e-17    0.372088045909254
810    -0.0    -1.8865117801247777e-16    0.3720880459092541
811    0.0    2.7972416050126014e-17    0.3720880459092539
812    -0.0    -1.317305639569888e-16    0.37208804590925404
813    -0.0    -1.2197274440461925e-17    0.37208804590925393
814    -0.0    -4.9439619065339e-17    0.372088045909254
815    0.0    8.239936510889834e-17    0.3720880459092539
816    -0.0    -1.2630955309456127e-16    0.37208804590925404
817    -0.0    -1.3742262536253769e-16    0.37208804590925404
818    -0.0    -1.8669961410200386e-16    0.3720880459092541
819    -0.0    -8.218252467440124e-17    0.372088045909254
820    -0.0    -7.958043946043603e-17    0.372088045909254
821    0.0    1.0836600713992617e-16    0.3720880459092538
822    0.0    5.789639601072594e-17    0.3720880459092539
823    -0.0    -1.0793232627093197e-16    0.37208804590925404
824    -0.0    -1.5851035761738075e-16    0.3720880459092541
825    -0.0    -5.437273895014805e-17    0.372088045909254
826    0.0    6.472686969738461e-17    0.3720880459092539
827    0.0    7.025630077706069e-17    0.3720880459092539
828    -0.0    -1.1503385050071202e-16    0.37208804590925404
829    -0.0    -1.1600963245594897e-16    0.37208804590925404
830    -0.0    -1.4333152720258369e-16    0.3720880459092541
831    -0.0    -7.752045533271357e-18    0.37208804590925393
832    0.0    1.5937771935536915e-17    0.37208804590925393
833    0.0    2.4448758989548125e-17    0.37208804590925393
834    0.0    3.7621815385247004e-17    0.3720880459092539
835    0.0    1.1926223897340549e-18    0.37208804590925393
836    0.0    1.3444106938820255e-17    0.37208804590925393
837    -0.0    -1.5298092653770468e-16    0.3720880459092541
838    -0.0    -1.1275702593849246e-16    0.37208804590925404
839    -0.0    -1.4869832795638693e-16    0.3720880459092541
840    0.0    5.095750210681871e-18    0.37208804590925393
841    0.0    3.04118709382184e-17    0.3720880459092539
842    -0.0    -1.6263032587282567e-17    0.37208804590925393
843    -0.0    -2.314771638256552e-17    0.37208804590925393
844    0.0    8.782037597132586e-18    0.37208804590925393
845    -0.0    -7.92009687000661e-17    0.372088045909254
846    0.0    1.1904539853890839e-16    0.3720880459092538
847    -0.0    -4.3747557659790104e-17    0.372088045909254
848    0.0    8.131516293641283e-17    0.3720880459092539
849    -0.0    -1.0402919844998415e-16    0.37208804590925404
850    -0.0    -9.540979117872439e-18    0.37208804590925393
851    -0.0    -6.873841773558098e-17    0.372088045909254
852    0.0    1.463672932855431e-17    0.37208804590925393
853    0.0    1.3769367590565906e-17    0.37208804590925393
854    -0.0    -3.7947076036992655e-18    0.37208804590925393
855    -0.0    -1.7943545954635098e-17    0.37208804590925393
856    0.0    2.3635607360183997e-17    0.37208804590925393
857    -0.0    -1.1525069093520912e-16    0.37208804590925404
858    -0.0    -1.5981140022436335e-16    0.3720880459092541
859    -0.0    -6.483528991463317e-17    0.372088045909254
860    -0.0    -3.903127820947816e-17    0.372088045909254
861    -0.0    -1.1693120430256165e-16    0.37208804590925404
862    -0.0    -6.028164079019405e-17    0.372088045909254
863    -0.0    -1.0489656018797255e-16    0.37208804590925404
864    -0.0    -1.2327378701160185e-16    0.37208804590925404
865    -0.0    -2.244298497044994e-16    0.37208804590925415
866    -0.0    -7.43762690325056e-17    0.372088045909254
867    -0.0    -1.8973538018496328e-18    0.37208804590925393
868    0.0    1.457167719820518e-16    0.37208804590925376
869    0.0    6.982261990806649e-17    0.3720880459092539
870    -0.0    -9.400032835449323e-17    0.37208804590925404
871    -0.0    -1.3021268091550908e-16    0.37208804590925404
872    -0.0    -1.691355389077387e-17    0.37208804590925393
873    0.0    1.1449174941446927e-16    0.3720880459092538
874    -0.0    -9.139824314052802e-17    0.37208804590925404
875    0.0    1.1676857397668883e-16    0.3720880459092538
876    -0.0    -1.2175590397012215e-16    0.37208804590925404
877    0.0    1.2067170179763664e-16    0.3720880459092538
878    -0.0    -7.470152968425126e-17    0.372088045909254
879    0.0    1.0191500421363742e-17    0.37208804590925393
880    -0.0    -6.353424730765056e-17    0.372088045909254
881    -0.0    -1.7997756063259374e-17    0.37208804590925393
882    -0.0    -3.491130995403324e-17    0.372088045909254
883    0.0    1.0842021724855044e-16    0.3720880459092538
884    -0.0    -1.8192912454306764e-16    0.3720880459092541
885    -0.0    -1.590524587036235e-16    0.3720880459092541
886    -0.0    -1.3660947373317356e-16    0.37208804590925404
887    -0.0    -1.3888629829539312e-16    0.3720880459092541
888    -0.0    -6.277530578691071e-17    0.372088045909254
889    0.0    1.6479873021779667e-17    0.37208804590925393
890    -0.0    -9.562663161322149e-17    0.37208804590925404
891    -0.0    -1.478851763270228e-16    0.3720880459092541
892    -0.0    -7.882149793969617e-17    0.372088045909254
893    0.0    5.312590645178972e-18    0.37208804590925393
894    0.0    3.7513395167998453e-17    0.3720880459092539
895    0.0    4.228388472693467e-17    0.3720880459092539
896    -0.0    -6.288372600415926e-18    0.37208804590925393
897    -0.0    -4.141652298894627e-17    0.372088045909254
898    -0.0    -2.656295322589486e-17    0.37208804590925393
899    0.0    3.122502256758253e-17    0.3720880459092539
900    0.0    1.3899471851264167e-16    0.37208804590925376
901    0.0    4.228388472693467e-18    0.37208804590925393
902    -0.0    -1.2967057982926633e-16    0.37208804590925404
903    -0.0    -8.749511531958021e-17    0.37208804590925404
904    0.0    4.96564594998361e-17    0.3720880459092539
905    0.0    4.85722573273506e-17    0.3720880459092539
906    0.0    7.19910242530375e-17    0.3720880459092539
907    -0.0    -2.2551405187698492e-17    0.37208804590925393
908    -0.0    -1.0061396160665481e-16    0.37208804590925404
909    -0.0    -1.4669255393728875e-16    0.3720880459092541
910    -0.0    -4.618701254788249e-17    0.372088045909254
911    -0.0    -1.2641797331180982e-16    0.37208804590925404
912    -0.0    -1.1058862159352145e-17    0.37208804590925393
913    0.0    5.421010862427522e-19    0.37208804590925393
914    -0.0    -9.952975943416931e-17    0.37208804590925404
915    -0.0    -9.681925400295555e-17    0.37208804590925404
916    -0.0    -1.8431436932253575e-17    0.37208804590925393
917    0.0    4.618701254788249e-17    0.3720880459092539
918    0.0    9.085614205428527e-17    0.3720880459092538
919    -0.0    -2.970713952610282e-17    0.372088045909254
920    0.0    1.2836953722228372e-16    0.3720880459092538
921    -0.0    -2.710505431213761e-18    0.37208804590925393
922    0.0    1.0625181290357943e-16    0.3720880459092538
923    -0.0    -5.822165666247159e-17    0.372088045909254
924    -0.0    -2.0860049798621105e-16    0.37208804590925415
925    0.0    1.474514954580286e-17    0.37208804590925393
926    -0.0    -7.632783294297951e-17    0.372088045909254
927    -0.0    -3.8163916471489756e-17    0.372088045909254
928    -0.0    -1.3379054808471125e-16    0.37208804590925404
929    0.0    2.949029909160572e-17    0.3720880459092539
930    -0.0    -1.8388068845354155e-16    0.3720880459092541
931    0.0    3.686287386450715e-18    0.37208804590925393
932    -0.0    -2.17057274931598e-16    0.37208804590925415
933    0.0    1.238158880978446e-16    0.3720880459092538
934    -0.0    -7.37257477290143e-18    0.37208804590925393
935    -0.0    -2.727852665973529e-16    0.3720880459092542
936    -0.0    -3.1094918306884267e-16    0.37208804590925426
937    -0.0    -1.3400738851920835e-16    0.37208804590925404
938    -0.0    -5.0523821237824507e-17    0.372088045909254
939    0.0    9.82287168271867e-17    0.3720880459092538
940    0.0    1.1774435593192578e-16    0.3720880459092538
941    0.0    7.806255641895632e-17    0.3720880459092539
942    0.0    1.494030593685025e-16    0.37208804590925376
943    0.0    1.0842021724855044e-17    0.37208804590925393
944    -0.0    -5.4643789493269423e-17    0.372088045909254
945    -0.0    -1.3877787807814457e-16    0.37208804590925404
946    0.0    1.4094628242311558e-16    0.37208804590925376
947    -0.0    -8.782037597132586e-17    0.37208804590925404
948    0.0    8.977193988179977e-17    0.3720880459092538
949    -0.0    -8.456776945386935e-17    0.37208804590925404
950    0.0    2.432949675057472e-16    0.3720880459092537
951    0.0    1.0842021724855044e-17    0.37208804590925393
952    0.0    7.697835424647081e-17    0.3720880459092539
953    -0.0    -9.80118763926896e-17    0.37208804590925404
954    0.0    5.312590645178972e-17    0.3720880459092539
955    -0.0    -2.5153490401663703e-16    0.3720880459092542
956    -0.0    -7.806255641895632e-18    0.37208804590925393
957    -0.0    -9.974659986866641e-17    0.37208804590925404
958    0.0    9.996344030316351e-17    0.3720880459092538
959    -0.0    -9.150666335777657e-17    0.37208804590925404
960    0.0    1.0495077029659683e-16    0.3720880459092538
961    -0.0    -1.6783449630075609e-16    0.3720880459092541
962    0.0    5.334274688628682e-17    0.3720880459092539
963    -0.0    -9.80118763926896e-17    0.37208804590925404
964    -0.0    -2.0816681711721685e-17    0.37208804590925393
965    -0.0    -3.686287386450715e-17    0.372088045909254
966    0.0    7.45931094670027e-17    0.3720880459092539
967    0.0    3.426078865054194e-17    0.3720880459092539
968    0.0    4.423544863740858e-17    0.3720880459092539
969    -0.0    -3.9898639947466563e-17    0.372088045909254
970    0.0    2.393918396847994e-16    0.3720880459092537
971    0.0    6.140921104957897e-16    0.3720880459092533
972    0.0    2.2109050701324406e-15    0.3720880459092517
973    0.0    7.515689459669517e-15    0.37208804590924643
974    0.0    2.433773668708561e-14    0.3720880459092296
975    0.0    7.976432014888957e-14    0.37208804590917416
976    0.0    2.6151867130175255e-13    0.3720880459089924
977    0.0    8.561966240161478e-13    0.3720880459083977
978    0.0    2.8027888170079063e-12    0.3720880459064511
979    0.0    9.175347981393855e-12    0.3720880459000786
980    0.0    3.003682155430787e-11    0.3720880458792171
981    0.0    9.83300715157176e-11    0.37208804581092386
982    0.0    3.219004845664286e-10    0.3720880455873534
983    0.0    1.0537953218370255e-09    0.3720880448554586
984    0.0    3.4497769120511723e-09    0.372088042459477
985    0.0    1.1293428090267121e-08    0.37208803461582585
986    0.0    3.697094601122497e-08    0.3720880089383079
987    0.0    1.210306420961274e-07    0.3720879248786118
988    0.0    3.9621426919413116e-07    0.37208764969498476
989    0.0    1.2970744265499226e-06    0.3720867488348274
990    0.0    4.2461929815988675e-06    0.3720837997162723
991    0.0    1.390063981712708e-05    0.37207414526943683
992    0.0    4.550624406511605e-05    0.3720425396651888
993    0.0    0.00014897480305149993    0.37193907110620245
994    0.0    0.00048773339641131064    0.37160031251284265
995    0.0    0.001597315301368715    0.37049073060788523
996    0.0    0.005239580093435489    0.3668484658158184
997    0.0    0.017331689912087403    0.35475635599716654
998    0.0    0.06016282302008444    0.31192522288916946
999    1.2422630898587605    0.31056577246469014    0.06152227344456379
