0    0.2998840324280992    0.0749710081070248    0.050184727633428614
1    0.38319747305764384    0.09579936826441096    0.02935636747604245
2    0.4343303711254345    0.10858259278135862    0.01657314295909479
3    0.46395549020430826    0.11598887255107707    0.009166863189376345
4    0.4805717588560967    0.12014293971402418    0.005012796026429234
5    0.48972659015009234    0.12243164753752309    0.002724088202930325
6    0.49472162815521825    0.12368040703880456    0.001475328701648848
7    0.49743267808129077    0.12435816952032269    0.0007975662201307188
8    0.49889992492138646    0.12472498123034662    0.00043075451010679555
9    0.49969281051244174    0.12492320262811044    0.00023253311234297525
10    0.5001209377501116    0.1250302344375279    0.0001255013029255181
11    0.5003520179185412    0.1250880044796353    6.773126081810465e-05
12    0.5004767210293669    0.12511918025734173    3.655548311168322e-05
13    0.5005440147582367    0.12513600368955918    1.9732050894227804e-05
14    0.5005803303143251    0.12514508257858128    1.0653161872126171e-05
15    0.50059993052972    0.12514998263243    5.753108023420772e-06
16    0.5006105110179506    0.12515262775448766    3.1079859657556774e-06
17    0.5006162238999506    0.12515405597498766    1.679765465750771e-06
18    0.5006193095117953    0.12515482737794884    9.083625045758215e-07
19    0.5006209767643727    0.12515524419109317    4.915493602430931e-07
20    0.5006218780873686    0.12515546952184214    2.662186112667442e-07
21    0.5006223656517569    0.12515559141293922    1.4432751418991252e-07
22    0.500622629600287    0.12515565740007176    7.834038165399626e-08
23    0.5006227726266577    0.12515569315666442    4.258378899502091e-08
24    0.5006228502169656    0.1251557125542414    2.3186212005921192e-08
25    0.5006228923661409    0.12515572309153522    1.2648918190638625e-08
26    0.5006229152994499    0.12515572882486248    6.91559093324301e-09
27    0.5006229278007246    0.12515573195018115    3.790272262715888e-09
28    0.500622934629942    0.1251557336574855    2.082967909267097e-09
29    0.5006229383696397    0.12515573459240992    1.1480434936039785e-09
30    0.5006229404230065    0.12515573510575162    6.3470179112457e-10
31    0.500622941553753    0.12515573538843824    3.5201516701555136e-10
32    0.500622942178376    0.125155735544594    1.9585941202215906e-10
33    0.5006229425245426    0.12515573563113566    1.0931774929723304e-10
34    0.5006229427170246    0.12515573567925614    6.119726947417803e-11
35    0.5006229428244047    0.12515573570610117    3.435224327219544e-11
36    0.5006229428844972    0.1251557357211243    1.9329121636602054e-11
37    0.5006229429182253    0.12515573572955632    1.0897088786876452e-11
38    0.5006229429372044    0.1251557357343011    6.152300890960305e-12
39    0.5006229429479081    0.12515573573697703    3.4763858458575214e-12
40    0.5006229429539524    0.1251557357384881    1.965316798191452e-12
41    0.5006229429573713    0.12515573573934283    1.1105838471081597e-12
42    0.5006229429593069    0.12515573573982672    6.266931418252852e-13
43    0.500622942960401    0.12515573574010025    3.531619441332623e-13
44    0.500622942961019    0.12515573574025474    1.9867441025667176e-13
45    0.5006229429613667    0.12515573574034167    1.11743947428522e-13
46    0.500622942961563    0.12515573574039074    6.267208974009009e-14
47    0.5006229429616738    0.12515573574041844    3.497202527569243e-14
48    0.5006229429617355    0.12515573574043387    1.9539925233402755e-14
49    0.5006229429617692    0.1251557357404423    1.1102230246251565e-14
50    0.5006229429617886    0.12515573574044714    6.2727600891321345e-15
51    0.5006229429617988    0.1251557357404497    3.7192471324942744e-15
52    0.5006229429618047    0.12515573574045116    2.248201624865942e-15
53    0.5006229429618088    0.1251557357404522    1.2212453270876722e-15
54    0.5006229429618095    0.12515573574045238    1.0269562977782698e-15
55    0.5006229429618099    0.12515573574045247    9.43689570931383e-16
56    0.5006229429618111    0.12515573574045277    6.38378239159465e-16
57    0.5006229429618108    0.1251557357404527    7.216449660063518e-16
58    0.5006229429618116    0.1251557357404529    4.996003610813204e-16
59    0.5006229429618116    0.1251557357404529    4.996003610813204e-16
60    0.5006229429618119    0.12515573574045297    4.440892098500626e-16
61    0.5006229429618119    0.12515573574045297    4.440892098500626e-16
62    0.5006229429618112    0.1251557357404528    6.106226635438361e-16
63    0.5006229429618115    0.12515573574045288    5.273559366969494e-16
64    0.5006229429618119    0.12515573574045297    4.440892098500626e-16
65    0.5006229429618114    0.12515573574045286    5.551115123125783e-16
66    0.5006229429618121    0.12515573574045302    3.885780586188048e-16
67    0.5006229429618123    0.12515573574045308    3.3306690738754696e-16
68    0.5006229429618126    0.12515573574045316    2.498001805406602e-16
69    0.5006229429618126    0.12515573574045316    2.498001805406602e-16
70    0.5006229429618123    0.12515573574045308    3.3306690738754696e-16
71    0.5006229429618123    0.12515573574045308    3.3306690738754696e-16
72    0.5006229429618128    0.1251557357404532    2.220446049250313e-16
73    0.5006229429618124    0.1251557357404531    3.0531133177191805e-16
74    0.5006229429618123    0.12515573574045308    3.3306690738754696e-16
75    0.5006229429618122    0.12515573574045305    3.608224830031759e-16
76    0.5006229429618125    0.12515573574045313    2.7755575615628914e-16
77    0.5006229429618121    0.12515573574045302    3.885780586188048e-16
78    0.5006229429618132    0.1251557357404533    1.1102230246251565e-16
79    0.500622942961813    0.12515573574045324    1.6653345369377348e-16
80    0.5006229429618124    0.1251557357404531    3.0531133177191805e-16
81    0.5006229429618124    0.1251557357404531    3.0531133177191805e-16
82    0.5006229429618124    0.1251557357404531    3.0531133177191805e-16
83    0.5006229429618121    0.12515573574045302    3.885780586188048e-16
84    0.5006229429618119    0.12515573574045297    4.440892098500626e-16
85    0.5006229429618125    0.12515573574045313    2.7755575615628914e-16
86    0.5006229429618123    0.12515573574045308    3.3306690738754696e-16
87    0.5006229429618118    0.12515573574045294    4.718447854656915e-16
88    0.5006229429618115    0.12515573574045288    5.273559366969494e-16
89    0.5006229429618119    0.12515573574045297    4.440892098500626e-16
90    0.5006229429618113    0.12515573574045283    5.828670879282072e-16
91    0.5006229429618128    0.1251557357404532    2.220446049250313e-16
92    0.5006229429618123    0.12515573574045308    3.3306690738754696e-16
93    0.5006229429618125    0.12515573574045313    2.7755575615628914e-16
94    0.5006229429618123    0.12515573574045308    3.3306690738754696e-16
95    0.500622942961812    0.125155735740453    4.163336342344337e-16
96    0.5006229429618124    0.1251557357404531    3.0531133177191805e-16
97    0.5006229429618119    0.12515573574045297    4.440892098500626e-16
98    0.5006229429618121    0.12515573574045302    3.885780586188048e-16
99    0.5006229429618118    0.12515573574045294    4.718447854656915e-16
100    0.5006229429618116    0.1251557357404529    4.996003610813204e-16
101    0.5006229429618121    0.12515573574045302    3.885780586188048e-16
102    0.5006229429618116    0.1251557357404529    4.996003610813204e-16
103    0.5006229429618114    0.12515573574045286    5.551115123125783e-16
104    0.5006229429618114    0.12515573574045286    5.551115123125783e-16
105    0.5006229429618119    0.12515573574045297    4.440892098500626e-16
106    0.5006229429618116    0.1251557357404529    4.996003610813204e-16
107    0.5006229429618109    0.12515573574045272    6.938893903907228e-16
108    0.500622942961811    0.12515573574045274    6.661338147750939e-16
109    0.500622942961811    0.12515573574045274    6.661338147750939e-16
110    0.5006229429618118    0.12515573574045294    4.718447854656915e-16
111    0.5006229429618119    0.12515573574045297    4.440892098500626e-16
112    0.5006229429618123    0.12515573574045308    3.3306690738754696e-16
113    0.5006229429618115    0.12515573574045288    5.273559366969494e-16
114    0.5006229429618116    0.1251557357404529    4.996003610813204e-16
115    0.5006229429618119    0.12515573574045297    4.440892098500626e-16
116    0.5006229429618119    0.12515573574045297    4.440892098500626e-16
117    0.5006229429618112    0.1251557357404528    6.106226635438361e-16
118    0.5006229429618118    0.12515573574045294    4.718447854656915e-16
119    0.5006229429618119    0.12515573574045297    4.440892098500626e-16
120    0.5006229429618106    0.12515573574045266    7.494005416219807e-16
121    0.5006229429618114    0.12515573574045286    5.551115123125783e-16
122    0.5006229429618119    0.12515573574045297    4.440892098500626e-16
123    0.5006229429618126    0.12515573574045316    2.498001805406602e-16
124    0.5006229429618125    0.12515573574045313    2.7755575615628914e-16
125    0.500622942961813    0.12515573574045324    1.6653345369377348e-16
126    0.5006229429618126    0.12515573574045316    2.498001805406602e-16
127    0.5006229429618116    0.1251557357404529    4.996003610813204e-16
128    0.5006229429618119    0.12515573574045297    4.440892098500626e-16
129    0.5006229429618113    0.12515573574045283    5.828670879282072e-16
130    0.5006229429618119    0.12515573574045297    4.440892098500626e-16
131    0.5006229429618118    0.12515573574045294    4.718447854656915e-16
132    0.5006229429618122    0.12515573574045305    3.608224830031759e-16
133    0.5006229429618123    0.12515573574045308    3.3306690738754696e-16
134    0.5006229429618119    0.12515573574045297    4.440892098500626e-16
135    0.500622942961813    0.12515573574045324    1.6653345369377348e-16
136    0.5006229429618129    0.12515573574045322    1.942890293094024e-16
137    0.5006229429618128    0.1251557357404532    2.220446049250313e-16
138    0.5006229429618123    0.12515573574045308    3.3306690738754696e-16
139    0.5006229429618113    0.12515573574045283    5.828670879282072e-16
140    0.5006229429618116    0.1251557357404529    4.996003610813204e-16
141    0.5006229429618113    0.12515573574045283    5.828670879282072e-16
142    0.500622942961812    0.125155735740453    4.163336342344337e-16
143    0.5006229429618123    0.12515573574045308    3.3306690738754696e-16
144    0.5006229429618126    0.12515573574045316    2.498001805406602e-16
145    0.5006229429618128    0.1251557357404532    2.220446049250313e-16
146    0.5006229429618126    0.12515573574045316    2.498001805406602e-16
147    0.5006229429618123    0.12515573574045308    3.3306690738754696e-16
148    0.5006229429618121    0.12515573574045302    3.885780586188048e-16
149    0.5006229429618116    0.1251557357404529    4.996003610813204e-16
150    0.500622942961811    0.12515573574045274    6.661338147750939e-16
151    0.500622942961811    0.12515573574045274    6.661338147750939e-16
152    0.500622942961812    0.125155735740453    4.163336342344337e-16
153    0.5006229429618116    0.1251557357404529    4.996003610813204e-16
154    0.5006229429618123    0.12515573574045308    3.3306690738754696e-16
155    0.5006229429618113    0.12515573574045283    5.828670879282072e-16
156    0.5006229429618118    0.12515573574045294    4.718447854656915e-16
157    0.500622942961812    0.125155735740453    4.163336342344337e-16
158    0.5006229429618119    0.12515573574045297    4.440892098500626e-16
159    0.5006229429618123    0.12515573574045308    3.3306690738754696e-16
160    0.5006229429618123    0.12515573574045308    3.3306690738754696e-16
161    0.5006229429618113    0.12515573574045283    5.828670879282072e-16
162    0.5006229429618116    0.1251557357404529    4.996003610813204e-16
163    0.5006229429618121    0.12515573574045302    3.885780586188048e-16
164    0.5006229429618124    0.1251557357404531    3.0531133177191805e-16
165    0.5006229429618124    0.1251557357404531    3.0531133177191805e-16
166    0.5006229429618114    0.12515573574045286    5.551115123125783e-16
167    0.5006229429618122    0.12515573574045305    3.608224830031759e-16
168    0.5006229429618124    0.1251557357404531    3.0531133177191805e-16
169    0.5006229429618123    0.12515573574045308    3.3306690738754696e-16
170    0.5006229429618132    0.1251557357404533    1.1102230246251565e-16
171    0.5006229429618126    0.12515573574045316    2.498001805406602e-16
172    0.5006229429618115    0.12515573574045288    5.273559366969494e-16
173    0.5006229429618125    0.12515573574045313    2.7755575615628914e-16
174    0.5006229429618122    0.12515573574045305    3.608224830031759e-16
175    0.5006229429618121    0.12515573574045302    3.885780586188048e-16
176    0.5006229429618128    0.1251557357404532    2.220446049250313e-16
177    0.5006229429618123    0.12515573574045308    3.3306690738754696e-16
178    0.5006229429618121    0.12515573574045302    3.885780586188048e-16
179    0.5006229429618123    0.12515573574045308    3.3306690738754696e-16
180    0.5006229429618131    0.12515573574045327    1.3877787807814457e-16
181    0.5006229429618114    0.12515573574045286    5.551115123125783e-16
182    0.5006229429618122    0.12515573574045305    3.608224830031759e-16
183    0.5006229429618118    0.12515573574045294    4.718447854656915e-16
184    0.500622942961812    0.125155735740453    4.163336342344337e-16
185    0.5006229429618121    0.12515573574045302    3.885780586188048e-16
186    0.5006229429618121    0.12515573574045302    3.885780586188048e-16
187    0.5006229429618116    0.1251557357404529    4.996003610813204e-16
188    0.5006229429618119    0.12515573574045297    4.440892098500626e-16
189    0.5006229429618114    0.12515573574045286    5.551115123125783e-16
190    0.5006229429618122    0.12515573574045305    3.608224830031759e-16
191    0.5006229429618116    0.1251557357404529    4.996003610813204e-16
192    0.5006229429618121    0.12515573574045302    3.885780586188048e-16
193    0.5006229429618121    0.12515573574045302    3.885780586188048e-16
194    0.5006229429618123    0.12515573574045308    3.3306690738754696e-16
195    0.500622942961812    0.125155735740453    4.163336342344337e-16
196    0.5006229429618118    0.12515573574045294    4.718447854656915e-16
197    0.5006229429618118    0.12515573574045294    4.718447854656915e-16
198    0.5006229429618123    0.12515573574045308    3.3306690738754696e-16
199    0.5006229429618119    0.12515573574045297    4.440892098500626e-16
200    0.5006229429618131    0.12515573574045327    1.3877787807814457e-16
201    0.5006229429618123    0.12515573574045308    3.3306690738754696e-16
202    0.5006229429618124    0.1251557357404531    3.0531133177191805e-16
203    0.5006229429618125    0.12515573574045313    2.7755575615628914e-16
204    0.5006229429618123    0.12515573574045308    3.3306690738754696e-16
205    0.5006229429618119    0.12515573574045297    4.440892098500626e-16
206    0.5006229429618129    0.12515573574045322    1.942890293094024e-16
207    0.5006229429618114    0.12515573574045286    5.551115123125783e-16
208    0.5006229429618124    0.1251557357404531    3.0531133177191805e-16
209    0.5006229429618123    0.12515573574045308    3.3306690738754696e-16
210    0.5006229429618125    0.12515573574045313    2.7755575615628914e-16
211    0.5006229429618124    0.1251557357404531    3.0531133177191805e-16
212    0.5006229429618128    0.1251557357404532    2.220446049250313e-16
213    0.5006229429618119    0.12515573574045297    4.440892098500626e-16
214    0.5006229429618131    0.12515573574045327    1.3877787807814457e-16
215    0.5006229429618131    0.12515573574045327    1.3877787807814457e-16
216    0.5006229429618132    0.1251557357404533    1.1102230246251565e-16
217    0.5006229429618139    0.12515573574045347    5.551115123125783e-17
218    0.5006229429618134    0.12515573574045336    5.551115123125783e-17
219    0.5006229429618138    0.12515573574045344    2.7755575615628914e-17
220    0.5006229429618134    0.12515573574045336    5.551115123125783e-17
221    0.5006229429618131    0.12515573574045327    1.3877787807814457e-16
222    0.5006229429618128    0.1251557357404532    2.220446049250313e-16
223    0.5006229429618119    0.12515573574045297    4.440892098500626e-16
224    0.5006229429618123    0.12515573574045308    3.3306690738754696e-16
225    0.5006229429618129    0.12515573574045322    1.942890293094024e-16
226    0.5006229429618126    0.12515573574045316    2.498001805406602e-16
227    0.5006229429618131    0.12515573574045327    1.3877787807814457e-16
228    0.5006229429618132    0.1251557357404533    1.1102230246251565e-16
229    0.5006229429618129    0.12515573574045322    1.942890293094024e-16
230    0.5006229429618124    0.1251557357404531    3.0531133177191805e-16
231    0.5006229429618125    0.12515573574045313    2.7755575615628914e-16
232    0.5006229429618122    0.12515573574045305    3.608224830031759e-16
233    0.500622942961812    0.125155735740453    4.163336342344337e-16
234    0.5006229429618119    0.12515573574045297    4.440892098500626e-16
235    0.5006229429618121    0.12515573574045302    3.885780586188048e-16
236    0.5006229429618108    0.1251557357404527    7.216449660063518e-16
237    0.5006229429618115    0.12515573574045288    5.273559366969494e-16
238    0.5006229429618118    0.12515573574045294    4.718447854656915e-16
239    0.5006229429618112    0.1251557357404528    6.106226635438361e-16
240    0.5006229429618104    0.1251557357404526    8.049116928532385e-16
241    0.5006229429618118    0.12515573574045294    4.718447854656915e-16
242    0.5006229429618119    0.12515573574045297    4.440892098500626e-16
243    0.5006229429618128    0.1251557357404532    2.220446049250313e-16
244    0.5006229429618121    0.12515573574045302    3.885780586188048e-16
245    0.5006229429618115    0.12515573574045288    5.273559366969494e-16
246    0.5006229429618124    0.1251557357404531    3.0531133177191805e-16
247    0.5006229429618123    0.12515573574045308    3.3306690738754696e-16
248    0.5006229429618134    0.12515573574045336    5.551115123125783e-17
249    0.5006229429618124    0.1251557357404531    3.0531133177191805e-16
250    0.5006229429618136    0.1251557357404534    0.0
251    0.5006229429618129    0.12515573574045322    1.942890293094024e-16
252    0.5006229429618135    0.12515573574045338    2.7755575615628914e-17
253    0.500622942961813    0.12515573574045324    1.6653345369377348e-16
254    0.5006229429618123    0.12515573574045308    3.3306690738754696e-16
255    0.5006229429618131    0.12515573574045327    1.3877787807814457e-16
256    0.5006229429618122    0.12515573574045305    3.608224830031759e-16
257    0.5006229429618121    0.12515573574045302    3.885780586188048e-16
258    0.5006229429618138    0.12515573574045344    2.7755575615628914e-17
259    0.5006229429618123    0.12515573574045308    3.3306690738754696e-16
260    0.5006229429618126    0.12515573574045316    2.498001805406602e-16
261    0.5006229429618125    0.12515573574045313    2.7755575615628914e-16
262    0.500622942961813    0.12515573574045324    1.6653345369377348e-16
263    0.5006229429618132    0.1251557357404533    1.1102230246251565e-16
264    0.5006229429618131    0.12515573574045327    1.3877787807814457e-16
265    0.5006229429618128    0.1251557357404532    2.220446049250313e-16
266    0.5006229429618123    0.12515573574045308    3.3306690738754696e-16
267    0.5006229429618129    0.12515573574045322    1.942890293094024e-16
268    0.5006229429618132    0.1251557357404533    1.1102230246251565e-16
269    0.5006229429618129    0.12515573574045322    1.942890293094024e-16
270    0.5006229429618124    0.1251557357404531    3.0531133177191805e-16
271    0.5006229429618125    0.12515573574045313    2.7755575615628914e-16
272    0.5006229429618125    0.12515573574045313    2.7755575615628914e-16
273    0.5006229429618131    0.12515573574045327    1.3877787807814457e-16
274    0.5006229429618123    0.12515573574045308    3.3306690738754696e-16
275    0.5006229429618122    0.12515573574045305    3.608224830031759e-16
276    0.5006229429618122    0.12515573574045305    3.608224830031759e-16
277    0.500622942961812    0.125155735740453    4.163336342344337e-16
278    0.500622942961812    0.125155735740453    4.163336342344337e-16
279    0.5006229429618136    0.1251557357404534    0.0
280    0.5006229429618132    0.1251557357404533    1.1102230246251565e-16
281    0.500622942961813    0.12515573574045324    1.6653345369377348e-16
282    0.500622942961813    0.12515573574045324    1.6653345369377348e-16
283    0.5006229429618125    0.12515573574045313    2.7755575615628914e-16
284    0.5006229429618118    0.12515573574045294    4.718447854656915e-16
285    0.5006229429618131    0.12515573574045327    1.3877787807814457e-16
286    0.5006229429618133    0.12515573574045333    8.326672684688674e-17
287    0.5006229429618128    0.1251557357404532    2.220446049250313e-16
288    0.5006229429618134    0.12515573574045336    5.551115123125783e-17
289    0.500622942961813    0.12515573574045324    1.6653345369377348e-16
290    0.5006229429618132    0.1251557357404533    1.1102230246251565e-16
291    0.5006229429618123    0.12515573574045308    3.3306690738754696e-16
292    0.5006229429618121    0.12515573574045302    3.885780586188048e-16
293    0.5006229429618139    0.12515573574045347    5.551115123125783e-17
294    0.5006229429618135    0.12515573574045338    2.7755575615628914e-17
295    0.5006229429618135    0.12515573574045338    2.7755575615628914e-17
296    0.5006229429618143    0.12515573574045358    1.6653345369377348e-16
297    0.5006229429618134    0.12515573574045336    5.551115123125783e-17
298    0.5006229429618136    0.1251557357404534    0.0
299    0.5006229429618133    0.12515573574045333    8.326672684688674e-17
300    0.5006229429618134    0.12515573574045336    5.551115123125783e-17
301    0.5006229429618131    0.12515573574045327    1.3877787807814457e-16
302    0.5006229429618134    0.12515573574045336    5.551115123125783e-17
303    0.5006229429618139    0.12515573574045347    5.551115123125783e-17
304    0.5006229429618144    0.1251557357404536    1.942890293094024e-16
305    0.5006229429618144    0.1251557357404536    1.942890293094024e-16
306    0.5006229429618141    0.12515573574045352    1.1102230246251565e-16
307    0.5006229429618145    0.12515573574045363    2.220446049250313e-16
308    0.5006229429618148    0.1251557357404537    2.7755575615628914e-16
309    0.5006229429618138    0.12515573574045344    2.7755575615628914e-17
310    0.5006229429618142    0.12515573574045355    1.3877787807814457e-16
311    0.5006229429618136    0.1251557357404534    0.0
312    0.5006229429618129    0.12515573574045322    1.942890293094024e-16
313    0.5006229429618128    0.1251557357404532    2.220446049250313e-16
314    0.500622942961813    0.12515573574045324    1.6653345369377348e-16
315    0.5006229429618129    0.12515573574045322    1.942890293094024e-16
316    0.5006229429618139    0.12515573574045347    5.551115123125783e-17
317    0.5006229429618139    0.12515573574045347    5.551115123125783e-17
318    0.5006229429618138    0.12515573574045344    2.7755575615628914e-17
319    0.5006229429618145    0.12515573574045363    2.220446049250313e-16
320    0.5006229429618141    0.12515573574045352    1.1102230246251565e-16
321    0.5006229429618136    0.1251557357404534    0.0
322    0.5006229429618136    0.1251557357404534    0.0
323    0.5006229429618141    0.12515573574045352    1.1102230246251565e-16
324    0.5006229429618148    0.1251557357404537    2.7755575615628914e-16
325    0.5006229429618143    0.12515573574045358    1.6653345369377348e-16
326    0.500622942961814    0.1251557357404535    8.326672684688674e-17
327    0.5006229429618133    0.12515573574045333    8.326672684688674e-17
328    0.5006229429618132    0.1251557357404533    1.1102230246251565e-16
329    0.5006229429618136    0.1251557357404534    0.0
330    0.5006229429618135    0.12515573574045338    2.7755575615628914e-17
331    0.5006229429618138    0.12515573574045344    2.7755575615628914e-17
332    0.5006229429618134    0.12515573574045336    5.551115123125783e-17
333    0.5006229429618141    0.12515573574045352    1.1102230246251565e-16
334    0.5006229429618133    0.12515573574045333    8.326672684688674e-17
335    0.5006229429618132    0.1251557357404533    1.1102230246251565e-16
336    0.5006229429618138    0.12515573574045344    2.7755575615628914e-17
337    0.5006229429618142    0.12515573574045355    1.3877787807814457e-16
338    0.5006229429618144    0.1251557357404536    1.942890293094024e-16
339    0.5006229429618132    0.1251557357404533    1.1102230246251565e-16
340    0.5006229429618139    0.12515573574045347    5.551115123125783e-17
341    0.5006229429618145    0.12515573574045363    2.220446049250313e-16
342    0.5006229429618136    0.1251557357404534    0.0
343    0.5006229429618142    0.12515573574045355    1.3877787807814457e-16
344    0.5006229429618145    0.12515573574045363    2.220446049250313e-16
345    0.500622942961813    0.12515573574045324    1.6653345369377348e-16
346    0.5006229429618136    0.1251557357404534    0.0
347    0.5006229429618134    0.12515573574045336    5.551115123125783e-17
348    0.5006229429618141    0.12515573574045352    1.1102230246251565e-16
349    0.5006229429618132    0.1251557357404533    1.1102230246251565e-16
350    0.5006229429618139    0.12515573574045347    5.551115123125783e-17
351    0.5006229429618133    0.12515573574045333    8.326672684688674e-17
352    0.5006229429618138    0.12515573574045344    2.7755575615628914e-17
353    0.500622942961814    0.1251557357404535    8.326672684688674e-17
354    0.5006229429618138    0.12515573574045344    2.7755575615628914e-17
355    0.5006229429618136    0.1251557357404534    0.0
356    0.5006229429618143    0.12515573574045358    1.6653345369377348e-16
357    0.5006229429618126    0.12515573574045316    2.498001805406602e-16
358    0.5006229429618139    0.12515573574045347    5.551115123125783e-17
359    0.5006229429618133    0.12515573574045333    8.326672684688674e-17
360    0.5006229429618148    0.1251557357404537    2.7755575615628914e-16
361    0.5006229429618141    0.12515573574045352    1.1102230246251565e-16
362    0.5006229429618141    0.12515573574045352    1.1102230246251565e-16
363    0.5006229429618131    0.12515573574045327    1.3877787807814457e-16
364    0.5006229429618134    0.12515573574045336    5.551115123125783e-17
365    0.5006229429618132    0.1251557357404533    1.1102230246251565e-16
366    0.5006229429618141    0.12515573574045352    1.1102230246251565e-16
367    0.5006229429618132    0.1251557357404533    1.1102230246251565e-16
368    0.5006229429618135    0.12515573574045338    2.7755575615628914e-17
369    0.5006229429618121    0.12515573574045302    3.885780586188048e-16
370    0.500622942961813    0.12515573574045324    1.6653345369377348e-16
371    0.5006229429618125    0.12515573574045313    2.7755575615628914e-16
372    0.5006229429618136    0.1251557357404534    0.0
373    0.5006229429618133    0.12515573574045333    8.326672684688674e-17
374    0.5006229429618139    0.12515573574045347    5.551115123125783e-17
375    0.5006229429618132    0.1251557357404533    1.1102230246251565e-16
376    0.5006229429618145    0.12515573574045363    2.220446049250313e-16
377    0.5006229429618149    0.12515573574045372    3.0531133177191805e-16
378    0.5006229429618149    0.12515573574045372    3.0531133177191805e-16
379    0.5006229429618144    0.1251557357404536    1.942890293094024e-16
380    0.5006229429618146    0.12515573574045366    2.498001805406602e-16
381    0.5006229429618143    0.12515573574045358    1.6653345369377348e-16
382    0.5006229429618136    0.1251557357404534    0.0
383    0.5006229429618139    0.12515573574045347    5.551115123125783e-17
384    0.500622942961813    0.12515573574045324    1.6653345369377348e-16
385    0.5006229429618134    0.12515573574045336    5.551115123125783e-17
386    0.5006229429618142    0.12515573574045355    1.3877787807814457e-16
387    0.5006229429618131    0.12515573574045327    1.3877787807814457e-16
388    0.5006229429618143    0.12515573574045358    1.6653345369377348e-16
389    0.5006229429618139    0.12515573574045347    5.551115123125783e-17
390    0.500622942961814    0.1251557357404535    8.326672684688674e-17
391    0.5006229429618144    0.1251557357404536    1.942890293094024e-16
392    0.5006229429618143    0.12515573574045358    1.6653345369377348e-16
393    0.5006229429618133    0.12515573574045333    8.326672684688674e-17
394    0.5006229429618136    0.1251557357404534    0.0
395    0.5006229429618141    0.12515573574045352    1.1102230246251565e-16
396    0.500622942961814    0.1251557357404535    8.326672684688674e-17
397    0.5006229429618146    0.12515573574045366    2.498001805406602e-16
398    0.5006229429618135    0.12515573574045338    2.7755575615628914e-17
399    0.5006229429618132    0.1251557357404533    1.1102230246251565e-16
400    0.5006229429618138    0.12515573574045344    2.7755575615628914e-17
401    0.5006229429618136    0.1251557357404534    0.0
402    0.5006229429618136    0.1251557357404534    0.0
403    0.5006229429618141    0.12515573574045352    1.1102230246251565e-16
404    0.5006229429618136    0.1251557357404534    0.0
405    0.5006229429618138    0.12515573574045344    2.7755575615628914e-17
406    0.5006229429618142    0.12515573574045355    1.3877787807814457e-16
407    0.5006229429618139    0.12515573574045347    5.551115123125783e-17
408    0.500622942961814    0.1251557357404535    8.326672684688674e-17
409    0.5006229429618141    0.12515573574045352    1.1102230246251565e-16
410    0.5006229429618141    0.12515573574045352    1.1102230246251565e-16
411    0.5006229429618141    0.12515573574045352    1.1102230246251565e-16
412    0.5006229429618135    0.12515573574045338    2.7755575615628914e-17
413    0.5006229429618131    0.12515573574045327    1.3877787807814457e-16
414    0.5006229429618134    0.12515573574045336    5.551115123125783e-17
415    0.5006229429618131    0.12515573574045327    1.3877787807814457e-16
416    0.5006229429618138    0.12515573574045344    2.7755575615628914e-17
417    0.5006229429618146    0.12515573574045366    2.498001805406602e-16
418    0.5006229429618145    0.12515573574045363    2.220446049250313e-16
419    0.5006229429618135    0.12515573574045338    2.7755575615628914e-17
420    0.5006229429618143    0.12515573574045358    1.6653345369377348e-16
421    0.5006229429618143    0.12515573574045358    1.6653345369377348e-16
422    0.5006229429618148    0.1251557357404537    2.7755575615628914e-16
423    0.5006229429618141    0.12515573574045352    1.1102230246251565e-16
424    0.5006229429618141    0.12515573574045352    1.1102230246251565e-16
425    0.5006229429618132    0.1251557357404533    1.1102230246251565e-16
426    0.500622942961814    0.1251557357404535    8.326672684688674e-17
427    0.5006229429618133    0.12515573574045333    8.326672684688674e-17
428    0.5006229429618135    0.12515573574045338    2.7755575615628914e-17
429    0.5006229429618134    0.12515573574045336    5.551115123125783e-17
430    0.5006229429618143    0.12515573574045358    1.6653345369377348e-16
431    0.5006229429618148    0.1251557357404537    2.7755575615628914e-16
432    0.5006229429618136    0.1251557357404534    0.0
433    0.5006229429618136    0.1251557357404534    0.0
434    0.5006229429618143    0.12515573574045358    1.6653345369377348e-16
435    0.5006229429618142    0.12515573574045355    1.3877787807814457e-16
436    0.5006229429618136    0.1251557357404534    0.0
437    0.5006229429618135    0.12515573574045338    2.7755575615628914e-17
438    0.5006229429618141    0.12515573574045352    1.1102230246251565e-16
439    0.500622942961814    0.1251557357404535    8.326672684688674e-17
440    0.5006229429618144    0.1251557357404536    1.942890293094024e-16
441    0.5006229429618134    0.12515573574045336    5.551115123125783e-17
442    0.5006229429618135    0.12515573574045338    2.7755575615628914e-17
443    0.5006229429618123    0.12515573574045308    3.3306690738754696e-16
444    0.5006229429618104    0.1251557357404526    8.049116928532385e-16
445    0.5006229429618102    0.12515573574045255    8.604228440844963e-16
446    0.5006229429618068    0.1251557357404517    1.7208456881689926e-15
447    0.5006229429618007    0.12515573574045016    3.247402347028583e-15
448    0.5006229429617903    0.12515573574044758    5.828670879282072e-15
449    0.5006229429617719    0.12515573574044297    1.0436096431476471e-14
450    0.5006229429617377    0.12515573574043443    1.8984813721090177e-14
451    0.5006229429616762    0.12515573574041905    3.4361402612148595e-14
452    0.5006229429615656    0.1251557357403914    6.200595592531499e-14
453    0.5006229429613678    0.12515573574034194    1.1146639167236572e-13
454    0.5006229429610188    0.1251557357402547    1.987021658322874e-13
455    0.5006229429604006    0.12515573574010014    3.532729664357248e-13
456    0.5006229429593073    0.12515573573982683    6.265821195228227e-13
457    0.5006229429573731    0.12515573573934327    1.1101397578983097e-12
458    0.5006229429539544    0.1251557357384886    1.9648171978303708e-12
459    0.500622942947908    0.125155735736977    3.476413601433137e-12
460    0.500622942937206    0.1251557357343015    6.151912312901686e-12
461    0.5006229429182254    0.12515573572955635    1.0897061031300836e-11
462    0.500622942884499    0.12515573572112476    1.9328649791816588e-11
463    0.5006229428244054    0.12515573570610136    3.435204898316613e-11
464    0.5006229427170257    0.12515573567925642    6.119699191842187e-11
465    0.5006229425245432    0.1251557356311358    1.0931761051935496e-10
466    0.5006229421783785    0.12515573554459464    1.958587736439199e-10
467    0.5006229415537549    0.12515573538843872    3.520146951707659e-10
468    0.5006229404230085    0.12515573510575212    6.34701291524209e-10
469    0.5006229383696414    0.12515573459241036    1.1480430495147687e-09
470    0.5006229346299433    0.12515573365748583    2.08296757620019e-09
471    0.5006229278007255    0.12515573195018137    3.790272040671283e-09
472    0.5006229152994507    0.12515572882486267    6.9155907389539806e-09
473    0.500622892366142    0.1251557230915355    1.2648917913082869e-08
474    0.5006228502169668    0.1251557125542417    2.318621170060986e-08
475    0.5006227726266587    0.12515569315666467    4.258378874522073e-08
476    0.500622629600289    0.12515565740007226    7.83403811543959e-08
477    0.5006223656517588    0.1251555914129397    1.4432751371806773e-07
478    0.5006218780873709    0.12515546952184273    2.662186106838771e-07
479    0.5006209767643741    0.12515524419109353    4.915493598822707e-07
480    0.500619309511797    0.12515482737794925    9.083625041594878e-07
481    0.5006162238999525    0.12515405597498813    1.6797654652789262e-06
482    0.5006105110179543    0.12515262775448857    3.1079859648397434e-06
483    0.5005999305297223    0.12514998263243057    5.753108022837905e-06
484    0.5005803303143285    0.12514508257858212    1.0653161871293504e-05
485    0.5005440147582385    0.12513600368955963    1.9732050893783715e-05
486    0.5004767210293692    0.1251191802573423    3.655548311110035e-05
487    0.5003520179185437    0.12508800447963592    6.773126081749403e-05
488    0.5001209377501121    0.12503023443752803    0.0001255013029253793
489    0.49969281051244296    0.12492320262811074    0.00023253311234266993
490    0.4988999249213883    0.12472498123034707    0.0004307545101063376
491    0.497432678081293    0.12435816952032325    0.0007975662201301637
492    0.494721628155222    0.1236804070388055    0.0014753287016479044
493    0.489726590150095    0.12243164753752375    0.0027240882029296587
494    0.4805717588560994    0.12014293971402484    0.005012796026428568
495    0.4639554902043109    0.11598887255107773    0.009166863189375679
496    0.4343303711254368    0.1085825927813592    0.016573142959094206
497    0.3831974730576463    0.09579936826441157    0.02935636747604184
498    0.29988403242810197    0.07497100810702549    0.05018472763342792
499    0.17685497614792112    0.04421374403698028    0.08094199170347313
500    0.0    0.00424360453912212    0.12091213120133129
501    0.0    0.0005074234555001826    0.12464831228495322
502    0.0    6.176764991530984e-05    0.1250939680905381
503    0.0    7.535160909977537e-06    0.12514820057954343
504    0.0    9.194949837434963e-07    0.12515481624546967
505    0.0    1.1220789054335045e-07    0.12515562353256288
506    0.0    1.3693038026368898e-08    0.12515572204741537
507    0.0    1.6710005332556954e-09    0.12515573406945288
508    0.0    2.0391688251159001e-10    0.12515573553653653
509    0.0    2.4884617803866416e-11    0.1251557357155688
510    0.0    3.0367956413424047e-12    0.12515573573741662
511    0.0    3.705976497903052e-13    0.12515573574008282
512    0.0    4.514270901534445e-14    0.12515573574040828
513    0.0    5.646524914304507e-15    0.12515573574044778
514    0.0    6.071532165918825e-16    0.1251557357404528
515    0.0    1.8388068845354155e-16    0.12515573574045322
516    0.0    3.209238430557093e-17    0.12515573574045338
517    0.0    6.071532165918825e-17    0.12515573574045336
518    -0.0    -4.163336342344337e-17    0.12515573574045347
519    0.0    1.3877787807814457e-16    0.12515573574045327
520    -0.0    -9.80118763926896e-17    0.12515573574045352
521    0.0    3.903127820947816e-18    0.1251557357404534
522    -0.0    -9.454242944073599e-17    0.1251557357404535
523    0.0    9.194034422677078e-17    0.12515573574045333
524    0.0    2.905661822261152e-17    0.12515573574045338
525    0.0    2.168404344971009e-17    0.12515573574045338
526    -0.0    -3.729655473350135e-17    0.12515573574045344
527    0.0    1.1579279202145187e-16    0.1251557357404533
528    -0.0    -8.370040771588094e-17    0.1251557357404535
529    0.0    7.676151381197371e-17    0.12515573574045333
530    0.0    3.903127820947816e-18    0.1251557357404534
531    -0.0    -2.6020852139652106e-18    0.1251557357404534
532    -0.0    -1.1709383462843448e-17    0.1251557357404534
533    0.0    5.4643789493269423e-17    0.12515573574045336
534    -0.0    -3.903127820947816e-18    0.1251557357404534
535    0.0    9.540979117872439e-18    0.1251557357404534
536    -0.0    -4.9439619065339e-17    0.12515573574045347
537    0.0    7.28583859910259e-17    0.12515573574045333
538    0.0    3.0574501264091225e-17    0.12515573574045338
539    -0.0    -4.96564594998361e-17    0.12515573574045347
540    0.0    6.895525817007808e-17    0.12515573574045336
541    -0.0    -7.589415207398531e-18    0.1251557357404534
542    -0.0    -5.334274688628682e-17    0.12515573574045347
543    0.0    4.7488055154865094e-17    0.12515573574045336
544    -0.0    -9.562663161322149e-17    0.1251557357404535
545    -0.0    -9.107298248878237e-18    0.1251557357404534
546    0.0    5.4643789493269423e-17    0.12515573574045336
547    -0.0    -9.475926987523309e-17    0.1251557357404535
548    -0.0    -6.5052130349130266e-18    0.1251557357404534
549    0.0    3.469446951953614e-18    0.1251557357404534
550    -0.0    -2.1467203015212988e-17    0.12515573574045344
551    0.0    2.6020852139652106e-18    0.1251557357404534
552    0.0    5.160802341031001e-17    0.12515573574045336
553    -0.0    -5.941427905220564e-17    0.12515573574045347
554    -0.0    -1.1622647289044608e-16    0.12515573574045352
555    0.0    1.1449174941446927e-16    0.1251557357404533
556    -0.0    -2.6020852139652106e-17    0.12515573574045344
557    0.0    4.358492733391728e-17    0.12515573574045336
558    0.0    6.938893903907228e-18    0.1251557357404534
559    0.0    7.697835424647081e-17    0.12515573574045333
560    -0.0    -7.936359902593892e-17    0.1251557357404535
561    0.0    1.3725999503666486e-16    0.12515573574045327
562    -0.0    -5.963111948670274e-17    0.12515573574045347
563    0.0    6.505213034913027e-17    0.12515573574045336
564    0.0    4.380176776841438e-17    0.12515573574045336
565    0.0    7.025630077706069e-17    0.12515573574045333
566    -0.0    -2.0599841277224584e-17    0.12515573574045344
567    -0.0    -1.5829351718288365e-17    0.12515573574045344
568    0.0    1.5612511283791264e-17    0.12515573574045338
569    -0.0    -4.618701254788249e-17    0.12515573574045347
570    0.0    3.3176586478056436e-17    0.12515573574045338
571    -0.0    -5.724587470723463e-17    0.12515573574045347
572    0.0    3.469446951953614e-17    0.12515573574045338
573    0.0    3.230922474006803e-17    0.12515573574045338
574    0.0    2.1250362580715887e-17    0.12515573574045338
575    -0.0    -1.233822072288504e-16    0.12515573574045352
576    0.0    8.543513119185775e-17    0.12515573574045333
577    0.0    3.903127820947816e-18    0.1251557357404534
578    -0.0    -4.228388472693467e-17    0.12515573574045347
579    0.0    1.431146867680866e-17    0.12515573574045338
580    -0.0    -3.469446951953614e-17    0.12515573574045344
581    -0.0    -1.680513367352532e-17    0.12515573574045344
582    -0.0    -3.2742905609062234e-17    0.12515573574045344
583    0.0    4.553649124439119e-18    0.1251557357404534
584    -0.0    -3.480288973678469e-17    0.12515573574045344
585    0.0    5.963111948670274e-17    0.12515573574045336
586    -0.0    -5.0523821237824507e-17    0.12515573574045347
587    0.0    1.3335686721571705e-17    0.1251557357404534
588    -0.0    -5.182486384480711e-17    0.12515573574045347
589    -0.0    -4.651227319962814e-17    0.12515573574045347
590    -0.0    -2.862293735361732e-17    0.12515573574045344
591    -0.0    -3.458604930228759e-17    0.12515573574045344
592    -0.0    -2.417770844642675e-17    0.12515573574045344
593    -0.0    -2.1575623232461538e-17    0.12515573574045344
594    -0.0    -8.196568423990414e-17    0.1251557357404535
595    0.0    6.700369425960417e-17    0.12515573574045336
596    0.0    4.0007060164715114e-17    0.12515573574045338
597    0.0    5.757113535898029e-17    0.12515573574045336
598    0.0    1.235990476633475e-17    0.1251557357404534
599    -0.0    -6.16911036144252e-17    0.12515573574045347
600    0.0    1.1058862159352145e-17    0.1251557357404534
601    -0.0    -6.5052130349130266e-18    0.1251557357404534
602    -0.0    -8.456776945386935e-17    0.1251557357404535
603    0.0    1.8431436932253575e-17    0.12515573574045338
604    0.0    5.084908188957016e-17    0.12515573574045336
605    0.0    2.710505431213761e-17    0.12515573574045338
606    -0.0    -1.0842021724855044e-18    0.1251557357404534
607    0.0    3.0682921481339775e-17    0.12515573574045338
608    0.0    1.734723475976807e-18    0.1251557357404534
609    -0.0    -2.894819800536297e-17    0.12515573574045344
610    -0.0    -5.5294310796760726e-17    0.12515573574045347
611    0.0    2.1141942363467336e-17    0.12515573574045338
612    0.0    4.195862407518902e-17    0.12515573574045336
613    -0.0    -3.5128150388530344e-17    0.12515573574045344
614    -0.0    -4.0223900599212215e-17    0.12515573574045344
615    -0.0    -4.846383711010205e-17    0.12515573574045347
616    0.0    3.924811864397526e-17    0.12515573574045338
617    -0.0    -6.1257422745431e-17    0.12515573574045347
618    -0.0    -7.047314121155779e-18    0.1251557357404534
619    0.0    5.106592232406726e-17    0.12515573574045336
620    -0.0    -3.1008182133085427e-17    0.12515573574045344
621    0.0    6.049848122469115e-17    0.12515573574045336
622    0.0    3.2526065174565133e-18    0.1251557357404534
623    0.0    2.8297676701871666e-17    0.12515573574045338
624    0.0    2.211772431870429e-17    0.12515573574045338
625    -0.0    -4.412702842016003e-17    0.12515573574045347
626    0.0    6.375108774214766e-17    0.12515573574045336
627    -0.0    -1.702197410802242e-17    0.12515573574045344
628    0.0    6.581107186987012e-17    0.12515573574045336
629    0.0    2.3418766925686896e-17    0.12515573574045338
630    -0.0    -3.361026734705064e-17    0.12515573574045344
631    0.0    1.7997756063259374e-17    0.12515573574045338
632    0.0    2.190088388420719e-17    0.12515573574045338
633    0.0    5.594483210025203e-17    0.12515573574045336
634    0.0    6.917209860457518e-17    0.12515573574045336
635    -0.0    -2.0599841277224584e-17    0.12515573574045344
636    -0.0    -1.0842021724855044e-17    0.1251557357404534
637    -0.0    -5.692061405548898e-17    0.12515573574045347
638    0.0    2.0383000842727483e-17    0.12515573574045338
639    -0.0    -2.2551405187698492e-17    0.12515573574045344
640    -0.0    -1.3010426069826053e-18    0.1251557357404534
641    -0.0    -5.5402731014009277e-17    0.12515573574045347
642    0.0    1.3444106938820255e-17    0.1251557357404534
643    0.0    4.5428071027142636e-17    0.12515573574045336
644    0.0    1.0083080204115191e-17    0.1251557357404534
645    0.0    7.155734338404329e-17    0.12515573574045333
646    0.0    1.8214596497756474e-17    0.12515573574045338
647    0.0    2.168404344971009e-18    0.1251557357404534
648    -0.0    -1.2598429244281562e-16    0.12515573574045355
649    0.0    9.226560487851643e-17    0.12515573574045333
650    0.0    3.382710778154774e-17    0.12515573574045338
651    0.0    1.096128396382845e-16    0.1251557357404533
652    0.0    2.1250362580715887e-17    0.12515573574045338
653    0.0    1.3509159069169385e-16    0.12515573574045327
654    0.0    2.1467203015212988e-17    0.12515573574045338
655    -0.0    -1.8756697583999227e-17    0.12515573574045344
656    0.0    2.2551405187698492e-17    0.12515573574045338
657    -0.0    -8.326672684688674e-17    0.1251557357404535
658    -0.0    -7.26415455565288e-18    0.1251557357404534
659    0.0    1.3877787807814457e-17    0.1251557357404534
660    0.0    1.5612511283791264e-17    0.12515573574045338
661    0.0    3.5670251474773096e-17    0.12515573574045338
662    -0.0    -9.573505183047004e-17    0.1251557357404535
663    0.0    1.919037845299343e-17    0.12515573574045338
664    -0.0    -1.0451708942760263e-16    0.12515573574045352
665    0.0    1.723881454251952e-17    0.12515573574045338
666    0.0    3.577867169202165e-18    0.1251557357404534
667    0.0    2.7321894746634712e-17    0.12515573574045338
668    -0.0    -2.7538735181131813e-17    0.12515573574045344
669    0.0    8.023096076392733e-17    0.12515573574045333
670    0.0    8.023096076392733e-18    0.1251557357404534
671    0.0    3.2742905609062234e-17    0.12515573574045338
672    0.0    6.429318882839041e-17    0.12515573574045336
673    -0.0    -3.0899761915836876e-17    0.12515573574045344
674    0.0    6.754579534584693e-17    0.12515573574045336
675    -0.0    -2.5045070184415152e-17    0.12515573574045344
676    -0.0    -2.5478751053409354e-17    0.12515573574045344
677    0.0    1.8648277366750676e-17    0.12515573574045338
678    -0.0    -5.4860629927766524e-17    0.12515573574045347
679    -0.0    -1.734723475976807e-18    0.1251557357404534
680    0.0    1.7889335846010823e-17    0.12515573574045338
681    0.0    3.3393426912553537e-17    0.12515573574045338
682    -0.0    -3.71881345162528e-17    0.12515573574045344
683    -0.0    -1.6479873021779667e-17    0.12515573574045344
684    0.0    7.697835424647081e-18    0.1251557357404534
685    -0.0    -8.543513119185775e-17    0.1251557357404535
686    -0.0    -1.3866945786089602e-16    0.12515573574045355
687    -0.0    -2.6454533008646308e-17    0.12515573574045344
688    -0.0    -5.095750210681871e-18    0.1251557357404534
689    0.0    7.28583859910259e-17    0.12515573574045333
690    0.0    2.0274580625478933e-17    0.12515573574045338
691    -0.0    -2.6129272356900657e-17    0.12515573574045344
692    0.0    4.618701254788249e-17    0.12515573574045336
693    -0.0    -4.705437428587089e-17    0.12515573574045347
694    -0.0    -7.003946034256359e-17    0.1251557357404535
695    0.0    1.951563910473908e-17    0.12515573574045338
696    0.0    6.385950795939621e-17    0.12515573574045336
697    -0.0    -3.3176586478056436e-17    0.12515573574045344
698    0.0    2.2551405187698492e-17    0.12515573574045338
699    -0.0    -3.415236843329339e-17    0.12515573574045344
700    0.0    2.8406096919120216e-17    0.12515573574045338
701    -0.0    -4.640385298237959e-17    0.12515573574045347
702    0.0    3.859759734048396e-17    0.12515573574045338
703    -0.0    -1.22514845490862e-17    0.1251557357404534
704    0.0    1.8431436932253575e-18    0.1251557357404534
705    -0.0    -1.0213184464813452e-16    0.12515573574045352
706    -0.0    -6.006480035569695e-17    0.12515573574045347
707    0.0    1.5178830414797062e-17    0.12515573574045338
708    -0.0    -3.176712365382528e-17    0.12515573574045344
709    0.0    6.364266752489911e-17    0.12515573574045336
710    0.0    2.0816681711721685e-17    0.12515573574045338
711    0.0    1.124317652867468e-16    0.1251557357404533
712    -0.0    -5.4752209710517974e-17    0.12515573574045347
713    -0.0    -2.7538735181131813e-17    0.12515573574045344
714    -0.0    -6.396792817664476e-18    0.1251557357404534
715    -0.0    -7.025630077706069e-17    0.1251557357404535
716    0.0    2.1358782797964437e-17    0.12515573574045338
717    -0.0    -6.23416249179165e-17    0.12515573574045347
718    -0.0    -1.940721888749053e-17    0.12515573574045344
719    -0.0    -1.3931997916438732e-17    0.12515573574045344
720    0.0    8.673617379884035e-19    0.1251557357404534
721    0.0    8.40256683676266e-18    0.1251557357404534
722    -0.0    -1.6263032587282567e-18    0.1251557357404534
723    -0.0    -4.92227786308419e-17    0.12515573574045347
724    0.0    6.01732205729455e-17    0.12515573574045336
725    -0.0    -1.235990476633475e-17    0.1251557357404534
726    -0.0    -2.1250362580715887e-17    0.12515573574045344
727    0.0    1.3769367590565906e-17    0.1251557357404534
728    -0.0    -1.1275702593849246e-17    0.1251557357404534
729    0.0    2.2714035513571318e-17    0.12515573574045338
730    0.0    3.447762908503904e-17    0.12515573574045338
731    0.0    3.67544536472586e-17    0.12515573574045338
732    0.0    3.599551212651875e-17    0.12515573574045338
733    0.0    4.016969049058794e-17    0.12515573574045338
734    0.0    4.347650711666873e-17    0.12515573574045336
735    0.0    3.06287113727155e-17    0.12515573574045338
736    -0.0    -6.179952383167375e-18    0.1251557357404534
737    -0.0    -4.119968255444917e-18    0.1251557357404534
738    0.0    5.7462715141731735e-18    0.1251557357404534
739    0.0    6.1257422745431e-18    0.1251557357404534
740    0.0    2.1467203015212988e-17    0.12515573574045338
741    0.0    4.1145472445824893e-17    0.12515573574045338
742    0.0    6.396792817664476e-18    0.1251557357404534
743    -0.0    -2.938187887435717e-17    0.12515573574045344
744    -0.0    -5.4860629927766524e-17    0.12515573574045347
745    0.0    1.3444106938820255e-17    0.1251557357404534
746    -0.0    -1.8106176280507924e-17    0.12515573574045344
747    0.0    3.7025504190379976e-17    0.12515573574045338
748    -0.0    -7.567731163948821e-17    0.1251557357404535
749    0.0    1.4094628242311558e-17    0.12515573574045338
750    0.0    2.905661822261152e-17    0.12515573574045338
751    -0.0    -9.378348791999613e-18    0.1251557357404534
752    -0.0    -9.432558900623889e-18    0.1251557357404534
753    0.0    1.4365678785432934e-17    0.12515573574045338
754    -0.0    -2.3744027577432547e-17    0.12515573574045344
755    -0.0    -6.732895491134983e-17    0.12515573574045347
756    -0.0    -3.729655473350135e-17    0.12515573574045344
757    -0.0    -6.418476861114186e-17    0.12515573574045347
758    0.0    4.629543276513104e-17    0.12515573574045336
759    -0.0    -2.6020852139652106e-17    0.12515573574045344
760    -0.0    -1.4094628242311558e-17    0.12515573574045344
761    -0.0    -3.6374982886888674e-17    0.12515573574045344
762    -0.0    -5.084908188957016e-17    0.12515573574045347
763    0.0    1.1438332919722072e-17    0.1251557357404534
764    -0.0    -7.43762690325056e-17    0.1251557357404535
765    0.0    4.868067754459915e-17    0.12515573574045336
766    0.0    3.642919299551295e-17    0.12515573574045338
767    0.0    3.962758940434519e-17    0.12515573574045338
768    -0.0    -2.1358782797964437e-17    0.12515573574045344
769    0.0    3.3393426912553537e-17    0.12515573574045338
770    -0.0    -2.970713952610282e-17    0.12515573574045344
771    -0.0    -9.75781955236954e-19    0.1251557357404534
772    -0.0    -4.5319650809894085e-17    0.12515573574045347
773    0.0    3.529078071440317e-17    0.12515573574045338
774    -0.0    -1.8539857149502126e-17    0.12515573574045344
775    0.0    9.920449878242366e-18    0.1251557357404534
776    0.0    3.1008182133085427e-17    0.12515573574045338
777    0.0    3.187554387107383e-17    0.12515573574045338
778    0.0    4.2500725161431774e-17    0.12515573574045336
779    0.0    3.707971429900425e-17    0.12515573574045338
780    -0.0    -3.968179951296946e-17    0.12515573574045344
781    -0.0    -3.187554387107383e-17    0.12515573574045344
782    -0.0    -2.981555974335137e-17    0.12515573574045344
783    -0.0    -4.662069341687669e-18    0.1251557357404534
784    -0.0    -2.168404344971009e-19    0.1251557357404534
785    -0.0    -1.0842021724855044e-17    0.1251557357404534
786    0.0    2.3744027577432547e-17    0.12515573574045338
787    -0.0    -4.174178364069192e-17    0.12515573574045347
788    -0.0    -4.2392304944183223e-17    0.12515573574045347
789    0.0    5.0523821237824507e-17    0.12515573574045336
790    0.0    3.0466081046842675e-17    0.12515573574045338
791    -0.0    -8.294146619514109e-17    0.1251557357404535
792    0.0    7.340048707726865e-17    0.12515573574045333
793    0.0    1.1470858984896637e-16    0.1251557357404533
794    0.0    5.2150124496552763e-17    0.12515573574045336
795    0.0    6.472686969738461e-17    0.12515573574045336
796    0.0    2.8297676701871666e-17    0.12515573574045338
797    0.0    4.2934406030425976e-17    0.12515573574045336
798    -0.0    -6.819631664933823e-17    0.12515573574045347
799    0.0    3.3285006695304986e-17    0.12515573574045338
800    0.0    7.134050294954619e-17    0.12515573574045333
801    -0.0    -4.445228907190568e-18    0.1251557357404534
802    -0.0    -1.238158880978446e-16    0.12515573574045352
803    0.0    2.179246366695864e-17    0.12515573574045338
804    -0.0    -1.973247953923618e-17    0.12515573574045344
805    -0.0    -9.573505183047004e-17    0.1251557357404535
806    0.0    7.817097663620487e-17    0.12515573574045333
807    0.0    8.131516293641283e-18    0.1251557357404534
808    0.0    1.1492543028346347e-17    0.1251557357404534
809    -0.0    -1.919037845299343e-17    0.12515573574045344
810    -0.0    -8.120674271916428e-17    0.1251557357404535
811    0.0    2.6237692574149207e-17    0.12515573574045338
812    0.0    4.336808689942018e-19    0.1251557357404534
813    -0.0    -3.0791341698588326e-17    0.12515573574045344
814    0.0    1.5937771935536915e-17    0.12515573574045338
815    0.0    2.7321894746634712e-17    0.12515573574045338
816    -0.0    -1.940721888749053e-17    0.12515573574045344
817    -0.0    -2.417770844642675e-17    0.12515573574045344
818    0.0    1.0625181290357943e-17    0.1251557357404534
819    -0.0    -5.2800645800044066e-17    0.12515573574045347
820    -0.0    -3.230922474006803e-17    0.12515573574045344
821    0.0    3.8163916471489756e-17    0.12515573574045338
822    -0.0    -4.7813315806610746e-17    0.12515573574045347
823    0.0    1.0018028073766061e-16    0.1251557357404533
824    -0.0    -2.6020852139652106e-17    0.12515573574045344
825    0.0    4.4994390158148434e-17    0.12515573574045336
826    -0.0    -4.423544863740858e-17    0.12515573574045347
827    0.0    3.729655473350135e-17    0.12515573574045338
828    -0.0    -2.710505431213761e-17    0.12515573574045344
829    -0.0    -2.7647155398380363e-17    0.12515573574045344
830    -0.0    -2.179246366695864e-17    0.12515573574045344
831    0.0    3.426078865054194e-17    0.12515573574045338
832    0.0    1.0299920638612292e-17    0.1251557357404534
833    -0.0    -1.8648277366750676e-17    0.12515573574045344
834    -0.0    -6.830473686658678e-18    0.1251557357404534
835    0.0    2.222614453595284e-17    0.12515573574045338
836    0.0    3.8272336688738307e-17    0.12515573574045338
837    0.0    1.4203048459560108e-17    0.12515573574045338
838    0.0    1.7997756063259374e-17    0.12515573574045338
839    0.0    5.800481622797449e-17    0.12515573574045336
840    -0.0    -3.903127820947816e-17    0.12515573574045344
841    0.0    4.4994390158148434e-17    0.12515573574045336
842    -0.0    -6.288372600415926e-18    0.1251557357404534
843    0.0    1.8214596497756474e-17    0.12515573574045338
844    -0.0    -1.745565497701662e-17    0.12515573574045344
845    -0.0    -5.2800645800044066e-17    0.12515573574045347
846    0.0    2.417770844642675e-17    0.12515573574045338
847    -0.0    -1.962405932198763e-17    0.12515573574045344
848    -0.0    -3.65376132127615e-17    0.12515573574045344
849    0.0    1.7564075194265172e-17    0.12515573574045338
850    -0.0    -6.407634839389331e-17    0.12515573574045347
851    0.0    4.694595406862234e-17    0.12515573574045336
852    -0.0    -2.2768245622195593e-18    0.1251557357404534
853    -0.0    -3.946495907847236e-17    0.12515573574045344
854    0.0    7.48099499014998e-18    0.1251557357404534
855    0.0    4.445228907190568e-17    0.12515573574045336
856    -0.0    -7.41594285980085e-17    0.1251557357404535
857    -0.0    -1.7780915628762273e-17    0.12515573574045344
858    -0.0    -3.2526065174565133e-18    0.1251557357404534
859    0.0    3.0899761915836876e-17    0.12515573574045338
860    0.0    1.1058862159352145e-17    0.1251557357404534
861    -0.0    -2.8406096919120216e-17    0.12515573574045344
862    -0.0    -8.749511531958021e-17    0.1251557357404535
863    0.0    4.358492733391728e-17    0.12515573574045336
864    -0.0    -9.465084965798454e-17    0.1251557357404535
865    0.0    5.4643789493269423e-17    0.12515573574045336
866    0.0    2.6454533008646308e-17    0.12515573574045338
867    0.0    4.456070928915423e-17    0.12515573574045336
868    0.0    5.063224145507306e-17    0.12515573574045336
869    -0.0    -1.0842021724855044e-19    0.1251557357404534
870    0.0    1.3986208025063007e-17    0.12515573574045338
871    0.0    1.441988889405721e-17    0.12515573574045338
872    0.0    2.927345865710862e-18    0.1251557357404534
873    0.0    2.417770844642675e-17    0.12515573574045338
874    0.0    1.3660947373317356e-17    0.1251557357404534
875    0.0    3.7947076036992655e-17    0.12515573574045338
876    -0.0    -1.452830911130576e-17    0.12515573574045344
877    -0.0    -1.6263032587282567e-17    0.12515573574045344
878    0.0    2.168404344971009e-18    0.1251557357404534
879    0.0    2.233456475320139e-17    0.12515573574045338
880    0.0    4.3151246464923076e-17    0.12515573574045336
881    0.0    5.757113535898029e-17    0.12515573574045336
882    -0.0    -1.1535911115245767e-16    0.12515573574045352
883    -0.0    -7.24247051220317e-17    0.1251557357404535
884    -0.0    -7.112366251504909e-17    0.1251557357404535
885    -0.0    -3.144186300207963e-17    0.12515573574045344
886    -0.0    -3.436920886779049e-17    0.12515573574045344
887    -0.0    -1.5612511283791264e-17    0.12515573574045344
888    -0.0    -1.1058862159352145e-17    0.1251557357404534
889    0.0    4.3259666682171627e-17    0.12515573574045336
890    -0.0    -6.10405823109339e-17    0.12515573574045347
891    0.0    2.5045070184415152e-17    0.12515573574045338
892    0.0    5.627009275199768e-17    0.12515573574045336
893    -0.0    -4.0440741033709315e-17    0.12515573574045344
894    0.0    5.9631119486702744e-18    0.1251557357404534
895    -0.0    -3.621235256101585e-17    0.12515573574045344
896    0.0    1.3010426069826053e-17    0.1251557357404534
897    0.0    7.166576360129184e-17    0.12515573574045333
898    0.0    2.927345865710862e-17    0.12515573574045338
899    -0.0    -3.3068166260807885e-17    0.12515573574045344
900    0.0    8.64109131470947e-17    0.12515573574045333
901    -0.0    -1.723881454251952e-17    0.12515573574045344
902    -0.0    -3.0791341698588326e-17    0.12515573574045344
903    0.0    9.237402509576498e-17    0.12515573574045333
904    0.0    8.543513119185775e-17    0.12515573574045333
905    -0.0    -6.917209860457518e-17    0.12515573574045347
906    0.0    5.941427905220564e-17    0.12515573574045336
907    0.0    5.605325231750058e-17    0.12515573574045336
908    -0.0    -5.377642775528102e-17    0.12515573574045347
909    0.0    4.130810277169772e-17    0.12515573574045338
910    0.0    5.453536927602087e-17    0.12515573574045336
911    -0.0    -1.745565497701662e-17    0.12515573574045344
912    -0.0    -4.141652298894627e-17    0.12515573574045344
913    -0.0    -2.5478751053409354e-17    0.12515573574045344
914    -0.0    -5.128276275856436e-17    0.12515573574045347
915    -0.0    -2.7430314963883262e-17    0.12515573574045344
916    -0.0    -5.941427905220564e-17    0.12515573574045347
917    -0.0    -4.7704895589362195e-18    0.1251557357404534
918    -0.0    -7.697835424647081e-17    0.1251557357404535
919    -0.0    -5.854691731421724e-17    0.12515573574045347
920    0.0    2.1250362580715887e-17    0.12515573574045338
921    -0.0    -6.505213034913027e-17    0.12515573574045347
922    -0.0    -6.765421556309548e-17    0.12515573574045347
923    -0.0    -5.876375774871434e-17    0.12515573574045347
924    -0.0    -9.75781955236954e-18    0.1251557357404534
925    0.0    7.806255641895632e-17    0.12515573574045333
926    -0.0    -4.575333167888829e-17    0.12515573574045347
927    0.0    9.627715291671279e-17    0.12515573574045333
928    -0.0    -1.0148132334464322e-16    0.12515573574045352
929    -0.0    -3.187554387107383e-17    0.12515573574045344
930    0.0    2.47198095326695e-17    0.12515573574045338
931    0.0    1.3660947373317356e-17    0.1251557357404534
932    -0.0    -2.7538735181131813e-17    0.12515573574045344
933    0.0    6.288372600415926e-18    0.1251557357404534
934    0.0    6.136584296267955e-17    0.12515573574045336
935    -0.0    -3.5778671692021646e-17    0.12515573574045344
936    -0.0    -6.201636426617085e-17    0.12515573574045347
937    0.0    4.206704429243757e-17    0.12515573574045336
938    -0.0    -1.9081958235744878e-17    0.12515573574045344
939    0.0    2.0166160408230382e-17    0.12515573574045338
940    0.0    4.5536491244391186e-17    0.12515573574045336
941    -0.0    -7.806255641895632e-18    0.1251557357404534
942    -0.0    -6.548581121812447e-17    0.12515573574045347
943    0.0    2.168404344971009e-17    0.12515573574045338
944    -0.0    -3.0140820395097023e-17    0.12515573574045344
945    -0.0    -6.938893903907228e-18    0.1251557357404534
946    0.0    2.6454533008646308e-17    0.12515573574045338
947    -0.0    -1.1058862159352145e-17    0.1251557357404534
948    0.0    6.483528991463317e-17    0.12515573574045336
949    0.0    5.334274688628682e-17    0.12515573574045336
950    0.0    1.0625181290357943e-17    0.1251557357404534
951    0.0    1.452830911130576e-17    0.12515573574045338
952    -0.0    -3.903127820947816e-17    0.12515573574045344
953    -0.0    -1.8648277366750676e-17    0.12515573574045344
954    0.0    7.112366251504909e-17    0.12515573574045333
955    -0.0    -9.627715291671279e-17    0.1251557357404535
956    0.0    3.0357660829594124e-18    0.1251557357404534
957    -0.0    -6.678685382510707e-17    0.12515573574045347
958    0.0    9.75781955236954e-18    0.1251557357404534
959    0.0    9.974659986866641e-18    0.1251557357404534
960    0.0    3.1008182133085427e-17    0.12515573574045338
961    0.0    3.469446951953614e-18    0.1251557357404534
962    0.0    9.93129189996722e-17    0.1251557357404533
963    0.0    1.9081958235744878e-17    0.12515573574045338
964    0.0    7.37257477290143e-17    0.12515573574045333
965    0.0    7.806255641895632e-18    0.1251557357404534
966    0.0    5.724587470723463e-17    0.12515573574045336
967    -0.0    -4.0766001685454967e-17    0.12515573574045344
968    0.0    3.2959746043559335e-17    0.12515573574045338
969    -0.0    -5.984795992119984e-17    0.12515573574045347
970    -0.0    -3.903127820947816e-18    0.1251557357404534
971    -0.0    -3.0791341698588326e-17    0.12515573574045344
972    0.0    4.9873299934333204e-17    0.12515573574045336
973    0.0    3.382710778154774e-17    0.12515573574045338
974    -0.0    -4.336808689942018e-18    0.1251557357404534
975    0.0    4.85722573273506e-17    0.12515573574045336
976    0.0    9.107298248878237e-18    0.1251557357404534
977    0.0    9.84455572616838e-17    0.1251557357404533
978    0.0    2.0383000842727483e-17    0.12515573574045338
979    -0.0    -1.0061396160665481e-16    0.12515573574045352
980    0.0    5.637851296924623e-18    0.1251557357404534
981    -0.0    -1.734723475976807e-18    0.1251557357404534
982    0.0    6.678685382510707e-17    0.12515573574045336
983    0.0    6.678685382510707e-17    0.12515573574045336
984    0.0    6.713379852030243e-16    0.12515573574045274
985    0.0    5.482593545824699e-15    0.12515573574044792
986    0.0    4.521816948654944e-14    0.1251557357404082
987    0.0    3.705672921294756e-13    0.12515573574008285
988    0.0    3.036782630916335e-12    0.12515573573741662
989    0.0    2.488456402743866e-11    0.12515573571556884
990    0.0    2.0391700220750986e-10    0.12515573553653642
991    0.0    1.671000495091779e-09    0.1251557340694529
992    0.0    1.3693038043716133e-08    0.12515572204741537
993    0.0    1.1220789047396151e-07    0.12515562353256293
994    0.0    9.194949838996214e-07    0.1251548162454695
995    0.0    7.535160910010497e-06    0.1251482005795434
996    0.0    6.176764991529943e-05    0.1250939680905381
997    0.0    0.0005074234555000404    0.12464831228495338
998    0.0    0.004243604539122238    0.12091213120133118
999    0.17685497614791898    0.044213744036979745    0.08094199170347366
