0    1.0530819989466866e-08    2.6327049973667166e-09    4.6267918348604636e-10
1    1.1888805536396096e-08    2.972201384099024e-09    1.2318279675373883e-10
2    1.2272523263259782e-08    3.0681308158149456e-09    2.7253365037817334e-11
3    1.2360766567416637e-08    3.090191641854159e-09    5.1925389986037795e-12
4    1.2378039752035386e-08    3.0945099380088464e-09    8.742428439165173e-13
5    1.2381006077137602e-08    3.0952515192844005e-09    1.326615683625021e-13
6    1.2381462855849679e-08    3.0953657139624197e-09    1.846689034329385e-14
7    1.2381526413515753e-08    3.0953816033789383e-09    2.5774738246497897e-15
8    1.2381535529053939e-08    3.0953838822634847e-09    2.985892783025079e-16
9    1.2381536805810417e-08    3.0953842014526042e-09    2.0599841277224584e-17
10    1.2381536683946093e-08    3.095384170986523e-09    9.86623976961809e-18
11    1.23815367472635e-08    3.095384186815875e-09    5.9631119486702744e-18
12    1.2381536479248723e-08    3.0953841198121806e-09    6.10405823109339e-17
13    1.2381536507437979e-08    3.0953841268594948e-09    5.399326818977812e-17
14    1.2381536699558604e-08    3.095384174889651e-09    5.9631119486702744e-18
15    1.2381536834867035e-08    3.0953842087167588e-09    2.7863995832877464e-17
16    1.238153666226205e-08    3.0953841655655123e-09    1.5287250632045613e-17
17    1.238153651784632e-08    3.09538412946158e-09    5.139118297581291e-17
18    1.238153669261971e-08    3.0953841731549275e-09    7.697835424647081e-18
19    1.2381536748130861e-08    3.0953841870327153e-09    6.179952383167375e-18
20    1.2381536515677916e-08    3.095384128919479e-09    5.193328406205566e-17
21    1.2381536624098133e-08    3.095384156024533e-09    2.482822974991805e-17
22    1.238153681231563e-08    3.0953842030789075e-09    2.222614453595284e-17
23    1.2381536458865722e-08    3.0953841147164304e-09    6.613633252161577e-17
24    1.238153673772252e-08    3.09538418443063e-09    3.577867169202165e-18
25    1.2381536598944642e-08    3.0953841497361606e-09    3.111660235033398e-17
26    1.2381537043467533e-08    3.0953842608668833e-09    8.001412032943023e-17
27    1.2381536261540926e-08    3.0953840653852316e-09    1.1546753136970622e-16
28    1.2381536351312866e-08    3.0953840878282166e-09    9.302454639925628e-17
29    1.2381536517412639e-08    3.0953841293531598e-09    5.149960319306146e-17
30    1.2381536497029638e-08    3.0953841242574096e-09    5.659535340374333e-17
31    1.238153652261681e-08    3.0953841306542024e-09    5.0198560586078855e-17
32    1.2381536780223246e-08    3.0953841950558114e-09    1.4203048459560108e-17
33    1.2381536468406701e-08    3.0953841171016752e-09    6.375108774214766e-17
34    1.2381536863056292e-08    3.095384215764073e-09    3.491130995403324e-17
35    1.2381536532157789e-08    3.095384133039447e-09    4.7813315806610746e-17
36    1.2381536389043102e-08    3.0953840972607755e-09    8.359198749863239e-17
37    1.2381536446722657e-08    3.0953841116806644e-09    6.917209860457518e-17
38    1.2381536379068442e-08    3.0953840947671105e-09    8.608565249534905e-17
39    1.2381536763743373e-08    3.095384190935843e-09    1.0083080204115191e-17
40    1.2381536665297815e-08    3.095384166324454e-09    1.452830911130576e-17
41    1.238153643327855e-08    3.0953841083196376e-09    7.253312533928025e-17
42    1.2381536614990835e-08    3.0953841537477086e-09    2.710505431213761e-17
43    1.2381536631904388e-08    3.095384157976097e-09    2.2876665839444144e-17
44    1.2381536566852258e-08    3.0953841417130645e-09    3.913969842672671e-17
45    1.2381536509606383e-08    3.095384127401596e-09    5.345116710353537e-17
46    1.2381536507004298e-08    3.0953841267510745e-09    5.410168840702667e-17
47    1.2381536616291877e-08    3.0953841540729693e-09    2.677979366039196e-17
48    1.2381536982752211e-08    3.095384245688053e-09    6.483528991463317e-17
49    1.2381536545168215e-08    3.0953841362920537e-09    4.456070928915423e-17
50    1.2381536434579593e-08    3.0953841086448983e-09    7.22078646875346e-17
51    1.2381536549938704e-08    3.095384137484676e-09    4.336808689942018e-17
52    1.2381536419834444e-08    3.095384104958611e-09    7.589415207398531e-17
53    1.2381536846142738e-08    3.0953842115356844e-09    3.0682921481339775e-17
54    1.2381536489657063e-08    3.095384122414266e-09    5.843849709696869e-17
55    1.2381536438916402e-08    3.0953841097291004e-09    7.112366251504909e-17
56    1.2381536611087707e-08    3.0953841527719267e-09    2.8080836267374565e-17
57    1.2381536624965495e-08    3.0953841562413736e-09    2.461138931542095e-17
58    1.23815365681533e-08    3.095384142038325e-09    3.881443777498106e-17
59    1.2381536513943192e-08    3.095384128485798e-09    5.2366964931049864e-17
60    1.2381536749431904e-08    3.095384187357976e-09    6.5052130349130266e-18
61    1.238153649833068e-08    3.09538412458267e-09    5.627009275199768e-17
62    1.238153661282243e-08    3.0953841532056076e-09    2.7647155398380363e-17
63    1.2381536499631723e-08    3.095384124907931e-09    5.594483210025203e-17
64    1.2381536640144325e-08    3.0953841600360812e-09    2.0816681711721685e-17
65    1.2381536820121886e-08    3.0953842050304714e-09    2.417770844642675e-17
66    1.2381536507004298e-08    3.0953841267510745e-09    5.410168840702667e-17
67    1.238153651828e-08    3.09538412957e-09    5.128276275856436e-17
68    1.2381536448891062e-08    3.0953841122227654e-09    6.862999751833243e-17
69    1.2381536985787978e-08    3.0953842464469944e-09    6.559423143537302e-17
70    1.2381536531290427e-08    3.0953841328226067e-09    4.8030156241107846e-17
71    1.2381536523917852e-08    3.095384130979463e-09    4.9873299934333204e-17
72    1.23815367971368e-08    3.0953841992842e-09    1.8431436932253575e-17
73    1.2381536503534851e-08    3.095384125883713e-09    5.4969050145015075e-17
74    1.2381536389043102e-08    3.0953840972607755e-09    8.359198749863239e-17
75    1.2381536865658377e-08    3.0953842164145942e-09    3.5561831257524545e-17
76    1.238153668221137e-08    3.0953841705528423e-09    1.0299920638612292e-17
77    1.2381536523917852e-08    3.095384130979463e-09    4.9873299934333204e-17
78    1.2381536580730046e-08    3.0953841451825115e-09    3.5670251474773096e-17
79    1.2381536261974607e-08    3.095384065493652e-09    1.1535911115245767e-16
80    1.238153666226205e-08    3.0953841655655123e-09    1.5287250632045613e-17
81    1.2381537154056155e-08    3.0953842885140387e-09    1.0766127572781059e-16
82    1.2381536716905839e-08    3.0953841792264597e-09    1.6263032587282567e-18
83    1.2381536559913364e-08    3.095384139978341e-09    4.087442190270352e-17
84    1.2381536319220482e-08    3.0953840798051205e-09    1.0104764247564901e-16
85    1.2381536796703119e-08    3.0953841991757797e-09    1.8323016715005025e-17
86    1.2381536310980545e-08    3.0953840777451364e-09    1.0310762660337147e-16
87    1.2381536629302303e-08    3.095384157325576e-09    2.3527187142935446e-17
88    1.2381536460166764e-08    3.095384115041691e-09    6.581107186987012e-17
89    1.2381536415931316e-08    3.095384103982829e-09    7.686993402922226e-17
90    1.2381536913796953e-08    3.0953842284492383e-09    4.7596475372113645e-17
91    1.238153652825466e-08    3.095384132063665e-09    4.87890977618477e-17
92    1.2381536490958106e-08    3.0953841227395265e-09    5.811323644522304e-17
93    1.2381536621929728e-08    3.095384155482432e-09    2.5370330836160804e-17
94    1.2381536788463182e-08    3.0953841971157955e-09    1.6263032587282567e-17
95    1.2381536514376873e-08    3.0953841285942182e-09    5.2258544713801314e-17
96    1.2381536742926691e-08    3.0953841857316727e-09    4.87890977618477e-18
97    1.2381536650118985e-08    3.0953841625297462e-09    1.8323016715005025e-17
98    1.2381536493993872e-08    3.095384123498468e-09    5.735429492448318e-17
99    1.2381536585066855e-08    3.0953841462667137e-09    3.458604930228759e-17
100    1.2381536345675015e-08    3.0953840864187537e-09    9.443400922348744e-17
101    1.2381536592005749e-08    3.095384148001437e-09    3.2851325826310784e-17
102    1.2381536579862684e-08    3.095384144965671e-09    3.5887091909270197e-17
103    1.2381536709966945e-08    3.0953841774917362e-09    3.3610267347050637e-18
104    1.2381536809713545e-08    3.095384202428386e-09    2.1575623232461538e-17
105    1.2381536490524425e-08    3.0953841226311063e-09    5.822165666247159e-17
106    1.2381536703895413e-08    3.095384175973853e-09    4.87890977618477e-18
107    1.2381536439783764e-08    3.095384109945941e-09    7.090682208055199e-17
108    1.2381536611521388e-08    3.095384152880347e-09    2.7972416050126014e-17
109    1.2381536628868622e-08    3.0953841572171556e-09    2.3635607360183997e-17
110    1.2381536571622748e-08    3.095384142905687e-09    3.7947076036992655e-17
111    1.2381536464069892e-08    3.095384116017473e-09    6.483528991463317e-17
112    1.2381535944953892e-08    3.095383986238473e-09    1.9461428996114805e-16
113    1.238153669261971e-08    3.0953841731549275e-09    7.697835424647081e-18
114    1.2381536899919166e-08    3.0953842249797914e-09    4.412702842016003e-17
115    1.2381536771549628e-08    3.095384192887407e-09    1.2034644114589099e-17
116    1.2381536865658377e-08    3.0953842164145942e-09    3.5561831257524545e-17
117    1.238153688690874e-08    3.095384221727185e-09    4.087442190270352e-17
118    1.2381536620195005e-08    3.0953841550487513e-09    2.5804011705155006e-17
119    1.2381536755503436e-08    3.095384188875859e-09    8.023096076392733e-18
120    1.2381536665297815e-08    3.095384166324454e-09    1.452830911130576e-17
121    1.2381536523484171e-08    3.095384130871043e-09    4.9981720151581754e-17
122    1.2381536423737571e-08    3.095384105934393e-09    7.491837011874836e-17
123    1.2381536307511098e-08    3.0953840768777746e-09    1.0397498834135988e-16
124    1.2381537034360235e-08    3.0953842585900587e-09    7.773729576721067e-17
125    1.238153642287021e-08    3.0953841057175524e-09    7.513521055324546e-17
126    1.2381536997497361e-08    3.0953842493743403e-09    6.852157730108388e-17
127    1.2381536296235396e-08    3.095384074058849e-09    1.0679391398982219e-16
128    1.2381537399085846e-08    3.0953843497714614e-09    1.689186984732416e-16
129    1.2381536591572068e-08    3.095384147893017e-09    3.2959746043559335e-17
130    1.2381536620628686e-08    3.0953841551571715e-09    2.5695591487906455e-17
131    1.238153679236631e-08    3.0953841980915775e-09    1.723881454251952e-17
132    1.2381537020048766e-08    3.0953842550121916e-09    7.41594285980085e-17
133    1.2381536524785214e-08    3.0953841311963035e-09    4.96564594998361e-17
134    1.2381536840071206e-08    3.0953842100178014e-09    2.916503843986007e-17
135    1.2381536451926828e-08    3.095384112981707e-09    6.787105599759258e-17
136    1.2381536511341107e-08    3.0953841278352767e-09    5.3017486234541167e-17
137    1.2381536739890925e-08    3.0953841849727312e-09    4.119968255444917e-18
138    1.2381535949724382e-08    3.0953839874310954e-09    1.93421667571414e-16
139    1.2381536418533401e-08    3.0953841046333502e-09    7.621941272573096e-17
140    1.2381536888209782e-08    3.0953842220524455e-09    4.119968255444917e-17
141    1.2381536389476783e-08    3.0953840973691957e-09    8.348356728138384e-17
142    1.2381536890378186e-08    3.0953842225945466e-09    4.174178364069192e-17
143    1.2381536725145775e-08    3.095384181286444e-09    4.336808689942018e-19
144    1.2381536398584081e-08    3.0953840996460202e-09    8.120674271916428e-17
145    1.2381536700425966e-08    3.0953841751064914e-09    5.7462715141731735e-18
146    1.2381536643613772e-08    3.095384160903443e-09    1.9949319973733282e-17
147    1.2381536796703119e-08    3.0953841991757797e-09    1.8323016715005025e-17
148    1.2381537160995049e-08    3.095384290248762e-09    1.093959992037874e-16
149    1.2381536352180228e-08    3.095384088045057e-09    9.280770596475918e-17
150    1.2381536817953481e-08    3.0953842044883703e-09    2.3635607360183997e-17
151    1.2381536638409602e-08    3.0953841596024004e-09    2.1250362580715887e-17
152    1.2381536384706293e-08    3.0953840961765733e-09    8.46761896711179e-17
153    1.2381536445855296e-08    3.095384111463824e-09    6.938893903907228e-17
154    1.2381536385573655e-08    3.0953840963934137e-09    8.44593492366208e-17
155    1.2381536447156338e-08    3.0953841117890846e-09    6.906367838732663e-17
156    1.2381536186947817e-08    3.0953840467369542e-09    1.341158087364569e-16
157    1.2381536650986347e-08    3.0953841627465867e-09    1.8106176280507924e-17
158    1.2381536327460418e-08    3.0953840818651046e-09    9.898765834792655e-17
159    1.2381536765478096e-08    3.095384191369524e-09    1.0516761073109393e-17
160    1.238153680711146e-08    3.095384201777865e-09    2.0925101928970236e-17
161    1.238153646320253e-08    3.0953841158006326e-09    6.505213034913027e-17
162    1.2381537012676191e-08    3.095384253169048e-09    7.231628490478315e-17
163    1.2381536369093782e-08    3.0953840922734455e-09    8.857931749206571e-17
164    1.2381536650552666e-08    3.0953841626381665e-09    1.8214596497756474e-17
165    1.2381536290597545e-08    3.095384072649386e-09    1.0820337681405334e-16
166    1.2381536942853572e-08    3.095384235713393e-09    5.4860629927766524e-17
167    1.2381536398584081e-08    3.0953840996460202e-09    8.120674271916428e-17
168    1.2381536855683717e-08    3.0953842139209292e-09    3.3068166260807885e-17
169    1.2381536764177054e-08    3.0953841910442634e-09    1.0191500421363742e-17
170    1.2381536295368034e-08    3.0953840738420085e-09    1.0701075442431929e-16
171    1.2381537040865448e-08    3.095384260216362e-09    7.936359902593892e-17
172    1.2381536415063954e-08    3.0953841037659885e-09    7.708677446371937e-17
173    1.2381536733385712e-08    3.095384183346428e-09    2.4936649967166602e-18
174    1.238153633786876e-08    3.09538408446719e-09    9.638557313396134e-17
175    1.2381536831831269e-08    3.0953842079578173e-09    2.710505431213761e-17
176    1.238153663233807e-08    3.0953841580845173e-09    2.2768245622195593e-17
177    1.2381536484452893e-08    3.0953841211132233e-09    5.97395397039513e-17
178    1.2381536783692693e-08    3.095384195923173e-09    1.5070410197548512e-17
179    1.2381536713436392e-08    3.095384178359098e-09    2.4936649967166602e-18
180    1.2381537280690968e-08    3.095384320172742e-09    1.3931997916438732e-16
181    1.2381536345675015e-08    3.0953840864187537e-09    9.443400922348744e-17
182    1.238153676244233e-08    3.0953841906105825e-09    9.75781955236954e-18
183    1.238153647317719e-08    3.0953841182942976e-09    6.25584653524136e-17
184    1.238153649833068e-08    3.09538412458267e-09    5.627009275199768e-17
185    1.2381536468840382e-08    3.0953841172100954e-09    6.364266752489911e-17
186    1.2381536771549628e-08    3.095384192887407e-09    1.2034644114589099e-17
187    1.2381536468406701e-08    3.0953841171016752e-09    6.375108774214766e-17
188    1.2381536790197906e-08    3.0953841975494764e-09    1.6696713456276768e-17
189    1.2381536823157652e-08    3.095384205789413e-09    2.4936649967166602e-17
190    1.2381536710834307e-08    3.0953841777085767e-09    3.144186300207963e-18
191    1.2381536804509374e-08    3.0953842011273436e-09    2.0274580625478933e-17
192    1.2381536663563092e-08    3.095384165890773e-09    1.496198998029996e-17
193    1.2381536434579593e-08    3.0953841086448983e-09    7.22078646875346e-17
194    1.2381536775886437e-08    3.0953841939716092e-09    1.3118846287074604e-17
195    1.2381536444554253e-08    3.0953841111385633e-09    6.971419969081794e-17
196    1.238153632832778e-08    3.095384082081945e-09    9.877081791342945e-17
197    1.2381536857852121e-08    3.0953842144630303e-09    3.361026734705064e-17
198    1.2381536316618397e-08    3.095384079154599e-09    1.0169816377914032e-16
199    1.2381536239423202e-08    3.0953840598558005e-09    1.209969624493823e-16
200    1.2381536741191967e-08    3.095384185297992e-09    4.445228907190568e-18
201    1.2381536585934216e-08    3.095384146483554e-09    3.436920886779049e-17
202    1.2381536840938567e-08    3.095384210234642e-09    2.938187887435717e-17
203    1.2381536754202394e-08    3.0953841885505984e-09    7.697835424647081e-18
204    1.2381536596776238e-08    3.0953841491940595e-09    3.165870343657673e-17
205    1.2381536631037027e-08    3.0953841577592567e-09    2.3093506273941244e-17
206    1.238153658766894e-08    3.095384146917235e-09    3.393552799879629e-17
207    1.2381537046069618e-08    3.0953842615174046e-09    8.066464163292153e-17
208    1.238153680754514e-08    3.095384201886285e-09    2.1033522146218786e-17
209    1.2381536863056292e-08    3.095384215764073e-09    3.491130995403324e-17
210    1.2381536419400763e-08    3.0953841048501907e-09    7.600257229123386e-17
211    1.238153653822932e-08    3.09538413455733e-09    4.629543276513104e-17
212    1.2381536140977645e-08    3.095384035244411e-09    1.4560835176480325e-16
213    1.2381536606750898e-08    3.0953841516877245e-09    2.916503843986007e-17
214    1.2381536509172703e-08    3.0953841272931756e-09    5.355958732078392e-17
215    1.238153690729174e-08    3.095384226822935e-09    4.597017211338539e-17
216    1.2381536754202394e-08    3.0953841885505984e-09    7.697835424647081e-18
217    1.2381536724712094e-08    3.0953841811780236e-09    3.2526065174565133e-19
218    1.238153648792234e-08    3.095384121980585e-09    5.887217796596289e-17
219    1.2381536915097996e-08    3.095384228774499e-09    4.7921736023859296e-17
220    1.2381536441084806e-08    3.0953841102712015e-09    7.058156142880634e-17
221    1.2381536512208469e-08    3.095384128052117e-09    5.2800645800044066e-17
222    1.2381536816652439e-08    3.0953842041631097e-09    2.3310346708438345e-17
223    1.2381536423737571e-08    3.095384105934393e-09    7.491837011874836e-17
224    1.2381536334832993e-08    3.0953840837082483e-09    9.71445146547012e-17
225    1.2381536389043102e-08    3.0953840972607755e-09    8.359198749863239e-17
226    1.2381536803642013e-08    3.095384200910503e-09    2.0057740190981832e-17
227    1.238153642287021e-08    3.0953841057175524e-09    7.513521055324546e-17
228    1.238153662279709e-08    3.0953841556992726e-09    2.5153490401663703e-17
229    1.2381536224678052e-08    3.095384056169513e-09    1.24683249835833e-16
230    1.238153635348127e-08    3.0953840883703176e-09    9.248244531301353e-17
231    1.2381536748564542e-08    3.0953841871411356e-09    6.288372600415926e-18
232    1.2381536422002848e-08    3.095384105500712e-09    7.535205098774256e-17
233    1.2381536768080181e-08    3.0953841920200453e-09    1.1167282376600696e-17
234    1.2381537250766989e-08    3.095384312691747e-09    1.3183898417423734e-16
235    1.2381536390777825e-08    3.0953840976944563e-09    8.315830662963819e-17
236    1.2381536561648088e-08    3.095384140412022e-09    4.0440741033709315e-17
237    1.2381536700425966e-08    3.0953841751064914e-09    5.7462715141731735e-18
238    1.2381536805810417e-08    3.0953842014526042e-09    2.0599841277224584e-17
239    1.2381536081129685e-08    3.0953840202824212e-09    1.605703417451032e-16
240    1.2381536420268124e-08    3.095384105067031e-09    7.578573185673676e-17
241    1.23815365681533e-08    3.095384142038325e-09    3.881443777498106e-17
242    1.2381536247663139e-08    3.0953840619157846e-09    1.1893697832165984e-16
243    1.2381536433712231e-08    3.095384108428058e-09    7.24247051220317e-17
244    1.2381536402053528e-08    3.095384100513382e-09    8.033938098117588e-17
245    1.2381536549938704e-08    3.095384137484676e-09    4.336808689942018e-17
246    1.2381536848744823e-08    3.0953842121862057e-09    3.133344278483108e-17
247    1.2381536719507924e-08    3.095384179876981e-09    9.75781955236954e-19
248    1.2381536478381361e-08    3.0953841195953402e-09    6.1257422745431e-17
249    1.2381536739023563e-08    3.0953841847558908e-09    3.903127820947816e-18
250    1.2381536723411052e-08    3.095384180852763e-09    0.0
251    1.2381536761141287e-08    3.095384190285322e-09    9.432558900623889e-18
252    1.2381536418967082e-08    3.0953841047417704e-09    7.611099250848241e-17
253    1.2381536619327643e-08    3.095384154831911e-09    2.6020852139652106e-17
254    1.2381536162228007e-08    3.095384040557002e-09    1.4029576111962427e-16
255    1.2381536398584081e-08    3.0953840996460202e-09    8.120674271916428e-17
256    1.2381536883872973e-08    3.0953842209682433e-09    4.0115480381963664e-17
257    1.2381536821422928e-08    3.095384205355732e-09    2.45029690981724e-17
258    1.2381536426773337e-08    3.0953841066933344e-09    7.41594285980085e-17
259    1.2381536788029501e-08    3.0953841970073753e-09    1.6154612370034016e-17
260    1.2381536460166764e-08    3.095384115041691e-09    6.581107186987012e-17
261    1.2381536721242647e-08    3.095384180310662e-09    5.421010862427522e-19
262    1.2381536716038477e-08    3.0953841790096193e-09    1.8431436932253575e-18
263    1.2381536691752348e-08    3.095384172938087e-09    7.914675859144182e-18
264    1.238153675723816e-08    3.09538418930954e-09    8.456776945386935e-18
265    1.2381536570755386e-08    3.0953841426888465e-09    3.8163916471489756e-17
266    1.2381536616291877e-08    3.0953841540729693e-09    2.677979366039196e-17
267    1.2381536474478233e-08    3.0953841186195583e-09    6.223320470066795e-17
268    1.2381536396849357e-08    3.0953840992123394e-09    8.164042358815848e-17
269    1.238153656294913e-08    3.0953841407372826e-09    4.0115480381963664e-17
270    1.2381536839637525e-08    3.095384209909381e-09    2.905661822261152e-17
271    1.2381536285393374e-08    3.0953840713483435e-09    1.0950441942103595e-16
272    1.2381537075126237e-08    3.095384268781559e-09    8.792879618857441e-17
273    1.2381536212101307e-08    3.095384053025327e-09    1.2782743613604097e-16
274    1.2381536964971296e-08    3.095384241242824e-09    6.03900610074426e-17
275    1.2381535783624609e-08    3.095383945906152e-09    2.349466107776088e-16
276    1.2381537055176917e-08    3.095384263794229e-09    8.294146619514109e-17
277    1.2381536449758423e-08    3.095384112439606e-09    6.841315708383533e-17
278    1.2381536526519937e-08    3.0953841316299843e-09    4.92227786308419e-17
279    1.2381536245494734e-08    3.0953840613736835e-09    1.194790794079026e-16
280    1.2381536551239747e-08    3.0953841378099367e-09    4.3042826247674526e-17
281    1.2381536393813591e-08    3.095384098453398e-09    8.239936510889834e-17
282    1.2381537043901214e-08    3.0953842609753035e-09    8.012254054667878e-17
283    1.2381536759840245e-08    3.095384189960061e-09    9.107298248878237e-18
284    1.2381537170536028e-08    3.095384292634007e-09    1.117812439832555e-16
285    1.23815369671397e-08    3.095384241784925e-09    6.093216209368535e-17
286    1.2381536644047453e-08    3.095384161011863e-09    1.984089975648473e-17
287    1.2381536592005749e-08    3.095384148001437e-09    3.2851325826310784e-17
288    1.2381536480549765e-08    3.0953841201374413e-09    6.071532165918825e-17
289    1.2381536212101307e-08    3.095384053025327e-09    1.2782743613604097e-16
290    1.2381536668333581e-08    3.0953841670833954e-09    1.3769367590565906e-17
291    1.2381536106283175e-08    3.095384026570794e-09    1.5428196914468728e-16
292    1.2381536910327506e-08    3.0953842275818766e-09    4.672911363412524e-17
293    1.2381536523917852e-08    3.095384130979463e-09    4.9873299934333204e-17
294    1.2381536434579593e-08    3.0953841086448983e-09    7.22078646875346e-17
295    1.2381536431543827e-08    3.0953841078859567e-09    7.296680620827445e-17
296    1.2381536475779276e-08    3.095384118944819e-09    6.19079440489223e-17
297    1.2381536773718033e-08    3.095384193429508e-09    1.2576745200831851e-17
298    1.2381536726446818e-08    3.0953841816117045e-09    7.589415207398531e-19
299    1.2381536153120709e-08    3.0953840382801773e-09    1.4257258568184383e-16
300    1.2381537108953344e-08    3.095384277238336e-09    9.638557313396134e-17
301    1.238153609327275e-08    3.0953840233181873e-09    1.575345756621438e-16
302    1.2381536924205294e-08    3.0953842310513235e-09    5.0198560586078855e-17
303    1.2381536761141287e-08    3.095384190285322e-09    9.432558900623889e-18
304    1.2381537075559917e-08    3.0953842688899794e-09    8.803721640582296e-17
305    1.2381536497897e-08    3.09538412447425e-09    5.637851296924623e-17
306    1.2381536054241471e-08    3.0953840135603677e-09    1.6729239521451333e-16
307    1.2381536908592783e-08    3.0953842271481957e-09    4.629543276513104e-17
308    1.2381537152755112e-08    3.095384288188778e-09    1.0733601507606494e-16
309    1.2381536788029501e-08    3.0953841970073753e-09    1.6154612370034016e-17
310    1.2381536553841832e-08    3.095384138460458e-09    4.2392304944183223e-17
311    1.2381536281490246e-08    3.0953840703725616e-09    1.104802013762729e-16
312    1.2381535837834717e-08    3.0953839594586793e-09    2.2139408362154e-16
313    1.2381536299271162e-08    3.0953840748177905e-09    1.0603497246908233e-16
314    1.2381536758105521e-08    3.0953841895263803e-09    8.673617379884035e-18
315    1.2381536356083356e-08    3.095384089020839e-09    9.183192400952223e-17
316    1.2381536629302303e-08    3.095384157325576e-09    2.3527187142935446e-17
317    1.2381536384272612e-08    3.095384096068153e-09    8.478460988836645e-17
318    1.2381536317052078e-08    3.0953840792630194e-09    1.0158974356189177e-16
319    1.238153697191019e-08    3.0953842429775474e-09    6.21247844834194e-17
320    1.2381536582031089e-08    3.095384145507772e-09    3.5344990823027445e-17
321    1.2381536500065404e-08    3.095384125016351e-09    5.583641188300348e-17
322    1.2381536551239747e-08    3.0953841378099367e-09    4.3042826247674526e-17
323    1.2381536065083493e-08    3.095384016270873e-09    1.6458188978329957e-16
324    1.2381536619761324e-08    3.095384154940331e-09    2.5912431922403556e-17
325    1.2381537098978684e-08    3.095384274744671e-09    9.389190813724468e-17
326    1.2381536471876148e-08    3.095384117969037e-09    6.288372600415926e-17
327    1.2381535872962868e-08    3.095383968240717e-09    2.1261204602440742e-16
328    1.2381536932878912e-08    3.095384233219728e-09    5.2366964931049864e-17
329    1.2381536646649538e-08    3.0953841616623845e-09    1.919037845299343e-17
330    1.2381536234652712e-08    3.095384058663178e-09    1.2218958483911635e-16
331    1.238153641766604e-08    3.09538410441651e-09    7.643625316022806e-17
332    1.2381536575092195e-08    3.0953841437730487e-09    3.707971429900425e-17
333    1.238153652261681e-08    3.0953841306542024e-09    5.0198560586078855e-17
334    1.2381536895582357e-08    3.095384223895589e-09    4.3042826247674526e-17
335    1.2381536425472295e-08    3.0953841063680737e-09    7.448468924975415e-17
336    1.2381536968007062e-08    3.0953842420017655e-09    6.114900252818245e-17
337    1.2381536659659964e-08    3.095384164914991e-09    1.5937771935536915e-17
338    1.2381536778922203e-08    3.0953841947305508e-09    1.3877787807814457e-17
339    1.23815367971368e-08    3.0953841992842e-09    1.8431436932253575e-17
340    1.2381536628434942e-08    3.0953841571087354e-09    2.3744027577432547e-17
341    1.2381536237688479e-08    3.0953840594221196e-09    1.214306433183765e-16
342    1.2381536645348495e-08    3.095384161337124e-09    1.951563910473908e-17
343    1.2381536670068305e-08    3.0953841675170762e-09    1.3335686721571705e-17
344    1.2381537029589745e-08    3.0953842573974363e-09    7.654467337747661e-17
345    1.2381536345241334e-08    3.0953840863103335e-09    9.454242944073599e-17
346    1.2381536491391787e-08    3.0953841228479467e-09    5.800481622797449e-17
347    1.2381536361287526e-08    3.0953840903218816e-09    9.053088140253962e-17
348    1.238153687693408e-08    3.09538421923352e-09    3.838075690598686e-17
349    1.238153683746912e-08    3.09538420936728e-09    2.8514517136368767e-17
350    1.2381536205162413e-08    3.0953840512906033e-09    1.2956215961201778e-16
351    1.238153650266749e-08    3.0953841256668724e-09    5.5185890579512176e-17
352    1.2381536954129274e-08    3.0953842385323185e-09    5.767955557622884e-17
353    1.2381536523484171e-08    3.095384130871043e-09    4.9981720151581754e-17
354    1.2381537243394414e-08    3.0953843108486034e-09    1.2999584048101198e-16
355    1.2381536513943192e-08    3.095384128485798e-09    5.2366964931049864e-17
356    1.238153724686386e-08    3.095384311715965e-09    1.3086320221900039e-16
357    1.2381536575092195e-08    3.0953841437730487e-09    3.707971429900425e-17
358    1.2381536705196455e-08    3.095384176299114e-09    4.553649124439119e-18
359    1.2381536995328957e-08    3.095384248832239e-09    6.797947621484113e-17
360    1.238153671213535e-08    3.0953841780338373e-09    2.8189256484623115e-18
361    1.238153634350661e-08    3.0953840858766526e-09    9.497611030973019e-17
362    1.2381536441084806e-08    3.0953841102712015e-09    7.058156142880634e-17
363    1.2381536120594644e-08    3.095384030148661e-09    1.5070410197548512e-16
364    1.2381536141411326e-08    3.0953840353528314e-09    1.454999315475547e-16
365    1.2381536195621434e-08    3.0953840489053586e-09    1.319474043914859e-16
366    1.2381536851346908e-08    3.095384212836727e-09    3.198396408832238e-17
367    1.2381536751600308e-08    3.095384187900077e-09    7.047314121155779e-18
368    1.2381536634940155e-08    3.0953841587350386e-09    2.211772431870429e-17
369    1.2381536140110283e-08    3.0953840350275708e-09    1.4582519219930035e-16
370    1.2381536664864135e-08    3.0953841662160336e-09    1.463672932855431e-17
371    1.238153668221137e-08    3.0953841705528423e-09    1.0299920638612292e-17
372    1.238153694241989e-08    3.0953842356049727e-09    5.4752209710517974e-17
373    1.238153689731708e-08    3.09538422432927e-09    4.347650711666873e-17
374    1.2381536870428866e-08    3.0953842176072166e-09    3.67544536472586e-17
375    1.2381536554709194e-08    3.0953841386772984e-09    4.217546450968612e-17
376    1.2381536828361822e-08    3.0953842070904555e-09    2.6237692574149207e-17
377    1.2381536314449992e-08    3.095384078612498e-09    1.0224026486538307e-16
378    1.2381536304475332e-08    3.095384076118833e-09    1.0473392986209973e-16
379    1.2381535761073204e-08    3.095383940268301e-09    2.4058446207453343e-16
380    1.2381536541698768e-08    3.095384135424692e-09    4.5428071027142636e-17
381    1.2381536606750898e-08    3.0953841516877245e-09    2.916503843986007e-17
382    1.2381536238989521e-08    3.0953840597473803e-09    1.2110538266663085e-16
383    1.2381536665731496e-08    3.095384166432874e-09    1.441988889405721e-17
384    1.238153609370643e-08    3.0953840234266075e-09    1.5742615544489524e-16
385    1.2381536575092195e-08    3.0953841437730487e-09    3.707971429900425e-17
386    1.2381537262042691e-08    3.0953843155106728e-09    1.3465790982269965e-16
387    1.2381536499631723e-08    3.095384124907931e-09    5.594483210025203e-17
388    1.2381536147482858e-08    3.0953840368707145e-09    1.43982048506075e-16
389    1.2381536758105521e-08    3.0953841895263803e-09    8.673617379884035e-18
390    1.2381536506136936e-08    3.095384126534234e-09    5.431852884152377e-17
391    1.2381536615424515e-08    3.095384153856129e-09    2.699663409488906e-17
392    1.2381536657057879e-08    3.0953841642644697e-09    1.6588293239028218e-17
393    1.2381536468406701e-08    3.0953841171016752e-09    6.375108774214766e-17
394    1.2381536721242647e-08    3.095384180310662e-09    5.421010862427522e-19
395    1.238153686695942e-08    3.095384216739855e-09    3.5887091909270197e-17
396    1.2381536844841695e-08    3.0953842112104238e-09    3.0357660829594124e-17
397    1.2381536441518487e-08    3.0953841103796217e-09    7.047314121155779e-17
398    1.238153656294913e-08    3.0953841407372826e-09    4.0115480381963664e-17
399    1.2381536776753799e-08    3.0953841941884497e-09    1.3335686721571705e-17
400    1.238153683226495e-08    3.0953842080662375e-09    2.721347452938616e-17
401    1.2381536659659964e-08    3.095384164914991e-09    1.5937771935536915e-17
402    1.238153690685806e-08    3.095384226714515e-09    4.586175189613684e-17
403    1.2381536641445368e-08    3.095384160361342e-09    2.0491421059976034e-17
404    1.2381536621929728e-08    3.095384155482432e-09    2.5370330836160804e-17
405    1.238153601347547e-08    3.0953840033688673e-09    1.7748389563587708e-16
406    1.238153691249591e-08    3.0953842281239777e-09    4.7271214720367993e-17
407    1.2381536592005749e-08    3.095384148001437e-09    3.2851325826310784e-17
408    1.238153629319963e-08    3.0953840732999074e-09    1.0755285551056204e-16
409    1.238153625807148e-08    3.09538406451787e-09    1.1633489310769463e-16
410    1.238153653779564e-08    3.09538413444891e-09    4.640385298237959e-17
411    1.2381536734253074e-08    3.0953841835632684e-09    2.710505431213761e-18
412    1.2381536885607697e-08    3.0953842214019242e-09    4.0549161250957866e-17
413    1.2381536841372248e-08    3.095384210343062e-09    2.949029909160572e-17
414    1.23815366973902e-08    3.09538417434755e-09    6.5052130349130266e-18
415    1.2381536054241471e-08    3.0953840135603677e-09    1.6729239521451333e-16
416    1.2381536474911914e-08    3.0953841187279785e-09    6.21247844834194e-17
417    1.2381536634072793e-08    3.095384158518198e-09    2.233456475320139e-17
418    1.238153627325031e-08    3.0953840683125775e-09    1.1254018550399536e-16
419    1.2381536698691242e-08    3.0953841746728106e-09    6.179952383167375e-18
420    1.2381537015278277e-08    3.095384253819569e-09    7.296680620827445e-17
421    1.2381536700859647e-08    3.0953841752149117e-09    5.637851296924623e-18
422    1.2381536665731496e-08    3.095384166432874e-09    1.441988889405721e-17
423    1.2381536915531677e-08    3.095384228882919e-09    4.8030156241107846e-17
424    1.2381536589403663e-08    3.095384147350916e-09    3.350184712980209e-17
425    1.2381536934179954e-08    3.0953842335449885e-09    5.2692225582795515e-17
426    1.2381537015278277e-08    3.095384253819569e-09    7.296680620827445e-17
427    1.2381536230315904e-08    3.095384057578976e-09    1.2327378701160185e-16
428    1.2381536873464632e-08    3.095384218366158e-09    3.7513395167998453e-17
429    1.2381536504835894e-08    3.0953841262089735e-09    5.4643789493269423e-17
430    1.2381536095874834e-08    3.0953840239687086e-09    1.568840543586525e-16
431    1.2381536181743646e-08    3.0953840454359116e-09    1.354168513434395e-16
432    1.2381536658358921e-08    3.0953841645897304e-09    1.6263032587282567e-17
433    1.2381536031256385e-08    3.0953840078140962e-09    1.730386667286865e-16
434    1.2381537075126237e-08    3.095384268781559e-09    8.792879618857441e-17
435    1.238153642330389e-08    3.0953841058259726e-09    7.502679033599691e-17
436    1.238153721693988e-08    3.09538430423497e-09    1.233822072288504e-16
437    1.2381536247663139e-08    3.0953840619157846e-09    1.1893697832165984e-16
438    1.238153684744378e-08    3.095384211860945e-09    3.1008182133085427e-17
439    1.238153585388091e-08    3.0953839634702274e-09    2.1738253558334364e-16
440    1.238153705170747e-08    3.0953842629268674e-09    8.207410445715269e-17
441    1.23815366475169e-08    3.095384161879225e-09    1.8973538018496328e-17
442    1.2381536309245822e-08    3.0953840773114555e-09    1.0354130747236567e-16
443    1.2381536295368034e-08    3.0953840738420085e-09    1.0701075442431929e-16
444    1.2381536460166764e-08    3.095384115041691e-09    6.581107186987012e-17
445    1.2381536647083219e-08    3.0953841617708047e-09    1.9081958235744878e-17
446    1.2381536699992285e-08    3.0953841749980712e-09    5.854691731421724e-18
447    1.238153646276885e-08    3.0953841156922124e-09    6.516055056637882e-17
448    1.238153675723816e-08    3.09538418930954e-09    8.456776945386935e-18
449    1.2381536392078868e-08    3.095384098019717e-09    8.283304597789254e-17
450    1.2381536905123336e-08    3.095384226280834e-09    4.5428071027142636e-17
451    1.2381536694788114e-08    3.0953841736970286e-09    7.15573433840433e-18
452    1.2381537411662591e-08    3.0953843529156477e-09    1.7206288477344955e-16
453    1.2381536589403663e-08    3.095384147350916e-09    3.350184712980209e-17
454    1.2381536454528913e-08    3.0953841136322283e-09    6.722053469410127e-17
455    1.2381536656190517e-08    3.0953841640476293e-09    1.680513367352532e-17
456    1.2381536419834444e-08    3.095384104958611e-09    7.589415207398531e-17
457    1.2381536453661551e-08    3.095384113415388e-09    6.743737512859838e-17
458    1.2381536489657063e-08    3.095384122414266e-09    5.843849709696869e-17
459    1.2381536251132585e-08    3.0953840627831464e-09    1.1806961658367143e-16
460    1.2381536340904525e-08    3.0953840852261313e-09    9.562663161322149e-17
461    1.2381536754202394e-08    3.0953841885505984e-09    7.697835424647081e-18
462    1.2381536056843556e-08    3.095384014210889e-09    1.6664187391102203e-16
463    1.2381536892980272e-08    3.095384223245068e-09    4.2392304944183223e-17
464    1.2381536494861234e-08    3.0953841237153085e-09    5.713745448998608e-17
465    1.2381536484019212e-08    3.095384121004803e-09    5.984795992119984e-17
466    1.2381536349144462e-08    3.0953840872861155e-09    9.356664748549903e-17
467    1.2381536631904388e-08    3.095384157976097e-09    2.2876665839444144e-17
468    1.2381536810580906e-08    3.0953842026452266e-09    2.179246366695864e-17
469    1.2381536623230771e-08    3.0953841558076928e-09    2.5045070184415152e-17
470    1.238153646320253e-08    3.0953841158006326e-09    6.505213034913027e-17
471    1.2381536721242647e-08    3.095384180310662e-09    5.421010862427522e-19
472    1.2381537287629862e-08    3.0953843219074656e-09    1.4105470264036413e-16
473    1.2381536206463456e-08    3.095384051615864e-09    1.2923689896027213e-16
474    1.2381536959333445e-08    3.095384239833361e-09    5.898059818321144e-17
475    1.2381536889077144e-08    3.095384222269286e-09    4.141652298894627e-17
476    1.2381536997931042e-08    3.0953842494827605e-09    6.862999751833243e-17
477    1.2381536804509374e-08    3.0953842011273436e-09    2.0274580625478933e-17
478    1.2381536671369348e-08    3.095384167842337e-09    1.3010426069826053e-17
479    1.238153668221137e-08    3.0953841705528423e-09    1.0299920638612292e-17
480    1.2381535978347319e-08    3.0953839945868297e-09    1.8626593323300966e-16
481    1.2381536663996773e-08    3.095384165999193e-09    1.485356976305141e-17
482    1.2381536720375286e-08    3.0953841800938214e-09    7.589415207398531e-19
483    1.2381536232050627e-08    3.095384058012657e-09    1.2284010614260765e-16
484    1.238153640292089e-08    3.0953841007302224e-09    8.012254054667878e-17
485    1.2381536410727145e-08    3.0953841026817863e-09    7.817097663620487e-17
486    1.238153667744088e-08    3.09538416936022e-09    1.1492543028346347e-17
487    1.2381536516545277e-08    3.0953841291363193e-09    5.171644362755856e-17
488    1.2381536427207018e-08    3.0953841068017546e-09    7.405100838075995e-17
489    1.238153609370643e-08    3.0953840234266075e-09    1.5742615544489524e-16
490    1.2381535691250584e-08    3.095383922812646e-09    2.5804011705155006e-16
491    1.23815271650847e-08    3.095381791271175e-09    2.3895815881580518e-15
492    1.2381463020648409e-08    3.0953657551621022e-09    1.8425690660739402e-14
493    1.2381005155565755e-08    3.095251288891439e-09    1.3289196132415526e-13
494    1.2378038299204475e-08    3.0945095748011187e-09    8.746060516442999e-13
495    1.2360767062680189e-08    3.0901917656700473e-09    5.192415182715682e-12
496    1.2272523487472792e-08    3.068130871868198e-09    2.7253308984565017e-11
497    1.1888805785762596e-08    2.972201446440649e-09    1.2318273441211391e-10
498    1.0530819968216504e-08    2.632704992054126e-09    4.62679188798637e-10
499    6.881677519499085e-09    1.7204193798747713e-09    1.3749648009779916e-09
500    0.0    5.1231667237520984e-11    3.044152513615242e-09
501    0.0    1.8533475535514876e-12    3.0935308332992115e-09
502    0.0    6.78878611312661e-14    3.0953162929916317e-09
503    0.0    2.5210953116805435e-15    3.0953816597574513e-09
504    0.0    2.183583175385806e-16    3.0953839624944454e-09
505    -0.0    -2.5261910618912253e-17    3.0953842061146736e-09
506    -0.0    -6.277530578691071e-17    3.0953842436280687e-09
507    -0.0    -1.0516761073109393e-17    3.095384191369524e-09
508    -0.0    -4.163336342344337e-17    3.0953842224861264e-09
509    0.0    3.0682921481339775e-17    3.0953841501698415e-09
510    -0.0    -3.0899761915836876e-17    3.095384211752525e-09
511    0.0    2.905661822261152e-17    3.0953841517961447e-09
512    0.0    1.4094628242311558e-18    3.0953841794433e-09
513    0.0    3.176712365382528e-17    3.0953841490856393e-09
514    -0.0    -1.6479873021779667e-17    3.095384197332636e-09
515    0.0    1.0007186052041206e-16    3.0953840807809024e-09
516    0.0    9.725293487194975e-17    3.095384083599828e-09
517    0.0    3.838075690598686e-17    3.095384142472006e-09
518    -0.0    -7.296680620827445e-17    3.095384253819569e-09
519    0.0    2.949029909160572e-17    3.095384151362464e-09
520    0.0    1.478851763270228e-16    3.0953840329675866e-09
521    -0.0    -1.3129688308799459e-16    3.095384312149646e-09
522    -0.0    -1.0842021724855044e-19    3.095384180961183e-09
523    -0.0    -1.4203048459560108e-17    3.0953841950558114e-09
524    -0.0    -1.682681771697503e-16    3.09538434912094e-09
525    -0.0    -4.445228907190568e-18    3.095384185297992e-09
526    -0.0    -9.540979117872439e-17    3.095384276262554e-09
527    0.0    3.729655473350135e-17    3.0953841435562082e-09
528    -0.0    -9.855397747893235e-17    3.0953842794067404e-09
529    0.0    3.187554387107383e-17    3.095384148977219e-09
530    -0.0    -4.705437428587089e-17    3.0953842279071372e-09
531    -0.0    -8.922983879555701e-17    3.0953842700826018e-09
532    -0.0    -3.838075690598686e-17    3.09538421923352e-09
533    0.0    1.22514845490862e-17    3.0953841686012784e-09
534    -0.0    -4.586175189613684e-17    3.095384226714515e-09
535    0.0    6.873841773558098e-17    3.0953841121143452e-09
536    0.0    9.074772183703672e-17    3.095384090105041e-09
537    -0.0    -1.214306433183765e-17    3.0953841929958273e-09
538    0.0    7.686993402922226e-17    3.095384103982829e-09
539    0.0    3.458604930228759e-17    3.0953841462667137e-09
540    0.0    1.3086320221900039e-16    3.0953840499895607e-09
541    0.0    9.194034422677078e-17    3.0953840889124187e-09
542    0.0    4.163336342344337e-17    3.0953841392193995e-09
543    -0.0    -7.827939685345342e-17    3.09538425913216e-09
544    0.0    3.3393426912553537e-17    3.095384147459336e-09
545    0.0    2.8189256484623115e-17    3.0953841526635065e-09
546    -0.0    -1.2902005852577503e-17    3.095384193754769e-09
547    0.0    3.361026734705064e-17    3.0953841472424956e-09
548    -0.0    -1.0950441942103595e-16    3.0953842903571824e-09
549    0.0    4.401860820291148e-17    3.0953841368341548e-09
550    -0.0    -1.192622389734055e-16    3.095384300115002e-09
551    0.0    8.857931749206571e-17    3.0953840922734455e-09
552    -0.0    -3.3068166260807885e-17    3.0953842139209292e-09
553    0.0    1.2793585635328952e-17    3.0953841680591773e-09
554    0.0    1.0191500421363742e-17    3.0953841706612625e-09
555    -0.0    -1.3010426069826053e-17    3.095384193863189e-09
556    0.0    1.6046192152785466e-17    3.095384164806571e-09
557    0.0    7.546047120499111e-17    3.0953841053922918e-09
558    0.0    7.43762690325056e-17    3.095384106476494e-09
559    0.0    5.117434254131581e-17    3.0953841296784204e-09
560    -0.0    -8.59772322781005e-17    3.0953842668299952e-09
561    0.0    7.849623728795052e-17    3.0953841023565257e-09
562    -0.0    -9.833713704443525e-17    3.0953842791899e-09
563    0.0    1.4983674023749671e-16    3.0953840310160227e-09
564    -0.0    -2.8124204354273985e-16    3.0953844620948065e-09
565    0.0    6.23416249179165e-17    3.095384118511138e-09
566    -0.0    -1.4582519219930035e-16    3.095384326677955e-09
567    0.0    6.949735925632083e-17    3.0953841113554037e-09
568    -0.0    -6.201636426617085e-17    3.0953842428691272e-09
569    0.0    9.855397747893235e-17    3.0953840822987855e-09
570    0.0    8.966351966455122e-17    3.0953840911892433e-09
571    0.0    1.207801220148852e-16    3.095384060072641e-09
572    -0.0    -2.3310346708438345e-17    3.0953842041631097e-09
573    0.0    3.7947076036992655e-17    3.095384142905687e-09
574    -0.0    -3.5778671692021646e-17    3.0953842166314346e-09
575    -0.0    -1.3986208025063007e-17    3.095384194838971e-09
576    0.0    9.69276742202041e-17    3.0953840839250887e-09
577    0.0    4.694595406862234e-17    3.095384133906809e-09
578    0.0    5.421010862427522e-18    3.095384175431752e-09
579    0.0    1.0842021724855044e-17    3.0953841700107412e-09
580    -0.0    -1.6577451217303363e-16    3.095384346627275e-09
581    0.0    3.2634485391813683e-17    3.0953841482182776e-09
582    0.0    1.702197410802242e-17    3.095384163830789e-09
583    -0.0    -1.8648277366750676e-17    3.0953841995010403e-09
584    0.0    1.474514954580286e-17    3.0953841661076134e-09
585    0.0    3.957337929572091e-17    3.0953841412793837e-09
586    -0.0    -5.757113535898029e-17    3.0953842384238983e-09
587    -0.0    -3.7730235602495554e-17    3.0953842185829986e-09
588    -0.0    -1.4257258568184383e-16    3.0953843234253486e-09
589    -0.0    -7.784571598445922e-17    3.095384258698479e-09
590    0.0    7.28583859910259e-17    3.095384107994377e-09
591    0.0    6.288372600415926e-18    3.0953841745643904e-09
592    0.0    2.071910351619799e-16    3.095383973661728e-09
593    0.0    2.927345865710862e-18    3.095384177925417e-09
594    -0.0    -5.095750210681871e-17    3.095384231810265e-09
595    0.0    3.220080452281948e-17    3.0953841486519584e-09
596    -0.0    -8.098990228466718e-17    3.0953842618426652e-09
597    -0.0    -6.938893903907228e-17    3.095384250241702e-09
598    0.0    2.6020852139652106e-17    3.095384154831911e-09
599    -0.0    -7.37257477290143e-18    3.0953841882253377e-09
600    0.0    5.204170427930421e-17    3.0953841288110587e-09
601    -0.0    -2.168404344971009e-19    3.0953841810696034e-09
602    -0.0    -6.787105599759258e-17    3.095384248723819e-09
603    0.0    2.45029690981724e-17    3.095384156349794e-09
604    -0.0    -3.122502256758253e-17    3.0953842120777855e-09
605    -0.0    -1.0679391398982219e-16    3.095384287646677e-09
606    0.0    2.4069288229178198e-17    3.0953841567834747e-09
607    0.0    3.69712940817557e-17    3.095384143881469e-09
608    -0.0    -5.2366964931049864e-17    3.095384233219728e-09
609    -0.0    -4.5428071027142636e-17    3.095384226280834e-09
610    -0.0    -1.485356976305141e-17    3.0953841957063327e-09
611    -0.0    -2.0274580625478933e-17    3.0953842011273436e-09
612    0.0    1.2815269678778662e-16    3.095384052700066e-09
613    0.0    7.513521055324546e-17    3.0953841057175524e-09
614    -0.0    -8.261620554339544e-17    3.0953842634689685e-09
615    0.0    2.6129272356900657e-17    3.0953841547234906e-09
616    0.0    7.773729576721067e-17    3.095384103115467e-09
617    0.0    3.3068166260807885e-17    3.0953841477845967e-09
618    0.0    3.8163916471489756e-17    3.0953841426888465e-09
619    -0.0    -1.9081958235744878e-17    3.095384199934721e-09
620    0.0    7.123208273229764e-17    3.0953841096206802e-09
621    0.0    7.112366251504909e-17    3.0953841097291004e-09
622    0.0    1.7889335846010823e-17    3.095384162963427e-09
623    -0.0    -5.2583805365546965e-17    3.0953842334365683e-09
624    -0.0    -1.1817803680091998e-17    3.0953841926705666e-09
625    0.0    8.565197162635485e-17    3.0953840952007913e-09
626    0.0    3.230922474006803e-17    3.0953841485435382e-09
627    -0.0    -4.7813315806610746e-17    3.0953842286660788e-09
628    -0.0    -5.3017486234541167e-17    3.095384233870249e-09
629    0.0    2.4936649967166602e-18    3.095384178359098e-09
630    -0.0    -1.5937771935536915e-17    3.095384196790535e-09
631    0.0    1.734723475976807e-17    3.095384163505528e-09
632    -0.0    -1.3118846287074604e-17    3.0953841939716092e-09
633    -0.0    -2.894819800536297e-17    3.095384209800961e-09
634    -0.0    -2.949029909160572e-17    3.095384210343062e-09
635    0.0    1.235990476633475e-16    3.0953840572537153e-09
636    0.0    7.741203511546502e-17    3.095384103440728e-09
637    0.0    6.245004513516506e-17    3.095384118402718e-09
638    0.0    8.023096076392733e-18    3.095384172829667e-09
639    0.0    5.3017486234541167e-17    3.0953841278352767e-09
640    0.0    1.702197410802242e-17    3.095384163830789e-09
641    -0.0    -8.760353553682876e-17    3.0953842684562985e-09
642    -0.0    -3.382710778154774e-17    3.0953842146798707e-09
643    0.0    4.174178364069192e-17    3.0953841391109793e-09
644    -0.0    -1.3314002678121994e-16    3.0953843139927897e-09
645    0.0    1.962405932198763e-17    3.0953841612287036e-09
646    -0.0    -9.421716878899034e-17    3.0953842750699317e-09
647    -0.0    -1.6479873021779667e-17    3.095384197332636e-09
648    -0.0    -3.979021973021801e-17    3.0953842206429827e-09
649    -0.0    -1.5070410197548512e-17    3.095384195923173e-09
650    -0.0    -4.336808689942018e-18    3.0953841851895716e-09
651    -0.0    -1.6479873021779667e-17    3.095384197332636e-09
652    0.0    5.984795992119984e-17    3.095384121004803e-09
653    0.0    8.66277535815918e-17    3.0953840942250094e-09
654    0.0    1.734723475976807e-18    3.0953841791180395e-09
655    0.0    6.928051882182373e-17    3.095384111572244e-09
656    -0.0    -1.2945373939476923e-16    3.0953843103065024e-09
657    -0.0    -1.7780915628762273e-17    3.0953841986336786e-09
658    0.0    1.5829351718288365e-17    3.0953841650234112e-09
659    0.0    5.204170427930421e-18    3.0953841756485925e-09
660    -0.0    -6.971419969081794e-17    3.0953842505669626e-09
661    -0.0    -1.0126448291014611e-16    3.095384282117246e-09
662    0.0    7.003946034256359e-17    3.0953841108133026e-09
663    0.0    1.734723475976807e-18    3.0953841791180395e-09
664    -0.0    -1.0603497246908233e-16    3.0953842868877354e-09
665    -0.0    -4.2500725161431774e-17    3.095384223353488e-09
666    -0.0    -1.251169307048272e-16    3.0953843059696937e-09
667    -0.0    -5.5294310796760726e-18    3.095384186382194e-09
668    -0.0    -9.128982292327947e-17    3.095384272142586e-09
669    -0.0    -5.97395397039513e-17    3.0953842405923027e-09
670    0.0    5.2692225582795515e-17    3.0953841281605374e-09
671    0.0    3.187554387107383e-17    3.095384148977219e-09
672    0.0    8.673617379884035e-19    3.0953841799854012e-09
673    0.0    8.998878031629687e-18    3.095384171853885e-09
674    0.0    3.165870343657673e-17    3.0953841491940595e-09
675    -0.0    -1.1796119636642288e-16    3.0953842988139593e-09
676    0.0    4.0766001685454967e-17    3.0953841400867613e-09
677    0.0    1.244664094013359e-16    3.0953840563863536e-09
678    0.0    8.521829075736065e-17    3.095384095634472e-09
679    0.0    3.8055496254241206e-17    3.0953841427972667e-09
680    0.0    1.7889335846010823e-17    3.095384162963427e-09
681    -0.0    -8.456776945386935e-17    3.0953842654205324e-09
682    0.0    7.068998164605489e-17    3.0953841101627813e-09
683    0.0    5.919743861770854e-17    3.0953841216553243e-09
684    0.0    3.903127820947816e-17    3.0953841418214847e-09
685    0.0    5.0090140368830305e-17    3.0953841307626226e-09
686    -0.0    -1.1741909528018013e-16    3.0953842982718582e-09
687    0.0    2.6020852139652106e-17    3.095384154831911e-09
688    0.0    2.3852447794681098e-17    3.095384157000315e-09
689    0.0    2.42861286636753e-17    3.0953841565666343e-09
690    -0.0    -2.2659825404947043e-17    3.0953842035125884e-09
691    0.0    1.8431436932253575e-18    3.0953841790096193e-09
692    -0.0    -2.050226308170089e-16    3.0953843858753938e-09
693    0.0    6.16911036144252e-17    3.0953841191616593e-09
694    0.0    7.22078646875346e-17    3.0953841086448983e-09
695    -0.0    -6.852157730108388e-17    3.0953842493743403e-09
696    -0.0    -2.8080836267374565e-17    3.0953842089335992e-09
697    0.0    1.2793585635328952e-17    3.0953841680591773e-09
698    0.0    1.3010426069826053e-18    3.0953841795517203e-09
699    0.0    5.2692225582795515e-17    3.0953841281605374e-09
700    -0.0    -1.3042952135000618e-16    3.0953843112822843e-09
701    0.0    1.0018028073766061e-16    3.0953840806724822e-09
702    -0.0    -8.023096076392733e-17    3.0953842610837237e-09
703    0.0    3.144186300207963e-18    3.0953841777085767e-09
704    0.0    2.710505431213761e-17    3.0953841537477086e-09
705    0.0    2.7647155398380363e-17    3.0953841532056076e-09
706    -0.0    -3.642919299551295e-17    3.095384217281956e-09
707    0.0    1.0733601507606494e-17    3.0953841701191614e-09
708    -0.0    -1.984089975648473e-17    3.0953842006936627e-09
709    0.0    1.5395670849294163e-16    3.0953840268960545e-09
710    0.0    2.3310346708438345e-17    3.0953841575424162e-09
711    0.0    5.377642775528102e-17    3.095384127076335e-09
712    0.0    9.996344030316351e-17    3.0953840808893227e-09
713    0.0    1.8865117801247777e-17    3.095384161987645e-09
714    0.0    4.5102810375396984e-17    3.0953841357499526e-09
715    0.0    5.702903427273753e-17    3.0953841238237287e-09
716    -0.0    -3.5236570605778894e-17    3.0953842160893336e-09
717    -0.0    -3.165870343657673e-17    3.0953842125114664e-09
718    -0.0    -1.1254018550399536e-16    3.0953842933929485e-09
719    -0.0    -5.4752209710517974e-17    3.0953842356049727e-09
720    -0.0    -4.4994390158148434e-17    3.095384225847153e-09
721    0.0    8.153200337090993e-17    3.0953840993207596e-09
722    0.0    7.047314121155779e-17    3.0953841103796217e-09
723    0.0    1.5720931501039814e-17    3.0953841651318315e-09
724    -0.0    -1.0776969594505914e-16    3.095384288622459e-09
725    0.0    4.0766001685454967e-17    3.0953841400867613e-09
726    -0.0    -6.375108774214766e-17    3.0953842446038507e-09
727    0.0    1.1254018550399536e-16    3.0953840683125775e-09
728    -0.0    -8.630249292984615e-17    3.095384267155256e-09
729    -0.0    -3.5453411040275995e-17    3.095384216306174e-09
730    -0.0    -5.605325231750058e-17    3.0953842369060153e-09
731    0.0    3.7947076036992655e-17    3.095384142905687e-09
732    -0.0    -2.0057740190981832e-17    3.095384200910503e-09
733    -0.0    -7.047314121155779e-18    3.095384187900077e-09
734    0.0    2.7538735181131813e-17    3.0953841533140278e-09
735    0.0    3.621235256101585e-17    3.0953841446404104e-09
736    -0.0    -5.0090140368830305e-17    3.0953842309429033e-09
737    -0.0    -4.0766001685454967e-17    3.0953842216187646e-09
738    -0.0    -1.0364972768961422e-16    3.0953842845024906e-09
739    -0.0    -1.8214596497756474e-17    3.0953841990673595e-09
740    0.0    1.2598429244281562e-16    3.0953840548684705e-09
741    -0.0    -6.819631664933823e-17    3.0953842490490796e-09
742    0.0    9.410874857174178e-17    3.0953840867440144e-09
743    -0.0    -1.0842021724855044e-19    3.095384180961183e-09
744    0.0    1.5070410197548512e-17    3.0953841657823528e-09
745    -0.0    -2.6237692574149207e-17    3.0953842070904555e-09
746    -0.0    -2.190088388420719e-17    3.095384202753647e-09
747    -0.0    -1.1926223897340549e-18    3.0953841820453853e-09
748    0.0    6.03900610074426e-17    3.095384120462702e-09
749    -0.0    -6.841315708383533e-17    3.09538424926592e-09
750    0.0    5.421010862427522e-19    3.095384180310662e-09
751    0.0    9.974659986866641e-18    3.095384170878103e-09
752    0.0    2.2442984970449942e-17    3.095384158409778e-09
753    0.0    5.0198560586078855e-17    3.0953841306542024e-09
754    -0.0    -8.565197162635485e-18    3.09538418941796e-09
755    0.0    7.546047120499111e-17    3.0953841053922918e-09
756    -0.0    -2.45029690981724e-17    3.095384205355732e-09
757    0.0    3.870601755773251e-17    3.0953841421467454e-09
758    0.0    8.673617379884035e-18    3.0953841721791456e-09
759    0.0    3.7947076036992655e-18    3.0953841770580554e-09
760    -0.0    -1.0842021724855044e-17    3.0953841916947847e-09
761    0.0    1.2815269678778662e-16    3.095384052700066e-09
762    -0.0    -7.209944447028604e-17    3.0953842529522074e-09
763    0.0    6.7220534694101275e-18    3.0953841741307095e-09
764    0.0    3.957337929572091e-17    3.0953841412793837e-09
765    0.0    7.892991815694472e-17    3.095384101922845e-09
766    -0.0    -9.063930161978817e-17    3.0953842714920646e-09
767    -0.0    -5.421010862427522e-18    3.095384186273774e-09
768    0.0    4.0657581468206416e-17    3.0953841401951815e-09
769    -0.0    -1.2284010614260765e-16    3.095384303692869e-09
770    0.0    1.6263032587282567e-18    3.0953841792264597e-09
771    0.0    1.1449174941446927e-16    3.0953840663610135e-09
772    0.0    7.079840186330344e-17    3.095384110054361e-09
773    -0.0    -5.887217796596289e-17    3.095384239724941e-09
774    0.0    6.581107186987012e-17    3.095384115041691e-09
775    -0.0    -5.421010862427522e-18    3.095384186273774e-09
776    0.0    9.475926987523309e-17    3.095384086093493e-09
777    -0.0    -2.3744027577432547e-17    3.0953842045967905e-09
778    -0.0    -4.401860820291148e-17    3.095384224871371e-09
779    0.0    1.452830911130576e-17    3.095384166324454e-09
780    0.0    1.1210650463500116e-16    3.0953840687462583e-09
781    -0.0    -5.2692225582795515e-17    3.0953842335449885e-09
782    -0.0    -8.782037597132586e-18    3.0953841896348006e-09
783    -0.0    -4.445228907190568e-17    3.095384225305052e-09
784    -0.0    -1.7607443281164592e-16    3.0953843569271958e-09
785    -0.0    -4.83554168928535e-17    3.09538422920818e-09
786    -0.0    -4.683753385137379e-17    3.095384227690297e-09
787    0.0    9.215718466126788e-18    3.0953841716370445e-09
788    -0.0    -1.745565497701662e-17    3.095384198308418e-09
789    0.0    2.0166160408230382e-17    3.0953841606866025e-09
790    -0.0    -2.6454533008646308e-17    3.095384207307296e-09
791    -0.0    -1.3812735677465326e-16    3.0953843189801197e-09
792    -0.0    -1.919037845299343e-17    3.0953842000431414e-09
793    -0.0    -6.1257422745431e-17    3.0953842421101857e-09
794    -0.0    -1.0364972768961422e-16    3.0953842845024906e-09
795    -0.0    -5.876375774871434e-17    3.0953842396165207e-09
796    -0.0    -4.358492733391728e-17    3.0953842244376903e-09
797    -0.0    -3.63207727782644e-17    3.0953842171735357e-09
798    -0.0    -6.516055056637882e-17    3.0953842460133135e-09
799    0.0    3.187554387107383e-17    3.095384148977219e-09
800    -0.0    -2.970713952610282e-17    3.0953842105599025e-09
801    0.0    2.222614453595284e-17    3.0953841586266184e-09
802    0.0    3.859759734048396e-17    3.0953841422551656e-09
803    -0.0    -1.1926223897340549e-18    3.0953841820453853e-09
804    0.0    4.662069341687669e-17    3.0953841342320695e-09
805    -0.0    -8.500145032286355e-17    3.0953842658542133e-09
806    0.0    1.5178830414797062e-18    3.09538417933488e-09
807    0.0    4.911435841359335e-17    3.0953841317384045e-09
808    -0.0    -3.0791341698588326e-17    3.0953842116441047e-09
809    -0.0    -7.806255641895632e-17    3.0953842589153194e-09
810    0.0    6.938893903907228e-18    3.095384173913869e-09
811    -0.0    -3.0574501264091225e-17    3.0953842114272642e-09
812    -0.0    -7.025630077706069e-17    3.0953842511090637e-09
813    -0.0    -2.3201926491189795e-17    3.0953842040546894e-09
814    -0.0    -3.903127820947816e-18    3.0953841847558908e-09
815    0.0    6.559423143537302e-17    3.0953841152585315e-09
816    0.0    1.474514954580286e-17    3.0953841661076134e-09
817    -0.0    -2.656295322589486e-17    3.095384207415716e-09
818    0.0    1.22514845490862e-17    3.0953841686012784e-09
819    0.0    1.1958749962515114e-16    3.0953840612652633e-09
820    -0.0    -9.367506770274758e-17    3.0953842745278307e-09
821    -0.0    -8.174884380540703e-17    3.0953842626016068e-09
822    -0.0    -2.7972416050126014e-17    3.095384208825179e-09
823    -0.0    -5.4752209710517974e-17    3.0953842356049727e-09
824    0.0    3.968179951296946e-17    3.0953841411709634e-09
825    0.0    2.0274580625478933e-17    3.0953841605781823e-09
826    -0.0    -9.324138683375338e-18    3.0953841901769016e-09
827    0.0    3.003240017784847e-17    3.0953841508203628e-09
828    -0.0    -4.098284211995207e-17    3.095384221835605e-09
829    0.0    3.0357660829594124e-18    3.095384177816997e-09
830    -0.0    -3.480288973678469e-17    3.0953842156556527e-09
831    -0.0    -1.734723475976807e-18    3.0953841825874864e-09
832    -0.0    -2.8514517136368767e-17    3.09538420936728e-09
833    0.0    1.3129688308799459e-16    3.09538404955588e-09
834    -0.0    -9.855397747893235e-17    3.0953842794067404e-09
835    0.0    1.2652639352905837e-16    3.0953840543263694e-09
836    -0.0    -3.1008182133085427e-17    3.095384211860945e-09
837    -0.0    -9.64939933512099e-18    3.0953841905021623e-09
838    -0.0    -5.692061405548898e-17    3.095384237773377e-09
839    0.0    5.399326818977812e-17    3.0953841268594948e-09
840    -0.0    -9.215718466126788e-18    3.0953841900684814e-09
841    -0.0    -2.0383000842727483e-17    3.095384201235764e-09
842    0.0    2.0057740190981832e-17    3.0953841607950228e-09
843    0.0    4.87890977618477e-17    3.095384132063665e-09
844    0.0    7.188260403578894e-17    3.095384108970159e-09
845    -0.0    -1.1926223897340549e-17    3.095384192778987e-09
846    0.0    1.0191500421363742e-17    3.0953841706612625e-09
847    -0.0    -2.7647155398380363e-17    3.0953842084999184e-09
848    0.0    4.445228907190568e-18    3.095384176407534e-09
849    0.0    2.8080836267374565e-17    3.0953841527719267e-09
850    -0.0    -7.567731163948821e-17    3.0953842565300746e-09
851    0.0    8.023096076392733e-17    3.095384100621802e-09
852    -0.0    -4.195862407518902e-17    3.095384222811387e-09
853    0.0    8.348356728138384e-18    3.0953841725044062e-09
854    -0.0    -5.605325231750058e-17    3.0953842369060153e-09
855    -0.0    -4.7704895589362195e-18    3.0953841856232525e-09
856    0.0    7.003946034256359e-17    3.0953841108133026e-09
857    0.0    3.0899761915836876e-17    3.095384149953001e-09
858    -0.0    -7.556889142223966e-17    3.0953842564216544e-09
859    0.0    9.974659986866641e-18    3.095384170878103e-09
860    -0.0    -1.5330618718945033e-16    3.09538433415895e-09
861    0.0    2.8297676701871666e-17    3.0953841525550863e-09
862    0.0    1.2988742026376343e-16    3.0953840509653427e-09
863    0.0    1.8756697583999227e-17    3.0953841620960654e-09
864    0.0    1.929879867024198e-17    3.0953841615539643e-09
865    0.0    4.9764879717084654e-17    3.0953841310878832e-09
866    -0.0    -6.375108774214766e-17    3.0953842446038507e-09
867    0.0    4.2392304944183223e-17    3.095384138460458e-09
868    -0.0    -6.841315708383533e-17    3.09538424926592e-09
869    0.0    3.122502256758253e-17    3.0953841496277404e-09
870    0.0    6.440160904563896e-17    3.095384116451154e-09
871    0.0    2.7321894746634712e-17    3.0953841535308682e-09
872    -0.0    -1.691355389077387e-16    3.095384349988302e-09
873    0.0    2.927345865710862e-17    3.0953841515793043e-09
874    -0.0    -8.370040771588094e-17    3.0953842645531707e-09
875    0.0    2.927345865710862e-17    3.0953841515793043e-09
876    -0.0    -8.933825901280557e-17    3.095384270191022e-09
877    0.0    3.729655473350135e-17    3.0953841435562082e-09
878    -0.0    -1.3769367590565906e-17    3.0953841946221305e-09
879    0.0    9.497611030973019e-17    3.0953840858766526e-09
880    -0.0    -2.222614453595284e-17    3.0953842030789075e-09
881    0.0    2.721347452938616e-17    3.0953841536392884e-09
882    -0.0    -4.336808689942018e-18    3.0953841851895716e-09
883    -0.0    -2.3310346708438345e-17    3.0953842041631097e-09
884    -0.0    -9.248244531301353e-17    3.0953842733352083e-09
885    0.0    2.0816681711721685e-17    3.0953841600360812e-09
886    -0.0    -8.944667923005412e-17    3.095384270299442e-09
887    0.0    2.2442984970449942e-17    3.095384158409778e-09
888    0.0    1.2912847874302358e-16    3.0953840517242842e-09
889    -0.0    -7.632783294297951e-17    3.095384257180596e-09
890    0.0    2.4936649967166602e-18    3.095384178359098e-09
891    -0.0    -1.951563910473908e-17    3.095384200368402e-09
892    -0.0    -2.710505431213761e-18    3.0953841835632684e-09
893    0.0    5.713745448998608e-17    3.0953841237153085e-09
894    -0.0    -9.107298248878237e-18    3.095384189960061e-09
895    0.0    4.8030156241107846e-17    3.0953841328226067e-09
896    0.0    2.8406096919120216e-17    3.095384152446666e-09
897    0.0    2.656295322589486e-17    3.0953841542898097e-09
898    0.0    5.5077470362263625e-17    3.0953841257752926e-09
899    0.0    4.87890977618477e-17    3.095384132063665e-09
900    0.0    7.448468924975415e-17    3.0953841063680737e-09
901    0.0    4.7271214720367993e-17    3.0953841335815482e-09
902    0.0    1.3986208025063007e-17    3.095384166866555e-09
903    0.0    2.1467203015212988e-17    3.09538415938556e-09
904    0.0    7.177418381854039e-17    3.095384109078579e-09
905    -0.0    -1.2305694657710475e-16    3.0953843039097095e-09
906    0.0    1.1926223897340549e-17    3.095384168926539e-09
907    -0.0    -1.7780915628762273e-17    3.0953841986336786e-09
908    0.0    1.0039712117215771e-16    3.0953840804556418e-09
909    -0.0    -4.607859233063394e-17    3.0953842269313553e-09
910    -0.0    -2.938187887435717e-17    3.095384210234642e-09
911    0.0    8.890457814381136e-17    3.095384091948185e-09
912    0.0    1.9081958235744878e-17    3.0953841617708047e-09
913    0.0    4.8138576458356397e-17    3.0953841327141865e-09
914    0.0    9.64939933512099e-18    3.0953841712033636e-09
915    0.0    3.9898639947466563e-17    3.095384140954123e-09
916    0.0    1.8106176280507924e-17    3.0953841627465867e-09
917    -0.0    -1.1492543028346347e-17    3.095384192345306e-09
918    -0.0    -3.8163916471489756e-17    3.0953842190166794e-09
919    -0.0    -6.949735925632083e-17    3.0953842503501222e-09
920    -0.0    -2.710505431213761e-17    3.0953842079578173e-09
921    0.0    5.3017486234541167e-17    3.0953841278352767e-09
922    -0.0    -1.8323016715005025e-17    3.0953841991757797e-09
923    0.0    8.673617379884035e-19    3.0953841799854012e-09
924    -0.0    -4.347650711666873e-17    3.09538422432927e-09
925    -0.0    -6.602791230436722e-17    3.0953842468806753e-09
926    0.0    6.06069014419397e-17    3.0953841202458615e-09
927    0.0    1.2902005852577503e-17    3.095384167950757e-09
928    -0.0    -3.003240017784847e-17    3.095384210885163e-09
929    0.0    3.903127820947816e-17    3.0953841418214847e-09
930    0.0    4.889751797909625e-17    3.095384131955245e-09
931    -0.0    -1.1926223897340549e-17    3.095384192778987e-09
932    -0.0    -2.883977778811442e-17    3.0953842096925407e-09
933    0.0    7.502679033599691e-17    3.0953841058259726e-09
934    0.0    1.940721888749053e-17    3.095384161445544e-09
935    0.0    7.15573433840433e-18    3.0953841736970286e-09
936    -0.0    -7.892991815694472e-17    3.095384259782681e-09
937    0.0    1.192622389734055e-16    3.095384061590524e-09
938    0.0    6.08237418764368e-17    3.095384120029021e-09
939    0.0    3.2742905609062234e-17    3.0953841481098573e-09
940    -0.0    -4.7271214720367993e-17    3.0953842281239777e-09
941    0.0    2.710505431213761e-17    3.0953841537477086e-09
942    -0.0    -1.713039432527097e-17    3.0953841979831573e-09
943    -0.0    -3.870601755773251e-17    3.0953842195587805e-09
944    -0.0    -3.599551212651875e-17    3.095384216848275e-09
945    0.0    2.7972416050126014e-17    3.095384152880347e-09
946    0.0    3.7947076036992655e-17    3.095384142905687e-09
947    -0.0    -3.63207727782644e-17    3.0953842171735357e-09
948    -0.0    -7.37257477290143e-18    3.0953841882253377e-09
949    -0.0    -2.222614453595284e-17    3.0953842030789075e-09
950    -0.0    -3.0357660829594124e-17    3.0953842112104238e-09
951    -0.0    -5.0198560586078855e-17    3.0953842310513235e-09
952    -0.0    -7.849623728795052e-17    3.0953842593490002e-09
953    -0.0    -8.673617379884035e-19    3.0953841817201247e-09
954    0.0    6.7220534694101275e-18    3.0953841741307095e-09
955    -0.0    -8.890457814381136e-18    3.0953841897432208e-09
956    -0.0    -4.0549161250957866e-17    3.0953842214019242e-09
957    -0.0    -5.898059818321144e-17    3.095384239833361e-09
958    0.0    5.421010862427522e-18    3.095384175431752e-09
959    -0.0    -1.3986208025063007e-17    3.095384194838971e-09
960    -0.0    -8.239936510889834e-18    3.0953841890926995e-09
961    -0.0    -2.938187887435717e-17    3.095384210234642e-09
962    -0.0    -1.1275702593849246e-17    3.0953841921284656e-09
963    0.0    7.892991815694472e-17    3.095384101922845e-09
964    0.0    8.890457814381136e-18    3.095384171962305e-09
965    -0.0    -2.970713952610282e-17    3.0953842105599025e-09
966    -0.0    -1.1362438767648086e-16    3.0953842944771506e-09
967    -0.0    -2.3527187142935446e-17    3.09538420437995e-09
968    -0.0    -3.382710778154774e-17    3.0953842146798707e-09
969    0.0    5.074066167232161e-17    3.0953841301121013e-09
970    -0.0    -3.67544536472586e-17    3.0953842176072166e-09
971    0.0    8.185726402265558e-17    3.095384098995499e-09
972    -0.0    -1.0625181290357943e-17    3.0953841914779442e-09
973    0.0    9.367506770274758e-17    3.0953840871776953e-09
974    -0.0    -9.584347204771859e-17    3.095384276696235e-09
975    0.0    1.8214596497756474e-17    3.0953841626381665e-09
976    0.0    4.9981720151581754e-17    3.095384130871043e-09
977    -0.0    -4.8030156241107846e-17    3.095384228882919e-09
978    0.0    1.6154612370034016e-17    3.0953841646981506e-09
979    0.0    6.895525817007808e-17    3.0953841118975048e-09
980    0.0    5.984795992119984e-17    3.095384121004803e-09
981    0.0    6.917209860457518e-17    3.0953841116806644e-09
982    -0.0    -5.898059818321144e-17    3.095384239833361e-09
983    -0.0    -3.859759734048396e-17    3.0953842194503603e-09
984    -0.0    -4.662069341687669e-18    3.0953841855148323e-09
985    -0.0    -7.762887554996212e-17    3.0953842584816385e-09
986    -0.0    -6.613633252161577e-17    3.0953842469890955e-09
987    0.0    3.63207727782644e-17    3.09538414453199e-09
988    0.0    8.565197162635485e-17    3.0953840952007913e-09
989    0.0    1.6263032587282567e-18    3.0953841792264597e-09
990    -0.0    -3.5128150388530344e-17    3.0953842159809133e-09
991    -0.0    -5.366800753803247e-17    3.0953842345207705e-09
992    -0.0    -3.3176586478056436e-17    3.0953842140293494e-09
993    0.0    9.73613550891983e-17    3.095384083491408e-09
994    0.0    3.5344990823027445e-17    3.095384145507772e-09
995    0.0    2.468619926532245e-15    3.0953817122328364e-09
996    0.0    6.809906371446628e-14    3.0953160817890485e-09
997    0.0    1.853531434239941e-12    3.093530649418523e-09
998    0.0    5.1231974608836883e-11    3.044152206243926e-09
999    6.881674799452675e-09    1.7204186998631688e-09    1.3749654809895942e-09
