0.001 0.0 nan 
0.001 0.005 nan 
0.001 0.01 nan 
0.001 0.015 nan 
0.001 0.02 nan 
0.0014382022471910113 0.0 nan 
0.0014382022471910113 0.005 nan 
0.0014382022471910113 0.01 nan 
0.0014382022471910113 0.015 nan 
0.0014382022471910113 0.02 nan 
0.0018764044943820227 0.0 nan 
0.0018764044943820227 0.005 nan 
0.0018764044943820227 0.01 nan 
0.0018764044943820227 0.015 nan 
0.0018764044943820227 0.02 nan 
0.0023146067415730338 0.0 nan 
0.0023146067415730338 0.005 nan 
0.0023146067415730338 0.01 nan 
0.0023146067415730338 0.015 nan 
0.0023146067415730338 0.02 nan 
0.0027528089887640453 0.0 nan 
0.0027528089887640453 0.005 nan 
0.0027528089887640453 0.01 nan 
0.0027528089887640453 0.015 nan 
0.0027528089887640453 0.02 nan 
0.0031910112359550564 0.0 nan 
0.0031910112359550564 0.005 nan 
0.0031910112359550564 0.01 nan 
0.0031910112359550564 0.015 nan 
0.0031910112359550564 0.02 nan 
0.0036292134831460675 0.0 nan 
0.0036292134831460675 0.005 nan 
0.0036292134831460675 0.01 nan 
0.0036292134831460675 0.015 nan 
0.0036292134831460675 0.02 nan 
0.004067415730337079 0.0 nan 
0.004067415730337079 0.005 nan 
0.004067415730337079 0.01 nan 
0.004067415730337079 0.015 nan 
0.004067415730337079 0.02 nan 
0.00450561797752809 0.0 nan 
0.00450561797752809 0.005 nan 
0.00450561797752809 0.01 nan 
0.00450561797752809 0.015 nan 
0.00450561797752809 0.02 nan 
0.004943820224719102 0.0 nan 
0.004943820224719102 0.005 nan 
0.004943820224719102 0.01 nan 
0.004943820224719102 0.015 nan 
0.004943820224719102 0.02 0.07081546277460192 
0.005382022471910113 0.0 nan 
0.005382022471910113 0.005 nan 
0.005382022471910113 0.01 0.15877221632619318 
0.005382022471910113 0.015 0.3247073932365425 
0.005382022471910113 0.02 0.5025613321533122 
0.005820224719101124 0.0 nan 
0.005820224719101124 0.005 0.4626690260145792 
0.005820224719101124 0.01 0.5301436498194545 
0.005820224719101124 0.015 0.6419434175340922 
0.005820224719101124 0.02 0.8024045649682493 
0.006258426966292135 0.0 nan 
0.006258426966292135 0.005 0.7594044868214727 
0.006258426966292135 0.01 0.824157315345305 
0.006258426966292135 0.015 0.9357936449573341 
0.006258426966292135 0.02 1.1014377363927657 
0.006696629213483146 0.0 nan 
0.006696629213483146 0.005 1.0516650276793176 
0.006696629213483146 0.01 1.1189688157078757 
0.006696629213483146 0.015 1.2358630406565012 
0.006696629213483146 0.02 1.4103116859597455 
0.007134831460674158 0.0 nan 
0.007134831460674158 0.005 1.352683067689387 
0.007134831460674158 0.01 1.423479799880117 
0.007134831460674158 0.015 1.546469782653316 
0.007134831460674158 0.02 1.7298010948575824 
0.007573033707865169 0.0 nan 
0.007573033707865169 0.005 1.6640040067022623 
0.007573033707865169 0.01 1.7382098515773303 
0.007573033707865169 0.015 1.8668899338344986 
0.007573033707865169 0.02 2.0580966208207627 
0.00801123595505618 0.0 nan 
0.00801123595505618 0.005 1.9842065598071303 
0.00801123595505618 0.01 2.061404883821313 
0.00801123595505618 0.015 2.1949621465199165 
0.00801123595505618 0.02 2.392701431173731 
0.008449438202247191 0.0 nan 
0.008449438202247191 0.005 2.311035961101017 
0.008449438202247191 0.01 2.3907100923148334 
0.008449438202247191 0.015 2.528226926198753 
0.008449438202247191 0.02 2.731116752614113 
0.008887640449438204 0.0 nan 
0.008887640449438204 0.005 2.642156737445916 
0.008887640449438204 0.01 2.723785294060166 
0.008887640449438204 0.015 2.864369164073564 
0.008887640449438204 0.02 3.071106482662374 
0.009325842696629214 0.0 nan 
0.009325842696629214 0.005 2.975451654132477 
0.009325842696629214 0.01 3.058555285278609 
0.009325842696629214 0.015 3.201379513492289 
0.009325842696629214 0.02 3.410804037015447 
0.009764044943820226 0.0 nan 
0.009764044943820226 0.005 3.3091334170630367 
0.009764044943820226 0.01 3.393269088582121 
0.009764044943820226 0.015 3.5376203621530355 
0.009764044943820226 0.02 3.7487218064380885 
0.010202247191011236 0.0 nan 
0.010202247191011236 0.005 3.6417677408251117 
0.010202247191011236 0.01 3.726566108745937 
0.010202247191011236 0.015 3.8718192478186158 
0.010202247191011236 0.02 4.083730627911307 
0.010640449438202249 0.0 nan 
0.010640449438202249 0.005 3.9722593247777005 
0.010640449438202249 0.01 4.0574008589060835 
0.010640449438202249 0.015 4.203030056809861 
0.010640449438202249 0.02 4.415020715916902 
0.011078651685393258 0.0 nan 
0.011078651685393258 0.005 4.299816386680164 
0.011078651685393258 0.01 4.385032326841276 
0.011078651685393258 0.015 4.530591409025315 
0.011078651685393258 0.02 4.742057782762973 
0.01151685393258427 0.0 nan 
0.01151685393258427 0.005 4.6239086306860395 
0.01151685393258427 0.01 4.708975252599102 
0.01151685393258427 0.015 4.854100996167925 
0.01151685393258427 0.02 5.064539659351205 
0.01195505617977528 0.0 nan 
0.01195505617977528 0.005 4.944229209557444 
0.01195505617977528 0.01 5.028965697167038 
0.01195505617977528 0.015 5.173351728219474 
0.01195505617977528 0.02 5.382354107619176 
0.012393258426966293 0.0 nan 
0.012393258426966293 0.005 5.260656318123956 
0.012393258426966293 0.01 5.344904955851244 
0.012393258426966293 0.015 5.488312759443353 
0.012393258426966293 0.02 5.695547933521753 
0.012831460674157306 0.0 nan 
0.012831460674157306 0.005 5.57321860911765 
0.012831460674157306 0.01 5.656864614525646 
0.012831460674157306 0.015 5.799090646195897 
0.012831460674157306 0.02 6.00429523218395 
0.013269662921348315 0.0 nan 
0.013269662921348315 0.005 5.882071020844443 
0.013269662921348315 0.01 5.96501070382293 
0.013269662921348315 0.015 6.1059046863795015 
0.013269662921348315 0.02 6.308869944510175 
0.013707865168539328 0.0 nan 
0.013707865168539328 0.005 6.18746795112019 
0.013707865168539328 0.01 6.269628452383572 
0.013707865168539328 0.015 6.409065289898939 
0.013707865168539328 0.02 6.609632776090811 
0.014146067415730337 0.0 nan 
0.014146067415730337 0.005 6.489746247353109 
0.014146067415730337 0.01 6.571072018429768 
0.014146067415730337 0.015 6.708957949359491 
0.014146067415730337 0.02 6.907008977618984 
0.01458426966292135 0.0 nan 
0.01458426966292135 0.005 6.789312016958585 
0.01458426966292135 0.01 6.869756434855894 
0.01458426966292135 0.015 7.006025515836955 
0.01458426966292135 0.02 7.201477206645809 
0.01502247191011236 0.0 nan 
0.01502247191011236 0.005 7.086625961720873 
0.01502247191011236 0.01 7.1661585448241825 
0.01502247191011236 0.015 7.300764542648488 
0.01502247191011236 0.02 7.49356313634706 
0.015460674157303372 0.0 nan 
0.015460674157303372 0.005 7.382197180178811 
0.015460674157303372 0.01 7.460798387416109 
0.015460674157303372 0.015 7.5937132554192575 
0.015460674157303372 0.02 7.783830349615505 
0.01589887640449438 0.0 nan 
0.01589887640449438 0.005 7.676576675564381 
0.01589887640449438 0.01 7.754236357121561 
0.01589887640449438 0.015 7.885447652093003 
0.01589887640449438 0.02 8.072876592173357 
0.016337078651685395 0.0 nan 
0.016337078651685395 0.005 7.970353617957375 
0.016337078651685395 0.01 8.047069726380098 
0.016337078651685395 0.015 8.17657845677442 
0.016337078651685395 0.02 8.361331852452652 
0.016775280898876407 0.0 nan 
0.016775280898876407 0.005 8.26415351164459 
0.016775280898876407 0.01 8.339931032907819 
0.016775280898876407 0.015 8.467749870435815 
0.016775280898876407 0.02 8.649855522909377 
0.017213483146067417 0.0 nan 
0.017213483146067417 0.005 8.558638061410035 
0.017213483146067417 0.01 8.633488132067228 
0.017213483146067417 0.015 8.759639930183832 
0.017213483146067417 0.02 8.939140748789734 
0.01765168539325843 0.0 nan 
0.01765168539325843 0.005 8.854515120415225 
0.01765168539325843 0.01 8.92844775474903 
0.01765168539325843 0.015 9.052963320639304 
0.01765168539325843 0.02 9.22991274364503 
0.01808988764044944 0.0 nan 
0.01808988764044944 0.005 9.152499699278358 
0.01808988764044944 0.01 9.225548737316204 
0.01808988764044944 0.015 9.34846996484354 
0.01808988764044944 0.02 9.522935553925148 
0.018528089887640452 0.0 nan 
0.018528089887640452 0.005 9.453408672855133 
0.018528089887640452 0.01 9.52558790514305 
0.018528089887640452 0.015 9.646959708824703 
0.018528089887640452 0.02 9.819015773720512 
0.01896629213483146 0.0 nan 
0.01896629213483146 0.005 9.758046649931995 
0.01896629213483146 0.01 9.829397248498351 
0.01896629213483146 0.015 9.94927594241107 
0.01896629213483146 0.02 10.119007412808491 
0.019404494382022474 0.0 nan 
0.019404494382022474 0.005 10.06733040939892 
0.019404494382022474 0.01 10.137879797322732 
0.019404494382022474 0.015 10.25632303724611 
0.019404494382022474 0.02 10.42382262306409 
0.019842696629213487 0.0 nan 
0.019842696629213487 0.005 10.382213232892049 
0.019842696629213487 0.01 10.451998322563554 
0.019842696629213487 0.015 10.569071364608158 
0.019842696629213487 0.02 10.734439470853902 
0.020280898876404496 0.0 nan 
0.020280898876404496 0.005 10.703735061719419 
0.020280898876404496 0.01 10.772796123580449 
0.020280898876404496 0.015 10.888569712946296 
0.020280898876404496 0.02 11.05191411590841 
0.02071910112359551 0.0 nan 
0.02071910112359551 0.005 11.033028266632776 
0.02071910112359551 0.01 11.101408890689676 
0.02071910112359551 0.015 11.215959919676285 
0.02071910112359551 0.02 11.377395317032992 
0.02115730337078652 0.0 nan 
0.02115730337078652 0.005 11.371340869276281 
0.02115730337078652 0.01 11.43908312500888 
0.02115730337078652 0.015 11.552490757141415 
0.02115730337078652 0.02 11.712140106719666 
0.02159550561797753 0.0 nan 
0.02159550561797753 0.005 11.720024127685607 
0.02159550561797753 0.01 11.787189401045723 
0.02159550561797753 0.015 11.899542535331046 
0.02159550561797753 0.02 12.057535180465415 
0.02203370786516854 0.0 nan 
0.02203370786516854 0.005 12.080627471795351 
0.02203370786516854 0.01 12.147257139544818 
0.02203370786516854 0.015 12.258649528315232 
0.02203370786516854 0.02 12.41512278571764 
0.022471910112359553 0.0 nan 
0.022471910112359553 0.005 12.454839359861879 
0.022471910112359553 0.01 12.520997774835289 
0.022471910112359553 0.015 12.631528242504075 
0.022471910112359553 0.02 12.786628934468691 
0.022910112359550563 0.0 nan 
0.022910112359550563 0.005 12.844588110295074 
0.022910112359550563 0.01 12.910343639484417 
0.022910112359550563 0.015 13.020118657649823 
0.022910112359550563 0.02 13.174001883423921 
0.023348314606741576 0.0 nan 
0.023348314606741576 0.005 13.2520857979963 
0.023348314606741576 0.01 13.317494896119257 
0.023348314606741576 0.015 13.426628074361707 
0.023348314606741576 0.02 13.579459586623246 
0.023786516853932585 0.0 nan 
0.023786516853932585 0.005 13.679832020516988 
0.023786516853932585 0.01 13.744971797933792 
0.023786516853932585 0.015 13.853587259675061 
0.023786516853932585 0.02 14.00554575809273 
0.024224719101123598 0.0 nan 
0.024224719101123598 0.005 14.130746586835 
0.024224719101123598 0.01 14.19569584333877 
0.024224719101123598 0.015 14.303927884101574 
0.024224719101123598 0.02 14.455204689106012 
0.02466292134831461 0.0 nan 
0.02466292134831461 0.005 14.608231991002691 
0.02466292134831461 0.01 14.673077193866643 
0.02466292134831461 0.015 14.781070931937204 
0.02466292134831461 0.02 14.931875037681843 
0.02510112359550562 0.0 nan 
0.02510112359550562 0.005 15.1163005239699 
0.02510112359550562 0.01 15.181138038637256 
0.02510112359550562 0.015 15.289052840171342 
0.02510112359550562 0.02 15.439611757107757 
0.025539325842696633 0.0 nan 
0.025539325842696633 0.005 15.659731144630097 
0.025539325842696633 0.01 15.724665252219557 
0.025539325842696633 0.015 15.832679830737291 
0.025539325842696633 0.02 15.983244452951256 
0.025977528089887642 0.0 nan 
0.025977528089887642 0.005 16.244279897331047 
0.025977528089887642 0.01 16.309430303273146 
0.025977528089887642 0.015 16.417742165585043 
0.025977528089887642 0.02 16.568592358704993 
0.026415730337078655 0.0 nan 
0.026415730337078655 0.005 16.876969027763355 
0.026415730337078655 0.01 16.942463009860294 
0.026415730337078655 0.015 17.051296944577402 
0.026415730337078655 0.02 17.202748233818536 
0.026853932584269664 0.0 nan 
0.026853932584269664 0.005 17.566450556649706 
0.026853932584269664 0.01 17.632452500497998 
0.026853932584269664 0.015 17.74206465325038 
0.026853932584269664 0.02 17.894475646308305 
0.027292134831460677 0.0 nan 
0.027292134831460677 0.005 18.32360889045388 
0.027292134831460677 0.01 18.39029314115273 
0.027292134831460677 0.015 18.50097958601208 
0.027292134831460677 0.02 18.65476494663395 
0.027730337078651687 0.0 nan 
0.027730337078651687 0.005 19.162301334728205 
0.027730337078651687 0.01 19.22987249081512 
0.027730337078651687 0.015 19.34198228443162 
0.027730337078651687 0.02 19.497628651044014 
0.0281685393258427 0.0 nan 
0.0281685393258427 0.005 20.100530784690214 
0.0281685393258427 0.01 20.16924180701214 
0.0281685393258427 0.015 20.283192347268262 
0.0281685393258427 0.02 20.44127960344034 
0.02860674157303371 0.0 nan 
0.02860674157303371 0.005 21.162214158106952 
0.02860674157303371 0.01 21.232381344381775 
0.02860674157303371 0.015 21.34868263333919 
0.02860674157303371 0.02 21.509917782578757 
0.02904494382022472 0.0 nan 
0.02904494382022472 0.005 22.380000204139257 
0.02904494382022472 0.01 22.451998198936643 
0.02904494382022472 0.015 22.571285222823025 
0.02904494382022472 0.02 22.73654796884612 
0.029483146067415734 0.0 nan 
0.029483146067415734 0.005 23.799770784996362 
0.029483146067415734 0.01 23.874097520097397 
0.029483146067415734 0.015 23.9971840923936 
0.029483146067415734 0.02 24.167598944121313 
0.029921348314606744 0.0 nan 
0.029921348314606744 0.005 25.48858971875048 
0.029921348314606744 0.01 25.565891860386404 
0.029921348314606744 0.015 25.69385331795146 
0.029921348314606744 0.02 25.870907356983775 
0.030359550561797757 0.0 nan 
0.030359550561797757 0.005 27.54916532896331 
0.030359550561797757 0.01 27.630335559336135 
0.030359550561797757 0.015 27.764651728573547 
0.030359550561797757 0.02 27.950386709350145 
0.030797752808988766 0.0 nan 
0.030797752808988766 0.005 30.148701854452273 
0.030797752808988766 0.01 30.235040484860242 
0.030797752808988766 0.015 30.37785188545739 
0.030797752808988766 0.02 30.575220480568728 
0.03123595505617978 0.0 nan 
0.03123595505617978 0.005 33.58262058032443 
0.03123595505617978 0.01 33.676132429292664 
0.03123595505617978 0.015 33.83075406914327 
0.03123595505617978 0.02 34.044327153824206 
0.03167415730337079 0.0 nan 
0.03167415730337079 0.005 38.43711029826311 
0.03167415730337079 0.01 38.54122477918148 
0.03167415730337079 0.015 38.71331390761807 
0.03167415730337079 0.02 38.95064862571058 
0.0321123595505618 0.0 nan 
0.0321123595505618 0.005 46.104824633720625 
0.0321123595505618 0.01 46.22635199907017 
0.0321123595505618 0.015 46.426192367048685 
0.0321123595505618 0.02 46.38023954713773 
0.032550561797752814 0.0 nan 
0.032550561797752814 0.005 61.16891934736476 
0.032550561797752814 0.01 61.29039696006756 
0.032550561797752814 0.015 60.30762560796967 
0.032550561797752814 0.02 49.961615821975855 
0.03298876404494382 0.0 nan 
0.03298876404494382 0.005 108.11433445737137 
0.03298876404494382 0.01 92.29952729556202 
0.03298876404494382 0.015 66.57962582982567 
0.03298876404494382 0.02 49.99990732160418 
0.03342696629213483 0.0 nan 
0.03342696629213483 0.005 153.51746483502856 
0.03342696629213483 0.01 98.70515039932576 
0.03342696629213483 0.015 66.6593275564053 
0.03342696629213483 0.02 49.999993346484615 
0.03386516853932585 0.0 nan 
0.03386516853932585 0.005 157.1634837937483 
0.03386516853932585 0.01 98.92976588451424 
0.03386516853932585 0.015 66.66086525498768 
0.03386516853932585 0.02 49.99999394346555 
0.03430337078651686 0.0 nan 
0.03430337078651686 0.005 157.1804937508007 
0.03430337078651686 0.01 98.91557132133607 
0.03430337078651686 0.015 66.64609294855107 
0.03430337078651686 0.02 49.98959701386698 
0.03474157303370787 0.0 nan 
0.03474157303370787 0.005 51.358367899469066 
0.03474157303370787 0.01 44.57481128283147 
0.03474157303370787 0.015 42.18722617130141 
0.03474157303370787 0.02 37.165804227525314 
0.03517977528089888 0.0 nan 
0.03517977528089888 0.005 44.845607002980465 
0.03517977528089888 0.01 39.83290953250686 
0.03517977528089888 0.015 37.66326042529903 
0.03517977528089888 0.02 34.180361282401755 
0.03561797752808989 0.0 nan 
0.03561797752808989 0.005 53.064825255731684 
0.03561797752808989 0.01 38.467814901964815 
0.03561797752808989 0.015 34.701901995788965 
0.03561797752808989 0.02 32.64173294344459 
0.0360561797752809 0.0 nan 
0.0360561797752809 0.005 48.7835467849588 
0.0360561797752809 0.01 37.38480872495027 
0.0360561797752809 0.015 34.14098445614639 
0.0360561797752809 0.02 29.788145483091025 
0.03649438202247191 0.0 nan 
0.03649438202247191 0.005 47.18306732916067 
0.03649438202247191 0.01 29.631495160098332 
0.03649438202247191 0.015 30.700128612518018 
0.03649438202247191 0.02 28.133365583038895 
0.03693258426966292 0.0 nan 
0.03693258426966292 0.005 33.321875782984925 
0.03693258426966292 0.01 34.859407670118614 
0.03693258426966292 0.015 29.948178619404413 
0.03693258426966292 0.02 29.231087364756128 
0.03737078651685394 0.0 nan 
0.03737078651685394 0.005 32.357980239924366 
0.03737078651685394 0.01 24.238250461942886 
0.03737078651685394 0.015 30.015906080680455 
0.03737078651685394 0.02 27.41206745567623 
0.03780898876404495 0.0 nan 
0.03780898876404495 0.005 43.35411299940056 
0.03780898876404495 0.01 25.735312831349038 
0.03780898876404495 0.015 23.757423127955335 
0.03780898876404495 0.02 25.360317272134527 
0.038247191011235956 0.0 nan 
0.038247191011235956 0.005 nan 
0.038247191011235956 0.01 22.172159204899504 
0.038247191011235956 0.015 18.048551329329914 
0.038247191011235956 0.02 23.79916595893606 
0.03868539325842697 0.0 nan 
0.03868539325842697 0.005 44.63050207629661 
0.03868539325842697 0.01 27.22851095746273 
0.03868539325842697 0.015 29.46499065554562 
0.03868539325842697 0.02 23.988184321929445 
0.03912359550561798 0.0 nan 
0.03912359550561798 0.005 24.954150572471722 
0.03912359550561798 0.01 20.069858680122913 
0.03912359550561798 0.015 23.12795686388205 
0.03912359550561798 0.02 20.726935278834585 
0.03956179775280899 0.0 nan 
0.03956179775280899 0.005 nan 
0.03956179775280899 0.01 17.07903523711828 
0.03956179775280899 0.015 19.534261971693855 
0.03956179775280899 0.02 21.78648162671877 
0.04 0.0 nan 
0.04 0.005 nan 
0.04 0.01 20.23115488523326 
0.04 0.015 20.607402072486487 
0.04 0.02 20.760774840204334 
