0    4.357071798754934e-05    2.178535899377467e-05    0.00032318168469567653
1    5.7639079152750714e-05    2.8819539576375357e-05    0.00031614750411307585
2    7.160290605540262e-05    3.580145302770131e-05    0.0003091655906617499
3    8.550690632127319e-05    4.2753453160636595e-05    0.0003022135905288146
4    9.935286239536609e-05    4.9676431197683045e-05    0.00029529061249176816
5    0.00011313423031996056    5.656711515998028e-05    0.0002883999285294709
6    0.0001268428446963253    6.342142234816266e-05    0.00028154562134128855
7    0.00014047031227709022    7.023515613854511e-05    0.0002747318875509061
8    0.00015400831823685155    7.700415911842578e-05    0.00026796288457102543
9    0.00016744870335519803    8.372435167759902e-05    0.0002612426920118522
10    0.00018078349204168767    9.039174602084384e-05    0.00025457529766860737
11    0.00019400490937431696    9.700245468715848e-05    0.0002479645890022927
12    0.00020710539527158713    0.00010355269763579356    0.00024141434605365764
13    0.00022007761750612647    0.00011003880875306324    0.00023492823493638797
14    0.00023291448388744473    0.00011645724194372237    0.00022850980174572884
15    0.00024560915367763565    0.00012280457683881783    0.00022216246685063338
16    0.00025815504820863103    0.00012907752410431551    0.0002158895195851357
17    0.00027054586069364317    0.00013527293034682158    0.00020969411334262962
18    0.00028277556520179756    0.00014138778260089878    0.00020357926108855243
19    0.0002948384247836414    0.0001474192123918207    0.00019754783129763052
20    0.00030672899872456706    0.00015336449936228353    0.00019160254432716768
21    0.00031844214892372226    0.00015922107446186113    0.00018574596922759008
22    0.0003299730453813522    0.0001649865226906761    0.0001799805209987751
23    0.0003413171707978718    0.0001706585853989359    0.00017430845829051532
24    0.00035247032427822766    0.00017623516213911383    0.00016873188155033737
25    0.00036342862414615344    0.00018171431207307672    0.00016325273161637449
26    0.00037418850987796506    0.00018709425493898253    0.00015787278875046868
27    0.0003847467431608172    0.0001923733715804086    0.0001525936721090426
28    0.00039510040808561544    0.00019755020404280772    0.00014741683964664349
29    0.00040524691050589697    0.00020262345525294849    0.00014234358843650272
30    0.00041518397655952895    0.00020759198827976447    0.00013737505540968673
31    0.0004249096503936142    0.0002124548251968071    0.0001325122184926441
32    0.0004344222911078239    0.00021721114555391195    0.00012775589813553926
33    0.00044372056894719306    0.00022186028447359653    0.00012310675921585468
34    0.0004528034607694056    0.0002264017303847028    0.00011856531330474841
35    0.0004616702448265839    0.00023083512241329194    0.00011413192127615926
36    0.0004703204948845719    0.00023516024744228595    0.00010980679624716526
37    0.0004787540737227272    0.0002393770368613636    0.0001055900068280876
38    0.00048697112605289045    0.00024348556302644523    0.00010148148066300598
39    0.0004949720708821307    0.00024748603544106533    9.748100824838587e-05
40    0.0005027575933786691    0.00025137879668933453    9.358824700011668e-05
41    0.0005103286362647006    0.0002551643181323503    8.980272555710088e-05
42    0.0005176863907850496    0.0002588431953925248    8.612384829692643e-05
43    0.0005248322872909686    0.0002624161436454843    8.25509000439669e-05
44    0.0005317679854837452    0.0002658839927418726    7.90830509475786e-05
45    0.0005384953643513646    0.0002692476821756823    7.571936151376892e-05
46    0.0005450165118529933    0.00027250825592649666    7.245878776295455e-05
47    0.0005513337143812987    0.00027566685719064934    6.930018649880187e-05
48    0.0005574494460495135    0.00027872472302475676    6.624232066469444e-05
49    0.0005633663578408035    0.00028168317892040174    6.328386476904947e-05
50    0.000569087266663236    0.000284543633331618    6.0423410357833204e-05
51    0.000574615144340691    0.0002873075721703455    5.7659471519105714e-05
52    0.0005799531065905812    0.0002899765532952906    5.4990490394160596e-05
53    0.000585104402008237    0.0002925522010041185    5.241484268533273e-05
54    0.0005900724011072894    0.0002950362005536447    4.993084313580651e-05
55    0.0005948605854392709    0.0002974302927196354    4.753675096981578e-05
56    0.0005994725368302896    0.0002997362684151448    4.5230775274306394e-05
57    0.0006039119267606586    0.0003019559633803293    4.30110803091219e-05
58    0.000608182505919307    0.0003040912529596535    4.0875790729797724e-05
59    0.0006122880939571666    0.0003061440469785833    3.882299671086791e-05
60    0.0006162325694655741    0.00030811628473278703    3.685075895666417e-05
61    0.0006200198602012222    0.0003100099301006111    3.4957113588840114e-05
62    0.0006236539335802817    0.00031182696679014086    3.314007689931035e-05
63    0.0006271387874605214    0.0003135693937302607    3.1397649959190484e-05
64    0.0006304784412228918    0.0003152392206114459    2.9727823078005283e-05
65    0.0006336769271816159    0.00031683846359080794    2.812858009864326e-05
66    0.000636738282317576    0.000318369141158788    2.6597902530663218e-05
67    0.0006396665403624689    0.0003198332701812344    2.513377350821678e-05
68    0.0006424657242332008    0.0003212328621166004    2.3734181572850803e-05
69    0.000645139838828533    0.0003225699194142665    2.2397124275184716e-05
70    0.0006476928641921346    0.0003238464320960673    2.1120611593383916e-05
71    0.0006501287490484234    0.0003250643745242117    1.9902669165239523e-05
72    0.0006524514047096925    0.00032622570235484624    1.8741341334604965e-05
73    0.0006546646993617023    0.00032733234968085117    1.7634694008600033e-05
74    0.0006567724527188632    0.0003283862263594316    1.6580817330019617e-05
75    0.0006587784310529356    0.0003293892155264678    1.557782816298341e-05
76    0.0006606863425931294    0.0003303431712965647    1.4623872392886513e-05
77    0.0006624998332853613    0.00033124991664268064    1.371712704677057e-05
78    0.0006642224829112729    0.00033211124145563647    1.2855802233814736e-05
79    0.0006658578015591088    0.0003329289007795544    1.203814290989683e-05
80    0.0006674092264347645    0.00033370461321738224    1.1262430472068962e-05
81    0.0006688801190081841    0.00033444005950409206    1.0526984185359146e-05
82    0.0006702737624805469    0.00033513688124027345    9.830162449177759e-06
83    0.0006715933595668262    0.0003357966797834131    9.170363906038084e-06
84    0.0006728420305786463    0.00033642101528932314    8.54602840012807e-06
85    0.0006740228117961163    0.00033701140589805813    7.955637791393078e-06
86    0.0006751386541117709    0.00033756932705588543    7.397716633565773e-06
87    0.0006761924219495898    0.0003380962109747949    6.87083271465631e-06
88    0.0006771868924190247    0.00033859344620951236    6.373597479938844e-06
89    0.0006781247547154217    0.00033906237735771083    5.904666331740371e-06
90    0.0006790086097398008    0.0003395043048699004    5.462738819550809e-06
91    0.0006798409699256595    0.0003399204849628297    5.04655872662148e-06
92    0.000680624259259762    0.000340312129629881    4.654914059570208e-06
93    0.0006813608134846206    0.0003406804067423103    4.286636947140911e-06
94    0.0006820528804613846    0.0003410264402306923    3.9406034587588946e-06
95    0.0006827026206890495    0.00034135131034452476    3.6157333449264497e-06
96    0.0006833121079555565    0.00034165605397777827    3.3109897116729344e-06
97    0.0006838833301183746    0.0003419416650591873    3.0253786302638936e-06
98    0.0006844181899851236    0.0003422090949925618    2.757948696889426e-06
99    0.0006849185063018833    0.00034245925315094165    2.507790538509554e-06
100    0.0006853860148116416    0.0003426930074058208    2.274036283630423e-06
101    0.0006858223693942019    0.0003429111846971009    2.055858992350279e-06
102    0.0006862291432546469    0.00034311457162732343    1.8524720621277725e-06
103    0.0006866078301659261    0.00034330391508296306    1.6631286064881443e-06
104    0.0006869598457354426    0.0003434799228677213    1.487120821729894e-06
105    0.0006872865287053248    0.0003436432643526624    1.3237793367888023e-06
106    0.0006875891422541197    0.00034379457112705984    1.172472562391367e-06
107    0.0006878688753110063    0.00034393443765550315    1.0326060339480546e-06
108    0.0006881268438503844    0.0003440634219251922    9.036217642590175e-07
109    0.0006883640921800855    0.00034418204609004276    7.849975994084473e-07
110    0.0006885815941948922    0.0003442907970974461    6.762465920050805e-07
111    0.0006887802545998772    0.0003443901272999386    5.76916389512629e-07
112    0.0006889609100913731    0.00034448045504568655    4.86588643764654e-07
113    0.0006891243304865307    0.00034456216524326533    4.0487844618587385e-07
114    0.0006892712197948624    0.0003446356098974312    3.3143379201999897e-07
115    0.0006894022172327916    0.0003447011086163958    2.6593507305538826e-07
116    0.0006895178981625974    0.0003447589490812987    2.080946081524978e-07
117    0.0006896187749633282    0.0003448093874816641    1.576562077870887e-07
118    0.0006897052978185035    0.00034485264890925173    1.143947801994765e-07
119    0.0006897778554250506    0.0003448889277125253    7.811597692590662e-08
120    0.0006898367756099414    0.0003449183878049707    4.8655884480513015e-08
121    0.0006898823258631908    0.0003449411629315954    2.5880757855822195e-08
122    0.0006899147137760003    0.0003449573568880002    9.68680145103061e-09
123    0.000689934087379186    0.000344967043689593    1.4181364416110398e-16
124    0.0006899405353950738    0.0003449702676975369    3.2240080856740794e-09
125    0.0006899340873789024    0.0003449670436894512    0.0
126    0.000689914713775738    0.000344957356887869    9.686801582219073e-09
127    0.0006898823258628811    0.00034494116293144056    2.5880758010646265e-08
128    0.0006898367756095355    0.00034491838780476773    4.865588468347566e-08
129    0.0006897778554247791    0.00034488892771238956    7.811597706164873e-08
130    0.0006897052978189766    0.0003448526489094883    1.1439477996290359e-07
131    0.0006896187749634896    0.0003448093874817448    1.5765620770642405e-07
132    0.0006895178981631395    0.00034475894908156976    2.0809460788144725e-07
133    0.0006894022172324078    0.0003447011086162039    2.6593507324729204e-07
134    0.0006892712197946651    0.00034463560989733254    3.3143379211866136e-07
135    0.0006891243304867362    0.0003445621652433681    4.048784460830915e-07
136    0.0006889609100918727    0.00034448045504593635    4.865886435148539e-07
137    0.0006887802546000571    0.00034439012730002857    5.769163894226402e-07
138    0.000688581594194652    0.000344290797097326    6.762465921252101e-07
139    0.0006883640921799923    0.00034418204608999614    7.84997599455068e-07
140    0.0006881268438504633    0.00034406342192523165    9.036217642195525e-07
141    0.0006878688753105353    0.00034393443765526766    1.0326060341835433e-06
142    0.0006875891422542407    0.00034379457112712034    1.1724725623308684e-06
143    0.0006872865287047506    0.0003436432643523753    1.323779337075899e-06
144    0.0006869598457350328    0.0003434799228675164    1.4871208219348082e-06
145    0.0006866078301657084    0.0003433039150828542    1.6631286065969982e-06
146    0.0006862291432545753    0.00034311457162728765    1.8524720621635512e-06
147    0.000685822369393478    0.000342911184696739    2.0558589927121857e-06
148    0.000685386014811233    0.0003426930074056165    2.2740362838346868e-06
149    0.0006849185063014743    0.00034245925315073717    2.5077905387140345e-06
150    0.0006844181899847181    0.00034220909499235903    2.757948697092172e-06
151    0.0006838833301174847    0.00034194166505874236    3.02537863070885e-06
152    0.0006833121079550214    0.0003416560539775107    3.3109897119405155e-06
153    0.0006827026206886085    0.00034135131034430423    3.6157333451469764e-06
154    0.0006820528804614744    0.0003410264402307372    3.940603458714009e-06
155    0.0006813608134845065    0.00034068040674225327    4.28663694719794e-06
156    0.0006806242592593673    0.0003403121296296837    4.6549140597675325e-06
157    0.0006798409699250154    0.0003399204849625077    5.046558726943488e-06
158    0.0006790086097391889    0.00033950430486959443    5.462738819856771e-06
159    0.0006781247547148444    0.0003390623773574222    5.904666332028985e-06
160    0.0006771868924184579    0.00033859344620922895    6.373597480222254e-06
161    0.0006761924219496015    0.00033809621097480075    6.8708327146504555e-06
162    0.0006751386541117366    0.0003375693270558683    7.3977166335829035e-06
163    0.0006740228117956457    0.00033701140589782286    7.95563779162835e-06
164    0.0006728420305787785    0.00033642101528938927    8.546028400061934e-06
165    0.0006715933595666979    0.00033579667978334894    9.170363906102269e-06
166    0.0006702737624803843    0.00033513688124019213    9.830162449259074e-06
167    0.0006688801190083194    0.0003344400595041597    1.0526984185291492e-05
168    0.0006674092264350381    0.00033370461321751907    1.1262430471932136e-05
169    0.0006658578015590858    0.0003329289007795429    1.2038142909908322e-05
170    0.0006642224829107066    0.0003321112414553533    1.285580223409793e-05
171    0.0006624998332847866    0.0003312499166423933    1.3717127047057883e-05
172    0.0006606863425925869    0.0003303431712962934    1.462387239315778e-05
173    0.0006587784310522603    0.0003293892155261302    1.5577828163321032e-05
174    0.0006567724527178132    0.0003283862263589066    1.6580817330544588e-05
175    0.0006546646993611867    0.00032733234968059335    1.7634694008857857e-05
176    0.0006524514047086586    0.0003262257023543293    1.8741341335121913e-05
177    0.0006501287490469458    0.0003250643745234729    1.99026691659783e-05
178    0.000647692864190347    0.0003238464320951735    2.1120611594277732e-05
179    0.0006451398388273061    0.00032256991941365305    2.2397124275798158e-05
180    0.0006424657242319579    0.00032123286211597894    2.3734181573472268e-05
181    0.0006396665403610169    0.00031983327018050844    2.513377350894276e-05
182    0.0006367382823158404    0.0003183691411579202    2.6597902531531013e-05
183    0.0006336769271802103    0.00031683846359010517    2.812858009934604e-05
184    0.0006304784412218471    0.00031523922061092355    2.9727823078527652e-05
185    0.0006271387874590491    0.00031356939372952455    3.139764995992666e-05
186    0.0006236539335792075    0.00031182696678960374    3.314007689984746e-05
187    0.0006200198601997893    0.00031000993009989465    3.4957113589556554e-05
188    0.000616232569464306    0.000308116284732153    3.6850758957298214e-05
189    0.0006122880939556136    0.0003061440469778068    3.8822996711644414e-05
190    0.0006081825059178676    0.0003040912529589338    4.087579073051742e-05
191    0.0006039119267595818    0.0003019559633797909    4.3011080309660315e-05
192    0.0005994725368293091    0.00029973626841465453    4.523077527479667e-05
193    0.0005948605854381919    0.00029743029271909593    4.753675097035528e-05
194    0.0005900724011060304    0.0002950362005530152    4.9930843136436e-05
195    0.0005851044020066649    0.00029255220100333243    5.241484268611878e-05
196    0.0005799531065886006    0.0002899765532943003    5.4990490395150906e-05
197    0.0005746151443388101    0.00028730757216940505    5.765947152004615e-05
198    0.0005690872666614085    0.00028454363333070424    6.042341035874697e-05
199    0.0005633663578394881    0.00028168317891974406    6.328386476970715e-05
200    0.000557449446048065    0.0002787247230240325    6.624232066541869e-05
201    0.0005513337143797752    0.0002756668571898876    6.930018649956363e-05
202    0.0005450165118516177    0.00027250825592580884    7.245878776364237e-05
203    0.0005384953643497287    0.00026924768217486436    7.571936151458685e-05
204    0.0005317679854823219    0.00026588399274116094    7.908305094829027e-05
205    0.0005248322872895865    0.00026241614364479323    8.255090004465797e-05
206    0.0005176863907832814    0.0002588431953916407    8.612384829781048e-05
207    0.0005103286362633315    0.00025516431813166576    8.980272555778545e-05
208    0.0005027575933771134    0.0002513787966885567    9.358824700089448e-05
209    0.0004949720708805061    0.00024748603544025305    9.748100824919816e-05
210    0.00048697112605141377    0.00024348556302570688    0.00010148148066374432
211    0.00047875407372184207    0.00023937703686092104    0.00010559000682853017
212    0.0004703204948827322    0.0002351602474413661    0.0001098067962480851
213    0.0004616702448247624    0.0002308351224123812    0.00011413192127707
214    0.00045280346076779837    0.00022640173038389918    0.00011856531330555202
215    0.00044372056894542017    0.00022186028447271008    0.00012310675921674112
216    0.0004344222911065749    0.00021721114555328744    0.00012775589813616376
217    0.000424909650392337    0.0002124548251961685    0.0001325122184932827
218    0.0004151839765581529    0.00020759198827907644    0.00013737505541037477
219    0.00040524691050412495    0.00020262345525206248    0.00014234358843738873
220    0.0003951004080843881    0.00019755020404219406    0.00014741683964725714
221    0.0003847467431587438    0.0001923733715793719    0.0001525936721100793
222    0.0003741885098765196    0.0001870942549382598    0.0001578727887511914
223    0.00036342862414415244    0.00018171431207207622    0.000163252731617375
224    0.00035247032427640013    0.00017623516213820006    0.00016873188155125114
225    0.0003413171707963062    0.0001706585853981531    0.0001743084582912981
226    0.0003299730453799727    0.00016498652268998634    0.00017998052099946486
227    0.0003184421489221723    0.00015922107446108614    0.00018574596922836507
228    0.00030672899872326385    0.00015336449936163192    0.00019160254432781928
229    0.0002948384247822237    0.00014741921239111184    0.00019754783129833937
230    0.0002827755652004965    0.00014138778260024826    0.00020357926108920295
231    0.00027054586069199344    0.00013527293034599672    0.00020969411334345448
232    0.00025815504820689587    0.00012907752410344794    0.00021588951958600327
233    0.00024560915367604404    0.00012280457683802202    0.00022216246685142918
234    0.00023291448388606216    0.00011645724194303108    0.00022850980174642013
235    0.00022007761750415106    0.00011003880875207553    0.00023492823493737568
236    0.00020710539527076834    0.00010355269763538417    0.00024141434605406704
237    0.0001940049093730107    9.700245468650536e-05    0.00024796458900294585
238    0.00018078349204046296    9.039174602023148e-05    0.0002545752976692197
239    0.0001674487033541277    8.372435167706385e-05    0.00026124269201238735
240    0.0001540083182356611    7.700415911783055e-05    0.00026796288457162066
241    0.00014047031227666044    7.023515613833022e-05    0.000274731887551121
242    0.0001268428446960729    6.342142234803646e-05    0.00028154562134141475
243    0.00011313423031969732    5.656711515984866e-05    0.00028839992852960255
244    9.93528623958002e-05    4.96764311979001e-05    0.0002952906124915511
245    8.550690632130745e-05    4.2753453160653725e-05    0.0003022135905287975
246    7.160290605568408e-05    3.580145302784204e-05    0.00030916559066160917
247    5.763907915328501e-05    2.8819539576642504e-05    0.0003161475041128087
248    4.3570717988411934e-05    2.1785358994205967e-05    0.00032318168469524524
249    2.9095164757645276e-05    1.4547582378822638e-05    0.00033041946131062857
250    0.0    5.434677091950557e-06    0.00033953236659750065
251    0.0    2.7272593977015636e-06    0.00034223978429174964
252    0.0    1.439380003352567e-06    0.00034352766368609864
253    0.0    7.703738071694437e-07    0.00034419666988228176
254    0.0    4.1414557970672304e-07    0.0003445528981097445
255    0.0    2.2296964909845375e-07    0.00034474407404035275
256    0.0    1.201037320170545e-07    0.00034484693995743415
257    0.0    6.47056316326923e-08    0.0003449023380578185
258    0.0    3.486209215102301e-08    0.0003449321815973002
259    0.0    1.8783378805901224e-08    0.0003449482603106453
260    0.0    1.0120385676411561e-08    0.0003449569233037748
261    0.0    5.4528239276305235e-09    0.0003449615908655236
262    0.0    2.9379623545187222e-09    0.0003449641057270967
263    0.0    1.582964579294882e-09    0.0003449654607248719
264    0.0    8.528960899079757e-10    0.0003449661907933613
265    0.0    4.595375969942278e-10    0.0003449665841518542
266    0.0    2.4759736058296844e-10    0.0003449667960920906
267    0.0    1.3340454782517774e-10    0.0003449669102849034
268    0.0    7.187799617655588e-11    0.00034496697181145503
269    0.0    3.8727524876228103e-11    0.00034496700496192633
270    0.0    2.086630586199678e-11    0.00034496702282314534
271    0.0    1.1242713357506595e-11    0.00034496703244673785
272    0.0    6.057513431828587e-12    0.0003449670376319378
273    0.0    3.2637701135457275e-12    0.0003449670404256811
274    0.0    1.7584338932868926e-12    0.0003449670419310173
275    0.0    9.475178888024294e-13    0.0003449670427419333
276    0.0    5.106505496232927e-13    0.00034496704317880066
277    0.0    2.7505645330827555e-13    0.00034496704341439475
278    0.0    1.482154243087619e-13    0.0003449670435412358
279    0.0    8.001563821247171e-14    0.00034496704360943557
280    0.0    4.3119370921052e-14    0.00034496704364633183
281    0.0    2.3089169465251302e-14    0.00034496704366636204
282    0.0    1.2406091778882633e-14    0.0003449670436770451
283    0.0    6.689527404235562e-15    0.0003449670436827617
284    0.0    3.582854499195598e-15    0.00034496704368586835
285    0.0    2.037649562969257e-15    0.00034496704368741356
286    0.0    1.0139458717084437e-15    0.00034496704368843726
287    0.0    5.635682892579652e-16    0.00034496704368888764
288    0.0    3.885780586188048e-16    0.00034496704368906263
289    0.0    2.1185310450366757e-16    0.00034496704368923935
290    0.0    1.5027042110649091e-16    0.00034496704368930094
291    -0.0    -1.7997756063259374e-17    0.0003449670436894692
292    0.0    7.112366251504909e-17    0.0003449670436893801
293    0.0    5.637851296924623e-18    0.00034496704368944557
294    0.0    1.1926223897340549e-17    0.0003449670436894393
295    0.0    1.7564075194265172e-17    0.00034496704368943364
296    0.0    1.5547459153442134e-16    0.00034496704368929573
297    -0.0    -3.5128150388530344e-17    0.00034496704368948633
298    0.0    1.5308934675495323e-16    0.0003449670436892981
299    -0.0    -1.6349768761081407e-16    0.0003449670436896147
300    -0.0    -5.659535340374333e-17    0.0003449670436895078
301    -0.0    -3.903127820947816e-18    0.0003449670436894551
302    0.0    3.1008182133085427e-17    0.0003449670436894202
303    0.0    2.2768245622195593e-17    0.00034496704368942844
304    -0.0    -4.683753385137379e-17    0.00034496704368949804
305    0.0    5.2475385148298415e-17    0.00034496704368939873
306    -0.0    -5.095750210681871e-17    0.00034496704368950216
307    0.0    1.0299920638612292e-16    0.0003449670436893482
308    0.0    4.336808689942018e-18    0.00034496704368944687
309    0.0    8.673617379884035e-19    0.00034496704368945034
310    -0.0    -7.806255641895632e-18    0.000344967043689459
311    -0.0    -5.681219383824043e-17    0.000344967043689508
312    0.0    9.519295074422729e-17    0.000344967043689356
313    0.0    2.3852447794681098e-17    0.00034496704368942735
314    0.0    9.389190813724468e-17    0.0003449670436893573
315    -0.0    -4.3151246464923076e-17    0.00034496704368949436
316    0.0    4.2934406030425976e-17    0.00034496704368940827
317    0.0    1.1058862159352145e-17    0.00034496704368944015
318    -0.0    -8.500145032286355e-17    0.0003449670436895362
319    0.0    8.673617379884035e-19    0.00034496704368945034
320    -0.0    -2.0816681711721685e-17    0.000344967043689472
321    -0.0    -7.003946034256359e-17    0.00034496704368952124
322    -0.0    -1.3747683547116196e-16    0.0003449670436895887
323    -0.0    -1.9949319973733282e-17    0.00034496704368947115
324    0.0    8.456776945386935e-18    0.00034496704368944275
325    0.0    7.849623728795052e-17    0.0003449670436893727
326    -0.0    -4.5102810375396984e-17    0.0003449670436894963
327    0.0    2.949029909160572e-17    0.0003449670436894217
328    0.0    1.5612511283791264e-17    0.0003449670436894356
329    -0.0    -2.862293735361732e-17    0.00034496704368947983
330    -0.0    -5.833007687972014e-17    0.00034496704368950954
331    0.0    1.1275702593849246e-16    0.00034496704368933845
332    -0.0    -5.5077470362263625e-17    0.0003449670436895063
333    0.0    7.155734338404329e-17    0.00034496704368937965
334    -0.0    -1.1926223897340549e-17    0.00034496704368946313
335    -0.0    -9.974659986866641e-17    0.00034496704368955095
336    0.0    1.929879867024198e-17    0.0003449670436894319
337    -0.0    -1.3400738851920835e-16    0.0003449670436895852
338    0.0    7.047314121155779e-17    0.00034496704368938073
339    0.0    4.7704895589362195e-18    0.00034496704368944643
340    -0.0    -9.75781955236954e-18    0.00034496704368946096
341    0.0    1.9081958235744878e-17    0.0003449670436894321
342    -0.0    -1.2945373939476923e-16    0.00034496704368958066
343    0.0    1.3248950547772864e-16    0.0003449670436893187
344    0.0    2.970713952610282e-17    0.0003449670436894215
345    0.0    2.688821387764051e-17    0.0003449670436894243
346    -0.0    -1.444157293750692e-16    0.0003449670436895956
347    0.0    1.5178830414797062e-18    0.0003449670436894497
348    -0.0    -4.597017211338539e-17    0.0003449670436894972
349    -0.0    -4.358492733391728e-17    0.0003449670436894948
350    0.0    1.240327285323417e-16    0.00034496704368932717
351    0.0    2.0166160408230382e-16    0.00034496704368924954
352    0.0    8.543513119185775e-17    0.00034496704368936577
353    0.0    1.0104764247564901e-16    0.00034496704368935016
354    0.0    9.71445146547012e-17    0.00034496704368935406
355    0.0    1.3704315460216776e-16    0.00034496704368931416
356    0.0    1.3444106938820255e-17    0.00034496704368943776
357    -0.0    -8.608565249534905e-17    0.0003449670436895373
358    0.0    1.46150452851046e-16    0.00034496704368930505
359    -0.0    -2.42861286636753e-17    0.0003449670436894755
360    0.0    1.2576745200831851e-16    0.00034496704368932544
361    0.0    8.456776945386935e-17    0.00034496704368936664
362    -0.0    -2.42861286636753e-17    0.0003449670436894755
363    -0.0    -1.713039432527097e-17    0.00034496704368946834
364    -0.0    -1.6696713456276768e-17    0.0003449670436894679
365    -0.0    -1.5460722979643293e-16    0.0003449670436896058
366    -0.0    -1.244664094013359e-16    0.00034496704368957567
367    -0.0    -4.423544863740858e-17    0.00034496704368949544
368    0.0    2.927345865710862e-17    0.00034496704368942193
369    0.0    4.640385298237959e-17    0.0003449670436894048
370    -0.0    -1.734723475976807e-18    0.00034496704368945294
371    0.0    9.367506770274758e-17    0.00034496704368935753
372    0.0    2.6020852139652106e-17    0.0003449670436894252
373    0.0    4.0549161250957866e-17    0.00034496704368941066
374    0.0    1.0733601507606494e-16    0.00034496704368934387
375    0.0    7.719519468096792e-17    0.000344967043689374
376    0.0    9.237402509576498e-17    0.00034496704368935883
377    0.0    4.445228907190568e-17    0.00034496704368940675
378    0.0    1.7564075194265172e-17    0.00034496704368943364
379    0.0    1.5178830414797062e-17    0.000344967043689436
380    0.0    6.375108774214766e-17    0.00034496704368938745
381    0.0    6.505213034913027e-17    0.00034496704368938615
382    -0.0    -1.1926223897340549e-17    0.00034496704368946313
383    0.0    8.370040771588094e-17    0.0003449670436893675
384    0.0    8.088148206741863e-17    0.0003449670436893703
385    0.0    3.9898639947466563e-17    0.0003449670436894113
386    -0.0    -1.734723475976807e-17    0.00034496704368946855
387    0.0    1.695692197767329e-16    0.00034496704368928164
388    -0.0    -1.3574211199518516e-16    0.00034496704368958695
389    0.0    2.5370330836160804e-17    0.00034496704368942584
390    -0.0    -5.377642775528102e-17    0.000344967043689505
391    0.0    1.0083080204115191e-16    0.0003449670436893504
392    0.0    7.35089072945172e-17    0.0003449670436893777
393    -0.0    -1.1709383462843448e-17    0.0003449670436894629
394    -0.0    -2.0599841277224584e-17    0.0003449670436894718
395    0.0    7.22078646875346e-17    0.000344967043689379
396    -0.0    -3.729655473350135e-17    0.0003449670436894885
397    -0.0    -2.2551405187698492e-17    0.00034496704368947376
398    -0.0    -1.457167719820518e-16    0.0003449670436895969
399    -0.0    -1.1058862159352145e-17    0.00034496704368946226
400    -0.0    -1.478851763270228e-16    0.0003449670436895991
401    0.0    7.3075226425523e-17    0.00034496704368937813
402    -0.0    -8.998878031629687e-17    0.0003449670436895412
403    0.0    9.540979117872439e-18    0.00034496704368944166
404    0.0    1.0191500421363742e-17    0.000344967043689441
405    0.0    1.0560129160008813e-16    0.0003449670436893456
406    -0.0    -4.358492733391728e-17    0.0003449670436894948
407    0.0    3.7513395167998453e-17    0.0003449670436894137
408    -0.0    -5.074066167232161e-17    0.00034496704368950195
409    -0.0    -1.0364972768961422e-16    0.00034496704368955486
410    0.0    3.838075690598686e-17    0.0003449670436894128
411    -0.0    -6.570265165262157e-17    0.0003449670436895169
412    0.0    4.0549161250957866e-17    0.00034496704368941066
413    -0.0    -4.9873299934333204e-18    0.0003449670436894562
414    -0.0    -1.2620113287731272e-16    0.0003449670436895774
415    -0.0    -6.396792817664476e-17    0.0003449670436895152
416    -0.0    -1.194790794079026e-16    0.0003449670436895707
417    0.0    1.6479873021779667e-16    0.0003449670436892864
418    -0.0    -4.9439619065339e-17    0.00034496704368950065
419    0.0    7.502679033599691e-17    0.0003449670436893762
420    -0.0    -7.003946034256359e-17    0.00034496704368952124
421    0.0    1.9081958235744878e-17    0.0003449670436894321
422    -0.0    -9.540979117872439e-18    0.00034496704368946075
423    0.0    4.9873299934333204e-18    0.0003449670436894462
424    0.0    2.168404344971009e-18    0.00034496704368944904
425    -0.0    -1.496198998029996e-17    0.00034496704368946617
426    0.0    1.0148132334464322e-16    0.0003449670436893497
427    0.0    2.3201926491189795e-17    0.000344967043689428
428    0.0    1.713039432527097e-17    0.0003449670436894341
429    0.0    7.025630077706069e-17    0.00034496704368938095
430    0.0    6.526897078362737e-17    0.00034496704368938594
431    -0.0    -8.478460988836645e-17    0.000344967043689536
432    -0.0    -1.6631661325927638e-16    0.0003449670436896175
433    -0.0    -1.251169307048272e-16    0.0003449670436895763
434    -0.0    -5.355958732078392e-17    0.00034496704368950477
435    -0.0    -1.7564075194265172e-17    0.00034496704368946877
436    -0.0    -1.470178145890344e-16    0.0003449670436895982
437    -0.0    -1.0104764247564901e-16    0.00034496704368955225
438    -0.0    -2.5153490401663703e-17    0.00034496704368947636
439    0.0    1.0842021724855044e-16    0.0003449670436893428
440    -0.0    -3.9898639947466563e-17    0.0003449670436894911
441    0.0    1.691355389077387e-17    0.0003449670436894343
442    -0.0    -1.1384122811097797e-16    0.00034496704368956505
443    -0.0    -8.153200337090993e-17    0.00034496704368953274
444    -0.0    -2.8406096919120216e-17    0.0003449670436894796
445    -0.0    -5.117434254131581e-17    0.0003449670436895024
446    -0.0    -7.090682208055199e-17    0.0003449670436895221
447    -0.0    -1.212138028838794e-16    0.0003449670436895724
448    0.0    3.426078865054194e-17    0.00034496704368941694
449    -0.0    -1.2576745200831851e-17    0.0003449670436894638
450    0.0    2.667137344314341e-17    0.00034496704368942453
451    -0.0    -2.0599841277224584e-17    0.0003449670436894718
452    0.0    3.447762908503904e-17    0.00034496704368941673
453    0.0    1.734723475976807e-18    0.00034496704368944947
454    0.0    5.941427905220564e-17    0.0003449670436893918
455    0.0    1.3769367590565906e-16    0.0003449670436893135
456    0.0    7.892991815694472e-17    0.0003449670436893723
457    0.0    9.324138683375338e-18    0.0003449670436894419
458    0.0    1.7911019889460533e-16    0.0003449670436892721
459    0.0    8.673617379884035e-18    0.00034496704368944253
460    0.0    2.693158196453993e-16    0.0003449670436891819
461    0.0    5.488231397121623e-16    0.0003449670436889024
462    0.0    9.595189226496714e-16    0.0003449670436884917
463    0.0    2.014013955609073e-15    0.0003449670436874372
464    0.0    3.7539416020138106e-15    0.00034496704368569726
465    0.0    6.7801667058553505e-15    0.00034496704368267104
466    0.0    1.243991888666418e-14    0.0003449670436770113
467    0.0    2.3140777488661612e-14    0.00034496704366631043
468    0.0    4.304998198201293e-14    0.0003449670436464012
469    0.0    7.984932159921243e-14    0.0003449670436096019
470    0.0    1.482368915117771e-13    0.0003449670435412143
471    0.0    2.7507119845782135e-13    0.00034496704341438
472    0.0    5.10479679360909e-13    0.0003449670431789715
473    0.0    9.475074804615735e-13    0.0003449670427419437
474    0.0    1.7585008969811522e-12    0.0003449670419309503
475    0.0    3.263774233513983e-12    0.00034496704042567697
476    0.0    6.057592361746744e-12    0.00034496703763185884
477    0.0    1.124275846031697e-11    0.00034496703244669275
478    0.0    2.086627442013378e-11    0.0003449670228231768
479    0.0    3.872751034791899e-11    0.00034496700496194086
480    0.0    7.187796560205462e-11    0.0003449669718114856
481    0.0    1.334046261045746e-10    0.0003449669102848251
482    0.0    2.4759733044214804e-10    0.00034496679609212076
483    0.0    4.5953761477514343e-10    0.00034496658415183643
484    0.0    8.528959728141411e-10    0.0003449661907934784
485    0.0    1.5829645029670492e-09    0.00034496546072494824
486    0.0    2.9379624967660473e-09    0.00034496410572695444
487    0.0    5.452823887081362e-09    0.0003449615908655641
488    0.0    1.0120385486676181e-08    0.00034495692330396453
489    0.0    1.8783378786819266e-08    0.0003449482603106644
490    0.0    3.486209210938965e-08    0.0003449321815973418
491    0.0    6.470563153814987e-08    0.00034490233805791306
492    0.0    1.2010373206822883e-07    0.000344846939957383
493    0.0    2.229696491255588e-07    0.00034474407404032565
494    0.0    4.141455795434422e-07    0.00034455289810990776
495    0.0    7.703738071176188e-07    0.0003441966698823336
496    0.0    1.439380003557698e-06    0.0003435276636858935
497    0.0    2.727259397641499e-06    0.0003422397842918097
498    0.0    5.4346770918412696e-06    0.00033953236659760994
499    2.909516475682909e-05    1.4547582378414544e-05    0.00033041946131103666
