0    3.1704304164631436e-09    1.5852152082315718e-09    4.430350614582218e-09
1    4.3956334835025535e-09    2.1978167417512767e-09    3.817749081062513e-09
2    5.540662906342725e-09    2.7703314531713624e-09    3.2452343696424274e-09
3    6.590350363957359e-09    3.2951751819786795e-09    2.7203906408351103e-09
4    7.534249441779745e-09    3.767124720889872e-09    2.2484411019239176e-09
5    8.366979202360791e-09    4.183489601180396e-09    1.8320762216333941e-09
6    9.087935856546409e-09    4.543967928273204e-09    1.4715978945405855e-09
7    9.700663134316195e-09    4.850331567158098e-09    1.1652342556556922e-09
8    1.0212012401498993e-08    5.106006200749497e-09    9.095596220642932e-10
9    1.06311994316384e-08    5.3155997158192e-09    6.999661069945901e-10
10    1.0968872193786033e-08    5.484436096893017e-09    5.311297259207731e-10
11    1.1236262269578856e-08    5.618131134789428e-09    3.9743468802436177e-10
12    1.1444482133238926e-08    5.722241066619463e-09    2.9332475619432696e-10
13    1.1603996226145635e-08    5.801998113072818e-09    2.1356770974097217e-10
14    1.1724264812034563e-08    5.862132406017281e-09    1.5343341679650846e-10
15    1.18135443575966e-08    5.9067721787983e-09    1.0879364401548963e-10
16    1.1878824072390076e-08    5.939412036195038e-09    7.615378661875172e-11
17    1.1925856432601356e-08    5.962928216300678e-09    5.263760651311178e-11
18    1.1959259969916008e-08    5.979629984958004e-09    3.593583785578558e-11
19    1.1982654865745623e-08    5.991327432872812e-09    2.4238389940978156e-11
20    1.1998819196903932e-08    5.999409598451966e-09    1.6156224361824068e-11
21    1.2009841308946445e-08    6.0049206544732225e-09    1.064516834056728e-11
22    1.201726135616199e-08    6.008630678080995e-09    6.9351447327947735e-12
23    1.2022194762709854e-08    6.011097381354927e-09    4.468441458863048e-12
24    1.202543477817064e-08    6.01271738908532e-09    2.848433728469546e-12
25    1.2027538632154028e-08    6.013769316077014e-09    1.7965067367758936e-12
26    1.2028888449980984e-08    6.014444224990492e-09    1.121597823297571e-12
27    1.2029745004391718e-08    6.014872502195859e-09    6.933206179310369e-13
28    1.2030283110409795e-08    6.0151415552048976e-09    4.2426760889224813e-13
29    1.2030617559891793e-08    6.0153087799458965e-09    2.570428678932979e-13
30    1.2030823001024649e-08    6.015411500512324e-09    1.5432230146550374e-13
31    1.2030948258467955e-08    6.0154741292339775e-09    9.169357981231308e-14
32    1.203102332992742e-08    6.01551166496371e-09    5.415785007956142e-14
33    1.2031068326485983e-08    6.0155341632429915e-09    3.165957079831472e-14
34    1.2031095170030731e-08    6.0155475850153656e-09    1.8237798424247664e-14
35    1.2031110581314092e-08    6.015555290657046e-09    1.0532156743958687e-14
36    1.2031120029485504e-08    6.015560014742752e-09    5.808071038004847e-15
37    1.203112513781246e-08    6.01556256890623e-09    3.253907560063496e-15
38    1.2031128185721607e-08    6.015564092860803e-09    1.7299529864178709e-15
39    1.2031129862331846e-08    6.015564931165923e-09    8.916478666520788e-16
40    1.2031130693698072e-08    6.015565346849036e-09    4.759647537211364e-16
41    1.203113118158905e-08    6.015565590794525e-09    2.3201926491189795e-16
42    1.2031131797849565e-08    6.015565898924782e-09    7.611099250848241e-17
43    1.2031131926219102e-08    6.015565963109551e-09    1.4029576111962427e-16
44    1.2031131812161033e-08    6.015565906080517e-09    8.326672684688674e-17
45    1.203113214999843e-08    6.015566074999215e-09    2.5218542532012833e-16
46    1.2031132200305411e-08    6.0155661001527055e-09    2.7733891572179203e-16
47    1.2031132061093852e-08    6.015566030546926e-09    2.0773313624822265e-16
48    1.2031132087114704e-08    6.015566043557352e-09    2.207435623180487e-16
49    1.2031132145661622e-08    6.015566072830811e-09    2.500170209751573e-16
50    1.20311321348196e-08    6.0155660674098e-09    2.445960101127298e-16
51    1.2031132019026808e-08    6.015566009513404e-09    1.8669961410200386e-16
52    1.2031132054154958e-08    6.015566027077479e-09    2.0426368929626904e-16
53    1.2031132088849428e-08    6.015566044424714e-09    2.216109240560371e-16
54    1.2031132085813662e-08    6.015566042906831e-09    2.200930410145574e-16
55    1.2031131953107316e-08    6.015565976553658e-09    1.5373986805844453e-16
56    1.2031132264056499e-08    6.015566132028249e-09    3.0921445959286586e-16
57    1.2031132257551286e-08    6.015566128775643e-09    3.0596185307540935e-16
58    1.203113199040387e-08    6.015565995201935e-09    1.723881454251952e-16
59    1.2031132018159446e-08    6.015566009079723e-09    1.8626593323300966e-16
60    1.2031132066298023e-08    6.015566033149011e-09    2.1033522146218786e-16
61    1.2031131935760081e-08    6.0155659678800405e-09    1.450662506785605e-16
62    1.2031132071935874e-08    6.015566035967937e-09    2.1315414711065017e-16
63    1.2031132019460489e-08    6.015566009730244e-09    1.8691645453650096e-16
64    1.2031132107064024e-08    6.015566053532012e-09    2.3071822230491534e-16
65    1.2031132106196663e-08    6.015566053098331e-09    2.3028454143592114e-16
66    1.2031131945734741e-08    6.0155659728673705e-09    1.5005358067199381e-16
67    1.2031132151299473e-08    6.0155660756497364e-09    2.5283594662361963e-16
68    1.2031132014256318e-08    6.015566007128159e-09    1.8431436932253575e-16
69    1.2031131979128168e-08    6.015565989564084e-09    1.6675029412827058e-16
70    1.2031132021628893e-08    6.0155660108144465e-09    1.8800065670898647e-16
71    1.2031132146528983e-08    6.015566073264492e-09    2.504507018441515e-16
72    1.203113232433814e-08    6.01556616216907e-09    3.393552799879629e-16
73    1.2031132068900108e-08    6.015566034450054e-09    2.1163626406917047e-16
74    1.2031132156937324e-08    6.015566078468662e-09    2.5565487227208195e-16
75    1.2031132010786871e-08    6.015566005393436e-09    1.8257964584655895e-16
76    1.2031132171682474e-08    6.015566085841237e-09    2.630274470449834e-16
77    1.2031132106196663e-08    6.015566053098331e-09    2.3028454143592114e-16
78    1.2031132071502193e-08    6.0155660357510965e-09    2.1293730667615307e-16
79    1.2031131827773545e-08    6.015565913886772e-09    9.107298248878237e-17
80    1.2031132070634831e-08    6.015566035317416e-09    2.1250362580715887e-16
81    1.2031131917979165e-08    6.015565958989583e-09    1.3617579286417936e-16
82    1.2031131899330888e-08    6.015565949665444e-09    1.2685165418080402e-16
83    1.203113168075573e-08    6.015565840377865e-09    1.7564075194265172e-17
84    1.2031132136120642e-08    6.015566068060321e-09    2.452465314162211e-16
85    1.2031131946168422e-08    6.015565973084211e-09    1.5027042110649091e-16
86    1.2031132200739092e-08    6.015566100369546e-09    2.7755575615628914e-16
87    1.2031131956576763e-08    6.015565978288381e-09    1.5547459153442134e-16
88    1.2031131913642357e-08    6.015565956821178e-09    1.3400738851920835e-16
89    1.2031131868539546e-08    6.015565934269773e-09    1.1145598333150986e-16
90    1.2031131909739229e-08    6.0155659548696144e-09    1.3205582460873444e-16
91    1.2031131802620054e-08    6.015565901310027e-09    7.849623728795052e-17
92    1.20311316655769e-08    6.01556583278845e-09    9.974659986866641e-18
93    1.203113196525038e-08    6.01556598262519e-09    1.5981140022436335e-16
94    1.2031131937061124e-08    6.015565968530562e-09    1.457167719820518e-16
95    1.20311318355798e-08    6.0155659177899e-09    9.497611030973019e-17
96    1.2031132016858403e-08    6.015566008429202e-09    1.8561541192951836e-16
97    1.2031131927953825e-08    6.015565963976913e-09    1.4116312285761268e-16
98    1.2031132162575175e-08    6.015566081287588e-09    2.5847379792054426e-16
99    1.2031131764456138e-08    6.015565882228069e-09    5.941427905220564e-17
100    1.2031132270128031e-08    6.0155661350640155e-09    3.122502256758253e-16
101    1.2031131979128168e-08    6.015565989564084e-09    1.6675029412827058e-16
102    1.2031131932724315e-08    6.0155659663621575e-09    1.4354836763708079e-16
103    1.2031132024664659e-08    6.0155660123323296e-09    1.8951853975046618e-16
104    1.2031132112701876e-08    6.015566056350938e-09    2.3353714795337766e-16
105    1.203113220941271e-08    6.015566104706355e-09    2.8189256484623115e-16
106    1.2031132044180298e-08    6.015566022090149e-09    1.9927635930283571e-16
107    1.203113176098669e-08    6.015565880493345e-09    5.767955557622884e-17
108    1.2031131792211713e-08    6.015565896105857e-09    7.32920668600201e-17
109    1.20311319648167e-08    6.01556598240835e-09    1.5959455978986625e-16
110    1.2031131642591814e-08    6.015565821295907e-09    1.5178830414797062e-18
111    1.2031131867238504e-08    6.015565933619252e-09    1.1080546202801855e-16
112    1.203113219943805e-08    6.015566099719025e-09    2.7690523485279783e-16
113    1.2031132078007406e-08    6.015566039003703e-09    2.1618991319360958e-16
114    1.2031132153901558e-08    6.015566076950779e-09    2.5413698923060224e-16
115    1.2031132143059536e-08    6.015566071529768e-09    2.487159783681747e-16
116    1.2031131983898657e-08    6.015565991949329e-09    1.691355389077387e-16
117    1.2031132087548385e-08    6.0155660437741926e-09    2.209604027525458e-16
118    1.2031132006450063e-08    6.015566003225031e-09    1.8041124150158794e-16
119    1.2031131841651332e-08    6.015565920825666e-09    9.80118763926896e-17
120    1.203113195484204e-08    6.01556597742102e-09    1.5460722979643293e-16
121    1.2031131761854053e-08    6.015565880927026e-09    5.811323644522304e-17
122    1.2031131763155095e-08    6.0155658815775476e-09    5.876375774871434e-17
123    1.203113179091067e-08    6.015565895455335e-09    7.26415455565288e-17
124    1.2031131976092402e-08    6.015565988046201e-09    1.6523241108679088e-16
125    1.203113164562758e-08    6.01556582281379e-09    0.0
126    1.2031131951806273e-08    6.0155659759031366e-09    1.5308934675495323e-16
127    1.2031132235867242e-08    6.015566117933621e-09    2.951198313505543e-16
128    1.203113197045455e-08    6.015565985227275e-09    1.6241348543832856e-16
129    1.2031132127880706e-08    6.015566063940353e-09    2.411265631607762e-16
130    1.2031132023797297e-08    6.015566011898649e-09    1.8908485888147197e-16
131    1.2031131976959764e-08    6.015565988479882e-09    1.6566609195578508e-16
132    1.2031132026833063e-08    6.015566013416532e-09    1.9060274192295168e-16
133    1.2031132005582701e-08    6.0155660027913505e-09    1.7997756063259374e-16
134    1.203113206976747e-08    6.015566034883735e-09    2.1206994493816467e-16
135    1.203113207497164e-08    6.01556603748582e-09    2.1467203015212988e-16
136    1.2031131913208676e-08    6.015565956604338e-09    1.3379054808471125e-16
137    1.2031131717184923e-08    6.0155658585924615e-09    3.5778671692021646e-17
138    1.2031131809125267e-08    6.015565904562634e-09    8.174884380540703e-17
139    1.203113186029961e-08    6.015565930149805e-09    1.0733601507606494e-16
140    1.2031132217652646e-08    6.015566108826323e-09    2.8601253310167607e-16
141    1.2031132004715339e-08    6.0155660023576696e-09    1.7954387976359953e-16
142    1.2031132118339727e-08    6.0155660591698634e-09    2.3635607360183997e-16
143    1.2031131816497842e-08    6.015565908248921e-09    8.543513119185775e-17
144    1.2031132162141495e-08    6.015566081070747e-09    2.5825695748604716e-16
145    1.2031131843819737e-08    6.015565921909868e-09    9.90960785651751e-17
146    1.2031131911907633e-08    6.015565955953817e-09    1.3314002678121994e-16
147    1.2031131967852465e-08    6.015565983926233e-09    1.6111244283134596e-16
148    1.203113205979281e-08    6.015566029896405e-09    2.0708261494473135e-16
149    1.20311319353264e-08    6.0155659676632e-09    1.448494102440634e-16
150    1.2031132132651196e-08    6.015566066325598e-09    2.435118079402443e-16
151    1.2031131867238504e-08    6.015565933619252e-09    1.1080546202801855e-16
152    1.203113207020115e-08    6.015566035100575e-09    2.1228678537266177e-16
153    1.203113199994485e-08    6.015565999972425e-09    1.7715863498413142e-16
154    1.2031131969153508e-08    6.015565984576754e-09    1.6176296413483726e-16
155    1.2031131963949337e-08    6.015565981974669e-09    1.5916087892087205e-16
156    1.2031132090584151e-08    6.015566045292076e-09    2.224782857940255e-16
157    1.2031131946168422e-08    6.015565973084211e-09    1.5027042110649091e-16
158    1.2031131916678123e-08    6.015565958339061e-09    1.3552527156068805e-16
159    1.203113197479136e-08    6.01556598739568e-09    1.6458188978329957e-16
160    1.2031131964383018e-08    6.015565982191509e-09    1.5937771935536915e-16
161    1.2031131978260806e-08    6.015565989130403e-09    1.6631661325927638e-16
162    1.2031131933157996e-08    6.015565966578998e-09    1.437652080715779e-16
163    1.2031131703307135e-08    6.015565851653568e-09    2.883977778811442e-17
164    1.2031131861166972e-08    6.015565930583486e-09    1.0776969594505914e-16
165    1.2031131758818286e-08    6.015565879409143e-09    5.659535340374333e-17
166    1.203113186029961e-08    6.015565930149805e-09    1.0733601507606494e-16
167    1.2031131879815249e-08    6.0155659399076244e-09    1.1709383462843448e-16
168    1.2031132014256318e-08    6.015566007128159e-09    1.8431436932253575e-16
169    1.2031131879381568e-08    6.015565939690784e-09    1.1687699419393738e-16
170    1.2031132194233879e-08    6.0155660971169395e-09    2.743031496388326e-16
171    1.2031131772262393e-08    6.015565886131197e-09    6.331740687315346e-17
172    1.2031132085813662e-08    6.015566042906831e-09    2.200930410145574e-16
173    1.2031132077140044e-08    6.015566038570022e-09    2.1575623232461538e-16
174    1.2031131964383018e-08    6.015565982191509e-09    1.5937771935536915e-16
175    1.2031132190330751e-08    6.0155660951653755e-09    2.723515857283587e-16
176    1.2031131941397932e-08    6.015565970698966e-09    1.478851763270228e-16
177    1.2031131990837551e-08    6.015565995418776e-09    1.726049858596923e-16
178    1.203113209492096e-08    6.01556604746048e-09    2.246466901389965e-16
179    1.2031132261020733e-08    6.015566130510366e-09    3.0769657655138616e-16
180    1.2031132088849428e-08    6.015566044424714e-09    2.216109240560371e-16
181    1.2031131945734741e-08    6.0155659728673705e-09    1.5005358067199381e-16
182    1.2031132045481341e-08    6.0155660227406704e-09    1.9992688060632702e-16
183    1.203113195007155e-08    6.015565975035775e-09    1.5222198501696482e-16
184    1.2031131781803373e-08    6.015565890901686e-09    6.808789643208968e-17
185    1.2031131669480027e-08    6.015565834740014e-09    1.1926223897340549e-17
186    1.2031132383318738e-08    6.015566191659369e-09    3.688455790795686e-16
187    1.2031132380716653e-08    6.015566190358326e-09    3.67544536472586e-16
188    1.2031132138722728e-08    6.015566069361364e-09    2.465475740232037e-16
189    1.2031131885886781e-08    6.0155659429433905e-09    1.201296007113939e-16
190    1.2031132073236916e-08    6.015566036618458e-09    2.1380466841414147e-16
191    1.2031132018593127e-08    6.0155660092965635e-09    1.8648277366750676e-16
192    1.2031131849023907e-08    6.015565924511954e-09    1.0169816377914032e-16
193    1.2031132017292084e-08    6.015566008646042e-09    1.8583225236401546e-16
194    1.203113188501942e-08    6.01556594250971e-09    1.196959198423997e-16
195    1.2031131901065611e-08    6.015565950532806e-09    1.2771901591879242e-16
196    1.2031132202907496e-08    6.015566101453748e-09    2.7863995832877464e-16
197    1.2031131929254868e-08    6.015565964627434e-09    1.4181364416110398e-16
198    1.2031132114002918e-08    6.015566057001459e-09    2.3418766925686896e-16
199    1.2031131903234016e-08    6.015565951617008e-09    1.2880321809127793e-16
200    1.2031132092318875e-08    6.015566046159437e-09    2.233456475320139e-16
201    1.2031132141324813e-08    6.0155660706624065e-09    2.478486166301863e-16
202    1.2031132009052148e-08    6.015566004526074e-09    1.8171228410857054e-16
203    1.2031131782237053e-08    6.015565891118527e-09    6.830473686658678e-17
204    1.2031131822135693e-08    6.015565911067847e-09    8.825405684032006e-17
205    1.203113195484204e-08    6.01556597742102e-09    1.5460722979643293e-16
206    1.2031131837748205e-08    6.015565918874102e-09    9.606031248221569e-17
207    1.203113153590632e-08    6.01556576795316e-09    5.4860629927766524e-17
208    1.2031130770025905e-08    6.0155653850129526e-09    4.378008372496467e-16
209    1.2031129845418292e-08    6.015564922709146e-09    9.001046435974658e-16
210    1.2031128026127047e-08    6.0155640130635235e-09    1.809750266312804e-15
211    1.2031125137378779e-08    6.015562568689389e-09    3.254124400497993e-15
212    1.2031119910223265e-08    6.015559955111632e-09    5.86770215749155e-15
213    1.2031110992877236e-08    6.015555496438618e-09    1.0326375171620938e-14
214    1.2031095311844375e-08    6.015547655922188e-09    1.8166891602167112e-14
215    1.203106849995833e-08    6.015534249979165e-09    3.157283462451588e-14
216    1.2031023360718762e-08    6.015511680359381e-09    5.4142454408712126e-14
217    1.2030947588431012e-08    6.015473794215506e-09    9.20285982836111e-14
218    1.203082302140765e-08    6.015411510703825e-09    1.5431210996508238e-13
219    1.2030617336112465e-08    6.015308668056232e-09    2.571547575574984e-13
220    1.2030283120818136e-08    6.015141560409068e-09    4.242624047218202e-13
221    1.202974500525908e-08    6.01487250262954e-09    6.933201842501679e-13
222    1.2028888548860223e-08    6.014444274430111e-09    1.1215483836785056e-12
223    1.202753828911246e-08    6.01376914455623e-09    1.7966782575595808e-12
224    1.2025434887024539e-08    6.012717443512269e-09    2.8483793015204872e-12
225    1.20221944964298e-08    6.0110972482149e-09    4.4685745988898296e-12
226    1.201726146111276e-08    6.00863073055638e-09    6.935092257409625e-12
227    1.2009841560047668e-08    6.004920780023834e-09    1.0645042789955705e-11
228    1.1998819313564085e-08    5.999409656782043e-09    1.6156166031747188e-11
229    1.198265468446702e-08    5.99132734223351e-09    2.4238480580279775e-11
230    1.1959259948665646e-08    5.979629974332823e-09    3.593584848096687e-11
231    1.1925856517169126e-08    5.962928258584563e-09    5.263756422922705e-11
232    1.1878823788329107e-08    5.9394118941645535e-09    7.615392864923631e-11
233    1.1813544163741252e-08    5.906772081870626e-09    1.0879374094316385e-10
234    1.1724264691904962e-08    5.862132345952481e-09    1.5343347686130882e-10
235    1.1603996417398899e-08    5.801998208699449e-09    2.1356761411434055e-10
236    1.1444482106784393e-08    5.722241053392196e-09    2.9332476942159347e-10
237    1.1236262647314893e-08    5.6181313236574465e-09    3.974344991563433e-10
238    1.0968872911527872e-08    5.484436455763936e-09    5.31129367049854e-10
239    1.0631199849706757e-08    5.315599924853379e-09    6.999658979604112e-10
240    1.0212012236266582e-08    5.106006118133291e-09    9.095597046804987e-10
241    9.700662628210621e-09    4.850331314105311e-09    1.1652345087084792e-09
242    9.087935683074061e-09    4.5439678415370305e-09    1.4715979812767593e-09
243    8.366979290398008e-09    4.183489645199004e-09    1.832076177614786e-09
244    7.534249543694749e-09    3.767124771847374e-09    2.2484410509664154e-09
245    6.590350887843849e-09    3.2951754439219244e-09    2.7203903788918654e-09
246    5.5406629436392796e-09    2.7703314718196398e-09    3.24523435099415e-09
247    4.395633441001828e-09    2.197816720500914e-09    3.817749102312876e-09
248    3.1704304064884836e-09    1.5852152032442418e-09    4.430350619569548e-09
249    1.880311737909035e-09    9.401558689545175e-10    5.075409953859272e-09
250    0.0    2.130257110034145e-10    5.802540111810375e-09
251    0.0    6.273879311034791e-11    5.952827029703442e-09
252    0.0    1.904120697920897e-11    5.996524615834581e-09
253    0.0    5.809201210349446e-12    6.00975662160344e-09
254    0.0    1.7739785335146863e-12    6.013791844280275e-09
255    0.0    5.418848963295586e-13    6.01502393791746e-09
256    0.0    1.6567064560490952e-13    6.015400152168185e-09
257    0.0    5.0569574569503395e-14    6.01551525323922e-09
258    0.0    1.548414174656898e-14    6.015550338672043e-09
259    0.0    4.735578248982186e-15    6.015561087235541e-09
260    0.0    1.4966326788989903e-15    6.015564326181111e-09
261    0.0    3.924811864397526e-16    6.015565430332603e-09
262    0.0    1.448494102440634e-16    6.0155656779643796e-09
263    0.0    7.762887554996212e-17    6.015565745184914e-09
264    0.0    2.2551405187698492e-17    6.015565800262385e-09
265    0.0    2.0079424234431542e-16    6.0155656220195475e-09
266    0.0    2.4069288229178198e-17    6.015565798744502e-09
267    0.0    4.5536491244391186e-17    6.0155657772772986e-09
268    0.0    1.1297386637298956e-16    6.0155657098399234e-09
269    -0.0    -9.475926987523309e-17    6.01556591757306e-09
270    -0.0    -3.144186300207963e-17    6.015565854255653e-09
271    0.0    5.659535340374333e-17    6.0155657662184364e-09
272    -0.0    -1.3227266504323154e-16    6.015565955086455e-09
273    0.0    8.370040771588094e-17    6.015565739113382e-09
274    -0.0    -4.9439619065339e-17    6.015565872253409e-09
275    -0.0    -4.705437428587089e-17    6.015565869868164e-09
276    0.0    1.1340754724198376e-16    6.0155657094062426e-09
277    -0.0    -4.9439619065339e-17    6.015565872253409e-09
278    0.0    2.211772431870429e-17    6.0155658006960655e-09
279    -0.0    -1.5460722979643293e-16    6.01556597742102e-09
280    -0.0    -5.2692225582795515e-17    6.015565875506015e-09
281    0.0    4.141652298894627e-17    6.015565781397267e-09
282    0.0    6.245004513516506e-17    6.015565760363745e-09
283    0.0    6.114900252818245e-17    6.015565761664787e-09
284    0.0    4.5319650809894085e-17    6.015565777494139e-09
285    0.0    7.15573433840433e-18    6.0155658156580555e-09
286    -0.0    -1.691355389077387e-17    6.015565839727344e-09
287    0.0    8.456776945386935e-18    6.015565814357013e-09
288    0.0    6.938893903907228e-17    6.015565753424851e-09
289    -0.0    -7.589415207398531e-17    6.015565898707942e-09
290    -0.0    -6.288372600415926e-18    6.0155658291021624e-09
291    0.0    2.6020852139652106e-17    6.015565796792938e-09
292    0.0    1.7780915628762273e-17    6.015565805032874e-09
293    0.0    4.336808689942018e-18    6.015565818476981e-09
294    -0.0    -1.1882855810441129e-16    6.015565941642348e-09
295    0.0    7.24247051220317e-17    6.015565750389085e-09
296    0.0    1.0430024899310553e-16    6.015565718513541e-09
297    0.0    4.163336342344337e-17    6.015565781180426e-09
298    0.0    6.787105599759258e-17    6.015565754942734e-09
299    0.0    6.938893903907228e-18    6.015565815874896e-09
300    0.0    2.2551405187698492e-17    6.015565800262385e-09
301    -0.0    -9.237402509576498e-17    6.015565915187815e-09
302    0.0    3.946495907847236e-17    6.015565783348831e-09
303    -0.0    -1.5829351718288365e-17    6.0155658386431415e-09
304    0.0    1.2598429244281562e-16    6.015565696829497e-09
305    -0.0    -9.367506770274758e-17    6.0155659164888575e-09
306    0.0    5.5077470362263625e-17    6.0155657677363195e-09
307    0.0    1.0560129160008813e-16    6.015565717212498e-09
308    0.0    4.640385298237959e-17    6.015565776409937e-09
309    -0.0    -1.7780915628762273e-17    6.0155658405947054e-09
310    -0.0    -5.074066167232161e-17    6.0155658735544515e-09
311    0.0    5.0090140368830305e-17    6.0155657727236495e-09
312    -0.0    -5.204170427930421e-18    6.01556582801796e-09
313    -0.0    -9.974659986866641e-18    6.01556583278845e-09
314    0.0    2.688821387764051e-17    6.015565795925576e-09
315    0.0    5.442694905877232e-17    6.015565768386841e-09
316    0.0    2.0383000842727483e-17    6.015565802430789e-09
317    0.0    1.444157293750692e-16    6.0155656783980604e-09
318    -0.0    -7.741203511546502e-17    6.015565900225825e-09
319    0.0    9.584347204771859e-17    6.015565726970318e-09
320    0.0    0.0    6.01556582281379e-09
321    0.0    9.80118763926896e-17    6.0155657248019134e-09
322    0.0    5.4860629927766524e-17    6.01556576795316e-09
323    -0.0    -5.0523821237824507e-17    6.015565873337611e-09
324    0.0    4.206704429243757e-17    6.0155657807467455e-09
325    -0.0    -1.5916087892087205e-16    6.015565981974669e-09
326    -0.0    -5.594483210025203e-17    6.015565878758622e-09
327    0.0    9.974659986866641e-17    6.01556572306719e-09
328    -0.0    -4.336808689942018e-18    6.0155658271505985e-09
329    0.0    1.0625181290357943e-16    6.015565716561977e-09
330    0.0    2.667137344314341e-17    6.015565796142416e-09
331    -0.0    -1.0191500421363742e-17    6.01556583300529e-09
332    0.0    6.548581121812447e-17    6.015565757327979e-09
333    -0.0    -9.562663161322149e-17    6.0155659184404214e-09
334    -0.0    -2.7538735181131813e-17    6.015565850352525e-09
335    0.0    2.4069288229178198e-17    6.015565798744502e-09
336    0.0    1.6479873021779667e-16    6.01556565801506e-09
337    0.0    1.734723475976807e-17    6.015565805466555e-09
338    0.0    1.0798653637955624e-16    6.0155657148272534e-09
339    -0.0    -7.22078646875346e-17    6.0155658950216545e-09
340    -0.0    -1.1275702593849246e-17    6.0155658340894924e-09
341    0.0    3.165870343657673e-17    6.015565791155086e-09
342    -0.0    -1.6132928326584306e-16    6.015565984143073e-09
343    0.0    7.784571598445922e-17    6.015565744968074e-09
344    -0.0    -6.960577947356938e-17    6.015565892419569e-09
345    -0.0    -2.168404344971009e-19    6.01556582303063e-09
346    -0.0    -3.426078865054194e-17    6.0155658570745785e-09
347    -0.0    -5.4860629927766524e-17    6.01556587767442e-09
348    0.0    6.223320470066795e-17    6.015565760580585e-09
349    -0.0    -1.0842021724855044e-16    6.015565931234007e-09
350    -0.0    -7.806255641895632e-18    6.0155658306200455e-09
351    0.0    3.707971429900425e-17    6.0155657857340755e-09
352    0.0    2.0383000842727483e-17    6.015565802430789e-09
353    0.0    3.0357660829594124e-17    6.015565792456129e-09
354    0.0    3.881443777498106e-17    6.015565783999352e-09
355    -0.0    -6.526897078362737e-17    6.015565888082761e-09
356    0.0    1.6263032587282567e-16    6.015565660183464e-09
357    -0.0    -1.0408340855860843e-17    6.015565833222131e-09
358    0.0    6.006480035569695e-17    6.0155657627489895e-09
359    -0.0    -1.3660947373317356e-17    6.015565836474737e-09
360    0.0    1.0646865333807654e-16    6.0155657163451365e-09
361    0.0    4.228388472693467e-17    6.015565780529905e-09
362    -0.0    -4.640385298237959e-17    6.015565869217643e-09
363    0.0    8.023096076392733e-18    6.015565814790694e-09
364    -0.0    -5.5077470362263625e-17    6.01556587789126e-09
365    0.0    2.5153490401663703e-17    6.0155657976602994e-09
366    -0.0    -1.6306400674181987e-16    6.0155659858777966e-09
367    0.0    6.505213034913027e-19    6.0155658221632685e-09
368    0.0    9.324138683375338e-18    6.015565813489651e-09
369    0.0    1.4029576111962427e-16    6.015565682518029e-09
370    0.0    1.0191500421363742e-17    6.015565812622289e-09
371    -0.0    -1.951563910473908e-17    6.015565842329429e-09
372    -0.0    -1.6761765586625899e-16    6.015565990431446e-09
373    0.0    6.288372600415926e-18    6.015565816525417e-09
374    -0.0    -7.15573433840433e-18    6.015565829969524e-09
375    0.0    3.838075690598686e-17    6.015565784433033e-09
376    -0.0    -5.0090140368830305e-17    6.01556587290393e-09
377    -0.0    -3.903127820947816e-17    6.015565861845068e-09
378    -0.0    -5.204170427930421e-17    6.015565874855494e-09
379    -0.0    -4.640385298237959e-17    6.015565869217643e-09
380    0.0    7.827939685345342e-17    6.015565744534393e-09
381    -0.0    -1.6479873021779667e-16    6.01556598761252e-09
382    -0.0    -2.3852447794681098e-18    6.015565825199035e-09
383    0.0    4.83554168928535e-17    6.015565774458373e-09
384    -0.0    -2.47198095326695e-17    6.015565847533599e-09
385    0.0    6.071532165918825e-18    6.015565816742258e-09
386    0.0    8.391724815037804e-17    6.015565738896542e-09
387    -0.0    -6.353424730765056e-17    6.015565886348037e-09
388    -0.0    -5.421010862427522e-17    6.0155658770238984e-09
389    -0.0    -1.0928757898653885e-16    6.015565932101369e-09
390    -0.0    -3.0357660829594124e-17    6.015565853171451e-09
391    -0.0    -1.5178830414797062e-17    6.01556583799262e-09
392    -0.0    -1.235990476633475e-17    6.015565835173695e-09
393    -0.0    -1.1687699419393738e-16    6.015565939690784e-09
394    -0.0    -6.548581121812447e-17    6.015565888299601e-09
395    0.0    4.640385298237959e-17    6.015565776409937e-09
396    -0.0    -1.8214596497756474e-17    6.015565841028386e-09
397    -0.0    -5.594483210025203e-17    6.015565878758622e-09
398    0.0    9.75781955236954e-17    6.015565725235594e-09
399    0.0    7.047314121155779e-17    6.015565752340649e-09
400    0.0    1.929879867024198e-17    6.015565803514991e-09
401    -0.0    -1.0083080204115191e-16    6.015565923644592e-09
402    -0.0    -2.970713952610282e-17    6.015565852520929e-09
403    0.0    1.474514954580286e-17    6.01556580806864e-09
404    -0.0    -1.5612511283791264e-17    6.015565838426301e-09
405    0.0    1.2576745200831851e-17    6.015565810237045e-09
406    -0.0    -3.3393426912553537e-17    6.015565856207217e-09
407    -0.0    -6.310056643865636e-17    6.015565885914356e-09
408    0.0    1.8865117801247777e-17    6.015565803948672e-09
409    0.0    7.22078646875346e-17    6.015565750605925e-09
410    -0.0    -7.719519468096792e-17    6.0155659000089845e-09
411    0.0    8.413408858487514e-17    6.015565738679701e-09
412    -0.0    -6.938893903907228e-17    6.015565892202729e-09
413    0.0    9.540979117872439e-17    6.015565727403999e-09
414    0.0    4.7271214720367993e-17    6.015565775542575e-09
415    -0.0    -6.093216209368535e-17    6.015565883745952e-09
416    0.0    8.023096076392733e-17    6.015565742582829e-09
417    -0.0    -4.119968255444917e-18    6.015565826933758e-09
418    -0.0    -3.0140820395097023e-17    6.01556585295461e-09
419    -0.0    -1.5178830414797062e-18    6.015565824331673e-09
420    0.0    5.789639601072594e-17    6.015565764917394e-09
421    -0.0    -8.066464163292153e-17    6.0155659034784315e-09
422    -0.0    -4.0115480381963664e-17    6.01556586292927e-09
423    -0.0    -7.155734338404329e-17    6.015565894371133e-09
424    -0.0    -4.466912950640278e-17    6.015565867482919e-09
425    0.0    7.155734338404329e-17    6.0155657512564464e-09
426    0.0    9.77950359581925e-17    6.015565725018754e-09
427    -0.0    -2.7538735181131813e-17    6.015565850352525e-09
428    -0.0    -1.0473392986209973e-16    6.01556592754772e-09
429    -0.0    -4.7704895589362195e-18    6.015565827584279e-09
430    -0.0    -1.1926223897340549e-17    6.015565834740014e-09
431    0.0    8.673617379884035e-18    6.0155658141401724e-09
432    0.0    3.7730235602495554e-17    6.015565785083554e-09
433    0.0    2.3201926491189795e-17    6.015565799611863e-09
434    -0.0    -3.144186300207963e-17    6.015565854255653e-09
435    0.0    7.892991815694472e-17    6.015565743883872e-09
436    0.0    7.112366251504909e-17    6.015565751690127e-09
437    0.0    5.724587470723463e-17    6.015565765567915e-09
438    -0.0    -2.7538735181131813e-17    6.015565850352525e-09
439    -0.0    -2.7538735181131813e-17    6.015565850352525e-09
440    0.0    3.2742905609062234e-17    6.015565790070884e-09
441    0.0    1.470178145890344e-16    6.015565675795975e-09
442    0.0    6.093216209368535e-17    6.015565761881628e-09
443    0.0    7.914675859144182e-17    6.015565743667031e-09
444    -0.0    -2.4069288229178198e-17    6.015565846883078e-09
445    -0.0    -5.594483210025203e-17    6.015565878758622e-09
446    -0.0    -1.7997756063259374e-17    6.015565840811546e-09
447    -0.0    -6.526897078362737e-17    6.015565888082761e-09
448    -0.0    -3.0140820395097023e-17    6.01556585295461e-09
449    0.0    6.310056643865636e-17    6.015565759713223e-09
450    0.0    8.673617379884035e-17    6.015565736077616e-09
451    0.0    2.168404344971009e-18    6.0155658206453855e-09
452    -0.0    -1.3010426069826053e-17    6.015565835824216e-09
453    -0.0    -2.168404344971009e-19    6.01556582303063e-09
454    -0.0    -8.803721640582296e-17    6.015565910851006e-09
455    -0.0    -3.686287386450715e-17    6.015565859676664e-09
456    -0.0    -6.505213034913027e-19    6.015565823464311e-09
457    0.0    1.700029006457271e-16    6.015565652810889e-09
458    0.0    9.345822726825048e-17    6.0155657293555626e-09
459    0.0    3.0791341698588326e-17    6.015565792022448e-09
460    0.0    7.654467337747661e-17    6.0155657462691164e-09
461    0.0    8.673617379884035e-19    6.015565821946428e-09
462    -0.0    -1.214306433183765e-17    6.015565834956854e-09
463    0.0    1.8214596497756474e-17    6.015565804599193e-09
464    -0.0    -2.970713952610282e-17    6.015565852520929e-09
465    0.0    2.7755575615628914e-17    6.015565795058214e-09
466    0.0    3.642919299551295e-17    6.015565786384597e-09
467    0.0    6.938893903907228e-18    6.015565815874896e-09
468    -0.0    -4.618701254788249e-17    6.015565869000802e-09
469    0.0    4.423544863740858e-17    6.015565778578341e-09
470    0.0    2.3418766925686896e-17    6.015565799395023e-09
471    0.0    5.854691731421724e-18    6.015565816959098e-09
472    -0.0    -7.43762690325056e-17    6.015565897190059e-09
473    -0.0    -4.7488055154865094e-17    6.015565870301845e-09
474    -0.0    -1.6696713456276768e-17    6.015565839510503e-09
475    0.0    9.8879238130678e-17    6.015565723934552e-09
476    0.0    2.949029909160572e-17    6.015565793323491e-09
477    -0.0    -1.0625181290357943e-17    6.015565833438971e-09
478    -0.0    -3.3176586478056436e-17    6.015565855990376e-09
479    -0.0    -1.9081958235744878e-17    6.015565841895748e-09
480    -0.0    -4.185020385794047e-17    6.015565864663994e-09
481    0.0    3.426078865054194e-17    6.015565788553001e-09
482    0.0    8.673617379884035e-17    6.015565736077616e-09
483    -0.0    -4.228388472693467e-17    6.0155658650976745e-09
484    -0.0    -3.2526065174565133e-18    6.015565826066396e-09
485    0.0    3.144186300207963e-17    6.015565791371927e-09
486    0.0    1.242495689668388e-16    6.015565698564221e-09
487    0.0    3.5973828083069037e-16    6.015565463075509e-09
488    0.0    1.3548190347378863e-15    6.015564467994755e-09
489    0.0    4.676163969929981e-15    6.01556114664982e-09
490    0.0    1.5347098591966812e-14    6.015550475715198e-09
491    0.0    5.0566538803420435e-14    6.015515256274986e-09
492    0.0    1.655002090233948e-13    6.0154003226047664e-09
493    0.0    5.420106637815669e-13    6.015023812150008e-09
494    0.0    1.7739711609399134e-12    6.01379185165285e-09
495    0.0    5.809258673064588e-12    6.009756564140725e-09
496    0.0    1.9041386739929167e-11    5.996524436073861e-09
497    0.0    6.273885794563783e-11    5.952826964868152e-09
498    0.0    2.130258166047061e-10    5.802540006209084e-09
499    1.8803123255466125e-09    9.401561627733063e-10    5.0754096600404836e-09
