0    6.79580762757287e-09    3.397903813786435e-09    1.9984050633921335e-09
1    8.697309673670606e-09    4.348654836835303e-09    1.0476540403432655e-09
2    9.800651304403551e-09    4.900325652201776e-09    4.959832249767926e-10
3    1.0363779443575e-08    5.1818897217875e-09    2.1441915539106848e-10
4    1.0621544106921565e-08    5.310772053460783e-09    8.553682371778559e-11
5    1.0729054928781262e-08    5.364527464390631e-09    3.1781412787937335e-11
6    1.0770443585605971e-08    5.3852217928029855e-09    1.1087084375582812e-11
7    1.0785305090861563e-08    5.392652545430782e-09    3.6563317477866786e-12
8    1.0790324356680508e-08    5.395162178340254e-09    1.1466988383140864e-12
9    1.0791930148135176e-08    5.395965074067588e-09    3.438031109803674e-13
10    1.0792419925190894e-08    5.396209962595447e-09    9.891458312150103e-14
11    1.0792563397230698e-08    5.396281698615349e-09    2.7178563219432128e-14
12    1.0792603416000246e-08    5.396301708000123e-09    7.16917844534315e-15
13    1.0792613964420023e-08    5.396306982210011e-09    1.8949685570701646e-15
14    1.0792616857071419e-08    5.396308428535709e-09    4.486428589745017e-16
15    1.0792617497184381e-08    5.396308748592191e-09    1.2858637765678083e-16
16    1.0792617715325858e-08    5.396308857662929e-09    1.951563910473908e-17
17    1.079261786581312e-08    5.39630893290656e-09    5.572799166575493e-17
18    1.0792617961656592e-08    5.396308980828296e-09    1.0364972768961422e-16
19    1.0792617802495713e-08    5.3963089012478566e-09    2.4069288229178198e-17
20    1.079261773093837e-08    5.396308865469185e-09    1.1709383462843448e-17
21    1.0792618089158768e-08    5.396309044579384e-09    1.6740081543176188e-16
22    1.0792617848899566e-08    5.396308924449783e-09    4.7271214720367993e-17
23    1.079261769147341e-08    5.396308845736705e-09    3.144186300207963e-17
24    1.0792617819409267e-08    5.3963089097046335e-09    3.252606517456513e-17
25    1.0792617864512077e-08    5.396308932256039e-09    5.5077470362263625e-17
26    1.0792617769102286e-08    5.396308884551143e-09    7.37257477290143e-18
27    1.0792617766933882e-08    5.396308883466941e-09    6.288372600415926e-18
28    1.0792617743081434e-08    5.396308871540717e-09    5.637851296924623e-18
29    1.079261769147341e-08    5.396308845736705e-09    3.144186300207963e-17
30    1.0792617920023229e-08    5.396308960011614e-09    8.283304597789254e-17
31    1.0792617938237825e-08    5.3963089691189126e-09    9.194034422677078e-17
32    1.0792617752622413e-08    5.396308876311207e-09    8.673617379884035e-19
33    1.079261778124535e-08    5.396308890622675e-09    1.3444106938820255e-17
34    1.0792617697111262e-08    5.396308848555631e-09    2.862293735361732e-17
35    1.0792617904844398e-08    5.396308952422199e-09    7.524363077049401e-17
36    1.0792617763898116e-08    5.396308881949058e-09    4.7704895589362195e-18
37    1.0792617867114163e-08    5.396308933557081e-09    5.637851296924623e-17
38    1.0792617881425631e-08    5.396308940712816e-09    6.353424730765056e-17
39    1.0792617886629802e-08    5.396308943314901e-09    6.613633252161577e-17
40    1.0792617688003964e-08    5.396308844001982e-09    3.3176586478056436e-17
41    1.0792617841526991e-08    5.396308920763496e-09    4.358492733391728e-17
42    1.0792617741780391e-08    5.396308870890196e-09    6.288372600415926e-18
43    1.0792617719662667e-08    5.3963088598313336e-09    1.734723475976807e-17
44    1.0792617903543356e-08    5.396308951771678e-09    7.45931094670027e-17
45    1.0792617782980074e-08    5.396308891490037e-09    1.431146867680866e-17
46    1.0792617804664117e-08    5.396308902332059e-09    2.5153490401663703e-17
47    1.0792617956886102e-08    5.396308978443051e-09    1.0126448291014611e-16
48    1.079261791568642e-08    5.39630895784321e-09    8.066464163292153e-17
49    1.0792617877522503e-08    5.396308938761252e-09    6.158268339717665e-17
50    1.0792617769535967e-08    5.3963088847679835e-09    7.589415207398531e-18
51    1.0792617682366112e-08    5.396308841183056e-09    3.599551212651875e-17
52    1.0792617904844398e-08    5.396308952422199e-09    7.524363077049401e-17
53    1.0792618067474724e-08    5.396309033737362e-09    1.5655879370690684e-16
54    1.0792618176762303e-08    5.3963090883811515e-09    2.1120258320017626e-16
55    1.0792617813771416e-08    5.396308906885708e-09    2.970713952610282e-17
56    1.0792617753923456e-08    5.396308876961728e-09    2.168404344971009e-19
57    1.079261769103973e-08    5.396308845519865e-09    3.165870343657673e-17
58    1.0792617858006864e-08    5.396308929003432e-09    5.182486384480711e-17
59    1.079261811517962e-08    5.39630905758981e-09    1.8041124150158794e-16
60    1.0792617947345123e-08    5.396308973672562e-09    9.64939933512099e-17
61    1.0792617822878714e-08    5.396308911439357e-09    3.426078865054194e-17
62    1.0792618064005277e-08    5.3963090320026386e-09    1.5482407023093003e-16
63    1.0792617756959222e-08    5.396308878479611e-09    1.3010426069826053e-18
64    1.0792618013264615e-08    5.396309006632308e-09    1.2945373939476923e-16
65    1.079261778081167e-08    5.396308890405835e-09    1.3227266504323154e-17
66    1.079261770144807e-08    5.396308850724035e-09    2.6454533008646308e-17
67    1.0792617887930844e-08    5.396308943965422e-09    6.678685382510707e-17
68    1.0792617921324271e-08    5.396308960662136e-09    8.348356728138384e-17
69    1.0792617761729711e-08    5.396308880864856e-09    3.686287386450715e-18
70    1.079261773093837e-08    5.396308865469185e-09    1.1709383462843448e-17
71    1.0792617891833972e-08    5.396308945916986e-09    6.873841773558098e-17
72    1.0792617765199158e-08    5.396308882599579e-09    5.421010862427522e-18
73    1.0792617714024816e-08    5.396308857012408e-09    2.0166160408230382e-17
74    1.0792617691907092e-08    5.396308845953546e-09    3.122502256758253e-17
75    1.0792617744382477e-08    5.396308872191238e-09    4.9873299934333204e-18
76    1.0792617895303419e-08    5.3963089476517095e-09    7.047314121155779e-17
77    1.0792617619916067e-08    5.396308809958034e-09    6.722053469410127e-17
78    1.079261781116933e-08    5.396308905584665e-09    2.8406096919120216e-17
79    1.0792617882726674e-08    5.396308941363337e-09    6.418476861114186e-17
80    1.079261786581312e-08    5.39630893290656e-09    5.572799166575493e-17
81    1.0792617837190183e-08    5.396308918595091e-09    4.141652298894627e-17
82    1.0792618031479212e-08    5.396309015739606e-09    1.3856103764364747e-16
83    1.0792617727468923e-08    5.396308863734461e-09    1.3444106938820255e-17
84    1.0792617884027716e-08    5.396308942013858e-09    6.483528991463317e-17
85    1.079261771619322e-08    5.39630885809661e-09    1.9081958235744878e-17
86    1.0792617770403329e-08    5.396308885201664e-09    8.023096076392733e-18
87    1.079261784109331e-08    5.396308920546655e-09    4.336808689942018e-17
88    1.0792617956886102e-08    5.396308978443051e-09    1.0126448291014611e-16
89    1.0792617718795305e-08    5.396308859397653e-09    1.7780915628762273e-17
90    1.0792617836322821e-08    5.3963089181614105e-09    4.098284211995207e-17
91    1.0792617836322821e-08    5.3963089181614105e-09    4.098284211995207e-17
92    1.0792618003289955e-08    5.396309001644978e-09    1.244664094013359e-16
93    1.0792617887063483e-08    5.396308943531741e-09    6.635317295611287e-17
94    1.0792617644202196e-08    5.396308822101098e-09    5.5077470362263625e-17
95    1.0792617730504689e-08    5.3963088652523444e-09    1.1926223897340549e-17
96    1.0792617955151379e-08    5.3963089775756895e-09    1.0039712117215771e-16
97    1.079261791048225e-08    5.396308955241125e-09    7.806255641895632e-17
98    1.0792617867114163e-08    5.396308933557081e-09    5.637851296924623e-17
99    1.0792618038418106e-08    5.396309019209053e-09    1.4203048459560108e-16
100    1.0792617818541905e-08    5.396308909270953e-09    3.209238430557093e-17
101    1.0792617843261715e-08    5.396308921630857e-09    4.445228907190568e-17
102    1.0792617829817608e-08    5.396308914908804e-09    3.7730235602495554e-17
103    1.0792617883160355e-08    5.396308941580177e-09    6.440160904563896e-17
104    1.0792617782112712e-08    5.396308891056356e-09    1.3877787807814457e-17
105    1.0792617983774316e-08    5.396308991887158e-09    1.1470858984896637e-16
106    1.0792617890099249e-08    5.396308945049624e-09    6.787105599759258e-17
107    1.0792617615579259e-08    5.396308807789629e-09    6.938893903907228e-17
108    1.07926177756075e-08    5.39630888780375e-09    1.0625181290357943e-17
109    1.0792617789918968e-08    5.396308894959484e-09    1.7780915628762273e-17
110    1.0792617891400291e-08    5.396308945700146e-09    6.852157730108388e-17
111    1.0792617858006864e-08    5.396308929003432e-09    5.182486384480711e-17
112    1.0792618024973999e-08    5.3963090124869995e-09    1.3530843112619095e-16
113    1.0792617738744625e-08    5.396308869372313e-09    7.806255641895632e-18
114    1.0792617671957772e-08    5.396308835978886e-09    4.119968255444917e-17
115    1.0792617678029304e-08    5.396308839014652e-09    3.8163916471489756e-17
116    1.07926176758609e-08    5.39630883793045e-09    3.924811864397526e-17
117    1.0792617921757952e-08    5.396308960878976e-09    8.370040771588094e-17
118    1.0792617832419693e-08    5.3963089162098465e-09    3.903127820947816e-17
119    1.0792618185869601e-08    5.396309092934801e-09    2.1575623232461538e-16
120    1.0792617694075496e-08    5.396308847037748e-09    3.0140820395097023e-17
121    1.0792617942574634e-08    5.396308971287317e-09    9.410874857174178e-17
122    1.0792617817674544e-08    5.396308908837272e-09    3.165870343657673e-17
123    1.0792617826781842e-08    5.396308913390921e-09    3.621235256101585e-17
124    1.0792617922191633e-08    5.3963089610958165e-09    8.391724815037804e-17
125    1.0792617754357137e-08    5.396308877178568e-09    0.0
126    1.0792617844562757e-08    5.396308922281379e-09    4.5102810375396984e-17
127    1.0792617907012803e-08    5.396308953506401e-09    7.632783294297951e-17
128    1.079261755139449e-08    5.396308775697245e-09    1.0148132334464322e-16
129    1.0792617953416656e-08    5.396308976708328e-09    9.952975943416931e-17
130    1.0792617658947345e-08    5.396308829473673e-09    4.7704895589362195e-17
131    1.0792617520169467e-08    5.396308760084734e-09    1.1709383462843448e-16
132    1.0792617610375088e-08    5.396308805187544e-09    7.19910242530375e-17
133    1.0792617843261715e-08    5.396308921630857e-09    4.445228907190568e-17
134    1.0792618059234788e-08    5.396309029617394e-09    1.5243882545146192e-16
135    1.079261773093837e-08    5.396308865469185e-09    1.1709383462843448e-17
136    1.079261765591158e-08    5.39630882795579e-09    4.92227786308419e-17
137    1.0792617822878714e-08    5.396308911439357e-09    3.426078865054194e-17
138    1.0792618072245214e-08    5.396309036122607e-09    1.5894403848637495e-16
139    1.0792617715325858e-08    5.396308857662929e-09    1.951563910473908e-17
140    1.0792617836322821e-08    5.3963089181614105e-09    4.098284211995207e-17
141    1.0792617802062032e-08    5.396308901031016e-09    2.3852447794681098e-17
142    1.0792617888364525e-08    5.396308944182263e-09    6.700369425960417e-17
143    1.0792617828082884e-08    5.396308914041442e-09    3.686287386450715e-17
144    1.0792617927395803e-08    5.396308963697902e-09    8.651933336434325e-17
145    1.0792617773439095e-08    5.3963088867195474e-09    9.540979117872439e-18
146    1.0792617792087372e-08    5.396308896043686e-09    1.8865117801247777e-17
147    1.0792617879257227e-08    5.3963089396286135e-09    6.245004513516506e-17
148    1.0792617767367563e-08    5.396308883683781e-09    6.5052130349130266e-18
149    1.0792617830251289e-08    5.396308915125644e-09    3.7947076036992655e-17
150    1.079261795038089e-08    5.396308975190445e-09    9.80118763926896e-17
151    1.079261778558216e-08    5.39630889279108e-09    1.5612511283791264e-17
152    1.0792617784714797e-08    5.396308892357399e-09    1.5178830414797062e-17
153    1.0792617832853374e-08    5.396308916426687e-09    3.924811864397526e-17
154    1.0792617870149929e-08    5.396308935074964e-09    5.789639601072594e-17
155    1.0792617897471823e-08    5.396308948735912e-09    7.155734338404329e-17
156    1.0792617704917518e-08    5.396308852458759e-09    2.47198095326695e-17
157    1.0792617748719285e-08    5.396308874359643e-09    2.8189256484623115e-18
158    1.079261793086525e-08    5.396308965432625e-09    8.825405684032006e-17
159    1.0792618017601424e-08    5.396309008800712e-09    1.3162214373974024e-16
160    1.0792617708386965e-08    5.396308854193482e-09    2.2985086056692694e-17
161    1.0792617887497163e-08    5.396308943748582e-09    6.657001339060997e-17
162    1.0792617852802694e-08    5.396308926401347e-09    4.92227786308419e-17
163    1.0792617977269103e-08    5.396308988634552e-09    1.1145598333150986e-16
164    1.0792617936503102e-08    5.396308968251551e-09    9.107298248878237e-17
165    1.0792617991580572e-08    5.396308995790286e-09    1.1861171766991419e-16
166    1.0792617694942858e-08    5.396308847471429e-09    2.970713952610282e-17
167    1.0792617632059132e-08    5.396308816029566e-09    6.114900252818245e-17
168    1.0792617560935469e-08    5.3963087804677345e-09    9.6710833785707e-17
169    1.0792617878389865e-08    5.396308939194933e-09    6.201636426617085e-17
170    1.0792617640299068e-08    5.396308820149534e-09    5.702903427273753e-17
171    1.0792617870149929e-08    5.396308935074964e-09    5.789639601072594e-17
172    1.0792617662416792e-08    5.396308831208396e-09    4.597017211338539e-17
173    1.0792617678029304e-08    5.396308839014652e-09    3.8163916471489756e-17
174    1.0792617700147028e-08    5.396308850073514e-09    2.710505431213761e-17
175    1.0792617944743038e-08    5.396308972371519e-09    9.519295074422729e-17
176    1.0792618132093174e-08    5.396309066046587e-09    1.8886801844697487e-16
177    1.079261808048515e-08    5.396309040242575e-09    1.6306400674181987e-16
178    1.0792617826781842e-08    5.396308913390921e-09    3.621235256101585e-17
179    1.0792618091327172e-08    5.396309045663586e-09    1.684850176042474e-16
180    1.079261791048225e-08    5.396308955241125e-09    7.806255641895632e-17
181    1.0792617673692495e-08    5.3963088368462475e-09    4.0332320816460765e-17
182    1.0792617609507726e-08    5.396308804753863e-09    7.24247051220317e-17
183    1.0792617887063483e-08    5.396308943531741e-09    6.635317295611287e-17
184    1.0792617822878714e-08    5.396308911439357e-09    3.426078865054194e-17
185    1.079261765114109e-08    5.396308825570545e-09    5.160802341031001e-17
186    1.0792617559200746e-08    5.396308779600373e-09    9.75781955236954e-17
187    1.0792617847164843e-08    5.396308923582421e-09    4.640385298237959e-17
188    1.0792617948646166e-08    5.396308974323083e-09    9.71445146547012e-17
189    1.0792617717494263e-08    5.396308858747131e-09    1.8431436932253575e-17
190    1.0792617772138052e-08    5.396308886069026e-09    8.890457814381136e-18
191    1.0792617742214072e-08    5.396308871107036e-09    6.071532165918825e-18
192    1.0792617617747663e-08    5.3963088088738315e-09    6.830473686658678e-17
193    1.0792617793388415e-08    5.3963088966942074e-09    1.951563910473908e-17
194    1.0792617874053057e-08    5.396308937026528e-09    5.984795992119984e-17
195    1.0792617863211035e-08    5.396308931605517e-09    5.442694905877232e-17
196    1.0792617876655142e-08    5.396308938327571e-09    6.114900252818245e-17
197    1.0792617767367563e-08    5.396308883683781e-09    6.5052130349130266e-18
198    1.0792617837623864e-08    5.396308918811932e-09    4.163336342344337e-17
199    1.0792617592160492e-08    5.396308796080246e-09    8.109832250191573e-17
200    1.079261794604408e-08    5.39630897302204e-09    9.584347204771859e-17
201    1.0792617897471823e-08    5.396308948735912e-09    7.155734338404329e-17
202    1.079261798594272e-08    5.39630899297136e-09    1.1579279202145187e-16
203    1.0792617753489775e-08    5.3963088767448875e-09    4.336808689942018e-19
204    1.0792617734407817e-08    5.396308867203908e-09    9.974659986866641e-18
205    1.07926178458638e-08    5.3963089229319e-09    4.575333167888829e-17
206    1.0792617834588097e-08    5.396308917294049e-09    4.0115480381963664e-17
207    1.0792617782980074e-08    5.396308891490037e-09    1.431146867680866e-17
208    1.0792617769535967e-08    5.3963088847679835e-09    7.589415207398531e-18
209    1.0792617838924906e-08    5.396308919462453e-09    4.228388472693467e-17
210    1.0792617752622413e-08    5.396308876311207e-09    8.673617379884035e-19
211    1.0792617711856411e-08    5.396308855928206e-09    2.1250362580715887e-17
212    1.0792617799459947e-08    5.3963088997299735e-09    2.2551405187698492e-17
213    1.0792617931732612e-08    5.396308965866306e-09    8.868773770931426e-17
214    1.0792617841960672e-08    5.396308920980336e-09    4.380176776841438e-17
215    1.0792617844996438e-08    5.396308922498219e-09    4.5319650809894085e-17
216    1.079261799027953e-08    5.396308995139765e-09    1.1796119636642288e-16
217    1.079261792089059e-08    5.396308960445295e-09    8.326672684688674e-17
218    1.0792617779944308e-08    5.396308889972154e-09    1.2793585635328952e-17
219    1.0792617805097798e-08    5.396308902548899e-09    2.5370330836160804e-17
220    1.0792617764765478e-08    5.396308882382739e-09    5.204170427930421e-18
221    1.0792618093495576e-08    5.396309046747788e-09    1.695692197767329e-16
222    1.079261788055827e-08    5.396308940279135e-09    6.310056643865636e-17
223    1.0792617711856411e-08    5.396308855928206e-09    2.1250362580715887e-17
224    1.0792617874920418e-08    5.396308937460209e-09    6.028164079019405e-17
225    1.0792617489811807e-08    5.396308744905903e-09    1.3227266504323154e-16
226    1.0792617797291543e-08    5.396308898645771e-09    2.1467203015212988e-17
227    1.0792618057933745e-08    5.3963090289668725e-09    1.5178830414797062e-16
228    1.0792617915252739e-08    5.3963089576263695e-09    8.044780119842443e-17
229    1.0792617844129077e-08    5.396308922064538e-09    4.4885969940899884e-17
230    1.079261793563574e-08    5.39630896781787e-09    9.063930161978817e-17
231    1.0792617796857862e-08    5.396308898428931e-09    2.1250362580715887e-17
232    1.079261774568352e-08    5.39630887284176e-09    4.336808689942018e-18
233    1.0792617612977173e-08    5.396308806488587e-09    7.068998164605489e-17
234    1.079261682281063e-08    5.396308411405315e-09    4.657732532997727e-16
235    1.079261404334994e-08    5.39630702167497e-09    1.8555035979916923e-15
236    1.0792603062116657e-08    5.3963015310583284e-09    7.346120239892784e-15
237    1.0792563091052004e-08    5.396281545526002e-09    2.733165256618708e-14
238    1.0792420041851047e-08    5.396210020925524e-09    9.885625304462131e-14
239    1.0791930251784904e-08    5.395965125892452e-09    3.437512861165226e-13
240    1.079032405787439e-08    5.395162028937195e-09    1.1468482413734549e-12
241    1.0785304633328247e-08    5.392652316664123e-09    3.656560514445073e-12
242    1.0770443822395726e-08    5.385221911197863e-09    1.1086965980705576e-11
243    1.0729055061487608e-08    5.364527530743804e-09    3.178134643476438e-11
244    1.0621543913066217e-08    5.3107719565331085e-09    8.553692064545981e-11
245    1.0363779331251655e-08    5.181889665625827e-09    2.1441921155274102e-10
246    9.80065146833492e-09    4.90032573416746e-09    4.959831430111084e-10
247    8.697309093839284e-09    4.348654546919642e-09    1.0476543302589264e-09
248    6.795807726885789e-09    3.3979038634428943e-09    1.998405013735674e-09
249    3.977752171917259e-09    1.9888760859586296e-09    3.4074327912199387e-09
250    0.0    1.9107683382584006e-10    5.205232043352728e-09
251    0.0    2.2849624319379314e-11    5.373459252859189e-09
252    0.0    2.7814721012542343e-12    5.393527405077314e-09
253    0.0    3.391883128534001e-13    5.395969688865715e-09
254    0.0    4.1500657077531145e-14    5.396267376521491e-09
255    0.0    4.953936566520767e-15    5.396303923242002e-09
256    0.0    6.16911036144252e-16    5.396308260267532e-09
257    0.0    4.401860820291148e-17    5.39630883315996e-09
258    0.0    8.109832250191573e-17    5.396308796080246e-09
259    0.0    9.410874857174178e-17    5.39630878306982e-09
260    0.0    4.9873299934333204e-18    5.396308872191238e-09
261    0.0    3.230922474006803e-17    5.396308844869344e-09
262    -0.0    -7.502679033599691e-17    5.396308952205359e-09
263    -0.0    -1.205632815803881e-16    5.39630899774185e-09
264    0.0    7.567731163948821e-17    5.396308801501257e-09
265    -0.0    -7.827939685345342e-17    5.396308955457965e-09
266    0.0    1.9949319973733282e-17    5.396308857229248e-09
267    -0.0    -3.7730235602495554e-17    5.396308914908804e-09
268    -0.0    -1.3574211199518516e-16    5.39630901292068e-09
269    -0.0    -4.401860820291148e-17    5.3963089211971765e-09
270    -0.0    -4.119968255444917e-18    5.3963088812985366e-09
271    0.0    6.331740687315346e-17    5.3963088138611615e-09
272    -0.0    -2.0534789146875454e-16    5.39630908252646e-09
273    -0.0    -1.713039432527097e-16    5.3963090484825116e-09
274    -0.0    -9.952975943416931e-17    5.396308976708328e-09
275    0.0    5.2258544713801314e-17    5.396308824920024e-09
276    -0.0    -5.0306980803327406e-17    5.396308927485549e-09
277    0.0    4.85722573273506e-17    5.396308828606311e-09
278    0.0    9.497611030973019e-17    5.396308782202458e-09
279    -0.0    -2.168404344971009e-17    5.396308898862612e-09
280    -0.0    -1.5200514458246772e-16    5.396309029183713e-09
281    -0.0    -2.0166160408230382e-17    5.396308897344729e-09
282    0.0    2.0274580625478933e-16    5.396308674432762e-09
283    -0.0    -5.746271514173174e-17    5.3963089346412835e-09
284    -0.0    -1.5504091066542713e-16    5.396309032219479e-09
285    0.0    4.83554168928535e-17    5.3963088288231514e-09
286    0.0    8.673617379884035e-19    5.396308876311207e-09
287    0.0    4.206704429243757e-17    5.396308835111524e-09
288    -0.0    -2.5804011705155006e-17    5.39630890298258e-09
289    0.0    7.025630077706069e-17    5.3963088069222676e-09
290    -0.0    -1.1579279202145187e-16    5.39630899297136e-09
291    0.0    2.0599841277224584e-17    5.396308856578727e-09
292    0.0    7.632783294297951e-17    5.396308800850735e-09
293    -0.0    -3.0357660829594124e-18    5.3963088802143344e-09
294    -0.0    -2.7972416050126014e-17    5.396308905150984e-09
295    -0.0    -7.3075226425523e-17    5.396308950253795e-09
296    -0.0    -3.664603343001005e-17    5.396308913824602e-09
297    -0.0    -2.5587171270657905e-17    5.39630890276574e-09
298    0.0    2.5804011705155006e-17    5.396308851374557e-09
299    0.0    1.7715863498413142e-16    5.396308700019933e-09
300    -0.0    -5.854691731421724e-17    5.396308935725486e-09
301    0.0    7.32920668600201e-17    5.3963088038865015e-09
302    -0.0    -9.75781955236954e-18    5.396308886936388e-09
303    0.0    7.719519468096792e-17    5.396308799983374e-09
304    0.0    9.8879238130678e-17    5.39630877829933e-09
305    -0.0    -4.96564594998361e-17    5.396308926835028e-09
306    -0.0    -6.722053469410127e-17    5.396308944399103e-09
307    -0.0    -7.611099250848241e-17    5.396308953289561e-09
308    0.0    3.686287386450715e-17    5.3963088403156945e-09
309    0.0    6.028164079019405e-17    5.3963088168969275e-09
310    0.0    2.233456475320139e-17    5.3963088548440036e-09
311    -0.0    -2.1250362580715887e-17    5.396308898428931e-09
312    -0.0    -7.025630077706069e-17    5.396308947434869e-09
313    -0.0    -1.0408340855860843e-17    5.396308887586909e-09
314    0.0    1.240327285323417e-16    5.39630875314584e-09
315    0.0    8.370040771588094e-17    5.396308793478161e-09
316    -0.0    -9.562663161322149e-17    5.3963089728052e-09
317    -0.0    -9.367506770274758e-17    5.396308970853636e-09
318    0.0    1.0126448291014611e-16    5.3963087759140854e-09
319    0.0    6.873841773558098e-17    5.396308808440151e-09
320    0.0    3.686287386450715e-18    5.396308873492281e-09
321    0.0    9.75781955236954e-18    5.396308867420749e-09
322    -0.0    -1.2598429244281562e-16    5.396309003162861e-09
323    0.0    7.025630077706069e-17    5.3963088069222676e-09
324    -0.0    -1.487525380650112e-16    5.396309025931106e-09
325    -0.0    -2.6020852139652106e-18    5.3963088797806535e-09
326    0.0    7.741203511546502e-17    5.396308799766533e-09
327    0.0    1.1579279202145187e-16    5.396308761385776e-09
328    0.0    7.676151381197371e-17    5.3963088004170545e-09
329    -0.0    -5.095750210681871e-17    5.3963089281360704e-09
330    0.0    2.168404344971009e-19    5.396308876961728e-09
331    0.0    5.0090140368830305e-17    5.396308827088428e-09
332    0.0    1.3942839938163587e-16    5.396308737750169e-09
333    0.0    1.0191500421363742e-17    5.396308866987068e-09
334    0.0    1.3986208025063007e-16    5.396308737316488e-09
335    0.0    8.239936510889834e-17    5.396308794779203e-09
336    0.0    7.26415455565288e-17    5.396308804537023e-09
337    -0.0    -1.0603497246908233e-16    5.396308983213541e-09
338    -0.0    -2.1467203015212988e-17    5.396308898645771e-09
339    -0.0    -3.2526065174565133e-18    5.396308880431175e-09
340    0.0    8.543513119185775e-17    5.396308791743437e-09
341    0.0    1.6479873021779667e-17    5.396308860698695e-09
342    0.0    2.5370330836160804e-17    5.3963088518082375e-09
343    0.0    9.324138683375338e-18    5.39630886785443e-09
344    0.0    2.5804011705155006e-17    5.396308851374557e-09
345    -0.0    -1.1731067506293158e-16    5.396308994489243e-09
346    0.0    3.946495907847236e-17    5.396308837713609e-09
347    0.0    3.664603343001005e-17    5.396308840532535e-09
348    -0.0    -7.827939685345342e-17    5.396308955457965e-09
349    0.0    7.914675859144182e-17    5.39630879803181e-09
350    0.0    1.1145598333150986e-16    5.396308765722585e-09
351    -0.0    -2.3852447794681098e-17    5.396308901031016e-09
352    0.0    5.919743861770854e-17    5.39630881798113e-09
353    -0.0    -2.667137344314341e-17    5.396308903849942e-09
354    -0.0    -2.0968470015869656e-16    5.3963090868632685e-09
355    0.0    5.204170427930421e-18    5.396308871974398e-09
356    0.0    3.2742905609062234e-17    5.396308844435663e-09
357    -0.0    -7.177418381854039e-17    5.396308948952752e-09
358    0.0    1.2750217548429532e-16    5.396308749676393e-09
359    -0.0    -4.8138576458356397e-17    5.396308925317145e-09
360    0.0    4.119968255444917e-17    5.396308835978886e-09
361    0.0    1.1579279202145187e-16    5.396308761385776e-09
362    -0.0    -2.4069288229178198e-17    5.3963089012478566e-09
363    0.0    6.136584296267955e-17    5.396308815812725e-09
364    0.0    5.724587470723463e-17    5.396308819932694e-09
365    -0.0    -4.358492733391728e-17    5.396308920763496e-09
366    -0.0    -1.0278236595162582e-16    5.396308979960934e-09
367    0.0    3.599551212651875e-17    5.396308841183056e-09
368    0.0    1.4159680372660688e-16    5.396308735581765e-09
369    0.0    1.0560129160008813e-16    5.396308771577277e-09
370    0.0    4.2500725161431774e-17    5.396308834677843e-09
371    -0.0    -5.811323644522304e-17    5.396308935291805e-09
372    -0.0    -1.6696713456276768e-17    5.396308893875282e-09
373    -0.0    -1.5157146371347352e-16    5.396309028750032e-09
374    -0.0    -1.2685165418080402e-16    5.3963090040302225e-09
375    0.0    1.5612511283791264e-17    5.396308861566057e-09
376    0.0    4.336808689942018e-17    5.3963088338104814e-09
377    0.0    9.540979117872439e-17    5.396308781768777e-09
378    0.0    3.686287386450715e-17    5.3963088403156945e-09
379    0.0    9.86623976961809e-17    5.396308778516171e-09
380    0.0    2.196593601455632e-16    5.396308657519208e-09
381    -0.0    -1.0343288725511712e-16    5.3963089806114556e-09
382    -0.0    -1.489693784995083e-16    5.396309026147947e-09
383    0.0    1.9949319973733282e-17    5.396308857229248e-09
384    0.0    2.45029690981724e-17    5.396308852675599e-09
385    0.0    2.0599841277224584e-17    5.396308856578727e-09
386    0.0    3.1008182133085427e-17    5.396308846170386e-09
387    0.0    6.7220534694101275e-18    5.396308870456515e-09
388    -0.0    -6.830473686658678e-17    5.396308945483305e-09
389    0.0    1.0842021724855044e-18    5.396308876094366e-09
390    -0.0    -1.201296007113939e-16    5.396308997308169e-09
391    -0.0    -7.24247051220317e-17    5.3963089496032735e-09
392    0.0    6.505213034913027e-19    5.396308876528047e-09
393    0.0    1.3704315460216776e-16    5.396308740135414e-09
394    -0.0    -9.042246118529107e-17    5.3963089676010295e-09
395    -0.0    -5.355958732078392e-17    5.396308930738156e-09
396    -0.0    -1.3335686721571705e-16    5.3963090105354355e-09
397    -0.0    -7.546047120499111e-17    5.3963089526390395e-09
398    -0.0    -1.437652080715779e-16    5.396309020943776e-09
399    -0.0    -3.599551212651875e-17    5.3963089131740805e-09
400    -0.0    -2.1250362580715887e-17    5.396308898428931e-09
401    0.0    6.483528991463317e-17    5.3963088123432784e-09
402    0.0    3.686287386450715e-18    5.396308873492281e-09
403    -0.0    -2.8406096919120216e-17    5.396308905584665e-09
404    -0.0    -1.3487475025719675e-16    5.396309012053319e-09
405    -0.0    -7.24247051220317e-17    5.3963089496032735e-09
406    -0.0    -1.6588293239028218e-16    5.396309043061501e-09
407    -0.0    -6.136584296267955e-17    5.396308938544411e-09
408    -0.0    -5.5294310796760726e-17    5.396308932472879e-09
409    -0.0    -9.75781955236954e-18    5.396308886936388e-09
410    0.0    6.591949208711867e-17    5.396308811259076e-09
411    0.0    1.2967057982926633e-16    5.3963087475079885e-09
412    -0.0    -1.0408340855860843e-16    5.396308981261977e-09
413    0.0    4.0332320816460765e-17    5.3963088368462475e-09
414    0.0    8.803721640582296e-17    5.396308789141352e-09
415    0.0    1.1709383462843448e-17    5.396308865469185e-09
416    -0.0    -9.974659986866641e-18    5.396308887153228e-09
417    0.0    5.637851296924623e-17    5.396308820800055e-09
418    0.0    2.8406096919120216e-17    5.396308848772471e-09
419    0.0    7.48099499014998e-17    5.3963088023686184e-09
420    0.0    1.0299920638612292e-16    5.396308774179362e-09
421    0.0    2.0816681711721685e-17    5.396308856361887e-09
422    -0.0    -5.421010862427522e-18    5.396308882599579e-09
423    0.0    4.7704895589362195e-17    5.396308829473673e-09
424    0.0    3.122502256758253e-17    5.396308845953546e-09
425    -0.0    -2.3852447794681098e-17    5.396308901031016e-09
426    0.0    2.3852447794681098e-17    5.3963088533261205e-09
427    0.0    4.90059381963448e-17    5.39630882817263e-09
428    0.0    3.0791341698588326e-17    5.396308846387227e-09
429    0.0    1.3660947373317356e-17    5.396308863517621e-09
430    -0.0    -3.621235256101585e-17    5.396308913390921e-09
431    0.0    2.0166160408230382e-17    5.396308857012408e-09
432    -0.0    -3.8163916471489756e-17    5.396308915342485e-09
433    -0.0    -2.949029909160572e-17    5.3963089066688674e-09
434    -0.0    -6.765421556309548e-17    5.396308944832784e-09
435    -0.0    -3.0357660829594124e-17    5.396308907536229e-09
436    -0.0    -1.93421667571414e-16    5.396309070600236e-09
437    -0.0    -1.0408340855860843e-17    5.396308887586909e-09
438    -0.0    -8.326672684688674e-17    5.396308960445295e-09
439    0.0    2.2551405187698492e-17    5.396308854627163e-09
440    -0.0    -8.001412032943023e-17    5.396308957192689e-09
441    -0.0    -5.702903427273753e-17    5.396308934207603e-09
442    -0.0    -4.87890977618477e-17    5.396308925967666e-09
443    -0.0    -4.336808689942018e-19    5.396308877612249e-09
444    -0.0    -3.838075690598686e-17    5.396308915559325e-09
445    -0.0    -6.028164079019405e-17    5.396308937460209e-09
446    -0.0    -2.216109240560371e-16    5.396309098789492e-09
447    0.0    2.905661822261152e-17    5.39630884812195e-09
448    0.0    3.686287386450715e-17    5.3963088403156945e-09
449    0.0    6.960577947356938e-17    5.396308807572789e-09
450    0.0    9.150666335777657e-17    5.396308785671905e-09
451    -0.0    -1.734723475976807e-18    5.396308878913292e-09
452    -0.0    -2.4069288229178198e-17    5.3963089012478566e-09
453    0.0    1.222980050563649e-16    5.396308754880563e-09
454    -0.0    -2.6020852139652106e-18    5.3963088797806535e-09
455    0.0    2.4936649967166602e-17    5.396308852241918e-09
456    -0.0    -4.92227786308419e-17    5.396308926401347e-09
457    -0.0    -4.683753385137379e-17    5.396308924016102e-09
458    -0.0    -4.9439619065339e-17    5.396308926618187e-09
459    -0.0    -7.112366251504909e-17    5.396308948302231e-09
460    -0.0    -3.838075690598686e-17    5.396308915559325e-09
461    0.0    3.469446951953614e-18    5.396308873709121e-09
462    0.0    2.7321894746634712e-17    5.3963088498566736e-09
463    0.0    1.5612511283791264e-17    5.396308861566057e-09
464    -0.0    -4.9873299934333204e-18    5.396308882165898e-09
465    -0.0    -6.613633252161577e-17    5.396308943314901e-09
466    0.0    1.446325698095663e-16    5.3963087325459985e-09
467    0.0    1.1470858984896637e-16    5.3963087624699785e-09
468    -0.0    -6.917209860457518e-17    5.396308946350667e-09
469    0.0    3.7730235602495554e-17    5.396308839448333e-09
470    -0.0    -9.562663161322149e-17    5.3963089728052e-09
471    0.0    1.3639263329867646e-16    5.396308740785935e-09
472    0.0    9.996344030316351e-17    5.396308777215128e-09
473    0.0    7.632783294297951e-17    5.396308800850735e-09
474    -0.0    -1.951563910473908e-17    5.3963088966942074e-09
475    0.0    2.0816681711721685e-17    5.396308856361887e-09
476    -0.0    -4.9439619065339e-17    5.396308926618187e-09
477    -0.0    -1.9949319973733282e-17    5.396308897127888e-09
478    -0.0    -1.1449174941446927e-16    5.396308991670318e-09
479    -0.0    -3.8163916471489756e-17    5.396308915342485e-09
480    -0.0    -8.825405684032006e-17    5.396308965432625e-09
481    0.0    4.336808689942018e-17    5.3963088338104814e-09
482    -0.0    -1.494030593685025e-16    5.396309026581628e-09
483    0.0    5.702903427273753e-17    5.396308820149534e-09
484    0.0    0.0    5.396308877178568e-09
485    0.0    1.2815269678778662e-16    5.3963087490258715e-09
486    -0.0    -1.0191500421363742e-16    5.3963089790935725e-09
487    0.0    6.7220534694101275e-18    5.396308870456515e-09
488    -0.0    -1.1188966420050406e-16    5.3963089890682325e-09
489    -0.0    -7.15573433840433e-18    5.396308884334303e-09
490    0.0    6.678685382510707e-17    5.3963088103917145e-09
491    0.0    1.9905951886833861e-16    5.3963086781190495e-09
492    0.0    6.676516978165736e-16    5.3963082095268705e-09
493    0.0    5.0758008907081376e-15    5.396303801377678e-09
494    0.0    4.129097237737245e-14    5.396267586206191e-09
495    0.0    3.3944179932132723e-13    5.395969435379247e-09
496    0.0    2.7816056749618845e-12    5.3935272715036064e-09
497    0.0    2.2849864361740302e-11    5.373459012816828e-09
498    0.0    1.9107671868356935e-10    5.205232158494999e-09
499    3.977751751246816e-09    1.988875875623408e-09    3.40743300155516e-09
