0    1.0659942266139782e-08    5.329971133069891e-09    1.5567268355463904e-09
1    1.2630081088187833e-08    6.315040544093917e-09    5.716574245223649e-10
2    1.340899131226786e-08    6.70449565613393e-09    1.8220231248235186e-10
3    1.3669980252796476e-08    6.834990126398238e-09    5.1707842218043365e-11
4    1.3746745648052228e-08    6.873372824026114e-09    1.3325144590167759e-11
5    1.376706433749153e-08    6.883532168745765e-09    3.1657998705164614e-12
6    1.3771992703800334e-08    6.885996351900167e-09    7.016167161144615e-13
7    1.3773103279407506e-08    6.886551639703753e-09    1.463289125286371e-13
8    1.377333776024503e-08    6.886668880122515e-09    2.908849376648259e-14
9    1.3773384553109752e-08    6.886692276554876e-09    5.692061405548898e-15
10    1.3773393931024863e-08    6.886696965512432e-09    1.0031038499835887e-15
11    1.3773395607201422e-08    6.886697803600711e-09    1.6501557065229377e-16
12    1.37733959454725e-08    6.88669797273625e-09    4.119968255444917e-18
13    1.3773395862205773e-08    6.8866979311028864e-09    3.7513395167998453e-17
14    1.3773395747714023e-08    6.886697873857012e-09    9.475926987523309e-17
15    1.3773396050856951e-08    6.8866980254284754e-09    5.681219383824043e-17
16    1.3773395949809308e-08    6.886697974904654e-09    6.288372600415926e-18
17    1.3773395850062709e-08    6.886697925031354e-09    4.358492733391728e-17
18    1.377339593072735e-08    6.886697965363675e-09    3.2526065174565133e-18
19    1.3773395863506815e-08    6.886697931753408e-09    3.686287386450715e-17
20    1.377339588562454e-08    6.88669794281227e-09    2.5804011705155006e-17
21    1.3773395706948022e-08    6.886697853474011e-09    1.1514227071796057e-16
22    1.3773395881721412e-08    6.886697940860706e-09    2.7755575615628914e-17
23    1.3773395956314521e-08    6.886697978157261e-09    9.540979117872439e-18
24    1.3773395789781068e-08    6.886697894890534e-09    7.37257477290143e-17
25    1.3773395932028393e-08    6.886697966014196e-09    2.6020852139652106e-18
26    1.3773395898201285e-08    6.8866979491006425e-09    1.951563910473908e-17
27    1.3773395833582835e-08    6.886697916791418e-09    5.182486384480711e-17
28    1.3773395957615564e-08    6.886697978807782e-09    1.0191500421363742e-17
29    1.3773395803658856e-08    6.886697901829428e-09    6.678685382510707e-17
30    1.3773395963687096e-08    6.886697981843548e-09    1.3227266504323154e-17
31    1.3773395650135828e-08    6.886697825067914e-09    1.4354836763708079e-16
32    1.3773395537812483e-08    6.886697768906241e-09    1.9971004017182992e-16
33    1.3773395977998565e-08    6.8866979889992824e-09    2.0383000842727483e-17
34    1.3773395828378665e-08    6.8866979141893325e-09    5.442694905877232e-17
35    1.3773395974962799e-08    6.886697987481399e-09    1.8865117801247777e-17
36    1.3773396021800333e-08    6.886698010900166e-09    4.228388472693467e-17
37    1.3773395958049245e-08    6.8866979790246224e-09    1.0408340855860843e-17
38    1.3773395844424857e-08    6.886697922212429e-09    4.640385298237959e-17
39    1.377339586090473e-08    6.886697930452365e-09    3.8163916471489756e-17
40    1.377339579064843e-08    6.886697895324215e-09    7.32920668600201e-17
41    1.3773396007055183e-08    6.8866980035275915e-09    3.491130995403324e-17
42    1.3773395992743714e-08    6.886697996371857e-09    2.7755575615628914e-17
43    1.3773395769831748e-08    6.886697884915874e-09    8.370040771588094e-17
44    1.3773395834016516e-08    6.886697917008258e-09    5.160802341031001e-17
45    1.3773395871313071e-08    6.8866979356565355e-09    3.2959746043559335e-17
46    1.3773395817102962e-08    6.886697908551481e-09    6.006480035569695e-17
47    1.3773395994912119e-08    6.886697997456059e-09    2.883977778811442e-17
48    1.377339597583016e-08    6.88669798791508e-09    1.929879867024198e-17
49    1.3773395758122364e-08    6.886697879061182e-09    8.955509944730267e-17
50    1.3773395956314521e-08    6.886697978157261e-09    9.540979117872439e-18
51    1.377339597583016e-08    6.88669798791508e-09    1.929879867024198e-17
52    1.3773395783709536e-08    6.886697891854768e-09    7.676151381197371e-17
53    1.3773395911211711e-08    6.8866979556058555e-09    1.3010426069826053e-17
54    1.3773395981468012e-08    6.886697990734006e-09    2.211772431870429e-17
55    1.3773395690034468e-08    6.886697845017234e-09    1.235990476633475e-16
56    1.3773396091622953e-08    6.886698045811476e-09    7.719519468096792e-17
57    1.377339598016697e-08    6.886697990083485e-09    2.1467203015212988e-17
58    1.3773395873915156e-08    6.886697936957578e-09    3.165870343657673e-17
59    1.3773395935064159e-08    6.886697967532079e-09    1.0842021724855044e-18
60    1.3773395696106e-08    6.886697848053e-09    1.205632815803881e-16
61    1.3773395939400968e-08    6.886697969700484e-09    1.0842021724855044e-18
62    1.3773395852664794e-08    6.886697926332397e-09    4.228388472693467e-17
63    1.3773395813633516e-08    6.886697906816758e-09    6.179952383167375e-17
64    1.3773395703478575e-08    6.886697851739287e-09    1.1687699419393738e-16
65    1.3773395968891267e-08    6.886697984445633e-09    1.5829351718288365e-17
66    1.3773395808429345e-08    6.8866979042146725e-09    6.440160904563896e-17
67    1.3773395857001602e-08    6.886697928500801e-09    4.0115480381963664e-17
68    1.3773395670518829e-08    6.886697835259414e-09    1.3335686721571705e-16
69    1.3773396003585736e-08    6.886698001792868e-09    3.3176586478056436e-17
70    1.3773395804959898e-08    6.886697902479949e-09    6.613633252161577e-17
71    1.3773395931161031e-08    6.8866979655805155e-09    3.0357660829594124e-18
72    1.3773395838353325e-08    6.8866979191766625e-09    4.9439619065339e-17
73    1.3773395938099925e-08    6.8866979690499625e-09    4.336808689942018e-19
74    1.3773396098128166e-08    6.886698049064083e-09    8.044780119842443e-17
75    1.3773396047387504e-08    6.886698023693752e-09    5.5077470362263625e-17
76    1.3773395824041856e-08    6.886697912020928e-09    5.659535340374333e-17
77    1.377339579064843e-08    6.886697895324215e-09    7.32920668600201e-17
78    1.3773395680059808e-08    6.886697840029904e-09    1.2858637765678083e-16
79    1.3773395963253415e-08    6.886697981626708e-09    1.3010426069826053e-17
80    1.3773396146700423e-08    6.8866980733502114e-09    1.0473392986209973e-16
81    1.3773395893864476e-08    6.886697946932238e-09    2.168404344971009e-17
82    1.377339589039503e-08    6.886697945197515e-09    2.3418766925686896e-17
83    1.377339597583016e-08    6.88669798791508e-09    1.929879867024198e-17
84    1.3773395731667831e-08    6.886697865833916e-09    1.0278236595162582e-16
85    1.3773395808429345e-08    6.8866979042146725e-09    6.440160904563896e-17
86    1.3773395860037368e-08    6.886697930018684e-09    3.859759734048396e-17
87    1.3773395953278755e-08    6.886697976639378e-09    8.023096076392733e-18
88    1.3773395915114839e-08    6.8866979575574194e-09    1.1058862159352145e-17
89    1.3773395892129753e-08    6.886697946064876e-09    2.2551405187698492e-17
90    1.3773395707815383e-08    6.886697853907692e-09    1.1470858984896637e-16
91    1.3773395860037368e-08    6.886697930018684e-09    3.859759734048396e-17
92    1.3773395605033018e-08    6.886697802516509e-09    1.6609977282477928e-16
93    1.377339598580482e-08    6.88669799290241e-09    2.42861286636753e-17
94    1.3773395852664794e-08    6.886697926332397e-09    4.228388472693467e-17
95    1.3773395814934558e-08    6.886697907467279e-09    6.114900252818245e-17
96    1.377339535653388e-08    6.88669767826694e-09    2.903493417916181e-16
97    1.3773396056061121e-08    6.886698028030561e-09    5.941427905220564e-17
98    1.3773395830113389e-08    6.886697915056694e-09    5.355958732078392e-17
99    1.3773396006187821e-08    6.886698003093911e-09    3.447762908503904e-17
100    1.3773395842690134e-08    6.886697921345067e-09    4.7271214720367993e-17
101    1.377339572125949e-08    6.886697860629745e-09    1.0798653637955624e-16
102    1.3773396013994077e-08    6.8866980069970385e-09    3.838075690598686e-17
103    1.3773395857435283e-08    6.886697928717642e-09    3.9898639947466563e-17
104    1.3773396083383016e-08    6.886698041691508e-09    7.3075226425523e-17
105    1.3773395971059671e-08    6.8866979855298355e-09    1.691355389077387e-17
106    1.3773395853098475e-08    6.886697926549237e-09    4.206704429243757e-17
107    1.3773395821873452e-08    6.886697910936726e-09    5.767955557622884e-17
108    1.3773395615007678e-08    6.886697807503839e-09    1.6111244283134596e-16
109    1.3773395765061258e-08    6.886697882530629e-09    8.608565249534905e-17
110    1.3773395788046344e-08    6.886697894023172e-09    7.45931094670027e-17
111    1.3773395889961348e-08    6.886697944980674e-09    2.3635607360183997e-17
112    1.3773395738606725e-08    6.8866978693033626e-09    9.93129189996722e-17
113    1.3773396060831611e-08    6.8866980304158054e-09    6.179952383167375e-17
114    1.3773395705646979e-08    6.8866978528234896e-09    1.1579279202145187e-16
115    1.3773395966722862e-08    6.886697983361431e-09    1.474514954580286e-17
116    1.3773395837052282e-08    6.886697918526141e-09    5.0090140368830305e-17
117    1.3773395958916607e-08    6.886697979458303e-09    1.0842021724855044e-17
118    1.3773395856567922e-08    6.886697928283961e-09    4.0332320816460765e-17
119    1.3773396154506679e-08    6.886698077253339e-09    1.0863705768304754e-16
120    1.3773396051724313e-08    6.886698025862156e-09    5.724587470723463e-17
121    1.3773396079046207e-08    6.886698039523104e-09    7.090682208055199e-17
122    1.377339577113279e-08    6.886697885566395e-09    8.304988641238964e-17
123    1.377339582577658e-08    6.88669791288829e-09    5.572799166575493e-17
124    1.3773395987105863e-08    6.8866979935529316e-09    2.4936649967166602e-17
125    1.3773395937232563e-08    6.8866979686162816e-09    0.0
126    1.3773396089020867e-08    6.886698044510434e-09    7.589415207398531e-17
127    1.3773395919017967e-08    6.886697959508983e-09    9.107298248878237e-18
128    1.3773395609803507e-08    6.8866978049017535e-09    1.6371452804531117e-16
129    1.3773395987105863e-08    6.8866979935529316e-09    2.4936649967166602e-17
130    1.3773395833149155e-08    6.886697916574577e-09    5.204170427930421e-17
131    1.3773395863506815e-08    6.886697931753408e-09    3.686287386450715e-17
132    1.3773395852664794e-08    6.886697926332397e-09    4.228388472693467e-17
133    1.3773396017463524e-08    6.886698008731762e-09    4.0115480381963664e-17
134    1.3773395749882428e-08    6.886697874941214e-09    9.367506770274758e-17
135    1.3773396157108764e-08    6.886698078554382e-09    1.0993810029003015e-16
136    1.3773395697840723e-08    6.886697848920362e-09    1.196959198423997e-16
137    1.3773396008789907e-08    6.886698004394953e-09    3.5778671692021646e-17
138    1.3773395866542582e-08    6.886697933271291e-09    3.5344990823027445e-17
139    1.377339579064843e-08    6.886697895324215e-09    7.32920668600201e-17
140    1.3773395914681158e-08    6.886697957340579e-09    1.1275702593849246e-17
141    1.377339598060065e-08    6.886697990300325e-09    2.168404344971009e-17
142    1.3773395807561983e-08    6.886697903780992e-09    6.483528991463317e-17
143    1.3773395889093987e-08    6.886697944546993e-09    2.4069288229178198e-17
144    1.3773395894298157e-08    6.8866979471490786e-09    2.1467203015212988e-17
145    1.377339586090473e-08    6.886697930452365e-09    3.8163916471489756e-17
146    1.3773396096393442e-08    6.886698048196721e-09    7.958043946043603e-17
147    1.3773395813633516e-08    6.886697906816758e-09    6.179952383167375e-17
148    1.3773395877818284e-08    6.886697938909142e-09    2.970713952610282e-17
149    1.377339599057531e-08    6.886697995287655e-09    2.667137344314341e-17
150    1.377339582621026e-08    6.88669791310513e-09    5.551115123125783e-17
151    1.3773395800189409e-08    6.886697900094704e-09    6.852157730108388e-17
152    1.377339605562744e-08    6.88669802781372e-09    5.919743861770854e-17
153    1.3773395944171457e-08    6.8866979720857285e-09    3.469446951953614e-18
154    1.3773395815368239e-08    6.8866979076841195e-09    6.093216209368535e-17
155    1.3773395853965836e-08    6.886697926982918e-09    4.163336342344337e-17
156    1.377339554171561e-08    6.886697770857805e-09    1.97758476261356e-16
157    1.3773395898201285e-08    6.8866979491006425e-09    1.951563910473908e-17
158    1.3773395984070097e-08    6.8866979920350485e-09    2.3418766925686896e-17
159    1.3773396056061121e-08    6.886698028030561e-09    5.941427905220564e-17
160    1.3773395916415881e-08    6.886697958207941e-09    1.0408340855860843e-17
161    1.3773395902971775e-08    6.886697951485887e-09    1.713039432527097e-17
162    1.377339595588084e-08    6.88669797794042e-09    9.324138683375338e-18
163    1.3773396011825673e-08    6.886698005912836e-09    3.729655473350135e-17
164    1.3773395823174495e-08    6.886697911587247e-09    5.702903427273753e-17
165    1.3773395812332473e-08    6.8866979061662364e-09    6.245004513516506e-17
166    1.377339578067377e-08    6.886697890336885e-09    7.827939685345342e-17
167    1.377339607557676e-08    6.88669803778838e-09    6.917209860457518e-17
168    1.3773395408575584e-08    6.886697704287792e-09    2.64328489651966e-16
169    1.3773395862639454e-08    6.886697931319727e-09    3.729655473350135e-17
170    1.377339583618492e-08    6.88669791809246e-09    5.0523821237824507e-17
171    1.3773396031774993e-08    6.886698015887496e-09    4.7271214720367993e-17
172    1.3773395962386054e-08    6.886697981193027e-09    1.2576745200831851e-17
173    1.3773395888660306e-08    6.886697944330153e-09    2.42861286636753e-17
174    1.3773395887359263e-08    6.886697943679632e-09    2.4936649967166602e-17
175    1.3773395983202735e-08    6.886697991601368e-09    2.2985086056692694e-17
176    1.3773395853532155e-08    6.886697926766078e-09    4.185020385794047e-17
177    1.3773396104199698e-08    6.886698052099849e-09    8.348356728138384e-17
178    1.3773396006187821e-08    6.886698003093911e-09    3.447762908503904e-17
179    1.3773395956314521e-08    6.886697978157261e-09    9.540979117872439e-18
180    1.377339590036969e-08    6.886697950184845e-09    1.8431436932253575e-17
181    1.3773395832281793e-08    6.8866979161408964e-09    5.2475385148298415e-17
182    1.3773395806694622e-08    6.886697903347311e-09    6.526897078362737e-17
183    1.3773395809296707e-08    6.886697904648353e-09    6.396792817664476e-17
184    1.3773395679192446e-08    6.886697839596223e-09    1.2902005852577503e-16
185    1.3773395971059671e-08    6.8866979855298355e-09    1.691355389077387e-17
186    1.3773396037412844e-08    6.886698018706422e-09    5.0090140368830305e-17
187    1.377339576072445e-08    6.886697880362225e-09    8.825405684032006e-17
188    1.3773396201344212e-08    6.886698100672106e-09    1.3205582460873444e-16
189    1.3773395891696072e-08    6.886697945848036e-09    2.2768245622195593e-17
190    1.3773395949809308e-08    6.886697974904654e-09    6.288372600415926e-18
191    1.3773396021800333e-08    6.886698010900166e-09    4.228388472693467e-17
192    1.3773395709116426e-08    6.886697854558213e-09    1.1405806854547507e-16
193    1.3773395823608175e-08    6.886697911804088e-09    5.681219383824043e-17
194    1.377339578587794e-08    6.88669789293897e-09    7.567731163948821e-17
195    1.3773395896900242e-08    6.886697948450121e-09    2.0166160408230382e-17
196    1.377339607080627e-08    6.886698035403135e-09    6.678685382510707e-17
197    1.377339595024299e-08    6.886697975121495e-09    6.5052130349130266e-18
198    1.3773395688733425e-08    6.886697844366713e-09    1.242495689668388e-16
199    1.3773396202211574e-08    6.886698101105787e-09    1.3248950547772864e-16
200    1.3773396009657268e-08    6.886698004828634e-09    3.621235256101585e-17
201    1.3773395739907768e-08    6.886697869953884e-09    9.86623976961809e-17
202    1.3773395913380115e-08    6.886697956690058e-09    1.1926223897340549e-17
203    1.3773395883889816e-08    6.886697941944908e-09    2.667137344314341e-17
204    1.377339576115813e-08    6.886697880579065e-09    8.803721640582296e-17
205    1.3773395787178982e-08    6.886697893589491e-09    7.502679033599691e-17
206    1.3773395987973225e-08    6.8866979939866124e-09    2.5370330836160804e-17
207    1.3773395837485963e-08    6.886697918742982e-09    4.9873299934333204e-17
208    1.3773395889093987e-08    6.886697944546993e-09    2.4069288229178198e-17
209    1.37733958661089e-08    6.88669793305445e-09    3.5561831257524545e-17
210    1.3773395836618602e-08    6.886697918309301e-09    5.0306980803327406e-17
211    1.3773395907742264e-08    6.886697953871132e-09    1.474514954580286e-17
212    1.3773395775469599e-08    6.8866978877347995e-09    8.088148206741863e-17
213    1.3773395926824222e-08    6.886697963412111e-09    5.204170427930421e-18
214    1.3773395725596299e-08    6.8866978627981495e-09    1.0581813203458523e-16
215    1.3773395877384603e-08    6.886697938692302e-09    2.992397996059992e-17
216    1.3773395749015066e-08    6.886697874507533e-09    9.410874857174178e-17
217    1.3773396011391992e-08    6.886698005695996e-09    3.707971429900425e-17
218    1.3773395883022455e-08    6.886697941511227e-09    2.710505431213761e-17
219    1.37733959159822e-08    6.8866979579911e-09    1.0625181290357943e-17
220    1.3773395713019554e-08    6.886697856509777e-09    1.1210650463500116e-16
221    1.3773395840088049e-08    6.886697920044024e-09    4.85722573273506e-17
222    1.3773395754219236e-08    6.886697877109618e-09    9.150666335777657e-17
223    1.3773395519597886e-08    6.886697759798943e-09    2.0881733842070815e-16
224    1.3773395840088049e-08    6.886697920044024e-09    4.85722573273506e-17
225    1.3773395744244576e-08    6.886697872122288e-09    9.64939933512099e-17
226    1.377339580582726e-08    6.88669790291363e-09    6.570265165262157e-17
227    1.37733958661089e-08    6.88669793305445e-09    3.5561831257524545e-17
228    1.3773395904706498e-08    6.886697952353249e-09    1.6263032587282567e-17
229    1.3773395740341449e-08    6.886697870170724e-09    9.84455572616838e-17
230    1.3773396012693034e-08    6.886698006346517e-09    3.7730235602495554e-17
231    1.377339594026833e-08    6.886697970134165e-09    1.5178830414797062e-18
232    1.377339570608066e-08    6.88669785304033e-09    1.1557595158695477e-16
233    1.3773395991876353e-08    6.886697995938176e-09    2.7321894746634712e-17
234    1.3773395677024042e-08    6.886697838512021e-09    1.3010426069826053e-16
235    1.3773396094658719e-08    6.886698047329359e-09    7.871307772244762e-17
236    1.377339613022055e-08    6.886698065110275e-09    9.64939933512099e-17
237    1.3773395762025492e-08    6.886697881012746e-09    8.760353553682876e-17
238    1.3773393620943042e-08    6.886696810471521e-09    1.1581447606490158e-15
239    1.377338505617956e-08    6.88669252808978e-09    5.440526501532261e-15
240    1.377333790509444e-08    6.88666895254722e-09    2.901606906136056e-14
241    1.3773102856134978e-08    6.886551428067489e-09    1.4654054879270628e-13
242    1.3771992374636555e-08    6.885996187318277e-09    7.017812980042448e-13
243    1.3767064468896834e-08    6.883532234448417e-09    3.1657341678648088e-12
244    1.3746745488891349e-08    6.873372744445674e-09    1.332522417060722e-11
245    1.366998038420178e-08    6.83499019210089e-09    5.170777651539171e-11
246    1.3408990741543836e-08    6.704495370771918e-09    1.8220259784436366e-10
247    1.2630081037447172e-08    6.315040518723586e-09    5.716574498926957e-10
248    1.0659942492954877e-08    5.3299712464774385e-09    1.5567267221388431e-09
249    6.647785977514226e-09    3.323892988757113e-09    3.5628049798591688e-09
250    0.0    2.2461981471870451e-10    6.662078153897577e-09
251    0.0    1.872097702554365e-11    6.867976991590738e-09
252    0.0    1.585332342832202e-12    6.885112636273449e-09
253    0.0    1.3448053434728102e-13    6.886563488081934e-09
254    0.0    1.143096034494917e-14    6.886686537655937e-09
255    0.0    9.905271047827569e-16    6.886696978089177e-09
256    0.0    8.174884380540703e-17    6.886697886867438e-09
257    0.0    1.1058862159352145e-16    6.88669785802766e-09
258    0.0    8.044780119842443e-17    6.88669788816848e-09
259    0.0    2.7755575615628914e-17    6.886697940860706e-09
260    -0.0    -1.3856103764364747e-16    6.886698107177319e-09
261    -0.0    -9.128982292327947e-17    6.8866980599061045e-09
262    0.0    1.0018028073766061e-16    6.886697868436001e-09
263    -0.0    -3.2742905609062234e-17    6.886698001359187e-09
264    -0.0    -6.440160904563896e-17    6.886698033017891e-09
265    -0.0    -7.43762690325056e-17    6.886698042992551e-09
266    0.0    1.0408340855860843e-16    6.886697864532873e-09
267    0.0    2.949029909160572e-17    6.8866979391259825e-09
268    0.0    4.83554168928535e-17    6.886697920260865e-09
269    -0.0    -5.095750210681871e-17    6.886698019573784e-09
270    -0.0    -1.8626593323300966e-16    6.886698154882215e-09
271    0.0    6.158268339717665e-17    6.886697907033598e-09
272    0.0    1.2663481374630692e-16    6.886697841981468e-09
273    -0.0    -8.304988641238964e-17    6.886698051666168e-09
274    -0.0    -4.2934406030425976e-17    6.886698011550688e-09
275    -0.0    -1.1405806854547507e-16    6.88669808267435e-09
276    0.0    1.1449174941446927e-16    6.886697854124532e-09
277    0.0    7.654467337747661e-17    6.886697892071608e-09
278    0.0    2.7972416050126014e-17    6.8866979406438655e-09
279    -0.0    -1.5178830414797062e-17    6.886697983795112e-09
280    0.0    5.2909066017292616e-17    6.8866979157072156e-09
281    -0.0    -8.998878031629687e-17    6.886698058605062e-09
282    -0.0    -8.283304597789254e-17    6.8866980514493276e-09
283    -0.0    -5.312590645178972e-17    6.886698021742188e-09
284    0.0    3.7730235602495554e-17    6.886697930886046e-09
285    -0.0    -8.478460988836645e-17    6.8866980534008915e-09
286    -0.0    -5.963111948670274e-17    6.886698028247401e-09
287    0.0    9.627715291671279e-17    6.886697872339129e-09
288    -0.0    -3.5344990823027445e-17    6.886698003961272e-09
289    -0.0    -4.7488055154865094e-17    6.886698016104337e-09
290    0.0    1.1449174941446927e-16    6.886697854124532e-09
291    -0.0    -1.8214596497756474e-17    6.886697986830878e-09
292    0.0    6.526897078362737e-17    6.886697903347311e-09
293    0.0    9.389190813724468e-17    6.8866978747243734e-09
294    0.0    6.418476861114186e-17    6.886697904431513e-09
295    0.0    1.1058862159352145e-16    6.88669785802766e-09
296    0.0    8.023096076392733e-18    6.8866979605931855e-09
297    0.0    8.348356728138384e-17    6.886697885132714e-09
298    0.0    1.6393136847980827e-16    6.886697804684913e-09
299    -0.0    -1.5829351718288365e-17    6.886697984445633e-09
300    -0.0    -8.586881206085195e-17    6.886698054485094e-09
301    -0.0    -1.0603497246908233e-16    6.886698074651254e-09
302    0.0    1.6631661325927638e-16    6.886697802299668e-09
303    0.0    1.0408340855860843e-17    6.886697958207941e-09
304    0.0    2.970713952610282e-17    6.886697938909142e-09
305    -0.0    -1.5677563414140394e-16    6.886698125391916e-09
306    0.0    4.141652298894627e-17    6.886697927199759e-09
307    -0.0    -4.141652298894627e-17    6.8866980100328046e-09
308    0.0    3.7730235602495554e-17    6.886697930886046e-09
309    -0.0    -8.608565249534905e-17    6.886698054701934e-09
310    -0.0    -1.214306433183765e-16    6.886698090046925e-09
311    0.0    1.6067876196235176e-16    6.88669780793752e-09
312    -0.0    -9.280770596475918e-17    6.8866980614239875e-09
313    -0.0    -4.380176776841438e-17    6.886698012418049e-09
314    -0.0    -6.982261990806649e-17    6.8866980384389015e-09
315    0.0    5.5077470362263625e-17    6.886697913538811e-09
316    0.0    3.946495907847236e-17    6.8866979291513225e-09
317    0.0    1.235990476633475e-17    6.886697956256377e-09
318    0.0    5.919743861770854e-17    6.886697909418843e-09
319    0.0    2.0166160408230382e-17    6.886697948450121e-09
320    -0.0    -3.0791341698588326e-17    6.886697999407623e-09
321    -0.0    -1.1600963245594897e-16    6.886698084625914e-09
322    -0.0    -2.3635607360183997e-17    6.886697992251889e-09
323    -0.0    -8.261620554339544e-17    6.886698051232487e-09
324    -0.0    -9.280770596475918e-17    6.8866980614239875e-09
325    -0.0    -4.336808689942018e-18    6.88669797295309e-09
326    -0.0    -2.168404344971009e-19    6.886697968833122e-09
327    0.0    8.023096076392733e-18    6.8866979605931855e-09
328    0.0    6.960577947356938e-17    6.886697899010502e-09
329    0.0    4.206704429243757e-17    6.886697926549237e-09
330    0.0    1.2576745200831851e-17    6.886697956039536e-09
331    0.0    5.551115123125783e-17    6.88669791310513e-09
332    0.0    1.8496489062602706e-16    6.886697783651391e-09
333    -0.0    -9.952975943416931e-17    6.886698068146041e-09
334    0.0    8.391724815037804e-17    6.8866978846990334e-09
335    0.0    3.859759734048396e-17    6.886697930018684e-09
336    -0.0    -7.741203511546502e-17    6.886698046028317e-09
337    0.0    2.992397996059992e-17    6.886697938692302e-09
338    0.0    8.044780119842443e-17    6.88669788816848e-09
339    -0.0    -2.688821387764051e-17    6.8866979955044955e-09
340    -0.0    -1.1926223897340549e-17    6.8866979805425055e-09
341    -0.0    -1.7780915628762273e-17    6.886697986397197e-09
342    -0.0    -1.2967057982926633e-16    6.8866980982868614e-09
343    -0.0    -7.567731163948821e-17    6.886698044293593e-09
344    0.0    1.494030593685025e-16    6.886697819213222e-09
345    -0.0    -1.474514954580286e-17    6.886697983361431e-09
346    0.0    8.261620554339544e-17    6.886697886000076e-09
347    -0.0    -9.280770596475918e-17    6.8866980614239875e-09
348    -0.0    -1.1492543028346347e-17    6.886697980108825e-09
349    -0.0    -1.0191500421363742e-17    6.886697978807782e-09
350    0.0    8.283304597789254e-17    6.886697885783236e-09
351    0.0    9.324138683375338e-17    6.886697875374895e-09
352    0.0    4.83554168928535e-17    6.886697920260865e-09
353    0.0    1.691355389077387e-17    6.886697951702728e-09
354    -0.0    -1.452830911130576e-16    6.886698113899373e-09
355    -0.0    -2.3418766925686896e-17    6.8866979920350485e-09
356    0.0    6.136584296267955e-17    6.886697907250439e-09
357    0.0    3.729655473350135e-17    6.886697931319727e-09
358    0.0    9.475926987523309e-17    6.886697873857012e-09
359    -0.0    -2.2551405187698492e-17    6.886697991167687e-09
360    0.0    3.2959746043559335e-17    6.8866979356565355e-09
361    0.0    5.811323644522304e-17    6.886697910503045e-09
362    0.0    6.5052130349130266e-18    6.8866979621110685e-09
363    -0.0    -4.7921736023859296e-17    6.886698016538018e-09
364    0.0    2.1141942363467336e-16    6.886697757196858e-09
365    -0.0    -7.719519468096792e-17    6.886698045811476e-09
366    0.0    4.5102810375396984e-17    6.886697923513471e-09
367    0.0    1.951563910473908e-18    6.886697966664718e-09
368    0.0    5.4643789493269423e-17    6.886697913972492e-09
369    -0.0    -3.903127820947816e-17    6.88669800764756e-09
370    0.0    1.3227266504323154e-16    6.8866978363436165e-09
371    -0.0    -4.7271214720367993e-17    6.886698015887496e-09
372    0.0    1.3357370765021415e-16    6.886697835042574e-09
373    0.0    6.591949208711867e-17    6.8866979026967895e-09
374    -0.0    -7.22078646875346e-17    6.886698040824146e-09
375    -0.0    -2.211772431870429e-17    6.886697990734006e-09
376    -0.0    -8.044780119842443e-17    6.886698049064083e-09
377    -0.0    -5.833007687972014e-17    6.8866980269463585e-09
378    0.0    7.546047120499111e-17    6.88669789315581e-09
379    -0.0    -3.252606517456513e-17    6.886698001142347e-09
380    -0.0    -2.3201926491189795e-17    6.886697991818208e-09
381    0.0    1.6479873021779667e-17    6.8866979521364086e-09
382    0.0    4.119968255444917e-17    6.886697927416599e-09
383    0.0    7.979727989493313e-17    6.886697888819002e-09
384    0.0    3.0357660829594124e-18    6.8866979655805155e-09
385    -0.0    -9.952975943416931e-17    6.886698068146041e-09
386    0.0    8.847089727481716e-17    6.886697880145384e-09
387    -0.0    -1.1319070680748666e-16    6.886698081806988e-09
388    0.0    1.6111244283134596e-16    6.886697807503839e-09
389    -0.0    -1.3704315460216776e-16    6.886698105659436e-09
390    0.0    8.413408858487514e-17    6.886697884482193e-09
391    0.0    4.0766001685454967e-17    6.88669792785028e-09
392    0.0    1.5612511283791264e-17    6.88669795300377e-09
393    -0.0    -1.8865117801247777e-17    6.886697987481399e-09
394    0.0    7.979727989493313e-17    6.886697888819002e-09
395    -0.0    -4.618701254788249e-17    6.886698014803294e-09
396    -0.0    -1.2793585635328952e-17    6.886697981409867e-09
397    0.0    0.0    6.8866979686162816e-09
398    -0.0    -2.3635607360183997e-17    6.886697992251889e-09
399    0.0    3.599551212651875e-17    6.8866979326207695e-09
400    0.0    1.1167282376600696e-16    6.886697856943458e-09
401    -0.0    -4.0549161250957866e-17    6.886698009165443e-09
402    0.0    1.0191500421363742e-17    6.886697958424781e-09
403    -0.0    -3.426078865054194e-17    6.88669800287707e-09
404    0.0    2.0296264668928643e-16    6.886697765653635e-09
405    0.0    1.1340754724198376e-16    6.886697855208734e-09
406    0.0    6.440160904563896e-17    6.8866979042146725e-09
407    -0.0    -7.589415207398531e-17    6.886698044510434e-09
408    0.0    1.0126448291014611e-16    6.886697867351799e-09
409    -0.0    -2.4936649967166602e-17    6.8866979935529316e-09
410    0.0    8.131516293641283e-17    6.886697887301119e-09
411    0.0    1.1709383462843448e-17    6.886697956906898e-09
412    0.0    8.738669510233166e-17    6.8866978812295865e-09
413    -0.0    -7.806255641895632e-18    6.886697976422537e-09
414    0.0    1.1449174941446927e-16    6.886697854124532e-09
415    -0.0    -4.445228907190568e-17    6.886698013068571e-09
416    0.0    1.0039712117215771e-16    6.88669786821916e-09
417    0.0    4.5319650809894085e-17    6.886697923296631e-09
418    0.0    1.3010426069826053e-17    6.8866979556058555e-09
419    0.0    8.456776945386935e-18    6.886697960159505e-09
420    -0.0    -1.235990476633475e-17    6.886697980976186e-09
421    0.0    2.8189256484623115e-17    6.886697940427025e-09
422    0.0    1.1210650463500116e-16    6.886697856509777e-09
423    -0.0    -1.9081958235744878e-17    6.88669798769824e-09
424    0.0    2.5804011705155006e-17    6.88669794281227e-09
425    -0.0    -3.230922474006803e-17    6.886698000925506e-09
426    -0.0    -5.681219383824043e-17    6.8866980254284754e-09
427    -0.0    -3.5344990823027445e-17    6.886698003961272e-09
428    -0.0    -1.1080546202801855e-16    6.886698079421744e-09
429    -0.0    -1.235990476633475e-17    6.886697980976186e-09
430    -0.0    -8.456776945386935e-18    6.8866979770730585e-09
431    -0.0    -9.389190813724468e-17    6.88669806250819e-09
432    0.0    9.410874857174178e-17    6.886697874507533e-09
433    -0.0    -3.903127820947816e-17    6.88669800764756e-09
434    0.0    4.5102810375396984e-17    6.886697923513471e-09
435    -0.0    -8.760353553682876e-17    6.886698056219817e-09
436    0.0    9.6710833785707e-17    6.886697871905448e-09
437    -0.0    -2.0383000842727483e-16    6.88669817244629e-09
438    0.0    5.074066167232161e-17    6.88669791787562e-09
439    0.0    4.553649124439119e-18    6.8866979640626325e-09
440    0.0    0.0    6.8866979686162816e-09
441    -0.0    -1.6696713456276768e-16    6.886698135583416e-09
442    -0.0    -8.088148206741863e-17    6.886698049497764e-09
443    -0.0    -1.0928757898653885e-16    6.8866980779038606e-09
444    -0.0    -1.5308934675495323e-16    6.886698121705628e-09
445    -0.0    -3.7730235602495554e-17    6.886698006346517e-09
446    -0.0    -6.158268339717665e-17    6.886698030198965e-09
447    -0.0    -7.025630077706069e-17    6.886698038872582e-09
448    0.0    8.456776945386935e-18    6.886697960159505e-09
449    0.0    9.324138683375338e-18    6.886697959292143e-09
450    0.0    3.0357660829594124e-18    6.8866979655805155e-09
451    0.0    3.7947076036992655e-17    6.8866979306692055e-09
452    -0.0    -2.7755575615628914e-17    6.886697996371857e-09
453    0.0    8.239936510889834e-18    6.886697960376345e-09
454    0.0    7.546047120499111e-17    6.88669789315581e-09
455    -0.0    -1.5178830414797062e-18    6.886697970134165e-09
456    0.0    1.3227266504323154e-16    6.8866978363436165e-09
457    0.0    7.32920668600201e-17    6.886697895324215e-09
458    -0.0    -1.0191500421363742e-17    6.886697978807782e-09
459    -0.0    -8.088148206741863e-17    6.886698049497764e-09
460    0.0    6.461844948013606e-17    6.886697903997832e-09
461    0.0    5.2475385148298415e-17    6.8866979161408964e-09
462    0.0    2.233456475320139e-17    6.886697946281717e-09
463    -0.0    -5.442694905877232e-17    6.886698023043231e-09
464    -0.0    -3.5778671692021646e-17    6.886698004394953e-09
465    -0.0    -3.0791341698588326e-17    6.886697999407623e-09
466    0.0    9.71445146547012e-17    6.886697871471767e-09
467    -0.0    -3.686287386450715e-17    6.8866980054791554e-09
468    0.0    1.0126448291014611e-16    6.886697867351799e-09
469    0.0    3.230922474006803e-17    6.886697936307057e-09
470    0.0    8.890457814381136e-18    6.886697959725824e-09
471    -0.0    -3.599551212651875e-17    6.886698004611794e-09
472    0.0    9.107298248878237e-18    6.886697959508983e-09
473    0.0    2.5804011705155006e-17    6.88669794281227e-09
474    0.0    1.0191500421363742e-17    6.886697958424781e-09
475    -0.0    -6.765421556309548e-17    6.886698036270497e-09
476    0.0    4.0332320816460765e-17    6.886697928283961e-09
477    -0.0    -1.9081958235744878e-17    6.88669798769824e-09
478    0.0    2.5153490401663703e-17    6.886697943462791e-09
479    0.0    1.951563910473908e-18    6.886697966664718e-09
480    0.0    7.025630077706069e-17    6.886697898359981e-09
481    0.0    3.491130995403324e-17    6.886697933704972e-09
482    -0.0    -2.5153490401663703e-17    6.886697993769772e-09
483    0.0    2.0599841277224584e-17    6.88669794801644e-09
484    -0.0    -9.562663161322149e-17    6.886698064242913e-09
485    -0.0    -8.651933336434325e-17    6.886698055135615e-09
486    0.0    5.702903427273753e-17    6.886697911587247e-09
487    0.0    1.1167282376600696e-16    6.886697856943458e-09
488    0.0    4.206704429243757e-17    6.886697926549237e-09
489    0.0    4.423544863740858e-17    6.886697924380833e-09
490    0.0    6.635317295611287e-17    6.886697902263109e-09
491    -0.0    -2.905661822261152e-17    6.8866979976729e-09
492    0.0    4.575333167888829e-17    6.88669792286295e-09
493    0.0    8.771195575407731e-16    6.886697091496724e-09
494    0.0    1.1509890263106115e-14    6.8866864587260185e-09
495    0.0    1.3457724518106673e-13    6.8865633913711005e-09
496    0.0    1.585248642424486e-12    6.885112719973857e-09
497    0.0    1.872085255913425e-11    6.867977116057147e-09
498    0.0    2.246202729025426e-10    6.662077695713739e-09
499    6.647785672636575e-09    3.3238928363182874e-09    3.5628051322979942e-09
