0    1.1828473111576143e-08    5.914236555788072e-09    2.857792782799684e-10
1    1.232122691634946e-08    6.16061345817473e-09    3.9402375893310415e-11
2    1.2390917855133188e-08    6.195458927566594e-09    4.556906501446134e-12
3    1.2399106595617493e-08    6.1995532978087464e-09    4.625362592936e-13
4    1.2399946419487662e-08    6.199973209743831e-09    4.262432420909512e-14
5    1.2400024268673093e-08    6.200012134336547e-09    3.699731493389535e-15
6    1.2400031042334586e-08    6.200015521167293e-09    3.129007469793166e-16
7    1.240003151851618e-08    6.20001575925809e-09    7.48099499014998e-17
8    1.2400031704131592e-08    6.200015852065796e-09    1.7997756063259374e-17
9    1.2400031567522118e-08    6.200015783761059e-09    5.0306980803327406e-17
10    1.2400031884109153e-08    6.200015942054576e-09    1.0798653637955624e-16
11    1.240003157836414e-08    6.20001578918207e-09    4.4885969940899884e-17
12    1.24000315679558e-08    6.2000157839779e-09    5.0090140368830305e-17
13    1.240003165339093e-08    6.200015826695465e-09    7.37257477290143e-18
14    1.2400031531092925e-08    6.200015765546463e-09    6.852157730108388e-17
15    1.2400031457367178e-08    6.200015728683589e-09    1.0538445116559103e-16
16    1.2400031609155482e-08    6.200015804577741e-09    2.949029909160572e-17
17    1.2400031566221076e-08    6.200015783110538e-09    5.095750210681871e-17
18    1.2400031600481864e-08    6.200015800240932e-09    3.382710778154774e-17
19    1.2400031566654757e-08    6.200015783327378e-09    5.074066167232161e-17
20    1.240003146343871e-08    6.200015731719355e-09    1.0234868508263162e-16
21    1.240003189278277e-08    6.200015946391385e-09    1.1232334506949826e-16
22    1.2400031466908157e-08    6.2000157334540784e-09    1.0061396160665481e-16
23    1.2400031601782907e-08    6.2000158008914535e-09    3.3176586478056436e-17
24    1.2400031744463913e-08    6.2000158722319565e-09    3.8163916471489756e-17
25    1.2400031531526606e-08    6.200015765763303e-09    6.830473686658678e-17
26    1.240003152849084e-08    6.20001576424542e-09    6.982261990806649e-17
27    1.2400031670738165e-08    6.200015835369083e-09    1.3010426069826053e-18
28    1.2400031645584675e-08    6.2000158227923374e-09    1.1275702593849246e-17
29    1.2400031701095826e-08    6.200015850547913e-09    1.6479873021779667e-17
30    1.2400031506806797e-08    6.200015753403398e-09    8.066464163292153e-17
31    1.2400031664666633e-08    6.2000158323333165e-09    1.734723475976807e-18
32    1.2400031450428284e-08    6.200015725214142e-09    1.0885389811754465e-16
33    1.2400031691121166e-08    6.200015845560583e-09    1.1492543028346347e-17
34    1.240003132379347e-08    6.200015661896735e-09    1.721713049906981e-16
35    1.24000315883388e-08    6.2000157941694e-09    3.9898639947466563e-17
36    1.2400031597012418e-08    6.200015798506209e-09    3.5561831257524545e-17
37    1.2400031592241928e-08    6.200015796120964e-09    3.7947076036992655e-17
38    1.240003158790512e-08    6.20001579395256e-09    4.0115480381963664e-17
39    1.240003177308685e-08    6.200015886543425e-09    5.2475385148298415e-17
40    1.2400031632140568e-08    6.200015816070284e-09    1.7997756063259374e-17
41    1.2400031476882817e-08    6.200015738441408e-09    9.562663161322149e-17
42    1.2400031570124204e-08    6.200015785062102e-09    4.90059381963448e-17
43    1.2400031504638392e-08    6.200015752319196e-09    8.174884380540703e-17
44    1.2400031594410332e-08    6.200015797205166e-09    3.686287386450715e-17
45    1.240003161826278e-08    6.20001580913139e-09    2.4936649967166602e-17
46    1.2400031510276244e-08    6.200015755138122e-09    7.892991815694472e-17
47    1.240003152328667e-08    6.200015761643335e-09    7.24247051220317e-17
48    1.2400031532827649e-08    6.2000157664138245e-09    6.765421556309548e-17
49    1.2400031716274657e-08    6.200015858137328e-09    2.4069288229178198e-17
50    1.2400031606119716e-08    6.200015803059858e-09    3.1008182133085427e-17
51    1.2400031783928872e-08    6.200015891964436e-09    5.789639601072594e-17
52    1.2400031525455074e-08    6.200015762727537e-09    7.134050294954619e-17
53    1.2400031888879642e-08    6.200015944439821e-09    1.1037178115902435e-16
54    1.2400031724514593e-08    6.2000158622572965e-09    2.8189256484623115e-17
55    1.2400031722346189e-08    6.200015861173094e-09    2.710505431213761e-17
56    1.240003154323599e-08    6.200015771617995e-09    6.245004513516506e-17
57    1.2400031839440023e-08    6.200015919720012e-09    8.565197162635485e-17
58    1.2400031582700949e-08    6.2000157913504744e-09    4.2717565595928875e-17
59    1.240003168288123e-08    6.200015841440615e-09    7.37257477290143e-18
60    1.2400031631706887e-08    6.2000158158534435e-09    1.8214596497756474e-17
61    1.2400031611757567e-08    6.2000158058787835e-09    2.8189256484623115e-17
62    1.240003149813318e-08    6.20001574906659e-09    8.500145032286355e-17
63    1.240003187283345e-08    6.200015936416725e-09    1.0234868508263162e-16
64    1.2400031554945373e-08    6.200015777472687e-09    5.659535340374333e-17
65    1.240003173839238e-08    6.20001586919619e-09    3.5128150388530344e-17
66    1.2400031574894693e-08    6.200015787447347e-09    4.662069341687669e-17
67    1.240003174272919e-08    6.200015871364595e-09    3.729655473350135e-17
68    1.2400031417902219e-08    6.200015708951109e-09    1.251169307048272e-16
69    1.2400031472979689e-08    6.2000157364898445e-09    9.75781955236954e-17
70    1.2400031665100314e-08    6.200015832550157e-09    1.5178830414797062e-18
71    1.2400031682013868e-08    6.200015841006934e-09    6.938893903907228e-18
72    1.2400031625201674e-08    6.200015812600837e-09    2.1467203015212988e-17
73    1.2400031783928872e-08    6.200015891964436e-09    5.789639601072594e-17
74    1.2400031555812735e-08    6.2000157779063675e-09    5.616167253474913e-17
75    1.2400031834669534e-08    6.200015917334767e-09    8.326672684688674e-17
76    1.24000314682092e-08    6.2000157341046e-09    9.996344030316351e-17
77    1.2400031694156932e-08    6.200015847078466e-09    1.3010426069826053e-17
78    1.2400031502469988e-08    6.200015751234994e-09    8.283304597789254e-17
79    1.2400031461703986e-08    6.200015730851993e-09    1.0321604682062002e-16
80    1.2400031598747141e-08    6.2000157993735705e-09    3.469446951953614e-17
81    1.2400031855919896e-08    6.200015927959948e-09    9.389190813724468e-17
82    1.2400031589206162e-08    6.200015794603081e-09    3.946495907847236e-17
83    1.2400031544970713e-08    6.200015772485357e-09    6.158268339717665e-17
84    1.2400031489893243e-08    6.2000157449466214e-09    8.912141857830846e-17
85    1.2400031732320849e-08    6.200015866160424e-09    3.209238430557093e-17
86    1.240003158356831e-08    6.200015791784155e-09    4.228388472693467e-17
87    1.2400031767448999e-08    6.2000158837244995e-09    4.96564594998361e-17
88    1.2400031522419308e-08    6.200015761209654e-09    7.28583859910259e-17
89    1.2400031691554847e-08    6.2000158457774235e-09    1.1709383462843448e-17
90    1.2400031713672571e-08    6.200015856836286e-09    2.2768245622195593e-17
91    1.2400031572292608e-08    6.200015786146304e-09    4.7921736023859296e-17
92    1.2400031574461012e-08    6.200015787230506e-09    4.683753385137379e-17
93    1.2400031590940885e-08    6.200015795470443e-09    3.859759734048396e-17
94    1.2400031625201674e-08    6.200015812600837e-09    2.1467203015212988e-17
95    1.2400031547572798e-08    6.200015773786399e-09    6.028164079019405e-17
96    1.240003158313463e-08    6.200015791567315e-09    4.2500725161431774e-17
97    1.2400031558848501e-08    6.2000157794242505e-09    5.4643789493269423e-17
98    1.2400031551042245e-08    6.200015775521123e-09    5.854691731421724e-17
99    1.2400031491627966e-08    6.200015745813983e-09    8.825405684032006e-17
100    1.2400031596145056e-08    6.200015798072528e-09    3.599551212651875e-17
101    1.2400031554511692e-08    6.200015777255846e-09    5.681219383824043e-17
102    1.2400031589639843e-08    6.200015794819921e-09    3.924811864397526e-17
103    1.2400031499000541e-08    6.2000157495002706e-09    8.456776945386935e-17
104    1.2400031618696461e-08    6.2000158093482305e-09    2.47198095326695e-17
105    1.2400031422672708e-08    6.200015711336354e-09    1.227316859253591e-16
106    1.2400031599614503e-08    6.200015799807251e-09    3.426078865054194e-17
107    1.24000315180825e-08    6.20001575904125e-09    7.502679033599691e-17
108    1.2400031581399906e-08    6.200015790699953e-09    4.336808689942018e-17
109    1.2400031464739752e-08    6.200015732369876e-09    1.0169816377914032e-16
110    1.240003154366967e-08    6.200015771834835e-09    6.223320470066795e-17
111    1.2400031601349226e-08    6.200015800674613e-09    3.3393426912553537e-17
112    1.2400031756173296e-08    6.200015878086648e-09    4.401860820291148e-17
113    1.2400031682013868e-08    6.200015841006934e-09    6.938893903907228e-18
114    1.2400031548873841e-08    6.2000157744369205e-09    5.963111948670274e-17
115    1.2400031600481864e-08    6.200015800240932e-09    3.382710778154774e-17
116    1.2400031517215138e-08    6.200015758607569e-09    7.546047120499111e-17
117    1.2400031681146506e-08    6.200015840573253e-09    6.5052130349130266e-18
118    1.2400031544537032e-08    6.200015772268516e-09    6.179952383167375e-17
119    1.2400031664666633e-08    6.2000158323333165e-09    1.734723475976807e-18
120    1.240003142354007e-08    6.200015711770035e-09    1.222980050563649e-16
121    1.2400031629972164e-08    6.200015814986082e-09    1.9081958235744878e-17
122    1.2400031526756117e-08    6.200015763378058e-09    7.068998164605489e-17
123    1.240003182252647e-08    6.200015911263235e-09    7.719519468096792e-17
124    1.240003171323889e-08    6.200015856619445e-09    2.2551405187698492e-17
125    1.240003166813608e-08    6.20001583406804e-09    0.0
126    1.2400031547572798e-08    6.200015773786399e-09    6.028164079019405e-17
127    1.2400031537164458e-08    6.200015768582229e-09    6.548581121812447e-17
128    1.2400031693723251e-08    6.200015846861626e-09    1.2793585635328952e-17
129    1.2400031472546008e-08    6.200015736273004e-09    9.77950359581925e-17
130    1.2400031752270169e-08    6.200015876135084e-09    4.206704429243757e-17
131    1.2400031551909607e-08    6.2000157759548036e-09    5.811323644522304e-17
132    1.2400031581833587e-08    6.2000157909167936e-09    4.3151246464923076e-17
133    1.2400031654691973e-08    6.2000158273459866e-09    6.7220534694101275e-18
134    1.240003149813318e-08    6.20001574906659e-09    8.500145032286355e-17
135    1.2400031550608565e-08    6.200015775304282e-09    5.876375774871434e-17
136    1.2400031651656207e-08    6.2000158258281035e-09    8.239936510889834e-18
137    1.2400031530659245e-08    6.200015765329622e-09    6.873841773558098e-17
138    1.2400031518949861e-08    6.2000157594749306e-09    7.45931094670027e-17
139    1.2400031447392518e-08    6.200015723696259e-09    1.1037178115902435e-16
140    1.2400031672472889e-08    6.200015836236444e-09    2.168404344971009e-18
141    1.2400031635176334e-08    6.200015817588167e-09    1.6479873021779667e-17
142    1.2400031707601039e-08    6.2000158538005196e-09    1.973247953923618e-17
143    1.2400031497265818e-08    6.200015748632909e-09    8.543513119185775e-17
144    1.2400031514179372e-08    6.200015757089686e-09    7.697835424647081e-17
145    1.2400031636911057e-08    6.200015818455529e-09    1.5612511283791264e-17
146    1.2400031445657794e-08    6.200015722828897e-09    1.1123914289701275e-16
147    1.24000315883388e-08    6.2000157941694e-09    3.9898639947466563e-17
148    1.2400031470377604e-08    6.200015735188802e-09    9.8879238130678e-17
149    1.2400031505505754e-08    6.200015752752877e-09    8.131516293641283e-17
150    1.2400031728417721e-08    6.2000158642088604e-09    3.0140820395097023e-17
151    1.240003183813898e-08    6.20001591906949e-09    8.500145032286355e-17
152    1.2400031549741203e-08    6.200015774870601e-09    5.919743861770854e-17
153    1.2400031564486352e-08    6.200015782243176e-09    5.182486384480711e-17
154    1.2400031567088438e-08    6.200015783544219e-09    5.0523821237824507e-17
155    1.240003171323889e-08    6.200015856619445e-09    2.2551405187698492e-17
156    1.2400031476015455e-08    6.2000157380077275e-09    9.606031248221569e-17
157    1.2400031507240478e-08    6.200015753620239e-09    8.044780119842443e-17
158    1.2400031613925971e-08    6.200015806962986e-09    2.710505431213761e-17
159    1.2400031542368628e-08    6.200015771184314e-09    6.288372600415926e-17
160    1.2400031575328374e-08    6.200015787664187e-09    4.640385298237959e-17
161    1.240003177265317e-08    6.200015886326585e-09    5.2258544713801314e-17
162    1.2400031554945373e-08    6.200015777472687e-09    5.659535340374333e-17
163    1.2400031644717313e-08    6.2000158223586566e-09    1.1709383462843448e-17
164    1.2400031672472889e-08    6.200015836236444e-09    2.168404344971009e-18
165    1.240003144392307e-08    6.200015721961535e-09    1.1210650463500116e-16
166    1.2400031724948274e-08    6.200015862474137e-09    2.8406096919120216e-17
167    1.2400031767015318e-08    6.200015883507659e-09    4.9439619065339e-17
168    1.2400031659896144e-08    6.200015829948072e-09    4.119968255444917e-18
169    1.2400031459969263e-08    6.2000157299846315e-09    1.0408340855860843e-16
170    1.2400031710203124e-08    6.200015855101562e-09    2.1033522146218786e-17
171    1.2400031675074974e-08    6.200015837537487e-09    3.469446951953614e-18
172    1.240003156838948e-08    6.20001578419474e-09    4.9873299934333204e-17
173    1.240003164341627e-08    6.200015821708135e-09    1.235990476633475e-17
174    1.2400031635176334e-08    6.200015817588167e-09    1.6479873021779667e-17
175    1.2400031670738165e-08    6.200015835369083e-09    1.3010426069826053e-18
176    1.2400031505505754e-08    6.200015752752877e-09    8.131516293641283e-17
177    1.2400031562317948e-08    6.200015781158974e-09    5.2909066017292616e-17
178    1.2400031575328374e-08    6.200015787664187e-09    4.640385298237959e-17
179    1.2400031427009517e-08    6.2000157135047584e-09    1.205632815803881e-16
180    1.2400031492929009e-08    6.2000157464645045e-09    8.760353553682876e-17
181    1.2400031542802309e-08    6.2000157714011545e-09    6.266688556966216e-17
182    1.2400031572726289e-08    6.2000157863631444e-09    4.7704895589362195e-17
183    1.2400031686784357e-08    6.200015843392179e-09    9.324138683375338e-18
184    1.2400031510709925e-08    6.200015755354962e-09    7.871307772244762e-17
185    1.2400031587037758e-08    6.200015793518879e-09    4.0549161250957866e-17
186    1.2400031540200224e-08    6.200015770100112e-09    6.396792817664476e-17
187    1.2400031410529644e-08    6.200015705264822e-09    1.2880321809127793e-16
188    1.2400031660329824e-08    6.200015830164912e-09    3.903127820947816e-18
189    1.2400031744463913e-08    6.2000158722319565e-09    3.8163916471489756e-17
190    1.2400031566221076e-08    6.200015783110538e-09    5.095750210681871e-17
191    1.2400031686784357e-08    6.200015843392179e-09    9.324138683375338e-18
192    1.2400031589206162e-08    6.200015794603081e-09    3.946495907847236e-17
193    1.2400031731887168e-08    6.200015865943584e-09    3.187554387107383e-17
194    1.2400031544103352e-08    6.200015772051676e-09    6.201636426617085e-17
195    1.2400031605686035e-08    6.2000158028430175e-09    3.122502256758253e-17
196    1.240003143394841e-08    6.200015716974205e-09    1.1709383462843448e-16
197    1.2400031669870804e-08    6.200015834935402e-09    8.673617379884035e-19
198    1.2400031544103352e-08    6.200015772051676e-09    6.201636426617085e-17
199    1.2400031802143469e-08    6.200015901071734e-09    6.700369425960417e-17
200    1.240003170803472e-08    6.20001585401736e-09    1.9949319973733282e-17
201    1.2400031600481864e-08    6.200015800240932e-09    3.382710778154774e-17
202    1.2400031735356615e-08    6.200015867678307e-09    3.361026734705064e-17
203    1.2400031625201674e-08    6.200015812600837e-09    2.1467203015212988e-17
204    1.2400031630405844e-08    6.200015815202922e-09    1.8865117801247777e-17
205    1.2400031572292608e-08    6.200015786146304e-09    4.7921736023859296e-17
206    1.2400031604384992e-08    6.200015802192496e-09    3.187554387107383e-17
207    1.2400031708468401e-08    6.2000158542342004e-09    2.0166160408230382e-17
208    1.2400031636043696e-08    6.200015818021848e-09    1.6046192152785466e-17
209    1.2400031501602626e-08    6.200015750801313e-09    8.326672684688674e-17
210    1.2400031597012418e-08    6.200015798506209e-09    3.5561831257524545e-17
211    1.2400031613925971e-08    6.200015806962986e-09    2.710505431213761e-17
212    1.2400031616094376e-08    6.200015808047188e-09    2.6020852139652106e-17
213    1.2400031544537032e-08    6.200015772268516e-09    6.179952383167375e-17
214    1.2400031635176334e-08    6.200015817588167e-09    1.6479873021779667e-17
215    1.240003160785444e-08    6.20001580392722e-09    3.0140820395097023e-17
216    1.2400031535863415e-08    6.2000157679317075e-09    6.613633252161577e-17
217    1.2400031589639843e-08    6.200015794819921e-09    3.924811864397526e-17
218    1.2400031602650269e-08    6.200015801325134e-09    3.2742905609062234e-17
219    1.2400031633875291e-08    6.200015816937646e-09    1.713039432527097e-17
220    1.2400031606119716e-08    6.200015803059858e-09    3.1008182133085427e-17
221    1.2400031620431184e-08    6.200015810215592e-09    2.3852447794681098e-17
222    1.2400031522852989e-08    6.2000157614264945e-09    7.26415455565288e-17
223    1.240003166813608e-08    6.20001583406804e-09    0.0
224    1.2400031509408882e-08    6.200015754704441e-09    7.936359902593892e-17
225    1.2400031631273206e-08    6.200015815636603e-09    1.8431436932253575e-17
226    1.2400031592241928e-08    6.200015796120964e-09    3.7947076036992655e-17
227    1.2400031610890205e-08    6.200015805445103e-09    2.862293735361732e-17
228    1.2400031365860514e-08    6.200015682930257e-09    1.5113778284447932e-16
229    1.2400031607420758e-08    6.200015803710379e-09    3.0357660829594124e-17
230    1.2400031666401357e-08    6.200015833200678e-09    8.673617379884035e-19
231    1.2400031685916996e-08    6.200015842958498e-09    8.890457814381136e-18
232    1.24000316382121e-08    6.20001581910605e-09    1.496198998029996e-17
233    1.24000316880854e-08    6.2000158440427e-09    9.974659986866641e-18
234    1.2400031496398456e-08    6.200015748199228e-09    8.586881206085195e-17
235    1.2400031672472889e-08    6.200015836236444e-09    2.168404344971009e-18
236    1.2400031572292608e-08    6.200015786146304e-09    4.7921736023859296e-17
237    1.2400031439586262e-08    6.200015719793131e-09    1.1427490897997217e-16
238    1.2400031741428147e-08    6.2000158707140735e-09    3.664603343001005e-17
239    1.2400031455632454e-08    6.200015727816227e-09    1.0625181290357943e-16
240    1.2400031536730777e-08    6.200015768365388e-09    6.570265165262157e-17
241    1.2400031410963325e-08    6.200015705481662e-09    1.2858637765678083e-16
242    1.2400031132540207e-08    6.2000155662701034e-09    2.677979366039196e-16
243    1.2400024376225949e-08    6.200012188112974e-09    3.645955065634254e-15
244    1.2399946675793055e-08    6.199973337896528e-09    4.2496171512307335e-14
245    1.2399106187523795e-08    6.1995530937618976e-09    4.627403061424618e-13
246    1.2390917969624937e-08    6.195458984812469e-09    4.556849255571427e-12
247    1.2321226772801092e-08    6.160613386400546e-09    3.9402447667494234e-11
248    1.1828473511429904e-08    5.914236755714952e-09    2.857790783530878e-10
249    9.182679611922234e-09    4.591339805961117e-09    1.6086760281069229e-09
250    0.0    1.3650183370780833e-10    6.063514000360232e-09
251    0.0    4.9373940266134175e-12    6.195078440041427e-09
252    0.0    1.8103292302729113e-13    6.199834801145013e-09
253    0.0    6.622306869541461e-15    6.2000092117611705e-09
254    0.0    2.3548871186385156e-16    6.200015598579328e-09
255    -0.0    -1.3010426069826053e-18    6.200015835369083e-09
256    0.0    8.456776945386935e-18    6.200015825611263e-09
257    -0.0    -3.729655473350135e-17    6.200015871364595e-09
258    0.0    1.3444106938820255e-17    6.200015820623933e-09
259    0.0    3.5778671692021646e-17    6.200015798289368e-09
260    0.0    1.1709383462843448e-17    6.2000158223586566e-09
261    0.0    1.2576745200831851e-17    6.200015821491295e-09
262    -0.0    -9.562663161322149e-17    6.200015929694672e-09
263    0.0    1.8431436932253575e-17    6.200015815636603e-09
264    0.0    3.7730235602495554e-17    6.2000157963378044e-09
265    0.0    1.214306433183765e-17    6.200015821924976e-09
266    -0.0    -8.673617379884035e-18    6.200015842741657e-09
267    -0.0    -1.3097162243624894e-16    6.2000159650396625e-09
268    -0.0    -5.833007687972014e-17    6.200015892398117e-09
269    0.0    3.469446951953614e-17    6.2000157993735705e-09
270    -0.0    -4.7271214720367993e-17    6.200015881339255e-09
271    0.0    6.5052130349130266e-18    6.200015827562827e-09
272    0.0    1.5785983631388945e-16    6.200015676208204e-09
273    -0.0    -1.1709383462843448e-16    6.200015951161875e-09
274    0.0    1.6479873021779667e-17    6.200015817588167e-09
275    0.0    4.640385298237959e-17    6.200015787664187e-09
276    0.0    5.204170427930421e-18    6.20001582886387e-09
277    0.0    7.871307772244762e-17    6.200015755354962e-09
278    -0.0    -4.553649124439119e-18    6.200015838621689e-09
279    -0.0    -1.7780915628762273e-17    6.200015851848956e-09
280    -0.0    -5.377642775528102e-17    6.200015887844468e-09
281    0.0    7.177418381854039e-17    6.200015762293856e-09
282    -0.0    -3.859759734048396e-17    6.200015872665637e-09
283    0.0    7.177418381854039e-17    6.200015762293856e-09
284    -0.0    -6.028164079019405e-17    6.200015894349681e-09
285    0.0    1.3118846287074604e-16    6.200015702879577e-09
286    0.0    6.440160904563896e-17    6.200015769666431e-09
287    0.0    1.8648277366750676e-17    6.200015815419763e-09
288    0.0    5.0523821237824507e-17    6.200015783544219e-09
289    -0.0    -2.0599841277224584e-17    6.200015854667881e-09
290    0.0    1.0842021724855044e-17    6.200015823226018e-09
291    0.0    4.0549161250957866e-17    6.200015793518879e-09
292    -0.0    -2.168404344971009e-18    6.200015836236444e-09
293    -0.0    -8.478460988836645e-17    6.20001591885265e-09
294    0.0    5.204170427930421e-17    6.200015782026336e-09
295    -0.0    -2.4936649967166602e-17    6.20001585900469e-09
296    -0.0    -3.5344990823027445e-17    6.200015869413031e-09
297    -0.0    -3.707971429900425e-17    6.200015871147754e-09
298    -0.0    -1.496198998029996e-17    6.20001584903003e-09
299    0.0    8.218252467440124e-17    6.200015751885515e-09
300    -0.0    -5.4643789493269423e-17    6.2000158887118295e-09
301    -0.0    -3.5344990823027445e-17    6.200015869413031e-09
302    0.0    2.1033522146218786e-17    6.200015813034518e-09
303    0.0    5.160802341031001e-17    6.200015782460017e-09
304    0.0    5.2475385148298415e-17    6.200015781592655e-09
305    -0.0    -4.7921736023859296e-17    6.200015881989776e-09
306    -0.0    -5.355958732078392e-17    6.200015887627627e-09
307    0.0    1.2793585635328952e-17    6.200015821274454e-09
308    -0.0    -1.249000902703301e-16    6.20001595896813e-09
309    0.0    6.548581121812447e-17    6.200015768582229e-09
310    0.0    6.288372600415926e-18    6.2000158277796674e-09
311    -0.0    -8.673617379884035e-18    6.200015842741657e-09
312    -0.0    -7.155734338404329e-17    6.200015905625383e-09
313    0.0    1.474514954580286e-17    6.2000158193228905e-09
314    0.0    1.1709383462843448e-17    6.2000158223586566e-09
315    0.0    9.80118763926896e-17    6.200015736056164e-09
316    -0.0    -3.447762908503904e-17    6.200015868545669e-09
317    -0.0    -1.951563910473908e-18    6.200015836019604e-09
318    0.0    5.898059818321144e-17    6.200015775087442e-09
319    0.0    4.662069341687669e-17    6.200015787447347e-09
320    0.0    5.204170427930421e-18    6.20001582886387e-09
321    -0.0    -5.204170427930421e-18    6.2000158392722104e-09
322    -0.0    -7.047314121155779e-17    6.200015904541181e-09
323    -0.0    -5.637851296924623e-18    6.200015839705891e-09
324    -0.0    -2.4936649967166602e-17    6.20001585900469e-09
325    0.0    1.3227266504323154e-17    6.2000158208407735e-09
326    -0.0    -2.2985086056692694e-17    6.200015857053126e-09
327    0.0    2.2768245622195593e-17    6.200015811299794e-09
328    0.0    2.168404344971009e-19    6.2000158338512e-09
329    -0.0    -6.982261990806649e-17    6.20001590389066e-09
330    0.0    5.898059818321144e-17    6.200015775087442e-09
331    -0.0    -4.4885969940899884e-17    6.20001587895401e-09
332    -0.0    -7.827939685345342e-17    6.200015912347437e-09
333    0.0    1.9081958235744878e-17    6.200015814986082e-09
334    -0.0    -9.475926987523309e-17    6.20001592882731e-09
335    0.0    4.92227786308419e-17    6.200015784845261e-09
336    -0.0    -2.3852447794681098e-18    6.200015836453285e-09
337    0.0    3.0357660829594124e-17    6.200015803710379e-09
338    0.0    4.3151246464923076e-17    6.2000157909167936e-09
339    -0.0    -2.5587171270657905e-17    6.200015859655211e-09
340    -0.0    -2.0383000842727483e-17    6.200015854451041e-09
341    0.0    6.505213034913027e-19    6.200015833417519e-09
342    0.0    1.2967057982926633e-16    6.20001570439746e-09
343    0.0    4.7704895589362195e-18    6.2000158292975505e-09
344    -0.0    -1.2576745200831851e-17    6.200015846644785e-09
345    -0.0    -5.095750210681871e-17    6.200015885025542e-09
346    0.0    5.204170427930421e-18    6.20001582886387e-09
347    0.0    3.924811864397526e-17    6.200015794819921e-09
348    -0.0    -4.401860820291148e-17    6.200015878086648e-09
349    0.0    8.478460988836645e-17    6.20001574928343e-09
350    -0.0    -1.0473392986209973e-16    6.20001593880197e-09
351    0.0    1.3660947373317356e-17    6.200015820407093e-09
352    0.0    2.5153490401663703e-17    6.20001580891455e-09
353    -0.0    -1.691355389077387e-17    6.200015850981594e-09
354    0.0    4.5319650809894085e-17    6.200015788748389e-09
355    0.0    4.92227786308419e-17    6.200015784845261e-09
356    0.0    8.695301423333746e-17    6.200015747115026e-09
357    0.0    3.686287386450715e-18    6.200015830381753e-09
358    -0.0    -2.5153490401663703e-17    6.2000158592215304e-09
359    -0.0    -6.526897078362737e-17    6.200015899337011e-09
360    0.0    4.640385298237959e-17    6.200015787664187e-09
361    0.0    7.589415207398531e-18    6.200015826478625e-09
362    -0.0    -6.917209860457518e-17    6.200015903240139e-09
363    0.0    3.946495907847236e-17    6.200015794603081e-09
364    0.0    4.640385298237959e-17    6.200015787664187e-09
365    0.0    2.3418766925686896e-17    6.200015810649273e-09
366    0.0    7.979727989493313e-17    6.20001575427076e-09
367    0.0    1.3010426069826053e-18    6.2000158327669974e-09
368    0.0    3.165870343657673e-17    6.2000158024093366e-09
369    0.0    2.2768245622195593e-17    6.200015811299794e-09
370    0.0    8.348356728138384e-17    6.200015750584473e-09
371    -0.0    -5.2258544713801314e-17    6.200015886326585e-09
372    0.0    6.678685382510707e-17    6.200015767281186e-09
373    0.0    9.540979117872439e-18    6.200015824527061e-09
374    0.0    1.691355389077387e-17    6.200015817154486e-09
375    -0.0    -4.597017211338539e-17    6.200015880038212e-09
376    -0.0    -1.8431436932253575e-17    6.200015852499477e-09
377    0.0    8.391724815037804e-17    6.200015750150792e-09
378    -0.0    -4.445228907190568e-17    6.200015878520329e-09
379    0.0    5.0523821237824507e-17    6.200015783544219e-09
380    0.0    8.890457814381136e-18    6.200015825177582e-09
381    -0.0    -1.3097162243624894e-16    6.2000159650396625e-09
382    0.0    2.688821387764051e-17    6.200015807179826e-09
383    0.0    1.951563910473908e-17    6.200015814552401e-09
384    0.0    3.361026734705064e-17    6.200015800457773e-09
385    -0.0    -2.2551405187698492e-17    6.200015856619445e-09
386    -0.0    -1.1275702593849246e-17    6.200015845343743e-09
387    -0.0    -5.767955557622884e-17    6.200015891747596e-09
388    -0.0    -8.478460988836645e-17    6.20001591885265e-09
389    -0.0    -3.0140820395097023e-17    6.2000158642088604e-09
390    0.0    4.0549161250957866e-17    6.200015793518879e-09
391    0.0    3.404394821604484e-17    6.200015800024092e-09
392    0.0    1.6436504934880247e-16    6.200015669702991e-09
393    -0.0    -6.331740687315346e-17    6.200015897385447e-09
394    -0.0    -2.862293735361732e-17    6.200015862690977e-09
395    0.0    7.936359902593892e-17    6.200015754704441e-09
396    0.0    6.765421556309548e-17    6.2000157664138245e-09
397    0.0    1.4094628242311558e-17    6.200015819973412e-09
398    0.0    2.0816681711721685e-17    6.200015813251358e-09
399    0.0    1.8648277366750676e-17    6.200015815419763e-09
400    -0.0    -7.090682208055199e-17    6.200015904974862e-09
401    0.0    6.158268339717665e-17    6.200015772485357e-09
402    0.0    1.1058862159352145e-17    6.200015823009178e-09
403    -0.0    -8.001412032943023e-17    6.20001591408216e-09
404    -0.0    -1.5178830414797062e-18    6.200015835585923e-09
405    -0.0    -5.5077470362263625e-17    6.20001588914551e-09
406    -0.0    -3.7730235602495554e-17    6.200015871798276e-09
407    -0.0    -9.974659986866641e-18    6.2000158440427e-09
408    0.0    6.591949208711867e-17    6.200015768148548e-09
409    0.0    6.179952383167375e-17    6.200015772268516e-09
410    -0.0    -8.066464163292153e-17    6.200015914732682e-09
411    -0.0    -1.0842021724855044e-17    6.200015844910062e-09
412    0.0    6.288372600415926e-17    6.200015771184314e-09
413    -0.0    -4.206704429243757e-17    6.200015876135084e-09
414    -0.0    -4.141652298894627e-17    6.200015875484563e-09
415    0.0    2.0383000842727483e-17    6.200015813685039e-09
416    -0.0    -5.789639601072594e-17    6.200015891964436e-09
417    0.0    2.7321894746634712e-17    6.200015806746145e-09
418    -0.0    -2.6237692574149207e-17    6.200015860305733e-09
419    -0.0    -3.165870343657673e-17    6.2000158657267435e-09
420    0.0    7.632783294297951e-17    6.200015757740207e-09
421    -0.0    -2.2551405187698492e-17    6.200015856619445e-09
422    0.0    9.367506770274758e-17    6.200015740392972e-09
423    0.0    1.6046192152785466e-17    6.200015818021848e-09
424    -0.0    -3.382710778154774e-17    6.200015867895148e-09
425    0.0    7.697835424647081e-17    6.200015757089686e-09
426    -0.0    -7.24247051220317e-17    6.200015906492745e-09
427    0.0    4.423544863740858e-17    6.200015789832591e-09
428    0.0    6.028164079019405e-17    6.200015773786399e-09
429    -0.0    -6.223320470066795e-17    6.200015896301245e-09
430    0.0    1.0451708942760263e-16    6.200015729550951e-09
431    -0.0    -4.662069341687669e-17    6.2000158806887334e-09
432    0.0    8.847089727481716e-17    6.200015745597143e-09
433    0.0    2.927345865710862e-17    6.200015804794581e-09
434    -0.0    -4.423544863740858e-17    6.200015878303489e-09
435    0.0    3.5128150388530344e-17    6.20001579893989e-09
436    0.0    6.938893903907228e-18    6.200015827129146e-09
437    -0.0    -1.734723475976807e-18    6.2000158358027635e-09
438    0.0    7.22078646875346e-17    6.200015761860175e-09
439    -0.0    -4.3151246464923076e-17    6.2000158772192865e-09
440    -0.0    -4.618701254788249e-17    6.2000158802550526e-09
441    0.0    4.7271214720367993e-17    6.200015786796825e-09
442    0.0    6.353424730765056e-17    6.200015770533793e-09
443    -0.0    -5.139118297581291e-17    6.200015885459223e-09
444    -0.0    -1.214306433183765e-17    6.200015846211104e-09
445    -0.0    -1.5178830414797062e-18    6.200015835585923e-09
446    -0.0    -2.7755575615628914e-17    6.200015861823616e-09
447    0.0    1.3769367590565906e-16    6.200015696374364e-09
448    -0.0    -4.336808689942018e-18    6.200015838404849e-09
449    0.0    6.548581121812447e-17    6.200015768582229e-09
450    -0.0    -2.710505431213761e-17    6.200015861173094e-09
451    0.0    8.456776945386935e-18    6.200015825611263e-09
452    0.0    2.2768245622195593e-17    6.200015811299794e-09
453    -0.0    -3.0140820395097023e-17    6.2000158642088604e-09
454    -0.0    -3.469446951953614e-17    6.2000158687625095e-09
455    0.0    3.2526065174565133e-18    6.2000158308154335e-09
456    0.0    8.131516293641283e-17    6.200015752752877e-09
457    -0.0    -1.5178830414797062e-17    6.2000158492468704e-09
458    0.0    1.951563910473908e-17    6.200015814552401e-09
459    -0.0    -4.0766001685454967e-17    6.200015874834042e-09
460    0.0    8.673617379884035e-19    6.200015833200678e-09
461    0.0    1.235990476633475e-17    6.200015821708135e-09
462    -0.0    -6.938893903907228e-18    6.200015841006934e-09
463    -0.0    -1.0625181290357943e-17    6.200015844693221e-09
464    0.0    1.0842021724855044e-17    6.200015823226018e-09
465    -0.0    -4.640385298237959e-17    6.200015880471893e-09
466    -0.0    -6.895525817007808e-17    6.200015903023298e-09
467    0.0    1.8431436932253575e-17    6.200015815636603e-09
468    0.0    9.519295074422729e-17    6.200015738875089e-09
469    -0.0    -7.37257477290143e-18    6.200015841440615e-09
470    -0.0    -2.42861286636753e-17    6.200015858354169e-09
471    0.0    1.5851035761738075e-16    6.200015675557682e-09
472    0.0    5.399326818977812e-17    6.200015780074772e-09
473    0.0    1.3010426069826053e-17    6.200015821057614e-09
474    -0.0    -2.6454533008646308e-17    6.200015860522573e-09
475    -0.0    -8.196568423990414e-17    6.200015916033724e-09
476    -0.0    -4.0549161250957866e-17    6.200015874617201e-09
477    0.0    1.7780915628762273e-17    6.200015816287124e-09
478    -0.0    -4.83554168928535e-17    6.200015882423457e-09
479    0.0    2.2551405187698492e-17    6.200015811516635e-09
480    0.0    4.4885969940899884e-17    6.20001578918207e-09
481    -0.0    -7.632783294297951e-17    6.200015910395873e-09
482    0.0    1.0364972768961422e-16    6.200015730418312e-09
483    -0.0    -6.353424730765056e-17    6.200015897602287e-09
484    0.0    7.41594285980085e-17    6.2000157599086114e-09
485    0.0    3.7730235602495554e-17    6.2000157963378044e-09
486    0.0    1.0191500421363742e-17    6.20001582387654e-09
487    0.0    1.8865117801247777e-17    6.200015815202922e-09
488    -0.0    -6.700369425960417e-17    6.200015901071734e-09
489    0.0    3.230922474006803e-17    6.200015801758815e-09
490    -0.0    -2.233456475320139e-17    6.200015856402605e-09
491    -0.0    -5.984795992119984e-17    6.200015893916e-09
492    -0.0    -4.466912950640278e-17    6.2000158787371695e-09
493    -0.0    -6.028164079019405e-17    6.200015894349681e-09
494    0.0    2.8666305440516737e-16    6.200015547404986e-09
495    0.0    6.487215278849767e-15    6.200009346852761e-09
496    0.0    1.810504871024854e-13    6.1998347835809375e-09
497    0.0    4.9373586816225945e-12    6.1950784753864174e-09
498    0.0    1.3650184151406397e-10    6.063513992553976e-09
499    9.182680165732704e-09    4.591340082866352e-09    1.608675751201688e-09
