0.001 5.414948229761681 
0.008068965517241379 5.414948226829456 
0.015137931034482757 5.414948578646057 
0.02220689655172414 5.415332844186626 
0.029275862068965517 5.419923830543146 
0.0363448275862069 5.437948025567364 
0.04341379310344828 5.480533685824999 
0.050482758620689655 5.558547015996153 
0.05755172413793103 5.683624693584516 
0.06462068965517241 5.870886391896501 
0.0716896551724138 6.143330923158696 
0.07875862068965517 6.540182914961566 
0.08582758620689655 7.136285007820405 
0.09289655172413792 8.097903478690343 
0.09996551724137931 9.901694697359977 
0.10703448275862068 14.971937504737165 
0.11410344827586207 nan 
0.12117241379310345 nan 
0.12824137931034482 nan 
0.1353103448275862 nan 
0.1423793103448276 nan 
0.14944827586206896 nan 
0.15651724137931033 nan 
0.1635862068965517 nan 
0.1706551724137931 nan 
0.17772413793103448 nan 
0.18479310344827585 nan 
0.19186206896551725 nan 
0.19893103448275862 nan 
0.206 nan 
