0    3.0328914277062565e-09    1.5164457138531283e-09    5.483561489630587e-09
1    4.187680216838781e-09    2.0938401084193904e-09    4.9061670950643255e-09
2    5.293666350466657e-09    2.6468331752333284e-09    4.353174028250387e-09
3    6.340641505846423e-09    3.1703207529232113e-09    3.8296864505605046e-09
4    7.319938309160051e-09    3.6599691545800253e-09    3.34003804890369e-09
5    8.225041404098487e-09    4.112520702049244e-09    2.887486501434472e-09
6    9.051691175895702e-09    4.525845587947851e-09    2.4741616155358645e-09
7    9.797837927049255e-09    4.8989189635246275e-09    2.101088239959088e-09
8    1.0463496125848378e-08    5.231748062924189e-09    1.7682591405595262e-09
9    1.1050513173718238e-08    5.525256586859119e-09    1.4747506166245964e-09
10    1.156228537252649e-08    5.781142686263245e-09    1.2188645172204708e-09
11    1.2003433513717982e-08    6.001716756858991e-09    9.982904466247243e-10
12    1.2379473460210454e-08    6.189736730105227e-09    8.102704733784887e-10
13    1.2696494646578016e-08    6.348247323289008e-09    6.517598801947073e-10
14    1.2960864028294317e-08    6.480432014147159e-09    5.195751893365567e-10
15    1.3178971691208517e-08    6.5894858456042585e-09    4.1052135787945695e-10
16    1.3357019480257845e-08    6.678509740128923e-09    3.214974633547927e-10
17    1.3500859385418537e-08    6.750429692709269e-09    2.4957751077444677e-10
18    1.3615878357597208e-08    6.807939178798604e-09    1.920680246851113e-10
19    1.3706928288050203e-08    6.853464144025102e-09    1.4654305945861378e-10
20    1.3778293666489508e-08    6.889146833244754e-09    1.1086037023896169e-10
21    1.3833687128937699e-08    6.9168435644688495e-09    8.316363901486597e-11
22    1.387627426100661e-08    6.938137130503305e-09    6.187007298041076e-11
23    1.3908709374934526e-08    6.954354687467263e-09    4.5652516016452645e-11
24    1.3933185267823401e-08    6.966592633911701e-09    3.3414569572014766e-11
25    1.3951488588592935e-08    6.9757442942964675e-09    2.4262909187247913e-11
26    1.3965054981459252e-08    6.982527490729626e-09    1.7479712754089553e-11
27    1.3975022426542072e-08    6.987511213271036e-09    1.2495990212679542e-11
28    1.3982283944191327e-08    6.9911419720956635e-09    8.865231388051917e-12
29    1.3987529389674265e-08    6.993764694837132e-09    6.242508646583196e-12
30    1.3991287702759999e-08    6.9956438513799995e-09    4.363352103715932e-12
31    1.399395904045977e-08    6.996979520229885e-09    3.027683253830066e-12
32    1.3995842190129804e-08    6.997921095064902e-09    2.0861084188134267e-12
33    1.3997159873092067e-08    6.9985799365460335e-09    1.427266937681939e-12
34    1.399807468068882e-08    6.99903734034441e-09    9.698631393055671e-13
35    1.3998705316487905e-08    6.999352658243953e-09    6.545452397627198e-13
36    1.3999136872328624e-08    6.999568436164312e-09    4.3876731940350825e-13
37    1.3999430278930582e-08    6.999715139465291e-09    2.920640184246813e-13
38    1.3999627809674177e-08    6.999813904837088e-09    1.9329864662704587e-13
39    1.3999760244856584e-08    6.999880122428292e-09    1.270810554232131e-13
40    1.3999847823850288e-08    6.999923911925144e-09    8.329155857147475e-14
41    1.3999906403201147e-08    6.999953201600574e-09    5.40018831418546e-14
42    1.3999944722470864e-08    6.999972361235432e-09    3.484224828321326e-14
43    1.3999969720583165e-08    6.999984860291583e-09    2.2343192132839395e-14
44    1.399998563851307e-08    6.999992819256535e-09    1.438422718074072e-14
45    1.3999996399634368e-08    6.999998199817184e-09    9.0036665313921e-15
46    1.4000002690846584e-08    7.000001345423292e-09    5.8580604236391655e-15
47    1.400000727619744e-08    7.00000363809872e-09    3.565384995560766e-15
48    1.4000009581976356e-08    7.000004790988178e-09    2.4124955375092455e-15
49    1.4000011440582114e-08    7.000005720291057e-09    1.483192658232396e-15
50    1.4000012683946493e-08    7.000006341973246e-09    8.615104691303566e-16
51    1.4000013221201096e-08    7.000006610600548e-09    5.928831673298862e-16
52    1.4000013781138389e-08    7.000006890569194e-09    3.129145211908768e-16
53    1.4000014084065923e-08    7.0000070420329615e-09    1.6145075391161586e-16
54    1.400001400140688e-08    7.00000700070344e-09    2.0278027569809503e-16
55    1.4000014382403896e-08    7.000007191201948e-09    1.2281767631311766e-17
56    1.4000014312161763e-08    7.000007156080881e-09    4.7402834045076206e-17
57    1.4000014322975075e-08    7.000007161487537e-09    4.199617807499893e-17
58    1.400001409241474e-08    7.00000704620737e-09    1.5727634559133638e-16
59    1.4000014551549923e-08    7.000007275774962e-09    7.229124614764117e-17
60    1.4000014047064877e-08    7.0000070235324385e-09    1.7995127696862986e-16
61    1.4000013961521943e-08    7.000006980760971e-09    2.2272274413481453e-16
62    1.4000014406967431e-08    7.0000072034837154e-09    0.0
63    1.400001450390469e-08    7.000007251952345e-09    4.846862979457118e-17
64    1.400001411772191e-08    7.000007058860955e-09    1.4462276027468203e-16
65    1.4000014463351491e-08    7.0000072316757455e-09    2.8192030021217006e-17
66    1.4000014272253539e-08    7.0000071361267696e-09    6.735694587609801e-17
67    1.4000014608196375e-08    7.0000073040981874e-09    1.0061447197709276e-16
68    1.400001412081999e-08    7.000007060409995e-09    1.430737206482499e-16
69    1.4000014156010772e-08    7.000007078005386e-09    1.2547832922317408e-16
70    1.4000014086368051e-08    7.0000070431840255e-09    1.6029968990303708e-16
71    1.400001395297357e-08    7.000006976486785e-09    2.269969302893026e-16
72    1.4000013170790144e-08    7.000006585395072e-09    6.18088643551507e-16
73    1.4000012886426364e-08    7.000006443213182e-09    7.602705336320686e-16
74    1.4000011868402311e-08    7.000005934201156e-09    1.2692825598589204e-15
75    1.4000010111583432e-08    7.000005055791716e-09    2.1476919996858516e-15
76    1.400000730261759e-08    7.000003651308795e-09    3.5521749203511135e-15
77    1.4000003380517239e-08    7.000001690258619e-09    5.5132250960812766e-15
78    1.3999996416602197e-08    6.999998208301098e-09    8.995182617132357e-15
79    1.3999985974444945e-08    6.9999929872224725e-09    1.4216261242959086e-14
80    1.3999969459359526e-08    6.999984729679763e-09    2.24738039523887e-14
81    1.3999944665885242e-08    6.999972332942621e-09    3.487054109443877e-14
82    1.399990619529423e-08    6.999953097647115e-09    5.410583660033898e-14
83    1.3999848430556834e-08    6.999924215278417e-09    8.298820529863547e-14
84    1.3999760334301957e-08    6.999880167150978e-09    1.2703633273707075e-13
85    1.3999627752482206e-08    6.999813876241103e-09    1.9332724261237359e-13
86    1.39994298849739e-08    6.99971494248695e-09    2.9226099676540026e-13
87    1.399913704631143e-08    6.999568523155715e-09    4.3868032800064987e-13
88    1.3998705529753452e-08    6.999352764876726e-09    6.544386069893036e-13
89    1.3998075172373208e-08    6.999037586186604e-09    9.696172971114656e-13
90    1.3997159868377233e-08    6.998579934188617e-09    1.4272692950987083e-12
91    1.3995842014842716e-08    6.997921007421358e-09    2.0861960623572082e-12
92    1.3993958705628168e-08    6.996979352814084e-09    3.027850669631529e-12
93    1.3991287926283403e-08    6.995643963141701e-09    4.363240342014091e-12
94    1.3987529153599437e-08    6.993764576799719e-09    6.2426266839968115e-12
95    1.3982283786264526e-08    6.991141893132263e-09    8.86531035145269e-12
96    1.3975022014943166e-08    6.987511007471583e-09    1.2496196012132216e-11
97    1.396505491962231e-08    6.982527459811155e-09    1.747974367256064e-11
98    1.395148842055081e-08    6.975744210275405e-09    2.426299320831054e-11
99    1.3933185176335364e-08    6.966592588167682e-09    3.341461531603322e-11
100    1.3908709162195329e-08    6.954354581097664e-09    4.5652622386051105e-11
101    1.3876274145549873e-08    6.938137072774936e-09    6.187013070877909e-11
102    1.383368732323514e-08    6.91684366161757e-09    8.31635418661451e-11
103    1.3778293266653617e-08    6.889146633326808e-09    1.1086057015690709e-10
104    1.3706928378735852e-08    6.853464189367926e-09    1.465430141157895e-10
105    1.361587845114324e-08    6.80793922557162e-09    1.9206797791209505e-10
106    1.3500859477935054e-08    6.750429738967527e-09    2.495774645161883e-10
107    1.3357019851072637e-08    6.6785099255363186e-09    3.2149727794739686e-10
108    1.3178971846989897e-08    6.589485923494948e-09    4.1052127998876716e-10
109    1.2960864259051968e-08    6.480432129525984e-09    5.195750739577314e-10
110    1.2696494331451627e-08    6.348247165725814e-09    6.517600377579017e-10
111    1.2379473542791213e-08    6.189736771395606e-09    8.102704320881091e-10
112    1.2003433496072754e-08    6.001716748036377e-09    9.982904554473384e-10
113    1.1562285312856757e-08    5.7811426564283785e-09    1.218864547055337e-09
114    1.105051327800356e-08    5.52525663900178e-09    1.4747505644819356e-09
115    1.0463495911127927e-08    5.231747955563963e-09    1.768259247919752e-09
116    9.797838266831718e-09    4.898919133415859e-09    2.1010880700678566e-09
117    9.051691062590793e-09    4.5258455312953965e-09    2.474161672188319e-09
118    8.225041800250423e-09    4.112520900125212e-09    2.887486303358504e-09
119    7.319938385738518e-09    3.659969192869259e-09    3.3400380106144566e-09
120    6.340641667799029e-09    3.1703208338995143e-09    3.829686369584201e-09
121    5.293666398138366e-09    2.646833199069183e-09    4.3531740044145324e-09
122    4.187680507048992e-09    2.093840253524496e-09    4.906166949959219e-09
123    3.0328918445293137e-09    1.5164459222646568e-09    5.483561281219058e-09
124    1.8352010890027057e-09    9.176005445013528e-10    6.082406658982363e-09
125    0.0    2.3466091190419563e-10    6.76534629157952e-09
126    0.0    7.870354259726544e-11    6.92130366088645e-09
127    0.0    2.7302556957027238e-11    6.9727046465266884e-09
128    0.0    9.532207760262689e-12    6.990474995723452e-09
129    0.0    3.3325813628879476e-12    6.996674622120827e-09
130    0.0    1.1655535559970672e-12    6.998841649927718e-09
131    0.0    4.076572932066661e-13    6.9995995461905086e-09
132    0.0    1.4259583390956302e-13    6.999864607649806e-09
133    0.0    4.992441410010534e-14    6.999957279069615e-09
134    0.0    1.7326473193100564e-14    6.999989877010522e-09
135    0.0    6.105918975122099e-15    7.000001097564741e-09
136    0.0    2.1162941369020955e-15    7.0000050871895785e-09
137    0.0    7.019900933793659e-16    7.000006501493622e-09
138    0.0    1.6142607725278702e-16    7.000007042057638e-09
139    0.0    1.1972008840553726e-16    7.000007083763627e-09
140    -0.0    -1.5034976261648578e-17    7.000007218518692e-09
141    0.0    4.9641175270067655e-17    7.00000715384254e-09
142    -0.0    -3.758692780214166e-18    7.0000072072424084e-09
143    -0.0    -1.511485874776405e-17    7.000007218598574e-09
144    -0.0    -1.2170584196547467e-16    7.000007325189558e-09
145    0.0    4.519531935997277e-17    7.000007158288396e-09
146    -0.0    -3.007481200260075e-17    7.000007233558528e-09
147    -0.0    -3.778202744859903e-17    7.000007241265743e-09
148    0.0    1.166564406490681e-16    7.000007086827275e-09
149    -0.0    -1.6979621943671822e-17    7.000007220463337e-09
150    0.0    2.8227697635639986e-18    7.000007200660946e-09
151    0.0    1.3200522028379786e-16    7.000007071478495e-09
152    -0.0    -4.4924585316833273e-17    7.000007248408301e-09
153    0.0    1.153526479767415e-16    7.000007088131067e-09
154    -0.0    -9.829700472265602e-17    7.00000730178072e-09
155    -0.0    -3.4568258508467954e-17    7.000007238051974e-09
156    0.0    7.112366251504909e-17    7.000007132360053e-09
157    -0.0    -5.484941625379245e-17    7.000007258333131e-09
158    0.0    1.7380427036207986e-17    7.000007186103288e-09
159    0.0    1.2485710252107634e-17    7.000007190998006e-09
160    0.0    8.037707270655778e-17    7.000007123106642e-09
161    -0.0    -3.1579176431329503e-17    7.000007235062892e-09
162    -0.0    -5.62961551451477e-17    7.00000725977987e-09
163    0.0    4.8389198328684704e-18    7.000007198644796e-09
164    -0.0    -2.7680051750956138e-17    7.000007231163767e-09
165    0.0    3.820221400327277e-17    7.000007165281501e-09
166    -0.0    -1.1765048168574898e-17    7.000007215248764e-09
167    0.0    1.256913140654385e-16    7.000007077792401e-09
168    -0.0    -1.239559100266127e-16    7.000007327439625e-09
169    0.0    3.586678462523202e-17    7.000007167616931e-09
170    -0.0    -8.117176983305827e-17    7.000007284655485e-09
171    0.0    7.995324045673178e-17    7.000007123530475e-09
172    -0.0    -3.090674673232685e-17    7.000007234390462e-09
173    0.0    5.367105569858973e-18    7.0000071981166095e-09
174    0.0    5.567944877830241e-17    7.000007147804267e-09
175    -0.0    -1.8229473547868394e-17    7.000007221713189e-09
176    -0.0    -6.271375382996456e-17    7.000007266197469e-09
177    0.0    3.810152647718552e-17    7.000007165382189e-09
178    -0.0    -7.972787985513023e-17    7.000007283211596e-09
179    0.0    3.721577599719218e-18    7.000007199762138e-09
180    0.0    4.083525820942158e-17    7.000007162648457e-09
181    0.0    3.665198830323982e-18    7.000007199818517e-09
182    -0.0    -1.1550960084508248e-16    7.000007318993316e-09
183    0.0    4.8720068505754384e-17    7.000007154763647e-09
184    0.0    5.299568650988279e-17    7.000007150488029e-09
185    -0.0    -6.735850242321568e-17    7.000007270842218e-09
186    0.0    8.769299615405213e-17    7.0000071157907195e-09
187    -0.0    -4.0007060164715114e-17    7.000007243490776e-09
188    0.0    6.895144952034516e-17    7.000007134532266e-09
189    -0.0    -1.9521267345024467e-17    7.000007223004983e-09
190    0.0    1.0312945135024338e-16    7.000007100354264e-09
191    -0.0    -4.673597964679974e-18    7.000007208157313e-09
192    0.0    9.652843880627783e-17    7.000007106955277e-09
193    -0.0    -5.50811671358187e-17    7.0000072585648825e-09
194    -0.0    -5.518748145462527e-17    7.000007258671197e-09
195    -0.0    -5.975931180213315e-17    7.000007263243027e-09
196    -0.0    -4.1063249658961357e-17    7.000007244546965e-09
197    0.0    1.6396784176814788e-17    7.000007187086931e-09
198    -0.0    -3.106653290106099e-18    7.0000072065903684e-09
199    -0.0    -4.530330179188213e-18    7.0000072080140455e-09
200    -0.0    -1.0323760924784017e-16    7.000007306721324e-09
201    0.0    4.673023808277043e-17    7.000007156753478e-09
202    -0.0    -2.0322567957752548e-17    7.000007223806283e-09
203    -0.0    -7.177251953114794e-17    7.000007275256235e-09
204    -0.0    -6.8365597714131134e-18    7.0000072103202755e-09
205    0.0    7.492817717209079e-17    7.000007128555538e-09
206    0.0    4.9126621779764756e-17    7.000007154357094e-09
207    0.0    2.9905028528983297e-17    7.000007173578687e-09
208    0.0    2.7051420541605132e-17    7.000007176432295e-09
209    0.0    6.0983732462179815e-18    7.000007197385342e-09
210    -0.0    -2.1145967631123173e-18    7.0000072055983125e-09
211    0.0    1.938588879462493e-17    7.000007184097827e-09
212    -0.0    -1.0534911731854522e-16    7.000007308832833e-09
213    0.0    3.650115202193835e-17    7.0000071669825635e-09
214    0.0    3.648706255116716e-17    7.000007166996653e-09
215    0.0    2.5576432605150588e-17    7.000007177907283e-09
216    0.0    6.817914500020709e-17    7.00000713530457e-09
217    -0.0    -1.5312982773336065e-17    7.000007218796698e-09
218    0.0    1.1232334506949826e-16    7.00000709116037e-09
219    -0.0    -1.0868766955600721e-17    7.000007214352482e-09
220    0.0    7.310589383654067e-17    7.000007130377821e-09
221    -0.0    -6.253178133303326e-17    7.000007266015497e-09
222    -0.0    -1.4859863263344444e-17    7.000007218343578e-09
223    -0.0    -4.261595927897623e-17    7.000007246099674e-09
224    0.0    4.488248306442524e-17    7.000007158601232e-09
225    -0.0    -9.199775304282379e-17    7.0000072954814685e-09
226    0.0    1.7089004895755807e-17    7.000007186394711e-09
227    -0.0    -3.5054201268948716e-17    7.000007238537917e-09
228    -0.0    -1.3863530729571646e-17    7.000007217347246e-09
229    -0.0    -2.376522015152131e-17    7.000007227248935e-09
230    0.0    9.11965738188506e-17    7.0000071122871414e-09
231    -0.0    -2.3262756733051485e-17    7.000007226746472e-09
232    0.0    2.9731370541376644e-17    7.000007173752345e-09
233    -0.0    -3.8486816556562334e-17    7.000007241970532e-09
234    0.0    1.8399750868991058e-16    7.000007019486207e-09
235    0.0    2.9962118777102905e-16    7.000006903862528e-09
236    0.0    8.537109676249576e-16    7.000006349772748e-09
237    0.0    2.1726233298477037e-15    7.000005030860385e-09
238    0.0    6.0860011229600235e-15    7.000001117482592e-09
239    0.0    1.745235806525799e-14    6.99998975112565e-09
240    0.0    4.983633810175009e-14    6.999957367145614e-09
241    0.0    1.425568320297661e-13    6.999864646651686e-09
242    0.0    4.0754071735522557e-13    6.99959966276636e-09
243    0.0    1.1653998598651496e-12    6.9988418036238505e-09
244    0.0    3.3325503129623517e-12    6.996674653170753e-09
245    0.0    9.532158964079505e-12    6.990475044519636e-09
246    0.0    2.7302582968980362e-11    6.972704620514735e-09
247    0.0    7.870354286321166e-11    6.921303660620504e-09
248    0.0    2.346609617952932e-10    6.765346241688422e-09
249    1.835200892077657e-09    9.176004460388285e-10    6.082406757444887e-09
