##delta---ln(1+exp(Ekq))-ln(1+exp(Ek0))
0.0 2.2648549702352938e-14 
0.0015151515151515152 2.242650509742791e-14 
0.0030303030303030303 2.1982415887577857e-14 
0.004545454545454545 2.0872192862952725e-14 
0.006060606060606061 1.9539925233402566e-14 
0.007575757575757576 1.7985612998927375e-14 
0.00909090909090909 1.643130076445218e-14 
0.010606060606060607 1.443289932012693e-14 
0.012121212121212121 1.2656542480726704e-14 
0.013636363636363636 1.0880185641326474e-14 
0.015151515151515152 9.103828801926243e-15 
0.016666666666666666 7.549516567451036e-15 
0.01818181818181818 6.217248937900858e-15 
0.019696969696969695 4.884981308350677e-15 
0.021212121212121213 3.774758283725525e-15 
0.022727272727272728 2.8865798640254027e-15 
0.024242424242424242 2.2204460492503107e-15 
0.025757575757575757 1.554312234475218e-15 
0.02727272727272727 1.110223024625156e-15 
0.02878787878787879 8.881784197001248e-16 
0.030303030303030304 6.661338147750937e-16 
0.031818181818181815 4.440892098500625e-16 
0.03333333333333333 2.2204460492503128e-16 
0.03484848484848485 2.2204460492503128e-16 
0.03636363636363636 2.2204460492503128e-16 
0.03787878787878788 0.0 
0.03939393939393939 0.0 
0.04090909090909091 0.0 
0.04242424242424243 0.0 
0.04393939393939394 0.0 
0.045454545454545456 0.0 
0.04696969696969697 0.0 
0.048484848484848485 0.0 
0.05 0.0 
0.051515151515151514 0.0 
0.05303030303030303 0.0 
0.05454545454545454 0.0 
0.05606060606060606 0.0 
0.05757575757575758 0.0 
0.05909090909090909 0.0 
0.06060606060606061 0.0 
0.06212121212121212 0.0 
0.06363636363636363 0.0 
0.06515151515151515 0.0 
0.06666666666666667 0.0 
0.06818181818181818 0.0 
0.0696969696969697 0.0 
0.07121212121212121 0.0 
0.07272727272727272 0.0 
0.07424242424242425 0.0 
0.07575757575757576 0.0 
0.07727272727272727 0.0 
0.07878787878787878 0.0 
0.0803030303030303 0.0 
0.08181818181818182 0.0 
0.08333333333333333 0.0 
0.08484848484848485 0.0 
0.08636363636363636 0.0 
0.08787878787878788 0.0 
0.0893939393939394 0.0 
0.09090909090909091 0.0 
0.09242424242424242 0.0 
0.09393939393939393 0.0 
0.09545454545454546 0.0 
0.09696969696969697 0.0 
0.09848484848484848 0.0 
0.1 0.0 
0.10151515151515152 0.0 
0.10303030303030303 0.0 
0.10454545454545454 0.0 
0.10606060606060606 0.0 
0.10757575757575757 0.0 
0.10909090909090909 0.0 
0.11060606060606061 0.0 
0.11212121212121212 0.0 
0.11363636363636363 0.0 
0.11515151515151516 0.0 
0.11666666666666667 0.0 
0.11818181818181818 0.0 
0.11969696969696969 0.0 
0.12121212121212122 0.0 
0.12272727272727273 0.0 
0.12424242424242424 0.0 
0.12575757575757576 0.0 
0.12727272727272726 0.0 
0.12878787878787878 0.0 
0.1303030303030303 0.0 
0.1318181818181818 0.0 
0.13333333333333333 0.0 
0.13484848484848486 0.0 
0.13636363636363635 0.0 
0.13787878787878788 0.0 
0.1393939393939394 0.0 
0.1409090909090909 0.0 
0.14242424242424243 0.0 
0.14393939393939395 0.0 
0.14545454545454545 0.0 
0.14696969696969697 0.0 
0.1484848484848485 0.0 
0.15 0.0 
