0.001 0.0 nan 
0.001 0.005 nan 
0.001 0.01 nan 
0.001 0.015 nan 
0.001 0.02 nan 
0.01075 0.0 nan 
0.01075 0.005 2.4064390646014897 
0.01075 0.01 2.4581054457612135 
0.01075 0.015 2.546326880212631 
0.01075 0.02 2.6744549287451203 
0.0205 0.0 nan 
0.0205 0.005 8.254528864580973 
0.0205 0.01 8.320314317940788 
0.0205 0.015 8.432298598398827 
0.0205 0.02 8.594307529808335 
0.03025 0.0 nan 
0.03025 0.005 15.291186116991398 
0.03025 0.01 15.373742566502994 
0.03025 0.015 15.514266976228049 
0.03025 0.02 15.717520579529362 
0.04 0.0 nan 
0.04 0.005 158.76812478057326 
0.04 0.01 99.59099598142154 
0.04 0.015 66.66647430709502 
0.04 0.02 49.99999999590761 
