0.001 nan 
0.00301010101010101 nan 
0.00502020202020202 nan 
0.00703030303030303 nan 
0.00904040404040404 nan 
0.01105050505050505 nan 
0.01306060606060606 nan 
0.015070707070707071 nan 
0.017080808080808082 nan 
0.019090909090909092 nan 
0.021101010101010103 nan 
0.023111111111111114 nan 
0.02512121212121212 nan 
0.02713131313131313 nan 
0.02914141414141414 nan 
0.031151515151515152 nan 
0.03316161616161616 nan 
0.03517171717171717 nan 
0.037181818181818184 nan 
0.039191919191919194 nan 
0.041202020202020205 nan 
0.043212121212121216 nan 
0.045222222222222226 nan 
0.04723232323232324 nan 
0.04924242424242424 nan 
0.05125252525252525 nan 
0.05326262626262626 0.21737204072010255 
0.05527272727272727 0.3981765379567496 
0.05728282828282828 0.5298352199236261 
0.05929292929292929 0.6430875201770984 
0.061303030303030304 0.7461721117839248 
0.06331313131313131 0.8426439524905034 
0.06532323232323232 0.9343798143261747 
0.06733333333333333 1.0224965402404667 
0.06934343434343435 1.107716973674771 
0.07135353535353535 1.1905405591650842 
0.07336363636363637 1.2713318366639654 
0.07537373737373737 1.3503702725425044 
0.07738383838383839 1.4278794742908687 
0.07939393939393939 1.504045682270404 
0.08140404040404041 1.5790292936963186 
0.08341414141414141 1.6529728862457367 
0.08542424242424243 1.7260063235631002 
0.08743434343434343 1.798250563452943 
0.08944444444444445 1.86982040926837 
0.09145454545454546 1.9408263029109256 
0.09346464646464647 2.0113759468732035 
0.09547474747474748 2.0815754594814746 
0.09748484848484848 2.1515303191461874 
0.0994949494949495 2.221346331622862 
0.1015050505050505 2.291130226413986 
0.10351515151515152 2.3609903635060956 
0.10552525252525252 2.43103759187739 
0.10753535353535354 2.50138582307819 
0.10954545454545454 2.5721527968598177 
0.11155555555555556 2.6434609006011756 
0.11356565656565656 2.715437871608659 
0.11557575757575758 2.7882179822426854 
0.11758585858585859 2.861942829056982 
0.1195959595959596 2.9367626118188026 
0.1216060606060606 3.0128375596995793 
0.12361616161616162 3.090339230122301 
0.1256262626262626 3.169452385989709 
0.12763636363636363 3.250377001603679 
0.12964646464646465 3.3333304393098926 
0.13165656565656567 3.418550432213537 
0.13366666666666666 3.506297984547621 
0.13567676767676767 3.5968614556687757 
0.1376868686868687 3.690560791648167 
0.1396969696969697 3.7877531134005564 
0.1417070707070707 3.8888390048227763 
0.14371717171717172 3.99427069802087 
0.14572727272727273 4.104561469902007 
0.14773737373737375 4.220297538266752 
0.14974747474747474 4.342153127954175 
0.15175757575757576 4.470908794969877 
0.15376767676767678 4.60747503037946 
0.1557777777777778 4.752922570806462 
0.15778787878787878 4.90852166760842 
0.1597979797979798 5.075793327755465 
0.16180808080808082 5.256578436797563 
0.1638181818181818 5.453139289648929 
0.16582828282828282 5.668245852960456 
0.16783838383838384 5.905442032996203 
0.16984848484848486 6.169221976534701 
0.17185858585858585 6.465459851066739 
0.17386868686868687 6.801991868694114 
0.17587878787878788 7.18955118872699 
0.1778888888888889 7.6433124829275245 
0.1798989898989899 8.1855787451335 
0.1819090909090909 8.850766206994168 
0.18391919191919193 9.69544326637887 
0.18592929292929294 10.820870237926822 

0.18793939393939393 12.43182842307034 
0.18994949494949495 15.030452572877316 

0.19195959595959597 20.38299392664266 
0.19396969696969696 44.470369289447106 

0.19597979797979798 76.4655579199746 
0.197989898989899 77.89604602941229 
0.2 40.083520755933556 
