0    2.0943919366255153    0.418878387325103    0.004789628363851828
1    2.1153778741479767    0.42307557482959535    0.0005924408593594999
2    2.11787228581816    0.423574457163632    9.355852532283437e-05
3    2.118276116650069    0.4236552233300138    1.279235894102726e-05
4    2.118330118495886    0.42366602369917716    1.991989777683223e-06
5    2.118338655012539    0.42366773100250776    2.846864470829047e-07
6    2.1183398570752625    0.42366797141505247    4.427390237760065e-08
7    2.1183400457405774    0.4236680091481155    6.540839370128282e-09
8    2.1183400731717676    0.4236680146343535    1.0546013506917973e-09
9    2.118340077536413    0.4236680155072826    1.816722328129572e-10
10    2.1183400782254456    0.4236680156450891    4.3865744370208404e-11
11    2.118340078361414    0.42366801567228285    1.667199711619105e-11
12    2.1183400783997453    0.42366801567994905    9.005796108851882e-12
13    2.1183400784170807    0.42366801568341617    5.538680625249981e-12
14    2.118340078427058    0.4236680156854116    3.543221271939956e-12
15    2.118340078433317    0.4236680156866634    2.291444811675092e-12
16    2.118340078437338    0.42366801568746754    1.487310274939091e-12
17    2.11834007843994    0.423668015687988    9.668377209948176e-13
18    2.1183400784416273    0.42366801568832546    6.293854326600012e-13
19    2.1183400784427224    0.42366801568854445    4.103939410526891e-13
20    2.118340078443443    0.4236680156886886    2.6623148130511254e-13
21    2.1183400784439055    0.4236680156887811    1.73749903353837e-13
22    2.118340078444208    0.42366801568884155    1.1329825966299722e-13
23    2.1183400784444038    0.4236680156888808    7.405187574249794e-14
24    2.118340078444537    0.4236680156889074    4.746203430272544e-14
25    2.118340078444618    0.4236680156889236    3.1252778143198157e-14
26    2.1183400784446746    0.423668015688935    1.9872992140790302e-14
27    2.1183400784447084    0.42366801568894163    1.3211653993039363e-14
28    2.1183400784447324    0.4236680156889465    8.326672684688674e-15
29    2.1183400784447453    0.423668015688949    5.828670879282072e-15
30    2.1183400784447564    0.42366801568895124    3.608224830031759e-15
31    2.1183400784447652    0.423668015688953    1.8318679906315083e-15
32    2.118340078444771    0.4236680156889542    6.661338147750939e-16
33    2.1183400784447697    0.4236680156889539    9.43689570931383e-16
34    2.118340078444773    0.42366801568895457    2.7755575615628914e-16
35    2.118340078444774    0.4236680156889548    5.551115123125783e-17
36    2.1183400784447746    0.4236680156889549    5.551115123125783e-17
37    2.118340078444774    0.42366801568895485    0.0
38    2.1183400784447737    0.42366801568895474    1.1102230246251565e-16
39    2.1183400784447755    0.42366801568895507    2.220446049250313e-16
40    2.1183400784447746    0.4236680156889549    5.551115123125783e-17
41    2.118340078444774    0.42366801568895485    0.0
42    2.118340078444775    0.42366801568895496    1.1102230246251565e-16
43    2.1183400784447755    0.4236680156889551    2.7755575615628914e-16
44    2.1183400784447755    0.4236680156889551    2.7755575615628914e-16
45    2.118340078444775    0.423668015688955    1.6653345369377348e-16
46    2.118340078444774    0.42366801568895485    0.0
47    2.1183400784447755    0.4236680156889551    2.7755575615628914e-16
48    2.1183400784447746    0.4236680156889549    5.551115123125783e-17
49    2.118340078444775    0.42366801568895496    1.1102230246251565e-16
50    2.118340078444775    0.423668015688955    1.6653345369377348e-16
51    2.1183400784447763    0.42366801568895524    3.885780586188048e-16
52    2.118340078444776    0.4236680156889552    3.3306690738754696e-16
53    2.118340078444774    0.42366801568895485    0.0
54    2.1183400784447737    0.42366801568895474    1.1102230246251565e-16
55    2.118340078444776    0.4236680156889552    3.3306690738754696e-16
56    2.1183400784447732    0.4236680156889546    2.220446049250313e-16
57    2.118340078444775    0.423668015688955    1.6653345369377348e-16
58    2.1183400784447732    0.4236680156889547    1.6653345369377348e-16
59    2.118340078444775    0.42366801568895496    1.1102230246251565e-16
60    2.118340078444775    0.423668015688955    1.6653345369377348e-16
61    2.118340078444776    0.4236680156889552    3.3306690738754696e-16
62    2.118340078444774    0.42366801568895485    0.0
63    2.1183400784447772    0.42366801568895546    6.106226635438361e-16
64    2.118340078444775    0.423668015688955    1.6653345369377348e-16
65    2.118340078444774    0.42366801568895485    0.0
66    2.1183400784447763    0.4236680156889553    4.440892098500626e-16
67    2.118340078444777    0.42366801568895535    4.996003610813204e-16
68    2.118340078444777    0.4236680156889554    5.551115123125783e-16
69    2.118340078444776    0.4236680156889552    3.3306690738754696e-16
70    2.1183400784447763    0.4236680156889553    4.440892098500626e-16
71    2.1183400784447746    0.4236680156889549    5.551115123125783e-17
72    2.1183400784447763    0.42366801568895524    3.885780586188048e-16
73    2.1183400784447755    0.42366801568895507    2.220446049250313e-16
74    2.118340078444775    0.42366801568895496    1.1102230246251565e-16
75    2.118340078444777    0.42366801568895535    4.996003610813204e-16
76    2.118340078444778    0.4236680156889556    7.771561172376096e-16
77    2.1183400784447763    0.4236680156889553    4.440892098500626e-16
78    2.1183400784447755    0.4236680156889551    2.7755575615628914e-16
79    2.1183400784447763    0.42366801568895524    3.885780586188048e-16
80    2.1183400784447755    0.4236680156889551    2.7755575615628914e-16
81    2.118340078444777    0.42366801568895535    4.996003610813204e-16
82    2.118340078444775    0.423668015688955    1.6653345369377348e-16
83    2.1183400784447755    0.42366801568895507    2.220446049250313e-16
84    2.118340078444774    0.4236680156889548    5.551115123125783e-17
85    2.1183400784447732    0.4236680156889546    2.220446049250313e-16
86    2.1183400784447732    0.4236680156889547    1.6653345369377348e-16
87    2.118340078444773    0.42366801568895457    2.7755575615628914e-16
88    2.118340078444772    0.42366801568895435    4.996003610813204e-16
89    2.118340078444772    0.42366801568895435    4.996003610813204e-16
90    2.1183400784447706    0.42366801568895407    7.771561172376096e-16
91    2.1183400784447675    0.42366801568895346    1.3877787807814457e-15
92    2.1183400784447644    0.42366801568895285    1.9984014443252818e-15
93    2.118340078444756    0.4236680156889512    3.6637359812630166e-15
94    2.1183400784447466    0.42366801568894935    5.495603971894525e-15
95    2.1183400784447306    0.42366801568894613    8.715250743307479e-15
96    2.1183400784447075    0.4236680156889415    1.3322676295501878e-14
97    2.118340078444673    0.4236680156889346    2.0261570199409107e-14
98    2.1183400784446182    0.42366801568892365    3.11972669919669e-14
99    2.1183400784445334    0.4236680156889067    4.8128168117500536e-14
100    2.1183400784444055    0.4236680156888811    7.37188088351104e-14
101    2.1183400784442075    0.4236680156888415    1.1335377081422848e-13
102    2.118340078443905    0.423668015688781    1.7386092565629951e-13
103    2.1183400784434374    0.4236680156886875    2.673417043297377e-13
104    2.1183400784427246    0.4236680156885449    4.0994985184283905e-13
105    2.1183400784416255    0.4236680156883251    6.2977401071862e-13
106    2.1183400784399367    0.42366801568798734    9.675038548095927e-13
107    2.118340078437336    0.4236680156874672    1.4876433418464785e-12
108    2.1183400784333157    0.4236680156866631    2.291722367431248e-12
109    2.118340078427057    0.42366801568541146    3.5433878053936496e-12
110    2.118340078417078    0.4236680156834156    5.5392357367622935e-12
111    2.1183400783997453    0.42366801567994905    9.005796108851882e-12
112    2.1183400783614132    0.4236680156722827    1.6672163649644745e-11
113    2.1183400782254473    0.42366801564508944    4.3865411303301016e-11
114    2.11834007753641    0.423668015507282    1.8167284343562073e-10
115    2.1183400731717668    0.4236680146343534    1.0546014617140997e-09
116    2.1183400457405783    0.4236680091481157    6.540839148083677e-09
117    2.118339857075264    0.42366797141505275    4.427390210004489e-08
118    2.1183386550125376    0.42366773100250754    2.846864473049493e-07
119    2.1183301184958876    0.42366602369917755    1.991989777294645e-06
120    2.1182761166500663    0.42365522333001326    1.2792358941582371e-05
121    2.117872285818158    0.42357445716363157    9.355852532327846e-05
122    2.115377874147977    0.4230755748295954    0.0005924408593594443
123    2.0943919366255144    0.4188783873251029    0.004789628363851939
124    1.9729850448446375    0.3945970089689275    0.029071006720027326
125    0.0    0.09368987999277621    0.3299781356961786
126    0.0    0.048308840003295044    0.3753591756856598
127    0.0    0.03038939535150309    0.39327862033745176
128    0.0    0.020655434989404364    0.4030125806995505
129    0.0    0.014547808128451294    0.40912020756050355
130    0.0    0.010429369775054213    0.41323864591390064
131    0.0    0.007546042833832246    0.4161219728551226
132    0.0    0.005486675914265841    0.418181339774689
133    0.0    0.003999885072851422    0.4196681306161034
134    0.0    0.002920181679961566    0.4207478340089933
135    0.0    0.002133600584453379    0.42153441510450146
136    0.0    0.0015595635499106777    0.4221084521390442
137    0.0    0.0011402378713979105    0.42252777781755696
138    0.0    0.0008337658423936446    0.4228342498465612
139    0.0    0.0006097104636098665    0.423058305225345
140    0.0    0.0004458822563042715    0.4232221334326506
141    0.0    0.00032608143621879956    0.42334193425273603
142    0.0    0.0002384718375280765    0.4234295438514268
143    0.0    0.00017440179348417965    0.4234936138954707
144    0.0    0.0001275458549913279    0.42354046983396354
145    0.0    9.32787261931317e-05    0.4235747369627617
146    0.0    6.821805521730739e-05    0.42359979763373756
147    0.0    4.989032353060934e-05    0.42361812536542426
148    0.0    3.648660444994286e-05    0.4236315290845049
149    0.0    2.6683982982668355e-05    0.4236413317059722
150    0.0    1.9514970743293898e-05    0.42364850071821153
151    0.0    1.4272011196058906e-05    0.42365374367775877
152    0.0    1.0437643611474305e-05    0.4236575780453434
153    0.0    7.63343052895835e-06    0.4236603822584259
154    0.0    5.5826069903200555e-06    0.42366243308196455
155    0.0    4.082764736416857e-06    0.42366393292421844
156    0.0    2.9858752347358686e-06    0.4236650298137201
157    0.0    2.183679816234992e-06    0.4236658320091386
158    0.0    1.5970049608172304e-06    0.423666418683994
159    0.0    1.167948178870757e-06    0.42366684774077595
160    0.0    8.541632626119823e-07    0.4236671615256922
161    0.0    6.246808811815815e-07    0.42366739100807366
162    0.0    4.568520318992686e-07    0.423667558836923
163    0.0    3.341126705597858e-07    0.42366768157628426
164    0.0    2.443489083266484e-07    0.4236677713400465
165    0.0    1.7870141652684066e-07    0.4236678369875383
166    0.0    1.3069104763262403e-07    0.4236678849979072
167    0.0    9.55793681292963e-08    0.4236679201095867
168    0.0    6.99009941676227e-08    0.4236679457879607
169    0.0    5.112157197627136e-08    0.42366796456738287
170    0.0    3.7387646336078245e-08    0.42366797830130853
171    0.0    2.7343733904287154e-08    0.42366798834522096
172    0.0    1.9998539374640675e-08    0.42366799569041547
173    0.0    1.4627121750583269e-08    0.4236680010618331
174    0.0    1.0699343185299054e-08    0.42366800498961166
175    0.0    7.82754784709079e-09    0.423668007861407
176    0.0    5.728300081888141e-09    0.4236680099606548
177    0.0    4.194412873232897e-09    0.423668011494542
178    0.0    3.074497719347119e-09    0.42366801261445713
179    0.0    2.258023134790732e-09    0.4236680134309317
180    0.0    1.6644066487461057e-09    0.4236680140245482
181    0.0    1.2350606563935745e-09    0.4236680144538942
182    0.0    9.276100016147176e-10    0.42366801476134486
183    0.0    7.117107996695848e-10    0.42366801497724405
184    0.0    5.660547863772791e-10    0.4236680151229001
185    0.0    4.762661545525126e-10    0.4236680152126887
186    0.0    4.3348318294264554e-10    0.42366801525547165
187    0.0    4.334831651617299e-10    0.4236680152554717
188    0.0    4.762661738513113e-10    0.42366801521268865
189    0.0    5.660549015195498e-10    0.4236680151228999
190    0.0    7.117107749497753e-10    0.42366801497724405
191    0.0    9.276100263345272e-10    0.4236680147613448
192    0.0    1.2350603857767123e-09    0.42366801445389446
193    0.0    1.664406455758119e-09    0.4236680140245484
194    0.0    2.2580230268041956e-09    0.4236680134309318
195    0.0    3.07449757514823e-09    0.42366801261445725
196    0.0    4.194412689135368e-09    0.42366801149454214
197    0.0    5.7282998656982276e-09    0.42366800996065496
198    0.0    7.82754753202164e-09    0.4236680078614073
199    0.0    1.0699343327329539e-08    0.42366800498961155
200    0.0    1.4627121769665227e-08    0.42366800106183305
201    0.0    1.9998539324333695e-08    0.4236679956904155
202    0.0    2.7343733730164285e-08    0.4236679883452211
203    0.0    3.73876463122258e-08    0.42366797830130853
204    0.0    5.11215718257841e-08    0.42366796456738304
205    0.0    6.990099408435597e-08    0.42366794578796074
206    0.0    9.557936808657873e-08    0.42366792010958676
207    0.0    1.3069104747649891e-07    0.42366788499790736
208    0.0    1.7870141627725732e-07    0.42366783698753857
209    0.0    2.443489080048572e-07    0.42366777134004685
210    0.0    3.3411267031735817e-07    0.42366768157628454
211    0.0    4.568520313539149e-07    0.4236675588369235
212    0.0    6.246808810389005e-07    0.4236673910080738
213    0.0    8.54163262149028e-07    0.42366716152569267
214    0.0    1.1679481785830097e-06    0.4236668477407763
215    0.0    1.5970049604178103e-06    0.4236664186839944
216    0.0    2.183679816085589e-06    0.42366583200913877
217    0.0    2.985875234457879e-06    0.4236650298137204
218    0.0    4.08276473621693e-06    0.4236639329242186
219    0.0    5.582606989940585e-06    0.4236624330819649
220    0.0    7.633430528646533e-06    0.4236603822584262
221    0.0    1.0437643611293894e-05    0.42365757804534354
222    0.0    1.427201119593444e-05    0.42365374367775893
223    0.0    1.951497074337413e-05    0.4236485007182115
224    0.0    2.6683982982357406e-05    0.4236413317059725
225    0.0    3.64866044499897e-05    0.42363152908450485
226    0.0    4.989032353061541e-05    0.42361812536542426
227    0.0    6.82180552173616e-05    0.4235997976337375
228    0.0    9.327872619311391e-05    0.4235747369627617
229    0.0    0.00012754585499115964    0.4235404698339637
230    0.0    0.0001744017934840695    0.4234936138954708
231    0.0    0.00023847183752811205    0.4234295438514267
232    0.0    0.0003260814362186482    0.4233419342527362
233    0.0    0.00044588225630427195    0.4232221334326506
234    0.0    0.0006097104636097416    0.4230583052253451
235    0.0    0.0008337658423936958    0.42283424984656115
236    0.0    0.0011402378713978117    0.422527777817557
237    0.0    0.0015595635499106144    0.42210845213904424
238    0.0    0.0021336005844534564    0.4215344151045014
239    0.0    0.002920181679961765    0.42074783400899307
240    0.0    0.003999885072851069    0.41966813061610375
241    0.0    0.0054866759142658825    0.41818133977468896
242    0.0    0.007546042833832184    0.41612197285512265
243    0.0    0.010429369775054608    0.41323864591390025
244    0.0    0.014547808128451115    0.4091202075605037
245    0.0    0.020655434989404593    0.40301258069955026
246    0.0    0.030389395351503003    0.39327862033745187
247    0.0    0.04830884000329545    0.3753591756856594
248    0.0    0.09368987999277634    0.3299781356961785
249    1.9729850448446413    0.39459700896892824    0.029071006720026604
