0    2.0938402133010965    0.4187680426602193    0.004899894955411155
1    2.115283831453094    0.42305676629061884    0.0006111713250115947
2    2.117855396991594    0.42357107939831873    9.685821731170163e-05
3    2.1182729367340185    0.4236545873468037    1.3350268826706202e-05
4    2.11832925618626    0.423665851237252    2.0863783784519363e-06
5    2.118338185778666    0.4236676371557332    3.004598972400352e-07
6    2.1183394539536216    0.4236678907907243    4.6824906119180554e-08
7    2.1183396534660432    0.4236679306932087    6.92242174693547e-09
8    2.1183396826371776    0.4236679365274355    1.0881949230601151e-09
9    2.118339687234481    0.42366793744689624    1.687341932843367e-10
10    2.118339687929983    0.42366793758599663    2.963379541753852e-11
11    2.118339688045939    0.4236679376091878    6.4426242118997834e-12
12    2.118339688067437    0.4236679376134874    2.1430079932827084e-12
13    2.1183396880731347    0.4236679376146269    1.003530591958679e-12
14    2.1183396880753804    0.4236679376150761    5.543343561953407e-13
15    2.1183396880765386    0.42366793761530774    3.2268632210730175e-13
16    2.1183396880771936    0.42366793761543875    1.9168000520153328e-13
17    2.1183396880775813    0.4236679376155163    1.141309269314661e-13
18    2.11833968807781    0.42366793761556204    6.838973831690964e-14
19    2.1183396880779477    0.4236679376155895    4.091171845743702e-14
20    2.11833968807803    0.42366793761560595    2.4480417692984702e-14
21    2.1183396880780783    0.42366793761561566    1.4765966227514582e-14
22    2.118339688078106    0.42366793761562116    9.270362255620057e-15
23    2.118339688078124    0.42366793761562477    5.662137425588298e-15
24    2.118339688078135    0.42366793761562704    3.3861802251067274e-15
25    2.118339688078141    0.42366793761562815    2.275957200481571e-15
26    2.1183396880781453    0.4236679376156291    1.3322676295501878e-15
27    2.118339688078147    0.42366793761562943    9.992007221626409e-16
28    2.1183396880781493    0.4236679376156299    5.551115123125783e-16
29    2.1183396880781475    0.4236679376156295    9.43689570931383e-16
30    2.1183396880781507    0.42366793761563015    2.7755575615628914e-16
31    2.118339688078149    0.42366793761562976    6.661338147750939e-16
32    2.118339688078152    0.42366793761563043    0.0
33    2.1183396880781493    0.4236679376156299    5.551115123125783e-16
34    2.1183396880781515    0.4236679376156303    1.1102230246251565e-16
35    2.1183396880781507    0.4236679376156301    3.3306690738754696e-16
36    2.1183396880781507    0.42366793761563015    2.7755575615628914e-16
37    2.118339688078151    0.4236679376156302    2.220446049250313e-16
38    2.1183396880781538    0.42366793761563076    3.3306690738754696e-16
39    2.1183396880781498    0.42366793761563    4.440892098500626e-16
40    2.118339688078152    0.4236679376156304    5.551115123125783e-17
41    2.1183396880781493    0.4236679376156299    5.551115123125783e-16
42    2.1183396880781507    0.42366793761563015    2.7755575615628914e-16
43    2.118339688078148    0.4236679376156296    8.326672684688674e-16
44    2.1183396880781507    0.42366793761563015    2.7755575615628914e-16
45    2.1183396880781507    0.4236679376156301    3.3306690738754696e-16
46    2.118339688078151    0.4236679376156302    2.220446049250313e-16
47    2.1183396880781498    0.42366793761562993    4.996003610813204e-16
48    2.118339688078153    0.42366793761563054    1.1102230246251565e-16
49    2.1183396880781507    0.42366793761563015    2.7755575615628914e-16
50    2.118339688078152    0.4236679376156304    5.551115123125783e-17
51    2.118339688078152    0.4236679376156304    5.551115123125783e-17
52    2.1183396880781507    0.4236679376156301    3.3306690738754696e-16
53    2.1183396880781524    0.4236679376156305    5.551115123125783e-17
54    2.118339688078151    0.4236679376156302    2.220446049250313e-16
55    2.1183396880781507    0.42366793761563015    2.7755575615628914e-16
56    2.1183396880781515    0.42366793761563026    1.6653345369377348e-16
57    2.1183396880781515    0.4236679376156303    1.1102230246251565e-16
58    2.1183396880781515    0.42366793761563026    1.6653345369377348e-16
59    2.1183396880781493    0.4236679376156299    5.551115123125783e-16
60    2.1183396880781493    0.4236679376156299    5.551115123125783e-16
61    2.1183396880781484    0.42366793761562965    7.771561172376096e-16
62    2.118339688078152    0.42366793761563043    0.0
63    2.1183396880781484    0.42366793761562965    7.771561172376096e-16
64    2.1183396880781515    0.4236679376156303    1.1102230246251565e-16
65    2.11833968807815    0.42366793761563004    3.885780586188048e-16
66    2.118339688078151    0.4236679376156302    2.220446049250313e-16
67    2.11833968807815    0.42366793761563004    3.885780586188048e-16
68    2.11833968807815    0.42366793761563004    3.885780586188048e-16
69    2.1183396880781507    0.42366793761563015    2.7755575615628914e-16
70    2.11833968807815    0.42366793761563004    3.885780586188048e-16
71    2.1183396880781498    0.42366793761563    4.440892098500626e-16
72    2.1183396880781498    0.42366793761563    4.440892098500626e-16
73    2.1183396880781498    0.42366793761562993    4.996003610813204e-16
74    2.1183396880781493    0.4236679376156299    5.551115123125783e-16
75    2.1183396880781507    0.4236679376156301    3.3306690738754696e-16
76    2.1183396880781507    0.4236679376156301    3.3306690738754696e-16
77    2.1183396880781498    0.42366793761562993    4.996003610813204e-16
78    2.1183396880781493    0.4236679376156299    5.551115123125783e-16
79    2.1183396880781493    0.4236679376156299    5.551115123125783e-16
80    2.1183396880781493    0.4236679376156299    5.551115123125783e-16
81    2.1183396880781498    0.42366793761563    4.440892098500626e-16
82    2.1183396880781507    0.42366793761563015    2.7755575615628914e-16
83    2.1183396880781498    0.42366793761563    4.440892098500626e-16
84    2.1183396880781507    0.4236679376156301    3.3306690738754696e-16
85    2.1183396880781498    0.42366793761562993    4.996003610813204e-16
86    2.1183396880781484    0.4236679376156297    7.216449660063518e-16
87    2.11833968807815    0.42366793761563004    3.885780586188048e-16
88    2.1183396880781507    0.4236679376156301    3.3306690738754696e-16
89    2.1183396880781507    0.4236679376156301    3.3306690738754696e-16
90    2.1183396880781507    0.4236679376156301    3.3306690738754696e-16
91    2.1183396880781507    0.42366793761563015    2.7755575615628914e-16
92    2.1183396880781475    0.4236679376156295    9.43689570931383e-16
93    2.118339688078149    0.4236679376156298    6.106226635438361e-16
94    2.118339688078149    0.42366793761562976    6.661338147750939e-16
95    2.1183396880781475    0.4236679376156295    9.43689570931383e-16
96    2.118339688078146    0.42366793761562926    1.1657341758564144e-15
97    2.1183396880781453    0.42366793761562904    1.3877787807814457e-15
98    2.118339688078141    0.42366793761562815    2.275957200481571e-15
99    2.118339688078134    0.4236679376156268    3.608224830031759e-15
100    2.118339688078124    0.42366793761562477    5.662137425588298e-15
101    2.1183396880781076    0.4236679376156215    8.93729534823251e-15
102    2.1183396880780783    0.42366793761561566    1.4765966227514582e-14
103    2.11833968807803    0.423667937615606    2.4424906541753444e-14
104    2.1183396880779477    0.4236679376155896    4.085620730620576e-14
105    2.118339688077811    0.42366793761556215    6.827871601444713e-14
106    2.1183396880775804    0.4236679376155161    1.1435297153639112e-13
107    2.118339688077196    0.42366793761543914    1.9129142714291447e-13
108    2.1183396880765364    0.4236679376153073    3.231304113171518e-13
109    2.1183396880753804    0.42366793761507604    5.543898673465719e-13
110    2.1183396880731338    0.42366793761462673    1.0036971254123728e-12
111    2.1183396880674374    0.42366793761348753    2.142896970980246e-12
112    2.118339688045942    0.4236679376091884    6.4420135892362396e-12
113    2.118339687929984    0.4236679375859968    2.963362888408483e-11
114    2.1183396872344815    0.4236679374468963    1.6873413777318547e-10
115    2.1183396826371794    0.4236679365274359    1.0881945344820565e-09
116    2.118339653466044    0.42366793069320885    6.922421580402016e-09
117    2.1183394539536216    0.4236678907907243    4.6824906119180554e-08
118    2.1183381857786676    0.4236676371557335    3.004598969069683e-07
119    2.1183292561862594    0.4236658512372519    2.0863783785074475e-06
120    2.1182729367340185    0.4236545873468037    1.3350268826706202e-05
121    2.1178553969915943    0.4235710793983189    9.68582173115351e-05
122    2.1152838314530946    0.42305676629061895    0.0006111713250114836
123    2.0938402133011    0.41876804266022    0.004899894955410433
124    1.970332651639868    0.3940665303279736    0.02960140728765681
125    0.0    0.09161244261155796    0.3320554950040725
126    0.0    0.04490807626811323    0.3787598613475172
127    0.0    0.026227017599478875    0.39744092001615156
128    0.0    0.01626544405738885    0.4074024935582416
129    0.0    0.010329394586958012    0.4133385430286724
130    0.0    0.006625337003697546    0.4170426006119329
131    0.0    0.004267908176951346    0.4194000294386791
132    0.0    0.0027545288154302607    0.4209134088002002
133    0.0    0.0017792868074462944    0.42188865080818416
134    0.0    0.0011497621392010434    0.4225181754764294
135    0.0    0.0007430928791256411    0.42292484473650477
136    0.0    0.0004802981288002184    0.4231876394868302
137    0.0    0.0003104511952991759    0.4233574864203313
138    0.0    0.00020066994922194464    0.42346726766640846
139    0.0    0.00012971024704352572    0.42353822736858693
140    0.0    8.384314305416888e-05    0.4235840944725763
141    0.0    5.4195272632677656e-05    0.42361374234299776
142    0.0    3.5031241197127846e-05    0.4236329063744333
143    0.0    2.264382363415928e-05    0.4236452937919963
144    0.0    1.4636729790007234e-05    0.4236533008858404
145    0.0    9.461028940036236e-06    0.42365847658669037
146    0.0    6.115510232770644e-06    0.42366182210539766
147    0.0    3.953001947103185e-06    0.4236639846136833
148    0.0    2.5551791879175473e-06    0.42366538243644253
149    0.0    1.651641153961169e-06    0.4236662859744765
150    0.0    1.067603601728924e-06    0.4236668700120287
151    0.0    6.900878245326078e-07    0.4236672475278059
152    0.0    4.460655667797367e-07    0.42366749155006367
153    0.0    2.8833212630018437e-07    0.42366764928350414
154    0.0    1.863748770591922e-07    0.4236677512407534
155    0.0    1.2047077510828758e-07    0.4236678171448553
156    0.0    7.787105168154118e-08    0.42366785974457877
157    0.0    5.033503491314387e-08    0.4236678872805955
158    0.0    3.2536041165518587e-08    0.4236679050795893
159    0.0    2.1030957388784577e-08    0.42366791658467307
160    0.0    1.359419132731382e-08    0.4236679240214391
161    0.0    8.787143316365403e-09    0.42366792882848714
162    0.0    5.679917676817969e-09    0.4236679319357127
163    0.0    3.6714394374085663e-09    0.423667933944191
164    0.0    2.3731799960510086e-09    0.42366793524245044
165    0.0    1.5339988493866252e-09    0.42366793608163156
166    0.0    9.915607644857272e-10    0.42366793662406965
167    0.0    6.409345270231431e-10    0.4236679369746959
168    0.0    4.1429340513765567e-10    0.423667937201337
169    0.0    2.677949942960639e-10    0.4236679373478354
170    0.0    1.730999024673885e-10    0.4236679374425305
171    0.0    1.1188991877117416e-10    0.4236679375037405
172    0.0    7.232471305879118e-11    0.42366793754330573
173    0.0    4.675014412050538e-11    0.42366793756888027
174    0.0    3.021900459899973e-11    0.42366793758541144
175    0.0    1.9533674591037942e-11    0.4236679375960968
176    0.0    1.2627166673384593e-11    0.42366793760300325
177    0.0    8.163283850975978e-12    0.4236679376074671
178    0.0    5.278493354216041e-12    0.42366793761035193
179    0.0    3.414759143852142e-12    0.42366793761221566
180    0.0    2.2116798410048988e-12    0.42366793761341875
181    0.0    1.43637532423746e-12    0.4236679376141941
182    0.0    9.390845306239681e-13    0.42366793761469135
183    0.0    6.234765308199552e-13    0.42366793761500693
184    0.0    4.283741330407542e-13    0.42366793761520205
185    0.0    3.1601457561869495e-13    0.4236679376153144
186    0.0    2.647517621801043e-13    0.4236679376153657
187    0.0    2.6475826739313923e-13    0.4236679376153657
188    0.0    3.159716412126645e-13    0.42366793761531446
189    0.0    4.2818678290534873e-13    0.4236679376152022
190    0.0    6.234023713913572e-13    0.42366793761500704
191    0.0    9.390947221243895e-13    0.42366793761469135
192    0.0    1.436528413584215e-12    0.4236679376141939
193    0.0    2.211810378946466e-12    0.42366793761341864
194    0.0    3.4148580230902725e-12    0.42366793761221555
195    0.0    5.278429386287864e-12    0.423667937610352
196    0.0    8.163253276474713e-12    0.4236679376074672
197    0.0    1.2627206138343672e-11    0.4236679376030032
198    0.0    1.9533829415108173e-11    0.4236679375960966
199    0.0    3.021907593950268e-11    0.4236679375854114
200    0.0    4.6750093379843705e-11    0.4236679375688803
201    0.0    7.232456365573181e-11    0.42366793754330584
202    0.0    1.1189011089179912e-10    0.4236679375037403
203    0.0    1.7309989336009024e-10    0.42366793744253056
204    0.0    2.6779505501138556e-10    0.42366793734783537
205    0.0    4.142933775989205e-10    0.42366793720133705
206    0.0    6.40934658211606e-10    0.4236679369746958
207    0.0    9.915607993970371e-10    0.42366793662406965
208    0.0    1.5339990425914524e-09    0.4236679360816314
209    0.0    2.3731801515256e-09    0.4236679352424503
210    0.0    3.6714397624523776e-09    0.42366793394419067
211    0.0    5.6799178286062735e-09    0.4236679319357126
212    0.0    8.787143442783377e-09    0.423667928828487
213    0.0    1.3594191268766903e-08    0.42366792402143916
214    0.0    2.10309575696295e-08    0.42366791658467284
215    0.0    3.253604108767287e-08    0.42366790507958935
216    0.0    5.0335035091820385e-08    0.42366788728059535
217    0.0    7.787105165508665e-08    0.42366785974457877
218    0.0    1.2047077536199088e-07    0.4236678171448551
219    0.0    1.8637487703056926e-07    0.4236677512407534
220    0.0    2.8833212661330196e-07    0.4236676492835038
221    0.0    4.4606556660192753e-07    0.42366749155006383
222    0.0    6.900878247216927e-07    0.4236672475278057
223    0.0    1.0676036016040238e-06    0.42366687001202885
224    0.0    1.6516411539659395e-06    0.4236662859744765
225    0.0    2.555179187832546e-06    0.4236653824364426
226    0.0    3.953001947135711e-06    0.4236639846136833
227    0.0    6.1155102325867634e-06    0.4236618221053978
228    0.0    9.461028939864065e-06    0.4236584765866906
229    0.0    1.463672978966029e-05    0.42365330088584074
230    0.0    2.2643823634415153e-05    0.423645293791996
231    0.0    3.503124119697172e-05    0.42363290637443346
232    0.0    5.41952726329422e-05    0.4236137423429975
233    0.0    8.384314305423567e-05    0.42358409447257617
234    0.0    0.00012971024704355565    0.4235382273685869
235    0.0    0.00020066994922196893    0.42346726766640846
236    0.0    0.00031045119529944307    0.423357486420331
237    0.0    0.0004802981288003017    0.42318763948683014
238    0.0    0.0007430928791257313    0.4229248447365047
239    0.0    0.001149762139201295    0.4225181754764291
240    0.0    0.0017792868074464445    0.421888650808184
241    0.0    0.002754528815430493    0.42091340880019995
242    0.0    0.0042679081769512964    0.41940002943867916
243    0.0    0.006625337003697689    0.41704260061193277
244    0.0    0.010329394586958179    0.41333854302867223
245    0.0    0.016265444057388834    0.4074024935582416
246    0.0    0.026227017599479013    0.3974409200161514
247    0.0    0.044908076268113106    0.3787598613475173
248    0.0    0.09161244261155782    0.3320554950040726
249    1.9703326516398665    0.3940665303279733    0.029601407287657144
