0    2.0930773529263424    0.4186154705852685    0.005049838772025639
1    2.1151403022144724    0.4230280604428945    0.0006372489143996463
2    2.11781910779853    0.42356382155970596    0.00010148779758817339
3    2.1182558033397925    0.4236511606679585    1.4148689335635733e-05
4    2.1183154409850875    0.42366308819701753    2.2211602765942473e-06
5    2.1183249296571756    0.42366498593143515    3.2342585898348375e-07
6    2.1183262939054144    0.42366525878108285    5.057621127457779e-08
7    2.118326509025019    0.42366530180500384    7.552290293144637e-09
8    2.1183265408488654    0.4236653081697731    1.1875210259582047e-09
9    2.1183265458649863    0.4236653091729973    1.842968555543223e-10
10    2.118326546629993    0.4236653093259986    3.1295521729646225e-11
11    2.1183265467557595    0.4236653093511519    6.142253372587447e-12
12    2.1183265467780608    0.4236653093556122    1.681932371155881e-12
13    2.1183265467832304    0.4236653093566461    6.480371794737039e-13
14    2.118326546784926    0.4236653093569852    3.089195566019498e-13
15    2.1183265467856693    0.42366530935713387    1.6026069360464135e-13
16    2.118326546786045    0.42366530935720903    8.509859483751825e-14
17    2.11832654678624    0.423665309357248    4.6129766673175254e-14
18    2.1183265467863466    0.4236653093572693    2.481348460037225e-14
19    2.1183265467864034    0.42366530935728064    1.3489209749195652e-14
20    2.1183265467864336    0.4236653093572867    7.438494264988549e-15
21    2.1183265467864496    0.42366530935728997    4.163336342344337e-15
22    2.118326546786461    0.42366530935729224    1.887379141862766e-15
23    2.1183265467864647    0.4236653093572929    1.2212453270876722e-15
24    2.118326546786468    0.4236653093572936    5.551115123125783e-16
25    2.1183265467864674    0.42366530935729346    6.661338147750939e-16
26    2.11832654678647    0.423665309357294    1.1102230246251565e-16
27    2.1183265467864696    0.4236653093572939    2.220446049250313e-16
28    2.11832654678647    0.423665309357294    1.1102230246251565e-16
29    2.118326546786469    0.4236653093572938    3.3306690738754696e-16
30    2.11832654678647    0.42366530935729396    1.6653345369377348e-16
31    2.118326546786469    0.4236653093572938    3.3306690738754696e-16
32    2.11832654678647    0.42366530935729396    1.6653345369377348e-16
33    2.1183265467864683    0.4236653093572937    4.440892098500626e-16
34    2.1183265467864705    0.4236653093572941    5.551115123125783e-17
35    2.1183265467864705    0.42366530935729413    0.0
36    2.1183265467864714    0.42366530935729424    1.1102230246251565e-16
37    2.1183265467864714    0.4236653093572943    1.6653345369377348e-16
38    2.1183265467864705    0.42366530935729413    0.0
39    2.1183265467864705    0.42366530935729413    0.0
40    2.118326546786472    0.42366530935729435    2.220446049250313e-16
41    2.11832654678647    0.423665309357294    1.1102230246251565e-16
42    2.118326546786472    0.42366530935729435    2.220446049250313e-16
43    2.1183265467864705    0.4236653093572941    5.551115123125783e-17
44    2.11832654678647    0.42366530935729396    1.6653345369377348e-16
45    2.118326546786472    0.4236653093572944    2.7755575615628914e-16
46    2.11832654678647    0.423665309357294    1.1102230246251565e-16
47    2.11832654678647    0.42366530935729396    1.6653345369377348e-16
48    2.11832654678647    0.423665309357294    1.1102230246251565e-16
49    2.11832654678647    0.423665309357294    1.1102230246251565e-16
50    2.1183265467864696    0.4236653093572939    2.220446049250313e-16
51    2.1183265467864696    0.4236653093572939    2.220446049250313e-16
52    2.1183265467864687    0.42366530935729374    3.885780586188048e-16
53    2.11832654678647    0.42366530935729396    1.6653345369377348e-16
54    2.11832654678647    0.423665309357294    1.1102230246251565e-16
55    2.1183265467864705    0.4236653093572941    5.551115123125783e-17
56    2.118326546786469    0.42366530935729385    2.7755575615628914e-16
57    2.1183265467864705    0.4236653093572941    5.551115123125783e-17
58    2.11832654678647    0.42366530935729396    1.6653345369377348e-16
59    2.118326546786471    0.4236653093572942    5.551115123125783e-17
60    2.118326546786469    0.4236653093572938    3.3306690738754696e-16
61    2.1183265467864683    0.4236653093572937    4.440892098500626e-16
62    2.1183265467864705    0.42366530935729413    0.0
63    2.118326546786469    0.42366530935729385    2.7755575615628914e-16
64    2.11832654678647    0.42366530935729396    1.6653345369377348e-16
65    2.1183265467864696    0.4236653093572939    2.220446049250313e-16
66    2.118326546786471    0.4236653093572942    5.551115123125783e-17
67    2.1183265467864696    0.4236653093572939    2.220446049250313e-16
68    2.1183265467864705    0.4236653093572941    5.551115123125783e-17
69    2.1183265467864696    0.4236653093572939    2.220446049250313e-16
70    2.118326546786469    0.4236653093572938    3.3306690738754696e-16
71    2.118326546786469    0.4236653093572938    3.3306690738754696e-16
72    2.118326546786469    0.4236653093572938    3.3306690738754696e-16
73    2.118326546786471    0.4236653093572942    5.551115123125783e-17
74    2.118326546786472    0.42366530935729435    2.220446049250313e-16
75    2.11832654678647    0.42366530935729396    1.6653345369377348e-16
76    2.1183265467864696    0.4236653093572939    2.220446049250313e-16
77    2.1183265467864674    0.4236653093572935    6.106226635438361e-16
78    2.118326546786469    0.4236653093572938    3.3306690738754696e-16
79    2.1183265467864687    0.42366530935729374    3.885780586188048e-16
80    2.11832654678647    0.423665309357294    1.1102230246251565e-16
81    2.11832654678647    0.42366530935729396    1.6653345369377348e-16
82    2.11832654678647    0.423665309357294    1.1102230246251565e-16
83    2.1183265467864705    0.42366530935729413    0.0
84    2.118326546786472    0.42366530935729435    2.220446049250313e-16
85    2.1183265467864705    0.4236653093572941    5.551115123125783e-17
86    2.1183265467864714    0.42366530935729424    1.1102230246251565e-16
87    2.1183265467864714    0.4236653093572943    1.6653345369377348e-16
88    2.1183265467864705    0.4236653093572941    5.551115123125783e-17
89    2.1183265467864705    0.4236653093572941    5.551115123125783e-17
90    2.11832654678647    0.423665309357294    1.1102230246251565e-16
91    2.1183265467864705    0.4236653093572941    5.551115123125783e-17
92    2.118326546786468    0.4236653093572936    5.551115123125783e-16
93    2.118326546786469    0.42366530935729385    2.7755575615628914e-16
94    2.11832654678647    0.423665309357294    1.1102230246251565e-16
95    2.1183265467864687    0.42366530935729374    3.885780586188048e-16
96    2.1183265467864705    0.42366530935729413    0.0
97    2.1183265467864683    0.42366530935729363    4.996003610813204e-16
98    2.1183265467864687    0.42366530935729374    3.885780586188048e-16
99    2.1183265467864665    0.4236653093572933    8.326672684688674e-16
100    2.118326546786463    0.42366530935729263    1.4988010832439613e-15
101    2.118326546786457    0.42366530935729146    2.6645352591003757e-15
102    2.1183265467864496    0.4236653093572899    4.218847493575595e-15
103    2.118326546786435    0.423665309357287    7.105427357601002e-15
104    2.118326546786403    0.4236653093572806    1.354472090042691e-14
105    2.1183265467863466    0.4236653093572693    2.481348460037225e-14
106    2.1183265467862427    0.4236653093572485    4.5630166312093934e-14
107    2.1183265467860437    0.4236653093572087    8.54316617449058e-14
108    2.118326546785668    0.4236653093571336    1.6053824936079764e-13
109    2.1183265467849264    0.42366530935698526    3.0886404545071855e-13
110    2.118326546783231    0.4236653093566462    6.479261571712414e-13
111    2.1183265467780643    0.42366530935561286    1.6812662373411058e-12
112    2.1183265467557577    0.42366530935115154    6.142586439494835e-12
113    2.1183265466299956    0.4236653093259991    3.1295022129285144e-11
114    2.1183265458649876    0.4236653091729975    1.8429663350971737e-10
115    2.1183265408488676    0.42366530816977355    1.1875205818689949e-09
116    2.1183265090250183    0.42366530180500367    7.55229045967809e-09
117    2.1183262939054157    0.42366525878108313    5.057621099702203e-08
118    2.118324929657175    0.42366498593143503    3.2342585909450605e-07
119    2.1183154409850906    0.4236630881970181    2.221160276039136e-06
120    2.1182558033397942    0.4236511606679588    1.4148689335302667e-05
121    2.1178191077985304    0.4235638215597061    0.00010148779758800686
122    2.1151403022144697    0.4230280604428939    0.0006372489144002014
123    2.0930773529263456    0.4186154705852691    0.005049838772025028
124    1.9667574266642929    0.3933514853328586    0.030313824024435554
125    0.0    0.08890918226433187    0.33475612709296226
126    0.0    0.04086290613398954    0.3828024032233046
127    0.0    0.021824843195773477    0.40184046616152064
128    0.0    0.012193926189626699    0.4114713831676674
129    0.0    0.006917782556273028    0.4167475268010211
130    0.0    0.003946017264323803    0.4197192920929703
131    0.0    0.0022553729558210554    0.42140993640147306
132    0.0    0.001290027946959274    0.42237528141033487
133    0.0    0.0007380735357066532    0.4229272358215875
134    0.0    0.0004223231689055905    0.4232429861883885
135    0.0    0.00024166120284599413    0.4234236481544481
136    0.0    0.00013828504997684746    0.42352702430731726
137    0.0    7.913085880658418e-05    0.42358617849848756
138    0.0    4.528114580135481e-05    0.42362002821149275
139    0.0    2.5911303802251574e-05    0.4236393980534919
140    0.0    1.4827271791794175e-05    0.4236504820855023
141    0.0    8.484637203812293e-06    0.4236568247200903
142    0.0    4.8551798581802225e-06    0.423660454177436
143    0.0    2.7782887168812873e-06    0.42366253106857726
144    0.0    1.589825395220245e-06    0.4236637195318989
145    0.0    9.097487880028489e-07    0.4236643996085061
146    0.0    5.205872671294048e-07    0.423664788770027
147    0.0    2.9789663529402113e-07    0.4236650114606588
148    0.0    1.70465954406427e-07    0.4236651388913397
149    0.0    9.754605522155693e-08    0.4236652118112389
150    0.0    5.5818963345596884e-08    0.4236652535383308
151    0.0    3.1941390967946126e-08    0.42366527741590315
152    0.0    1.827788253389029e-08    0.4236652910794116
153    0.0    1.0459187186045299e-08    0.42366529889810695
154    0.0    5.9850804776627464e-09    0.42366530337221364
155    0.0    3.424854084794343e-09    0.42366530593244006
156    0.0    1.9598107004435705e-09    0.4236653073974834
157    0.0    1.12146612070603e-09    0.423665308235828
158    0.0    6.417387565359894e-10    0.42366530871555536
159    0.0    3.672234116184475e-10    0.4236653089900707
160    0.0    2.1013696555396977e-10    0.42366530914715717
161    0.0    1.2024717679914865e-10    0.4236653092370469
162    0.0    6.880928856214941e-11    0.42366530928848484
163    0.0    3.9374711390677275e-11    0.4236653093179194
164    0.0    2.253143852049e-11    0.4236653093347627
165    0.0    1.2893198878330403e-11    0.42366530934440094
166    0.0    7.377860258492297e-12    0.42366530934991625
167    0.0    4.221687669586638e-12    0.42366530935307245
168    0.0    2.415696332205841e-12    0.42366530935487845
169    0.0    1.3823473615781623e-12    0.4236653093559118
170    0.0    7.909038007847258e-13    0.4236653093565032
171    0.0    4.5253124164590375e-13    0.4236653093568416
172    0.0    2.590473408697891e-13    0.42366530935703506
173    0.0    1.4812847129452855e-13    0.423665309357146
174    0.0    8.492598985165856e-14    0.4236653093572092
175    0.0    4.851089148438792e-14    0.4236653093572456
176    0.0    2.79359868571305e-14    0.4236653093572662
177    0.0    1.5760396460118287e-14    0.42366530935727836
178    0.0    9.077374268917637e-15    0.423665309357285
179    0.0    5.123939467166494e-15    0.423665309357289
180    0.0    2.9950000812739574e-15    0.42366530935729113
181    0.0    1.6859343782149594e-15    0.42366530935729246
182    0.0    9.62771529167128e-16    0.4236653093572932
183    0.0    4.657732532997727e-16    0.4236653093572937
184    0.0    4.135147085859714e-16    0.42366530935729374
185    0.0    1.691355389077387e-16    0.42366530935729396
186    0.0    2.452465314162211e-16    0.4236653093572939
187    0.0    3.7556763254897874e-16    0.42366530935729374
188    0.0    3.445594504158933e-16    0.4236653093572938
189    0.0    3.2656169435263394e-16    0.4236653093572938
190    0.0    6.208141639651998e-16    0.4236653093572935
191    0.0    1.0054890947630568e-15    0.42366530935729313
192    0.0    1.7551064768195346e-15    0.42366530935729235
193    0.0    2.9780865273831836e-15    0.42366530935729113
194    0.0    5.229107077897588e-15    0.4236653093572889
195    0.0    9.120091834513566e-15    0.423665309357285
196    0.0    1.6092596005767845e-14    0.42366530935727803
197    0.0    2.7722615869585354e-14    0.42366530935726643
198    0.0    4.862169694641594e-14    0.4236653093572455
199    0.0    8.48026076444297e-14    0.4236653093572093
200    0.0    1.4828069327954552e-13    0.42366530935714586
201    0.0    2.5905015979543755e-13    0.42366530935703506
202    0.0    4.5271772441957125e-13    0.42366530935684144
203    0.0    7.910356397689e-13    0.4236653093565031
204    0.0    1.382450143944114e-12    0.4236653093559117
205    0.0    2.4158164618065525e-12    0.42366530935487834
206    0.0    4.222007075546652e-12    0.4236653093530721
207    0.0    7.377936369484805e-12    0.4236653093499162
208    0.0    1.2893358472890193e-11    0.4236653093444008
209    0.0    2.2531315788804074e-11    0.4236653093347628
210    0.0    3.9374841494937973e-11    0.4236653093179193
211    0.0    6.880906022917188e-11    0.42366530928848506
212    0.0    1.202471444899239e-10    0.423665309237047
213    0.0    2.101368677589338e-10    0.4236653091471573
214    0.0    3.672234209425862e-10    0.4236653089900707
215    0.0    6.417386507178574e-10    0.42366530871555547
216    0.0    1.1214661976843843e-09    0.42366530823582793
217    0.0    1.9598104588833265e-09    0.42366530739748365
218    0.0    3.4248540240790215e-09    0.4236653059324401
219    0.0    5.9850803813855935e-09    0.42366530337221375
220    0.0    1.0459187367323902e-08    0.4236652988981068
221    0.0    1.8277882278018576e-08    0.42366529107941187
222    0.0    3.194139095840515e-08    0.42366527741590315
223    0.0    5.581896318253288e-08    0.42366525353833095
224    0.0    9.754605512181033e-08    0.423665211811239
225    0.0    1.70465954050375e-07    0.42366513889134005
226    0.0    2.978966355967304e-07    0.42366501146065855
227    0.0    5.205872670539444e-07    0.42366478877002706
228    0.0    9.097487882361692e-07    0.4236643996085059
229    0.0    1.5898253950437369e-06    0.4236637195318991
230    0.0    2.778288717086852e-06    0.42366253106857704
231    0.0    4.855179858136421e-06    0.423660454177436
232    0.0    8.48463720386737e-06    0.42365682472009025
233    0.0    1.482727179152269e-05    0.4236504820855026
234    0.0    2.5911303802233793e-05    0.4236393980534919
235    0.0    4.528114580112756e-05    0.423620028211493
236    0.0    7.913085880646101e-05    0.4235861784984877
237    0.0    0.00013828504997671649    0.4235270243073174
238    0.0    0.00024166120284591953    0.4234236481544482
239    0.0    0.00042232316890564257    0.42324298618838846
240    0.0    0.0007380735357066636    0.4229272358215875
241    0.0    0.001290027946959556    0.4223752814103346
242    0.0    0.0022553729558208047    0.42140993640147334
243    0.0    0.003946017264323766    0.4197192920929704
244    0.0    0.006917782556273056    0.41674752680102106
245    0.0    0.01219392618962711    0.411471383167667
246    0.0    0.021824843195773207    0.4018404661615209
247    0.0    0.040862906133989636    0.3828024032233045
248    0.0    0.08890918226433189    0.3347561270929622
249    1.9667574266642938    0.39335148533285874    0.030313824024435387
