0    2.0893714870261153    0.4178742974052231    0.00555886636283387
1    2.1135368778567387    0.42270737557134774    0.0007257881967092095
2    2.1165853789651874    0.42331707579303746    0.00011608797501949653
3    2.1170828638630206    0.4234165727726041    1.6590995452869794e-05
4    2.117152870910425    0.423430574182085    2.589585971934927e-06
5    2.117163904303329    0.42343278086066577    3.8290739118318484e-07
6    2.117165523564331    0.42343310471286616    5.905519079307808e-08
7    2.1171657745013324    0.42343315490026645    8.867790501909667e-09
8    2.1171658120312893    0.4234331624062579    1.361799062404856e-09
9    2.1171658178044486    0.4234331635608897    2.071672278169956e-10
10    2.11716581867908    0.423433163735816    3.224093214626578e-11
11    2.1171658188145432    0.4234331637629087    5.148270698640545e-12
12    2.1171658188358076    0.4234331637671615    8.9545038051142e-13
13    2.117165818839368    0.4234331637678736    1.833533325168446e-13
14    2.117165818840046    0.4234331637680092    4.773959005888173e-14
15    2.1171658188402063    0.42343316376804124    1.5709655798445965e-14
16    2.117165818840255    0.423433163768051    5.9396931817445875e-15
17    2.1171658188402724    0.4234331637680545    2.4424906541753444e-15
18    2.1171658188402795    0.4234331637680559    1.0547118733938987e-15
19    2.1171658188402827    0.4234331637680565    4.440892098500626e-16
20    2.1171658188402827    0.42343316376805656    3.885780586188048e-16
21    2.1171658188402827    0.42343316376805656    3.885780586188048e-16
22    2.1171658188402835    0.42343316376805673    2.220446049250313e-16
23    2.1171658188402844    0.4234331637680569    5.551115123125783e-17
24    2.1171658188402867    0.42343316376805734    3.885780586188048e-16
25    2.1171658188402844    0.42343316376805684    1.1102230246251565e-16
26    2.117165818840287    0.4234331637680574    4.440892098500626e-16
27    2.117165818840285    0.423433163768057    5.551115123125783e-17
28    2.1171658188402858    0.4234331637680571    1.6653345369377348e-16
29    2.1171658188402844    0.42343316376805684    1.1102230246251565e-16
30    2.117165818840285    0.423433163768057    5.551115123125783e-17
31    2.1171658188402835    0.4234331637680567    2.7755575615628914e-16
32    2.117165818840285    0.42343316376805695    0.0
33    2.117165818840285    0.42343316376805695    0.0
34    2.1171658188402835    0.42343316376805673    2.220446049250313e-16
35    2.117165818840284    0.4234331637680568    1.6653345369377348e-16
36    2.1171658188402853    0.42343316376805706    1.1102230246251565e-16
37    2.117165818840285    0.42343316376805695    0.0
38    2.1171658188402844    0.4234331637680569    5.551115123125783e-17
39    2.1171658188402835    0.4234331637680567    2.7755575615628914e-16
40    2.117165818840285    0.42343316376805695    0.0
41    2.1171658188402844    0.42343316376805684    1.1102230246251565e-16
42    2.117165818840285    0.42343316376805695    0.0
43    2.1171658188402844    0.4234331637680569    5.551115123125783e-17
44    2.1171658188402858    0.4234331637680572    2.220446049250313e-16
45    2.117165818840285    0.42343316376805695    0.0
46    2.1171658188402867    0.42343316376805734    3.885780586188048e-16
47    2.1171658188402844    0.4234331637680569    5.551115123125783e-17
48    2.117165818840286    0.42343316376805723    2.7755575615628914e-16
49    2.1171658188402844    0.42343316376805684    1.1102230246251565e-16
50    2.117165818840284    0.4234331637680568    1.6653345369377348e-16
51    2.1171658188402835    0.4234331637680567    2.7755575615628914e-16
52    2.1171658188402875    0.4234331637680575    5.551115123125783e-16
53    2.1171658188402858    0.4234331637680571    1.6653345369377348e-16
54    2.117165818840286    0.4234331637680573    3.3306690738754696e-16
55    2.1171658188402827    0.4234331637680565    4.440892098500626e-16
56    2.117165818840283    0.4234331637680566    3.3306690738754696e-16
57    2.1171658188402844    0.4234331637680569    5.551115123125783e-17
58    2.117165818840286    0.42343316376805723    2.7755575615628914e-16
59    2.1171658188402844    0.4234331637680569    5.551115123125783e-17
60    2.1171658188402827    0.4234331637680565    4.440892098500626e-16
61    2.1171658188402844    0.4234331637680569    5.551115123125783e-17
62    2.117165818840285    0.42343316376805695    0.0
63    2.117165818840285    0.42343316376805695    0.0
64    2.117165818840286    0.4234331637680573    3.3306690738754696e-16
65    2.1171658188402835    0.42343316376805673    2.220446049250313e-16
66    2.117165818840285    0.42343316376805695    0.0
67    2.117165818840285    0.42343316376805695    0.0
68    2.1171658188402844    0.42343316376805684    1.1102230246251565e-16
69    2.117165818840285    0.42343316376805695    0.0
70    2.1171658188402858    0.4234331637680572    2.220446049250313e-16
71    2.1171658188402835    0.4234331637680567    2.7755575615628914e-16
72    2.1171658188402827    0.42343316376805656    3.885780586188048e-16
73    2.1171658188402844    0.4234331637680569    5.551115123125783e-17
74    2.117165818840285    0.42343316376805695    0.0
75    2.1171658188402858    0.4234331637680571    1.6653345369377348e-16
76    2.1171658188402827    0.42343316376805656    3.885780586188048e-16
77    2.1171658188402858    0.4234331637680571    1.6653345369377348e-16
78    2.117165818840285    0.423433163768057    5.551115123125783e-17
79    2.117165818840284    0.4234331637680568    1.6653345369377348e-16
80    2.1171658188402853    0.42343316376805706    1.1102230246251565e-16
81    2.1171658188402844    0.4234331637680569    5.551115123125783e-17
82    2.117165818840285    0.42343316376805695    0.0
83    2.1171658188402853    0.42343316376805706    1.1102230246251565e-16
84    2.1171658188402867    0.42343316376805734    3.885780586188048e-16
85    2.1171658188402844    0.42343316376805684    1.1102230246251565e-16
86    2.117165818840283    0.4234331637680566    3.3306690738754696e-16
87    2.1171658188402844    0.4234331637680569    5.551115123125783e-17
88    2.117165818840282    0.42343316376805645    4.996003610813204e-16
89    2.1171658188402844    0.4234331637680569    5.551115123125783e-17
90    2.1171658188402835    0.42343316376805673    2.220446049250313e-16
91    2.117165818840285    0.423433163768057    5.551115123125783e-17
92    2.1171658188402835    0.42343316376805673    2.220446049250313e-16
93    2.1171658188402835    0.4234331637680567    2.7755575615628914e-16
94    2.1171658188402835    0.42343316376805673    2.220446049250313e-16
95    2.1171658188402844    0.42343316376805684    1.1102230246251565e-16
96    2.1171658188402827    0.42343316376805656    3.885780586188048e-16
97    2.1171658188402844    0.4234331637680569    5.551115123125783e-17
98    2.1171658188402835    0.42343316376805673    2.220446049250313e-16
99    2.117165818840285    0.42343316376805695    0.0
100    2.1171658188402844    0.42343316376805684    1.1102230246251565e-16
101    2.1171658188402835    0.4234331637680567    2.7755575615628914e-16
102    2.1171658188402827    0.42343316376805656    3.885780586188048e-16
103    2.1171658188402853    0.42343316376805706    1.1102230246251565e-16
104    2.1171658188402813    0.4234331637680563    6.661338147750939e-16
105    2.117165818840279    0.42343316376805584    1.1102230246251565e-15
106    2.11716581884027    0.42343316376805407    2.886579864025407e-15
107    2.117165818840255    0.42343316376805107    5.88418203051333e-15
108    2.117165818840205    0.423433163768041    1.5931700403370996e-14
109    2.117165818840045    0.42343316376800905    4.7906123512575505e-14
110    2.117165818839368    0.4234331637678736    1.833533325168446e-13
111    2.117165818835807    0.4234331637671614    8.955614028138825e-13
112    2.1171658188145415    0.4234331637629083    5.1486592766991635e-12
113    2.1171658186790836    0.4234331637358167    3.2240266012451e-11
114    2.117165817804447    0.42343316356088934    2.071676163950542e-10
115    2.117165812031289    0.4234331624062578    1.3617991734271584e-09
116    2.1171657745013297    0.4234331549002659    8.86779105702118e-09
117    2.1171655235643314    0.4234331047128663    5.905519062654463e-08
118    2.1171639043033266    0.4234327808606653    3.8290739162727405e-07
119    2.1171528709104246    0.4234305741820849    2.589585972045949e-06
120    2.117082863863022    0.42341657277260436    1.659099545259224e-05
121    2.116585378965185    0.42331707579303707    0.0001160879750198851
122    2.113536877856738    0.4227073755713476    0.000725788196709376
123    2.0893714870261153    0.417874297405223    0.005558866362833925
124    1.9532468394818772    0.39064936789637544    0.03278379587168151
125    0.0    0.07989608388263203    0.3435370798854249
126    0.0    0.029954359552272353    0.3934788042157846
127    0.0    0.012391010723253843    0.4110421530448031
128    0.0    0.005239205714330472    0.4181939580537265
129    0.0    0.0022272741831138795    0.4212058895849431
130    0.0    0.0009481713003265304    0.4224849924677304
131    0.0    0.00040379261811139197    0.42302937114994554
132    0.0    0.000171977547865655    0.4232611862201913
133    0.0    7.32480714741553e-05    0.4233599156965828
134    0.0    3.119777127650984e-05    0.4234019659967804
135    0.0    1.3287758376114359e-05    0.42341987600968084
136    0.0    5.659526282873924e-06    0.42342750424177406
137    0.0    2.410507541959414e-06    0.423430753260515
138    0.0    1.0266843041110973e-06    0.4234321370837528
139    0.0    4.3728577979245883e-07    0.42343272648227714
140    0.0    1.8624893045925475e-07    0.4234329775191265
141    0.0    7.932721745110283e-08    0.4234330844408395
142    0.0    3.3787079546914595e-08    0.42343312998097743
143    0.0    1.4390606108225651e-08    0.42343314937745086
144    0.0    6.129252667907981e-09    0.4234331576388043
145    0.0    2.6105738395662548e-09    0.42343316115748314
146    0.0    1.1118965934607539e-09    0.4234331626561604
147    0.0    4.735793983530467e-10    0.42343316329447755
148    0.0    2.0170714881348473e-10    0.4234331635663498
149    0.0    8.591112500219711e-11    0.42343316368214584
150    0.0    3.6591409589836754e-11    0.42343316373146556
151    0.0    1.5585062320550014e-11    0.42343316375247186
152    0.0    6.637957978422593e-12    0.423433163761419
153    0.0    2.8270814508846165e-12    0.4234331637652299
154    0.0    1.204283200939571e-12    0.4234331637668527
155    0.0    5.128558168421282e-13    0.4234331637675441
156    0.0    2.1837913422029231e-13    0.42343316376783857
157    0.0    9.297770886540491e-14    0.42343316376796397
158    0.0    3.964298507519448e-14    0.4234331637680173
159    0.0    1.6819445142202127e-14    0.42343316376804013
160    0.0    7.26784084303933e-15    0.4234331637680497
161    0.0    3.0338145190489385e-15    0.4234331637680539
162    0.0    1.381924089050024e-15    0.42343316376805556
163    0.0    5.102255423716784e-16    0.42343316376805645
164    0.0    2.8015784137025435e-16    0.4234331637680567
165    -0.0    -1.9949319973733282e-17    0.42343316376805695
166    0.0    3.0357660829594124e-18    0.42343316376805695
167    0.0    6.071532165918825e-18    0.42343316376805695
168    0.0    1.3097162243624894e-16    0.42343316376805684
169    0.0    1.1535911115245767e-16    0.42343316376805684
170    0.0    1.6263032587282567e-17    0.42343316376805695
171    -0.0    -7.806255641895632e-18    0.42343316376805695
172    -0.0    -2.7755575615628914e-17    0.42343316376805695
173    -0.0    -3.8163916471489756e-17    0.423433163768057
174    0.0    1.1210650463500116e-16    0.42343316376805684
175    0.0    8.673617379884035e-19    0.42343316376805695
176    0.0    2.5804011705155006e-17    0.42343316376805695
177    -0.0    -2.168404344971009e-18    0.42343316376805695
178    0.0    4.83554168928535e-17    0.4234331637680569
179    0.0    8.044780119842443e-17    0.4234331637680569
180    0.0    1.1644331332494318e-16    0.42343316376805684
181    0.0    1.207801220148852e-16    0.42343316376805684
182    -0.0    -1.7564075194265172e-17    0.42343316376805695
183    -0.0    -6.331740687315346e-17    0.423433163768057
184    -0.0    -4.3151246464923076e-17    0.423433163768057
185    -0.0    -7.806255641895632e-18    0.42343316376805695
186    -0.0    -1.3791051634015616e-16    0.42343316376805706
187    0.0    7.37257477290143e-18    0.42343316376805695
188    -0.0    -7.41594285980085e-17    0.423433163768057
189    -0.0    -4.9873299934333204e-18    0.42343316376805695
190    -0.0    -6.548581121812447e-17    0.423433163768057
191    0.0    1.0538445116559103e-16    0.42343316376805684
192    0.0    1.2858637765678083e-16    0.42343316376805684
193    0.0    1.6805133673525319e-16    0.4234331637680568
194    -0.0    -8.803721640582296e-17    0.42343316376805706
195    0.0    3.621235256101585e-17    0.4234331637680569
196    -0.0    -1.0646865333807654e-16    0.42343316376805706
197    -0.0    -4.185020385794047e-17    0.423433163768057
198    -0.0    -1.0495077029659683e-16    0.42343316376805706
199    0.0    3.707971429900425e-17    0.4234331637680569
200    0.0    3.5344990823027445e-17    0.4234331637680569
201    0.0    1.97758476261356e-16    0.42343316376805673
202    -0.0    -7.090682208055199e-17    0.423433163768057
203    0.0    1.22514845490862e-16    0.42343316376805684
204    -0.0    -4.358492733391728e-17    0.423433163768057
205    0.0    2.7668839441830073e-16    0.4234331637680567
206    -0.0    -2.1033522146218786e-17    0.42343316376805695
207    0.0    1.48318857196017e-16    0.4234331637680568
208    -0.0    -1.0039712117215771e-16    0.42343316376805706
209    0.0    3.406563225949455e-16    0.4234331637680566
210    0.0    3.638582490861353e-16    0.42343316376805656
211    0.0    1.323810852604801e-15    0.4234331637680556
212    0.0    2.7690523485279783e-15    0.4234331637680542
213    0.0    7.269792406949804e-15    0.4234331637680497
214    0.0    1.6774776012695725e-14    0.4234331637680402
215    0.0    3.972668548291036e-14    0.4234331637680172
216    0.0    9.27912260917374e-14    0.42343316376796414
217    0.0    2.1852485099227437e-13    0.4234331637678384
218    0.0    5.129213026533463e-13    0.42343316376754403
219    0.0    1.2042463380657065e-12    0.4234331637668527
220    0.0    2.8272961229147686e-12    0.42343316376522966
221    0.0    6.6379844329556015e-12    0.423433163761419
222    0.0    1.5585069259443918e-11    0.42343316375247186
223    0.0    3.6591382701622877e-11    0.42343316373146556
224    0.0    8.59112845967569e-11    0.4234331636821457
225    0.0    2.0170689901330419e-10    0.4234331635663501
226    0.0    4.735793792710885e-10    0.42343316329447755
227    0.0    1.1118963701151063e-09    0.4234331626561606
228    0.0    2.610573719002973e-09    0.42343316115748325
229    0.0    6.129252542140529e-09    0.4234331576388044
230    0.0    1.4390606129042333e-08    0.4234331493774508
231    0.0    3.37870794788267e-08    0.4234331299809775
232    0.0    7.932721726462005e-08    0.4234330844408397
233    0.0    1.8624893041154986e-07    0.42343297751912656
234    0.0    4.3728577953832184e-07    0.4234327264822774
235    0.0    1.0266843040746682e-06    0.4234321370837529
236    0.0    2.41050754187528e-06    0.4234307532605151
237    0.0    5.659526283071682e-06    0.4234275042417739
238    0.0    1.3287758376177676e-05    0.4234198760096808
239    0.0    3.1197771276380605e-05    0.4234019659967806
240    0.0    7.324807147427934e-05    0.42335991569658266
241    0.0    0.00017197754786576341    0.4232611862201912
242    0.0    0.00040379261811151427    0.42302937114994543
243    0.0    0.0009481713003263326    0.42248499246773064
244    0.0    0.002227274183113675    0.42120588958494326
245    0.0    0.005239205714330765    0.41819395805372617
246    0.0    0.012391010723253944    0.411042153044803
247    0.0    0.029954359552272318    0.3934788042157846
248    0.0    0.079896083882632    0.3435370798854249
249    1.953246839481879    0.3906493678963758    0.032783795871681176
