0    2.0879630762787906    0.41759261525575814    0.005669991410117758
1    2.1125901264063676    0.4225180252812735    0.0007445813846023719
2    2.1157187314259644    0.42314374628519286    0.00011886038068303906
3    2.1162278800279353    0.42324557600558704    1.7030660288852584e-05
4    2.116299796838818    0.4232599593677636    2.6472981122793726e-06
5    2.1163110755417676    0.4232622151083535    3.915575224056056e-07
6    2.116312732798148    0.4232625465596296    6.010624631347383e-08
7    2.116312988247367    0.4232625976494733    9.016402569006488e-09
8    2.116313026435666    0.4232626052871332    1.3787426755840215e-09
9    2.1163130322819503    0.4232626064563901    2.0948581758162277e-10
10    2.1163130331668083    0.4232626066333616    3.251426905492849e-11
11    2.1163130333034275    0.4232626066606855    5.190403662425069e-12
12    2.116313033324882    0.4232626066649764    8.995026945513018e-13
13    2.1163130333284714    0.42326260666569426    1.816324868286756e-13
14    2.1163130333291504    0.4232626066658301    4.579669976578771e-14
15    2.116313033329307    0.42326260666586146    1.4432899320127035e-14
16    2.116313033329354    0.42326260666587073    5.162537064506978e-15
17    2.1163130333293685    0.42326260666587373    2.1649348980190553e-15
18    2.1163130333293765    0.4232626066658753    6.106226635438361e-16
19    2.1163130333293796    0.42326260666587595    5.551115123125783e-17
20    2.11631303332938    0.423262606665876    1.1102230246251565e-16
21    2.1163130333293796    0.42326260666587595    5.551115123125783e-17
22    2.1163130333293796    0.4232626066658759    0.0
23    2.116313033329379    0.42326260666587584    5.551115123125783e-17
24    2.1163130333293796    0.4232626066658759    0.0
25    2.1163130333293805    0.42326260666587606    1.6653345369377348e-16
26    2.1163130333293796    0.4232626066658759    0.0
27    2.116313033329379    0.4232626066658758    1.1102230246251565e-16
28    2.1163130333293805    0.42326260666587606    1.6653345369377348e-16
29    2.1163130333293783    0.4232626066658756    2.7755575615628914e-16
30    2.1163130333293805    0.4232626066658761    2.220446049250313e-16
31    2.116313033329379    0.42326260666587584    5.551115123125783e-17
32    2.1163130333293805    0.42326260666587606    1.6653345369377348e-16
33    2.1163130333293805    0.42326260666587606    1.6653345369377348e-16
34    2.116313033329381    0.42326260666587623    3.3306690738754696e-16
35    2.1163130333293805    0.42326260666587606    1.6653345369377348e-16
36    2.116313033329383    0.4232626066658766    7.216449660063518e-16
37    2.116313033329381    0.42326260666587623    3.3306690738754696e-16
38    2.116313033329382    0.4232626066658764    4.996003610813204e-16
39    2.11631303332938    0.423262606665876    1.1102230246251565e-16
40    2.1163130333293805    0.42326260666587606    1.6653345369377348e-16
41    2.116313033329382    0.42326260666587634    4.440892098500626e-16
42    2.1163130333293805    0.42326260666587606    1.6653345369377348e-16
43    2.11631303332938    0.423262606665876    1.1102230246251565e-16
44    2.11631303332938    0.423262606665876    1.1102230246251565e-16
45    2.116313033329382    0.42326260666587634    4.440892098500626e-16
46    2.116313033329379    0.4232626066658758    1.1102230246251565e-16
47    2.116313033329381    0.42326260666587623    3.3306690738754696e-16
48    2.11631303332938    0.423262606665876    1.1102230246251565e-16
49    2.116313033329381    0.42326260666587623    3.3306690738754696e-16
50    2.1163130333293796    0.42326260666587595    5.551115123125783e-17
51    2.116313033329379    0.42326260666587584    5.551115123125783e-17
52    2.1163130333293783    0.4232626066658756    2.7755575615628914e-16
53    2.116313033329379    0.42326260666587584    5.551115123125783e-17
54    2.1163130333293796    0.4232626066658759    0.0
55    2.116313033329381    0.4232626066658762    2.7755575615628914e-16
56    2.1163130333293805    0.42326260666587606    1.6653345369377348e-16
57    2.116313033329379    0.4232626066658758    1.1102230246251565e-16
58    2.1163130333293796    0.4232626066658759    0.0
59    2.1163130333293796    0.42326260666587595    5.551115123125783e-17
60    2.116313033329381    0.4232626066658762    2.7755575615628914e-16
61    2.116313033329379    0.42326260666587584    5.551115123125783e-17
62    2.1163130333293796    0.4232626066658759    0.0
63    2.1163130333293796    0.4232626066658759    0.0
64    2.1163130333293796    0.4232626066658759    0.0
65    2.1163130333293796    0.42326260666587595    5.551115123125783e-17
66    2.116313033329379    0.42326260666587584    5.551115123125783e-17
67    2.1163130333293796    0.4232626066658759    0.0
68    2.1163130333293805    0.42326260666587606    1.6653345369377348e-16
69    2.1163130333293787    0.42326260666587573    1.6653345369377348e-16
70    2.1163130333293805    0.42326260666587606    1.6653345369377348e-16
71    2.1163130333293805    0.42326260666587606    1.6653345369377348e-16
72    2.116313033329381    0.42326260666587623    3.3306690738754696e-16
73    2.116313033329381    0.42326260666587623    3.3306690738754696e-16
74    2.116313033329381    0.42326260666587623    3.3306690738754696e-16
75    2.1163130333293805    0.4232626066658761    2.220446049250313e-16
76    2.116313033329381    0.42326260666587623    3.3306690738754696e-16
77    2.1163130333293796    0.42326260666587595    5.551115123125783e-17
78    2.1163130333293805    0.42326260666587606    1.6653345369377348e-16
79    2.1163130333293796    0.42326260666587595    5.551115123125783e-17
80    2.1163130333293796    0.42326260666587595    5.551115123125783e-17
81    2.116313033329379    0.4232626066658758    1.1102230246251565e-16
82    2.1163130333293796    0.42326260666587595    5.551115123125783e-17
83    2.1163130333293805    0.42326260666587606    1.6653345369377348e-16
84    2.116313033329379    0.4232626066658758    1.1102230246251565e-16
85    2.116313033329381    0.4232626066658762    2.7755575615628914e-16
86    2.1163130333293774    0.42326260666587545    4.440892098500626e-16
87    2.116313033329379    0.42326260666587584    5.551115123125783e-17
88    2.1163130333293774    0.4232626066658755    3.885780586188048e-16
89    2.1163130333293796    0.4232626066658759    0.0
90    2.11631303332938    0.423262606665876    1.1102230246251565e-16
91    2.1163130333293796    0.4232626066658759    0.0
92    2.1163130333293787    0.42326260666587573    1.6653345369377348e-16
93    2.1163130333293787    0.42326260666587573    1.6653345369377348e-16
94    2.1163130333293805    0.42326260666587606    1.6653345369377348e-16
95    2.1163130333293783    0.4232626066658757    2.220446049250313e-16
96    2.116313033329377    0.4232626066658754    4.996003610813204e-16
97    2.116313033329379    0.42326260666587584    5.551115123125783e-17
98    2.1163130333293796    0.42326260666587595    5.551115123125783e-17
99    2.1163130333293787    0.42326260666587573    1.6653345369377348e-16
100    2.11631303332938    0.423262606665876    1.1102230246251565e-16
101    2.11631303332938    0.423262606665876    1.1102230246251565e-16
102    2.1163130333293796    0.42326260666587595    5.551115123125783e-17
103    2.1163130333293805    0.42326260666587606    1.6653345369377348e-16
104    2.11631303332938    0.423262606665876    1.1102230246251565e-16
105    2.1163130333293765    0.42326260666587534    5.551115123125783e-16
106    2.1163130333293703    0.423262606665874    1.887379141862766e-15
107    2.116313033329355    0.42326260666587107    4.829470157119431e-15
108    2.1163130333293063    0.42326260666586124    1.4654943925052066e-14
109    2.1163130333291487    0.4232626066658297    4.618527782440651e-14
110    2.11631303332847    0.42326260666569404    1.8185453143360064e-13
111    2.116313033324881    0.42326260666497617    8.997247391562269e-13
112    2.1163130333034283    0.4232626066606857    5.190181617820144e-12
113    2.116313033166807    0.4232626066333614    3.2514491099533416e-11
114    2.116313032281952    0.42326260645639047    2.0948542900356415e-10
115    2.116313026435669    0.42326260528713383    1.378742064961358e-09
116    2.1163129882473686    0.4232625976494737    9.016402180428429e-09
117    2.1163127327981512    0.42326254655963025    6.010624564734002e-08
118    2.1163110755417662    0.42326221510835327    3.915575226276502e-07
119    2.1162997968388213    0.4232599593677642    2.64729811166875e-06
120    2.116227880027939    0.42324557600558776    1.703066028813094e-05
121    2.1157187314259684    0.4231437462851937    0.00011886038068220639
122    2.1125901264063702    0.4225180252812741    0.0007445813846018168
123    2.087963076278791    0.41759261525575825    0.005669991410117647
124    1.9495318492635145    0.3899063698527029    0.03335623681317301
125    0.0    0.07780600808578425    0.34545659858009165
126    0.0    0.027880026766035085    0.3953825798998408
127    0.0    0.010936291337400875    0.412326315328475
128    0.0    0.004372961297144873    0.418889645368731
129    0.0    0.0017564513667901304    0.42150615529908575
130    0.0    0.0007062757483699486    0.42255633091750594
131    0.0    0.00028407375118098474    0.4229785329146949
132    0.0    0.00011426614871966508    0.4231483405171562
133    0.0    4.5963333137243045e-05    0.4232166433327387
134    0.0    1.8488739712569507e-05    0.42324411792616334
135    0.0    7.4370991446984225e-06    0.4232551695667312
136    0.0    2.991575389578796e-06    0.4232596150904863
137    0.0    1.2033621908848907e-06    0.423261403303685
138    0.0    4.840528481896145e-07    0.4232621226130277
139    0.0    1.9471042269269753e-07    0.4232624119554532
140    0.0    7.83223337336332e-08    0.42326252834354217
141    0.0    3.150518546263595e-08    0.42326257516069044
142    0.0    1.2672971626097318e-08    0.4232625939929043
143    0.0    5.097707332212681e-09    0.4232626015681686
144    0.0    2.0505543851453978e-09    0.4232626046153215
145    0.0    8.248363203393339e-10    0.4232626058410396
146    0.0    3.3179065137695085e-10    0.42326260633408525
147    0.0    1.3346291736701654e-10    0.423262606532413
148    0.0    5.3685575082673687e-11    0.42326260661219034
149    0.0    2.1595013537795138e-11    0.4232626066442809
150    0.0    8.686484257586224e-12    0.4232626066571894
151    0.0    3.4941715319758426e-12    0.42326260666238175
152    0.0    1.405400969212156e-12    0.4232626066644705
153    0.0    5.653424776930205e-13    0.42326260666531057
154    0.0    2.2735979765542425e-13    0.4232626066656485
155    0.0    9.149798974039669e-14    0.4232626066657844
156    0.0    3.67470810724857e-14    0.42326260666583915
157    0.0    1.471305716149729e-14    0.4232626066658612
158    0.0    5.791808005417565e-15    0.4232626066658701
159    0.0    2.3659459807978678e-15    0.4232626066658735
160    0.0    8.968520370800093e-16    0.423262606665875
161    0.0    3.0335976786144414e-16    0.4232626066658756
162    0.0    1.6479873021779667e-16    0.42326260666587573
163    0.0    5.5077470362263625e-17    0.42326260666587584
164    -0.0    -4.423544863740858e-17    0.42326260666587595
165    0.0    4.662069341687669e-17    0.42326260666587584
166    0.0    4.8138576458356397e-17    0.42326260666587584
167    0.0    3.7947076036992655e-17    0.42326260666587584
168    0.0    2.194425197110661e-16    0.4232626066658757
169    0.0    5.637851296924623e-18    0.4232626066658759
170    0.0    1.3053794156725473e-16    0.4232626066658758
171    -0.0    -9.974659986866641e-18    0.4232626066658759
172    0.0    5.876375774871434e-17    0.42326260666587584
173    -0.0    -9.73613550891983e-17    0.423262606665876
174    0.0    3.187554387107383e-17    0.42326260666587584
175    -0.0    -2.504507018441515e-16    0.4232626066658762
176    0.0    8.890457814381136e-17    0.4232626066658758
177    -0.0    -8.630249292984615e-17    0.423262606665876
178    0.0    1.8648277366750676e-17    0.4232626066658759
179    -0.0    -1.929879867024198e-17    0.4232626066658759
180    0.0    6.396792817664476e-17    0.42326260666587584
181    -0.0    -1.1839487723541708e-16    0.423262606665876
182    0.0    1.3140530330524314e-16    0.4232626066658758
183    -0.0    -4.92227786308419e-17    0.42326260666587595
184    0.0    1.3465790982269965e-16    0.4232626066658758
185    -0.0    -2.3852447794681098e-17    0.4232626066658759
186    0.0    4.0766001685454967e-17    0.42326260666587584
187    0.0    1.9949319973733282e-17    0.4232626066658759
188    -0.0    -1.7997756063259374e-17    0.4232626066658759
189    0.0    2.992397996059992e-17    0.42326260666587584
190    0.0    7.025630077706069e-17    0.42326260666587584
191    -0.0    -2.7538735181131813e-17    0.4232626066658759
192    0.0    1.1752751549742868e-16    0.4232626066658758
193    -0.0    -7.41594285980085e-17    0.42326260666587595
194    0.0    4.0115480381963664e-17    0.42326260666587584
195    -0.0    -1.7694179454963432e-16    0.42326260666587606
196    0.0    4.7488055154865094e-17    0.42326260666587584
197    -0.0    -1.6718397499726478e-16    0.42326260666587606
198    -0.0    -6.5052130349130266e-18    0.4232626066658759
199    -0.0    -1.5395670849294163e-17    0.4232626066658759
200    -0.0    -4.618701254788249e-17    0.42326260666587595
201    -0.0    -1.4333152720258369e-16    0.42326260666587606
202    -0.0    -9.475926987523309e-17    0.423262606665876
203    -0.0    -1.1188966420050406e-16    0.423262606665876
204    -0.0    -8.066464163292153e-17    0.42326260666587595
205    -0.0    -2.1575623232461538e-16    0.4232626066658761
206    0.0    2.3635607360183997e-17    0.4232626066658759
207    -0.0    -6.245004513516506e-17    0.42326260666587595
208    -0.0    -8.977193988179977e-17    0.423262606665876
209    -0.0    -9.107298248878237e-17    0.423262606665876
210    0.0    1.0690233420707074e-16    0.4232626066658758
211    0.0    1.1882855810441129e-16    0.4232626066658758
212    0.0    3.5865407865820487e-16    0.42326260666587556
213    0.0    1.1512058667451086e-15    0.42326260666587473
214    0.0    2.4858587410747646e-15    0.4232626066658734
215    0.0    6.174314531870451e-15    0.42326260666586973
216    0.0    1.4743848503195878e-14    0.42326260666586113
217    0.0    3.686504226885212e-14    0.42326260666583904
218    0.0    9.145548901523526e-14    0.4232626066657844
219    0.0    2.273628334215072e-13    0.4232626066656485
220    0.0    5.652687519452915e-13    0.4232626066653106
221    0.0    1.4055683700275878e-12    0.42326260666447035
222    0.0    3.4944226331989903e-12    0.42326260666238147
223    0.0    8.68679694149277e-12    0.4232626066571891
224    0.0    2.159512499377847e-11    0.4232626066442808
225    0.0    5.368529449115145e-11    0.4232626066121906
226    0.0    1.334629095607609e-10    0.423262606532413
227    0.0    3.3179048094036934e-10    0.4232626063340854
228    0.0    8.248361420964967e-10    0.42326260584103975
229    0.0    2.0505542411633493e-09    0.42326260461532167
230    0.0    5.097707164378185e-09    0.42326260156816875
231    0.0    1.2672971339434264e-08    0.42326259399290456
232    0.0    3.150518551684606e-08    0.4232625751606904
233    0.0    7.832233373493425e-08    0.42326252834354217
234    0.0    1.9471042249060225e-07    0.4232624119554534
235    0.0    4.840528479285386e-07    0.423262122613028
236    0.0    1.2033621911329562e-06    0.4232614033036848
237    0.0    2.9915753893732314e-06    0.42325961509048654
238    0.0    7.437099144784291e-06    0.4232551695667311
239    0.0    1.848873971230236e-05    0.42324411792616357
240    0.0    4.596333313717539e-05    0.42321664333273873
241    0.0    0.00011426614871937798    0.4231483405171565
242    0.0    0.0002840737511810437    0.42297853291469484
243    0.0    0.0007062757483699278    0.422556330917506
244    0.0    0.001756451366789969    0.4215061552990859
245    0.0    0.004372961297144975    0.4188896453687309
246    0.0    0.010936291337400879    0.412326315328475
247    0.0    0.027880026766035196    0.3953825798998407
248    0.0    0.077806008085784    0.3454565985800919
249    1.9495318492635139    0.38990636985270277    0.033356236813173124
