0    2.08387482803402    0.41677496560680394    0.005888205023237891
1    2.1094111837499065    0.42188223674998127    0.0007809338800605636
2    2.1126963171074196    0.4225392634214839    0.00012390720855792736
3    2.113226799220146    0.42264535984402923    1.7810786012595337e-05
4    2.1133021372962646    0.4226604274592529    2.7431707889102874e-06
5    2.113313826529375    0.422662765305875    4.053241668411367e-07
6    2.113315545029866    0.4226631090059732    6.162406862575409e-08
7    2.1133158071141818    0.42266316142283633    9.207205498018567e-09
8    2.1133158461823247    0.42266316923646496    1.3935768650163993e-09
9    2.1133158521011337    0.4226631704202268    2.0981505421957536e-10
10    2.113315852990529    0.4226631705981058    3.193600939255248e-11
11    2.1133158531256377    0.4226631706251276    4.914235685049562e-12
12    2.113315853146293    0.4226631706292586    7.832068327218167e-13
13    2.1133158531495413    0.42266317062990827    1.3355982986240633e-13
14    2.113315853150079    0.42266317063001585    2.5979218776228663e-14
15    2.1133158531501794    0.4226631706300359    5.9396931817445875e-15
16    2.113315853150203    0.42266317063004055    1.27675647831893e-15
17    2.11331585315021    0.422663170630042    1.6653345369377348e-16
18    2.1133158531502105    0.4226631706300421    2.7755575615628914e-16
19    2.113315853150212    0.42266317063004233    4.996003610813204e-16
20    2.1133158531502114    0.4226631706300423    4.440892098500626e-16
21    2.1133158531502123    0.4226631706300425    6.661338147750939e-16
22    2.1133158531502105    0.4226631706300421    2.7755575615628914e-16
23    2.113315853150213    0.4226631706300426    7.771561172376096e-16
24    2.11331585315021    0.42266317063004205    2.220446049250313e-16
25    2.1133158531502114    0.4226631706300423    4.440892098500626e-16
26    2.1133158531502123    0.4226631706300425    6.661338147750939e-16
27    2.113315853150212    0.4226631706300424    5.551115123125783e-16
28    2.1133158531502123    0.4226631706300425    6.661338147750939e-16
29    2.1133158531502123    0.42266317063004244    6.106226635438361e-16
30    2.1133158531502136    0.4226631706300427    8.881784197001252e-16
31    2.1133158531502136    0.4226631706300427    8.881784197001252e-16
32    2.113315853150213    0.42266317063004266    8.326672684688674e-16
33    2.113315853150212    0.42266317063004233    4.996003610813204e-16
34    2.1133158531502128    0.42266317063004255    7.216449660063518e-16
35    2.113315853150212    0.4226631706300424    5.551115123125783e-16
36    2.1133158531502128    0.42266317063004255    7.216449660063518e-16
37    2.1133158531502123    0.4226631706300425    6.661338147750939e-16
38    2.113315853150211    0.4226631706300422    3.885780586188048e-16
39    2.113315853150213    0.42266317063004266    8.326672684688674e-16
40    2.113315853150211    0.42266317063004216    3.3306690738754696e-16
41    2.1133158531502114    0.4226631706300423    4.440892098500626e-16
42    2.113315853150211    0.4226631706300422    3.885780586188048e-16
43    2.113315853150212    0.42266317063004233    4.996003610813204e-16
44    2.113315853150209    0.42266317063004183    0.0
45    2.1133158531502123    0.4226631706300425    6.661338147750939e-16
46    2.113315853150212    0.42266317063004233    4.996003610813204e-16
47    2.1133158531502136    0.4226631706300428    9.43689570931383e-16
48    2.1133158531502114    0.4226631706300423    4.440892098500626e-16
49    2.113315853150214    0.42266317063004283    9.992007221626409e-16
50    2.113315853150211    0.42266317063004216    3.3306690738754696e-16
51    2.1133158531502128    0.42266317063004255    7.216449660063518e-16
52    2.1133158531502123    0.4226631706300425    6.661338147750939e-16
53    2.113315853150214    0.42266317063004283    9.992007221626409e-16
54    2.11331585315021    0.42266317063004205    2.220446049250313e-16
55    2.1133158531502123    0.42266317063004244    6.106226635438361e-16
56    2.113315853150211    0.42266317063004216    3.3306690738754696e-16
57    2.113315853150213    0.42266317063004266    8.326672684688674e-16
58    2.113315853150212    0.42266317063004233    4.996003610813204e-16
59    2.1133158531502123    0.4226631706300425    6.661338147750939e-16
60    2.113315853150212    0.42266317063004233    4.996003610813204e-16
61    2.113315853150212    0.42266317063004233    4.996003610813204e-16
62    2.113315853150209    0.42266317063004183    0.0
63    2.113315853150211    0.42266317063004216    3.3306690738754696e-16
64    2.1133158531502105    0.4226631706300421    2.7755575615628914e-16
65    2.113315853150212    0.42266317063004233    4.996003610813204e-16
66    2.113315853150211    0.4226631706300422    3.885780586188048e-16
67    2.113315853150211    0.4226631706300422    3.885780586188048e-16
68    2.1133158531502123    0.4226631706300425    6.661338147750939e-16
69    2.113315853150212    0.4226631706300424    5.551115123125783e-16
70    2.113315853150211    0.42266317063004216    3.3306690738754696e-16
71    2.113315853150211    0.42266317063004216    3.3306690738754696e-16
72    2.1133158531502136    0.4226631706300427    8.881784197001252e-16
73    2.113315853150212    0.42266317063004233    4.996003610813204e-16
74    2.113315853150213    0.42266317063004266    8.326672684688674e-16
75    2.1133158531502123    0.42266317063004244    6.106226635438361e-16
76    2.113315853150211    0.42266317063004216    3.3306690738754696e-16
77    2.113315853150212    0.42266317063004233    4.996003610813204e-16
78    2.113315853150213    0.4226631706300426    7.771561172376096e-16
79    2.113315853150213    0.4226631706300426    7.771561172376096e-16
80    2.1133158531502128    0.42266317063004255    7.216449660063518e-16
81    2.113315853150212    0.42266317063004233    4.996003610813204e-16
82    2.1133158531502145    0.4226631706300429    1.0547118733938987e-15
83    2.113315853150212    0.4226631706300424    5.551115123125783e-16
84    2.1133158531502128    0.42266317063004255    7.216449660063518e-16
85    2.1133158531502123    0.42266317063004244    6.106226635438361e-16
86    2.1133158531502128    0.42266317063004255    7.216449660063518e-16
87    2.1133158531502123    0.42266317063004244    6.106226635438361e-16
88    2.113315853150214    0.42266317063004283    9.992007221626409e-16
89    2.11331585315021    0.422663170630042    1.6653345369377348e-16
90    2.1133158531502145    0.4226631706300429    1.0547118733938987e-15
91    2.113315853150213    0.42266317063004266    8.326672684688674e-16
92    2.1133158531502123    0.4226631706300425    6.661338147750939e-16
93    2.1133158531502123    0.42266317063004244    6.106226635438361e-16
94    2.1133158531502128    0.42266317063004255    7.216449660063518e-16
95    2.113315853150213    0.4226631706300426    7.771561172376096e-16
96    2.113315853150211    0.4226631706300422    3.885780586188048e-16
97    2.113315853150213    0.4226631706300426    7.771561172376096e-16
98    2.113315853150212    0.42266317063004233    4.996003610813204e-16
99    2.113315853150212    0.42266317063004233    4.996003610813204e-16
100    2.113315853150213    0.42266317063004266    8.326672684688674e-16
101    2.113315853150211    0.42266317063004216    3.3306690738754696e-16
102    2.1133158531502114    0.4226631706300423    4.440892098500626e-16
103    2.11331585315021    0.42266317063004205    2.220446049250313e-16
104    2.1133158531502123    0.4226631706300425    6.661338147750939e-16
105    2.113315853150211    0.4226631706300422    3.885780586188048e-16
106    2.11331585315021    0.422663170630042    1.6653345369377348e-16
107    2.1133158531502034    0.4226631706300407    1.1102230246251565e-15
108    2.1133158531501812    0.4226631706300362    5.6066262743570405e-15
109    2.113315853150078    0.4226631706300156    2.6201263381153694e-14
110    2.1133158531495395    0.42266317062990794    1.3389289676979388e-13
111    2.1133158531462946    0.4226631706292589    7.829292769656604e-13
112    2.113315853125638    0.42266317062512765    4.91418017389833e-12
113    2.1133158529905307    0.42266317059810615    3.193567632564509e-11
114    2.113315852101133    0.42266317042022655    2.0981527626418028e-10
115    2.1133158461823283    0.42266316923646563    1.3935761988825845e-09
116    2.113315807114183    0.4226631614228366    9.20720522046281e-09
117    2.1133155450298697    0.422663109005974    6.162406784859797e-08
118    2.1133138265293754    0.42266276530587504    4.0532416678562555e-07
119    2.1133021372962704    0.42266042745925403    2.7431707878000644e-06
120    2.113226799220148    0.42264535984402957    1.781078601226227e-05
121    2.1126963171074227    0.4225392634214845    0.00012390720855731674
122    2.1094111837499034    0.42188223674998065    0.0007809338800611743
123    2.083874828034024    0.41677496560680477    0.005888205023237059
124    1.9406527408580603    0.3881305481716121    0.03453262245842975
125    0.0    0.07345020329771351    0.3492129673323283
126    0.0    0.0239877889370311    0.39867538169301076
127    0.0    0.008461549001499747    0.41420162162854207
128    0.0    0.003029683556805782    0.41963348707323606
129    0.0    0.001088265302506759    0.42157490532753505
130    0.0    0.0003911845655000402    0.4222719860645418
131    0.0    0.0001406366635103417    0.4225225339665315
132    0.0    5.0562820458647725e-05    0.4226126078095832
133    0.0    1.817890206476814e-05    0.42264499172797704
134    0.0    6.5358915082337765e-06    0.4226566347385336
135    0.0    2.349861185194785e-06    0.42266082076885664
136    0.0    8.448500298128755e-07    0.422662325780012
137    0.0    3.037505338513227e-07    0.422662866879508
138    0.0    1.0920800590317331e-07    0.4226630614220359
139    0.0    3.926376170027002e-08    0.42266313136628014
140    0.0    1.4116574790622866e-08    0.42266315651346703
141    0.0    5.075358905284183e-09    0.4226631655546829
142    0.0    1.824753470287127e-09    0.42266316880528837
143    0.0    6.560570671790278e-10    0.4226631699739848
144    0.0    2.358734501120563e-10    0.4226631703941684
145    0.0    8.48041602219407e-11    0.42266317054523767
146    0.0    3.048969019966985e-11    0.42266317059955216
147    0.0    1.0962005175113587e-11    0.4226631706190798
148    0.0    3.941096581028258e-12    0.42266317062610076
149    0.0    1.4169156299648211e-12    0.4226631706286249
150    0.0    5.093980792736374e-13    0.4226631706295324
151    0.0    1.8312434901801566e-13    0.4226631706298587
152    0.0    6.592382889580861e-14    0.4226631706299759
153    0.0    2.3592239273284576e-14    0.42266317063001824
154    0.0    8.46761896711179e-15    0.42266317063003334
155    0.0    3.3107197539017363e-15    0.4226631706300385
156    0.0    1.1214987272190058e-15    0.4226631706300407
157    0.0    4.2891037943526555e-16    0.4226631706300414
158    0.0    1.212138028838794e-16    0.4226631706300417
159    0.0    4.2500725161431774e-17    0.4226631706300418
160    0.0    7.546047120499111e-17    0.4226631706300418
161    -0.0    -1.8648277366750676e-17    0.42266317063004183
162    -0.0    -8.890457814381136e-18    0.42266317063004183
163    -0.0    -3.209238430557093e-17    0.4226631706300419
164    -0.0    -7.589415207398531e-18    0.42266317063004183
165    0.0    3.0791341698588326e-17    0.4226631706300418
166    -0.0    -4.92227786308419e-17    0.4226631706300419
167    -0.0    -3.0357660829594124e-18    0.42266317063004183
168    0.0    3.361026734705064e-17    0.4226631706300418
169    -0.0    -6.765421556309548e-17    0.4226631706300419
170    0.0    1.6479873021779667e-17    0.42266317063004183
171    -0.0    -4.228388472693467e-17    0.4226631706300419
172    -0.0    -1.5829351718288365e-17    0.42266317063004183
173    0.0    9.302454639925628e-17    0.4226631706300417
174    -0.0    -1.0646865333807654e-16    0.42266317063004194
175    -0.0    -3.5344990823027445e-17    0.4226631706300419
176    0.0    2.42861286636753e-17    0.42266317063004183
177    -0.0    -5.4860629927766524e-17    0.4226631706300419
178    -0.0    -1.2533377113932431e-16    0.42266317063004194
179    -0.0    -1.3769367590565906e-16    0.42266317063004194
180    -0.0    -2.992397996059992e-17    0.4226631706300419
181    -0.0    -1.0516761073109393e-16    0.42266317063004194
182    0.0    7.589415207398531e-18    0.42266317063004183
183    -0.0    -4.553649124439119e-18    0.42266317063004183
184    -0.0    -4.83554168928535e-17    0.4226631706300419
185    -0.0    -1.951563910473908e-17    0.42266317063004183
186    -0.0    -6.158268339717665e-17    0.4226631706300419
187    0.0    1.214306433183765e-17    0.42266317063004183
188    -0.0    -2.6020852139652106e-18    0.42266317063004183
189    0.0    1.0386656812411132e-16    0.4226631706300417
190    0.0    8.088148206741863e-17    0.4226631706300418
191    0.0    5.2692225582795515e-17    0.4226631706300418
192    -0.0    -1.5178830414797062e-18    0.42266317063004183
193    0.0    1.706534219492184e-16    0.42266317063004166
194    -0.0    -3.3176586478056436e-17    0.4226631706300419
195    -0.0    -4.0549161250957866e-17    0.4226631706300419
196    -0.0    -1.2793585635328952e-17    0.42266317063004183
197    0.0    1.450662506785605e-16    0.42266317063004166
198    -0.0    -9.86623976961809e-17    0.42266317063004194
199    0.0    9.302454639925628e-17    0.4226631706300417
200    -0.0    -6.396792817664476e-17    0.4226631706300419
201    0.0    1.3227266504323154e-16    0.4226631706300417
202    -0.0    -1.0104764247564901e-16    0.42266317063004194
203    0.0    1.1015494072452725e-16    0.4226631706300417
204    -0.0    -6.808789643208968e-17    0.4226631706300419
205    0.0    1.0603497246908233e-16    0.4226631706300417
206    -0.0    -1.1839487723541708e-16    0.42266317063004194
207    0.0    1.3682631416767066e-16    0.4226631706300417
208    -0.0    -5.876375774871434e-17    0.4226631706300419
209    0.0    1.240327285323417e-16    0.4226631706300417
210    -0.0    -1.1731067506293158e-16    0.42266317063004194
211    0.0    1.3769367590565906e-16    0.4226631706300417
212    -0.0    -8.630249292984615e-17    0.42266317063004194
213    0.0    1.5612511283791264e-17    0.42266317063004183
214    -0.0    -2.688821387764051e-17    0.42266317063004183
215    0.0    1.7433970933566911e-16    0.42266317063004166
216    0.0    5.32993787993874e-16    0.4226631706300413
217    0.0    1.2108369862318114e-15    0.4226631706300406
218    0.0    3.1741102801685628e-15    0.42266317063003866
219    0.0    8.394760581120764e-15    0.42266317063003345
220    0.0    2.3681143851428388e-14    0.4226631706300181
221    0.0    6.593900772622341e-14    0.4226631706299759
222    0.0    1.831889674674958e-13    0.42266317062985864
223    0.0    5.092948632268168e-13    0.4226631706295325
224    0.0    1.4169737432012663e-12    0.42266317062862485
225    0.0    3.941191557138568e-12    0.42266317062610065
226    0.0    1.0962086707116958e-11    0.42266317061907976
227    0.0    3.048981553344099e-11    0.422663170599552
228    0.0    8.4804202288985e-11    0.4226631705452376
229    0.0    2.3587334993177556e-10    0.42266317039416845
230    0.0    6.560571560836059e-10    0.4226631699739847
231    0.0    1.8247531775525405e-09    0.42266316880528865
232    0.0    5.075358939544972e-09    0.42266316555468286
233    0.0    1.4116574777178759e-08    0.42266315651346703
234    0.0    3.9263761939228176e-08    0.42266313136627987
235    0.0    1.0920800595001084e-07    0.42266306142203586
236    0.0    3.0375053379841366e-07    0.42266286687950805
237    0.0    8.448500297018532e-07    0.4226623257800121
238    0.0    2.349861185077691e-06    0.42266082076885675
239    0.0    6.5358915081088764e-06    0.4226566347385337
240    0.0    1.817890206475166e-05    0.4226449917279771
241    0.0    5.056282045855318e-05    0.42261260780958326
242    0.0    0.0001406366635103417    0.4225225339665315
243    0.0    0.0003911845655003004    0.4222719860645415
244    0.0    0.0010882653025064432    0.4215749053275354
245    0.0    0.003029683556805926    0.4196334870732359
246    0.0    0.00846154900149957    0.41420162162854224
247    0.0    0.023987788937031265    0.3986753816930106
248    0.0    0.07345020329771323    0.3492129673323286
249    1.9406527408580623    0.38813054817161247    0.03453262245842936
