0.001 0.25509784521381873 
0.00301010101010101 0.25509784521381873 
0.00502020202020202 0.25509784521381873 
0.00703030303030303 0.25509784521381873 
0.00904040404040404 0.25509784521381873 
0.01105050505050505 0.25509784521381873 
0.01306060606060606 0.255097845213672 
0.015070707070707071 0.2550978454443731 
0.017080808080808082 0.2550978484433393 
0.019090909090909092 0.2550978703836965 
0.021101010101010103 0.2550979766763791 
0.023111111111111114 0.2550983578398578 
0.02512121212121212 0.2550994480006622 
0.02713131313131313 0.2551020660640314 
0.02914141414141414 0.25510754862225143 
0.031151515151515152 0.2551178411521793 
0.03316161616161616 0.2551355301851838 
0.03517171717171717 0.25516381145600714 
0.037181818181818184 0.2552064054088129 
0.039191919191919194 0.25526743590082146 
0.041202020202020205 0.25535129214031727 
0.043212121212121216 0.2554624906077587 
0.045222222222222226 0.255605549957819 
0.04723232323232324 0.2557848853018732 
0.04924242424242424 0.25600472824234816 
0.05125252525252525 0.25626907015439643 
0.05326262626262626 0.2565816287528377 
0.05527272727272727 0.2569458339146027 
0.05728282828282828 0.25736482941778727 
0.05929292929292929 0.25784148651588346 
0.061303030303030304 0.2583784265008193 
0.06331313131313131 0.2589780490935298 
0.06532323232323232 0.25964256423663495 
0.06733333333333333 0.2603740258225108 
0.06934343434343435 0.26117436572786384 
0.07135353535353535 0.2620454275368955 
0.07336363636363637 0.26298899898114036 
0.07537373737373737 0.26400684298865285 
0.07738383838383839 0.2651007278418044 
0.07939393939393939 0.2662724548643087 
0.08140404040404041 0.2675238856633786 
0.08341414141414141 0.2688569678600418 
0.08542424242424243 0.27027375971303114 
0.08743434343434343 0.2717764549100658 
0.08944444444444445 0.2733674061447995 
0.09145454545454546 0.2750491499430537 
0.09346464646464647 0.27682443083801916 
0.09547474747474748 0.2786962274758054 
0.09748484848484848 0.2806677787695751 
0.0994949494949495 0.28274261323973215 
0.1015050505050505 0.28492457910560975 
0.10351515151515152 0.287217878114067 
0.10552525252525252 0.2896271025551351 
0.10753535353535354 0.2921572748958514 
0.10954545454545454 0.29481389455402296 
0.11155555555555556 0.29760298779670413 
0.11356565656565656 0.3005311651468108 
0.11557575757575758 0.30360568689069006 
0.11758585858585859 0.3068345368740542 
0.1195959595959596 0.3102265072897197 
0.1216060606060606 0.3137912960244442 
0.12361616161616162 0.3175396189025036 
0.1256262626262626 0.32148333987637695 
0.12763636363636363 0.32563562264900403 
0.12964646464646465 0.3300111072936772 
0.13165656565656567 0.33462611829669475 
0.13366666666666666 0.3394989102181103 
0.13567676767676767 0.3446499578081404 
0.1376868686868687 0.3501023044709031 
0.1396969696969697 0.35588197688093015 
0.1417070707070707 0.3620184899341161 
0.14371717171717172 0.36854545577540715 
0.14572727272727273 0.37550133280897724 
0.14773737373737375 0.38293034794398245 
0.14974747474747474 0.39088364387972 
0.15175757575757576 0.39942072008841617 
0.15376767676767678 0.4086112574645205 
0.1557777777777778 0.4185374579996927 
0.15778787878787878 0.42929707532941574 
0.1597979797979798 0.4410073977285337 
0.16180808080808082 0.45381054916435504 
0.1638181818181818 0.4678806676633674 
0.16582828282828282 0.483433792386153 
0.16783838383838384 0.5007417598914882 
0.16984848484848486 0.5201521847616405 
0.17185858585858585 0.542117943822873 
0.17386868686868687 0.5672420180533574 
0.17587878787878788 0.5963481306392903 
0.1778888888888889 0.6305967820676531 
0.1798989898989899 0.6716857651351944 
0.1819090909090909 0.7222189669409356 
0.18391919191919193 0.7864407443396054 
0.18592929292929294 0.8718591929488885 
0.18793939393939393 0.99339364920203 
0.18994949494949495 1.1865512934313733 
0.19195959595959597 1.568662163193872 
0.19396969696969696 3.1173273070244676 
0.19597979797979798 191.207493003241 
0.197989898989899 inf 
0.2 25449.27916105006 
