0    2.094957135599797    0.4189914271199594    0.004676589722949542
1    2.1154716881628213    0.4230943376325642    0.0005736792103447352
2    2.1178885742530125    0.4235777148506025    9.030199230641855e-05
3    2.11827881271745    0.42365576254349    1.225429941892342e-05
4    2.1183305744727603    0.423666114894552    1.9019483569193696e-06
5    2.1183387352788157    0.4236677470557631    2.697871458456902e-07
6    2.1183398753681235    0.42366797507362475    4.176928419807879e-08
7    2.118340053722419    0.4236680107444838    6.098425153755471e-09
8    2.1183400794006455    0.4236680158801291    9.627798558398126e-10
9    2.118340083442258    0.42366801668845155    1.5445739132147196e-10
10    2.118340084055798    0.4236680168111596    3.174932539096176e-11
11    2.1183400841653395    0.42366801683306793    9.841016890277388e-12
12    2.1183400841904465    0.4236680168380893    4.819644683351498e-12
13    2.1183400841999775    0.42366801683999555    2.9133917500701045e-12
14    2.1183400842050983    0.4236680168410197    1.889266521004629e-12
15    2.118340084208289    0.42366801684165784    1.251110326450089e-12
16    2.118340084210366    0.4236680168420732    8.357203817865866e-13
17    2.1183400842117406    0.4236680168423481    5.608291608893978e-13
18    2.118340084212655    0.42366801684253097    3.7797542873363454e-13
19    2.118340084213271    0.4236680168426542    2.5474067300024217e-13
20    2.1183400842136817    0.4236680168427363    1.7263968032921184e-13
21    2.1183400842139597    0.42366801684279193    1.170175067954915e-13
22    2.1183400842141444    0.4236680168428289    8.004708007547379e-14
23    2.1183400842142732    0.42366801684285466    5.4289905904170155e-14
24    2.118340084214359    0.4236680168428718    3.7136960173711486e-14
25    2.118340084214416    0.42366801684288324    2.5701663020072374e-14
26    2.118340084214455    0.423668016842891    1.7930101847696278e-14
27    2.1183400842144837    0.42366801684289673    1.2212453270876722e-14
28    2.1183400842145037    0.42366801684290073    8.215650382226158e-15
29    2.1183400842145153    0.423668016842903    5.9396931817445875e-15
30    2.118340084214527    0.42366801684290534    3.608224830031759e-15
31    2.1183400842145312    0.4236680168429062    2.7200464103316335e-15
32    2.1183400842145357    0.4236680168429071    1.8318679906315083e-15
33    2.118340084214538    0.4236680168429076    1.3322676295501878e-15
34    2.1183400842145406    0.4236680168429081    8.326672684688674e-16
35    2.118340084214542    0.4236680168429084    5.551115123125783e-16
36    2.118340084214544    0.42366801684290883    1.1102230246251565e-16
37    2.1183400842145432    0.4236680168429086    3.3306690738754696e-16
38    2.1183400842145446    0.42366801684290895    0.0
39    2.1183400842145437    0.4236680168429088    1.6653345369377348e-16
40    2.118340084214544    0.42366801684290883    1.1102230246251565e-16
41    2.1183400842145432    0.42366801684290867    2.7755575615628914e-16
42    2.1183400842145437    0.4236680168429088    1.6653345369377348e-16
43    2.118340084214543    0.42366801684290856    3.885780586188048e-16
44    2.1183400842145446    0.42366801684290895    0.0
45    2.1183400842145432    0.42366801684290867    2.7755575615628914e-16
46    2.1183400842145437    0.4236680168429087    2.220446049250313e-16
47    2.1183400842145454    0.42366801684290906    1.1102230246251565e-16
48    2.118340084214543    0.42366801684290856    3.885780586188048e-16
49    2.1183400842145437    0.4236680168429088    1.6653345369377348e-16
50    2.118340084214547    0.42366801684290933    3.885780586188048e-16
51    2.1183400842145432    0.42366801684290867    2.7755575615628914e-16
52    2.1183400842145463    0.4236680168429093    3.3306690738754696e-16
53    2.118340084214542    0.42366801684290833    6.106226635438361e-16
54    2.1183400842145463    0.4236680168429093    3.3306690738754696e-16
55    2.118340084214544    0.42366801684290883    1.1102230246251565e-16
56    2.1183400842145454    0.4236680168429091    1.6653345369377348e-16
57    2.1183400842145432    0.4236680168429086    3.3306690738754696e-16
58    2.1183400842145463    0.4236680168429093    3.3306690738754696e-16
59    2.1183400842145446    0.4236680168429089    5.551115123125783e-17
60    2.1183400842145463    0.4236680168429092    2.7755575615628914e-16
61    2.1183400842145446    0.42366801684290895    0.0
62    2.1183400842145446    0.42366801684290895    0.0
63    2.118340084214543    0.42366801684290856    3.885780586188048e-16
64    2.1183400842145463    0.4236680168429092    2.7755575615628914e-16
65    2.118340084214544    0.42366801684290883    1.1102230246251565e-16
66    2.118340084214544    0.42366801684290883    1.1102230246251565e-16
67    2.1183400842145437    0.4236680168429088    1.6653345369377348e-16
68    2.1183400842145437    0.4236680168429087    2.220446049250313e-16
69    2.1183400842145432    0.4236680168429086    3.3306690738754696e-16
70    2.1183400842145432    0.42366801684290867    2.7755575615628914e-16
71    2.1183400842145432    0.4236680168429086    3.3306690738754696e-16
72    2.1183400842145432    0.4236680168429086    3.3306690738754696e-16
73    2.1183400842145432    0.42366801684290867    2.7755575615628914e-16
74    2.1183400842145437    0.4236680168429088    1.6653345369377348e-16
75    2.1183400842145446    0.42366801684290895    0.0
76    2.1183400842145432    0.4236680168429086    3.3306690738754696e-16
77    2.1183400842145437    0.4236680168429087    2.220446049250313e-16
78    2.1183400842145432    0.42366801684290867    2.7755575615628914e-16
79    2.1183400842145415    0.4236680168429083    6.661338147750939e-16
80    2.118340084214542    0.4236680168429084    5.551115123125783e-16
81    2.1183400842145446    0.42366801684290895    0.0
82    2.1183400842145432    0.42366801684290867    2.7755575615628914e-16
83    2.118340084214543    0.42366801684290856    3.885780586188048e-16
84    2.1183400842145437    0.4236680168429087    2.220446049250313e-16
85    2.1183400842145432    0.42366801684290867    2.7755575615628914e-16
86    2.118340084214541    0.4236680168429082    7.216449660063518e-16
87    2.1183400842145423    0.4236680168429085    4.440892098500626e-16
88    2.118340084214541    0.4236680168429082    7.216449660063518e-16
89    2.1183400842145392    0.4236680168429079    1.0547118733938987e-15
90    2.1183400842145392    0.4236680168429079    1.0547118733938987e-15
91    2.118340084214535    0.423668016842907    1.942890293094024e-15
92    2.1183400842145303    0.42366801684290606    2.886579864025407e-15
93    2.118340084214524    0.42366801684290484    4.107825191113079e-15
94    2.118340084214518    0.42366801684290356    5.384581669432009e-15
95    2.1183400842145046    0.42366801684290095    7.993605777301127e-15
96    2.118340084214484    0.4236680168428968    1.2156942119645464e-14
97    2.1183400842144557    0.4236680168428911    1.7819079545233762e-14
98    2.1183400842144184    0.4236680168428837    2.525757381022231e-14
99    2.118340084214359    0.42366801684287175    3.7192471324942744e-14
100    2.1183400842142732    0.42366801684285466    5.4289905904170155e-14
101    2.1183400842141475    0.4236680168428295    7.943645741192995e-14
102    2.11834008421396    0.42366801684279204    1.1690648449302898e-13
103    2.1183400842136804    0.42366801684273603    1.7291723608536813e-13
104    2.11834008421327    0.423668016842654    2.549627176051672e-13
105    2.118340084212657    0.42366801684253147    3.774758283725532e-13
106    2.118340084211741    0.42366801684234817    5.607736497381666e-13
107    2.1183400842103666    0.42366801684207334    8.356093594841241e-13
108    2.1183400842082896    0.42366801684165795    1.2509993041476264e-12
109    2.118340084205099    0.42366801684101973    1.8892110098533976e-12
110    2.11834008419998    0.423668016839996    2.9129476608602545e-12
111    2.118340084190447    0.4236680168380894    4.819533661049036e-12
112    2.118340084165341    0.42366801683306815    9.840794845672463e-12
113    2.1183400840557978    0.4236680168111595    3.174943641326422e-11
114    2.118340083442259    0.4236680166884519    1.5445705825456457e-10
115    2.1183400794006464    0.4236680158801293    9.627796337952077e-10
116    2.1183400537224215    0.4236680107444843    6.09842465415511e-09
117    2.118339875368126    0.4236679750736252    4.1769283753989583e-08
118    2.118338735278818    0.4236677470557636    2.6978714534608983e-07
119    2.1183305744727616    0.42366611489455236    1.9019483565863027e-06
120    2.1182788127174508    0.4236557625434902    1.2254299418756887e-05
121    2.117888574253016    0.4235777148506032    9.030199230575242e-05
122    2.115471688162824    0.42309433763256477    0.0005736792103441801
123    2.0949571355998002    0.41899142711996    0.004676589722948932
124    1.975739209545431    0.3951478419090862    0.02852017493382275
125    0.0    0.0959109854004876    0.32775703144242135
126    0.0    0.052243394082712176    0.3714246227601968
127    0.0    0.03579410719467229    0.38787390964823665
128    0.0    0.027232196149236637    0.39643582069367234
129    0.0    0.021989595505692162    0.40167842133721676
130    0.0    0.01845136827443051    0.40521664856847844
131    0.0    0.015903695225700263    0.40776432161720866
132    0.0    0.013982575995506532    0.40968544084740244
133    0.0    0.012482948495607436    0.4111850683473015
134    0.0    0.011280471575126268    0.41238754526778265
135    0.0    0.010295358605176563    0.4133726582377324
136    0.0    0.009474058297092228    0.4141939585458167
137    0.0    0.008779288544399159    0.4148887282985098
138    0.0    0.008184293309012117    0.41548372353389684
139    0.0    0.007669372345143935    0.415998644497765
140    0.0    0.007219699178110703    0.41644831766479823
141    0.0    0.006823901834773476    0.41684411500813545
142    0.0    0.006473112341690457    0.4171949045012185
143    0.0    0.006160313758577586    0.4175077030843314
144    0.0    0.005879881460899749    0.4177881353820092
145    0.0    0.005627254430737439    0.41804076241217153
146    0.0    0.005398695502841653    0.4182693213400673
147    0.0    0.005191113690357949    0.418476903152551
148    0.0    0.005001930611531353    0.4186660862313776
149    0.0    0.004828978753540014    0.41883903808936895
150    0.0    0.004670423058764015    0.4189975937841449
151    0.0    0.004524699825863307    0.41914331701704566
152    0.0    0.004390468624102977    0.419277548218806
153    0.0    0.004266574098989776    0.41940144274391916
154    0.0    0.004152015375051901    0.41951600146785706
155    0.0    0.004045921350334606    0.41962209549257434
156    0.0    0.003947530601248663    0.4197204862416603
157    0.0    0.0038561749254111648    0.41981184191749776
158    0.0    0.00377126577775538    0.41989675106515356
159    0.0    0.0036922830245725334    0.4199757338183364
160    0.0    0.003618765567398812    0.4200492512755101
161    0.0    0.0035503034851154217    0.4201177133577935
162    0.0    0.003486531416336426    0.4201814854265725
163    0.0    0.0034271229609471234    0.42024089388196184
164    0.0    0.0033717859237238934    0.42029623091918505
165    0.0    0.003320258257406098    0.42034775858550283
166    0.0    0.00327230458968821    0.42039571225322075
167    0.0    0.003227713240055118    0.42044030360285384
168    0.0    0.0031862936494712114    0.42048172319343774
169    0.0    0.003147874159626963    0.42052014268328197
170    0.0    0.0031123000894752863    0.4205557167534337
171    0.0    0.0030794320657217085    0.42058858477718725
172    0.0    0.0030491445712108327    0.4206188722716981
173    0.0    0.0030213246810937818    0.42064669216181516
174    0.0    0.0029958709615637027    0.4206721458813452
175    0.0    0.002972692509984376    0.42069532433292456
176    0.0    0.002951708118600706    0.42071630872430826
177    0.0    0.0029328455468219388    0.420735171296087
178    0.0    0.00291604088942357    0.4207519759534854
179    0.0    0.0029012380300039438    0.42076677881290503
180    0.0    0.002888388170716227    0.4207796286721927
181    0.0    0.0028774494307488054    0.42079056741216014
182    0.0    0.0028683865072649463    0.420799630335644
183    0.0    0.0028611703936071774    0.4208068464493018
184    0.0    0.002855778150520374    0.4208122386923886
185    0.0    0.0028521927270026767    0.4208158241159063
186    0.0    0.0028504028281626085    0.4208176140147463
187    0.0    0.002850402828162546    0.4208176140147464
188    0.0    0.0028521927270026863    0.42081582411590623
189    0.0    0.0028557781505202337    0.4208122386923887
190    0.0    0.002861170393607128    0.42080684644930183
191    0.0    0.0028683865072647676    0.42079963033564416
192    0.0    0.0028774494307488635    0.4207905674121601
193    0.0    0.002888388170716071    0.4207796286721929
194    0.0    0.002901238030003937    0.42076677881290503
195    0.0    0.002916040889423544    0.4207519759534854
196    0.0    0.0029328455468220723    0.4207351712960869
197    0.0    0.0029517081186008465    0.4207163087243081
198    0.0    0.0029726925099845176    0.42069532433292445
199    0.0    0.0029958709615637716    0.42067214588134516
200    0.0    0.0030213246810938178    0.4206466921618151
201    0.0    0.0030491445712109537    0.420618872271698
202    0.0    0.003079432065721803    0.42058858477718714
203    0.0    0.003112300089475354    0.4205557167534336
204    0.0    0.003147874159627275    0.4205201426832817
205    0.0    0.003186293649471333    0.42048172319343763
206    0.0    0.003227713240055217    0.4204403036028537
207    0.0    0.0032723045896884385    0.42039571225322053
208    0.0    0.0033202582574062786    0.42034775858550266
209    0.0    0.003371785923724045    0.4202962309191849
210    0.0    0.003427122960947192    0.42024089388196173
211    0.0    0.0034865314163364716    0.42018148542657247
212    0.0    0.0035503034851153887    0.4201177133577936
213    0.0    0.0036187655673989142    0.42004925127551
214    0.0    0.0036922830245726666    0.4199757338183363
215    0.0    0.003771265777755406    0.41989675106515356
216    0.0    0.0038561749254112138    0.4198118419174977
217    0.0    0.003947530601248774    0.4197204862416602
218    0.0    0.004045921350334939    0.419622095492574
219    0.0    0.004152015375052002    0.41951600146785695
220    0.0    0.004266574098990067    0.4194014427439189
221    0.0    0.0043904686241030815    0.41927754821880586
222    0.0    0.004524699825863552    0.4191433170170454
223    0.0    0.004670423058764197    0.41899759378414475
224    0.0    0.004828978753540497    0.41883903808936845
225    0.0    0.005001930611531466    0.41866608623137747
226    0.0    0.005191113690358475    0.4184769031525505
227    0.0    0.005398695502841476    0.41826932134006745
228    0.0    0.005627254430737632    0.4180407624121713
229    0.0    0.005879881460899811    0.41778813538200915
230    0.0    0.006160313758577944    0.417507703084331
231    0.0    0.006473112341690555    0.4171949045012184
232    0.0    0.006823901834773683    0.4168441150081353
233    0.0    0.007219699178110933    0.416448317664798
234    0.0    0.007669372345144482    0.41599864449776447
235    0.0    0.008184293309011858    0.41548372353389706
236    0.0    0.008779288544399614    0.4148887282985093
237    0.0    0.009474058297091923    0.41419395854581703
238    0.0    0.010295358605177161    0.4133726582377318
239    0.0    0.011280471575126155    0.41238754526778276
240    0.0    0.01248294849560778    0.4111850683473012
241    0.0    0.013982575995506312    0.40968544084740266
242    0.0    0.015903695225700436    0.4077643216172085
243    0.0    0.018451368274430578    0.4052166485684784
244    0.0    0.021989595505692367    0.4016784213372166
245    0.0    0.027232196149236453    0.3964358206936725
246    0.0    0.03579410719467239    0.38787390964823654
247    0.0    0.052243394082711864    0.37142462276019705
248    0.0    0.09591098540048798    0.32775703144242097
249    1.975739209545429    0.3951478419090858    0.02852017493382314
