0    2.094752894052015    0.418950578810403    0.004717437680863024
1    2.1154380348006834    0.42308760696013664    0.0005804095311293667
2    2.1178827600530568    0.42357655201061134    9.146448065466828e-05
3    2.1182778579225165    0.42365557158450334    1.2444906762665298e-05
4    2.118330414064758    0.4236660828129516    1.9336783144141556e-06
5    2.118338707434828    0.4236677414869656    2.7500430038740475e-07
6    2.1183398692117508    0.42366797384235017    4.26489158433796e-08
7    2.118340051161918    0.42366801023238365    6.258882356835471e-09
8    2.1183400774528414    0.42366801549056826    1.0006977468890454e-09
9    2.1183400816123448    0.423668016322469    1.6879703190753048e-10
10    2.118340082257464    0.42366801645149277    3.977324025683515e-11
11    2.118340082380697    0.4236680164761394    1.5126622177064064e-11
12    2.118340082413985    0.42366801648279695    8.46905878759685e-12
13    2.1183400824290173    0.4236680164858035    5.462519325760695e-12
14    2.1183400824379564    0.4236680164875913    3.674727189206806e-12
15    2.118340082443823    0.4236680164887646    2.501387985631709e-12
16    2.118340082447778    0.42366801648955554    1.7104651028887474e-12
17    2.1183400824504703    0.4236680164900941    1.171895913643084e-12
18    2.118340082452308    0.4236680164904616    8.044120924921572e-13
19    2.1183400824535683    0.4236680164907137    5.523359547510154e-13
20    2.1183400824544325    0.42366801649088653    3.794742298168785e-13
21    2.118340082455024    0.4236680164910048    2.6123547769429933e-13
22    2.1183400824554317    0.4236680164910863    1.7968959653558159e-13
23    2.118340082455712    0.4236680164911424    1.2362333379201118e-13
24    2.118340082455905    0.423668016491181    8.498757253505573e-14
25    2.1183400824560374    0.4236680164912075    5.850875339774575e-14
26    2.118340082456127    0.42366801649122543    4.057865155004947e-14
27    2.118340082456192    0.42366801649123836    2.7644553313166398e-14
28    2.1183400824562346    0.42366801649124697    1.9040324872321435e-14
29    2.118340082456265    0.42366801649125296    1.304512053934559e-14
30    2.118340082456284    0.4236680164912568    9.2148511043888e-15
31    2.1183400824562986    0.4236680164912597    6.328271240363392e-15
32    2.11834008245631    0.423668016491262    3.9968028886505635e-15
33    2.1183400824563154    0.4236680164912631    2.886579864025407e-15
34    2.1183400824563194    0.4236680164912639    2.1094237467877974e-15
35    2.118340082456323    0.42366801649126457    1.4432899320127035e-15
36    2.1183400824563248    0.42366801649126495    1.0547118733938987e-15
37    2.118340082456328    0.4236680164912656    3.885780586188048e-16
38    2.118340082456328    0.42366801649126556    4.440892098500626e-16
39    2.1183400824563288    0.4236680164912658    2.220446049250313e-16
40    2.1183400824563288    0.42366801649126573    2.7755575615628914e-16
41    2.1183400824563305    0.4236680164912661    1.1102230246251565e-16
42    2.1183400824563305    0.4236680164912661    1.1102230246251565e-16
43    2.1183400824563297    0.4236680164912659    1.1102230246251565e-16
44    2.118340082456331    0.42366801649126623    2.220446049250313e-16
45    2.1183400824563305    0.42366801649126606    5.551115123125783e-17
46    2.118340082456332    0.42366801649126634    3.3306690738754696e-16
47    2.1183400824563305    0.4236680164912661    1.1102230246251565e-16
48    2.11834008245633    0.423668016491266    0.0
49    2.1183400824563297    0.4236680164912659    1.1102230246251565e-16
50    2.118340082456332    0.42366801649126634    3.3306690738754696e-16
51    2.1183400824563288    0.42366801649126573    2.7755575615628914e-16
52    2.1183400824563314    0.4236680164912663    2.7755575615628914e-16
53    2.118340082456328    0.4236680164912656    3.885780586188048e-16
54    2.1183400824563297    0.42366801649126595    5.551115123125783e-17
55    2.1183400824563305    0.4236680164912661    1.1102230246251565e-16
56    2.1183400824563288    0.4236680164912658    2.220446049250313e-16
57    2.11834008245633    0.423668016491266    0.0
58    2.1183400824563305    0.42366801649126606    5.551115123125783e-17
59    2.1183400824563288    0.42366801649126573    2.7755575615628914e-16
60    2.118340082456331    0.4236680164912662    1.6653345369377348e-16
61    2.118340082456329    0.42366801649126584    1.6653345369377348e-16
62    2.11834008245633    0.423668016491266    0.0
63    2.1183400824563274    0.4236680164912655    4.996003610813204e-16
64    2.118340082456332    0.42366801649126634    3.3306690738754696e-16
65    2.1183400824563297    0.42366801649126595    5.551115123125783e-17
66    2.1183400824563305    0.42366801649126606    5.551115123125783e-17
67    2.118340082456331    0.4236680164912662    1.6653345369377348e-16
68    2.118340082456331    0.42366801649126623    2.220446049250313e-16
69    2.118340082456331    0.4236680164912662    1.6653345369377348e-16
70    2.1183400824563305    0.42366801649126606    5.551115123125783e-17
71    2.1183400824563283    0.4236680164912657    3.3306690738754696e-16
72    2.118340082456332    0.4236680164912664    3.885780586188048e-16
73    2.1183400824563297    0.42366801649126595    5.551115123125783e-17
74    2.1183400824563297    0.4236680164912659    1.1102230246251565e-16
75    2.1183400824563305    0.42366801649126606    5.551115123125783e-17
76    2.118340082456331    0.42366801649126623    2.220446049250313e-16
77    2.1183400824563297    0.4236680164912659    1.1102230246251565e-16
78    2.1183400824563297    0.42366801649126595    5.551115123125783e-17
79    2.11834008245633    0.423668016491266    0.0
80    2.118340082456328    0.4236680164912656    3.885780586188048e-16
81    2.1183400824563297    0.4236680164912659    1.1102230246251565e-16
82    2.1183400824563265    0.42366801649126534    6.661338147750939e-16
83    2.118340082456329    0.42366801649126584    1.6653345369377348e-16
84    2.1183400824563274    0.4236680164912655    4.996003610813204e-16
85    2.1183400824563288    0.42366801649126573    2.7755575615628914e-16
86    2.118340082456325    0.42366801649126506    9.43689570931383e-16
87    2.1183400824563265    0.4236680164912653    7.216449660063518e-16
88    2.1183400824563234    0.42366801649126473    1.27675647831893e-15
89    2.1183400824563208    0.4236680164912642    1.8318679906315083e-15
90    2.118340082456318    0.4236680164912636    2.3869795029440866e-15
91    2.1183400824563097    0.4236680164912619    4.107825191113079e-15
92    2.1183400824562995    0.4236680164912599    6.106226635438361e-15
93    2.118340082456285    0.42366801649125696    9.048317650695026e-15
94    2.1183400824562653    0.423668016491253    1.2989609388114332e-14
95    2.1183400824562346    0.42366801649124697    1.9040324872321435e-14
96    2.118340082456192    0.42366801649123836    2.7644553313166398e-14
97    2.11834008245613    0.423668016491226    4.0023540037736893e-14
98    2.118340082456039    0.42366801649120783    5.81756864903582e-14
99    2.1183400824559047    0.42366801649118097    8.504308368628699e-14
100    2.1183400824557137    0.4236680164911428    1.2323475573339238e-13
101    2.1183400824554317    0.4236680164910864    1.7963408538435033e-13
102    2.118340082455025    0.423668016491005    2.610134330893743e-13
103    2.1183400824544316    0.4236680164908863    3.7969627442180354e-13
104    2.1183400824535688    0.42366801649071373    5.522804435997841e-13
105    2.1183400824523106    0.4236680164904621    8.039124921310759e-13
106    2.118340082450471    0.42366801649009417    1.1718404024918527e-12
107    2.1183400824477783    0.42366801648955565    1.710354080586285e-12
108    2.1183400824438223    0.4236680164887645    2.5014990079341715e-12
109    2.118340082437957    0.42366801648759134    3.674671678055574e-12
110    2.1183400824290164    0.4236680164858033    5.462685859214389e-12
111    2.1183400824139857    0.42366801648279717    8.468836742991925e-12
112    2.1183400823806973    0.42366801647613944    1.5126566665912833e-11
113    2.1183400822574665    0.42366801645149327    3.977274065647407e-11
114    2.1183400816123434    0.4236680163224687    1.6879730946328664e-10
115    2.1183400774528423    0.42366801549056843    1.0006975803555918e-09
116    2.118340051161917    0.4236680102323834    6.258882634391227e-09
117    2.118339869211753    0.4236679738423506    4.264891539929039e-08
118    2.1183387074348294    0.4236677414869659    2.75004300109849e-07
119    2.1183304140647596    0.4236660828129519    1.9336783140810887e-06
120    2.1182778579225143    0.4236555715845029    1.2444906763109387e-05
121    2.1178827600530594    0.4235765520106119    9.146448065411317e-05
122    2.115438034800681    0.4230876069601362    0.0005804095311298108
123    2.094752894052016    0.41895057881040326    0.004717437680862746
124    1.974739805154172    0.3949479610308344    0.028720055460431604
125    0.0    0.09509739854079872    0.32857061795046727
126    0.0    0.05076555912402022    0.3729024573672458
127    0.0    0.03368637099430734    0.3899816454969587
128    0.0    0.02454284735690415    0.39912516913436186
129    0.0    0.018776152999232684    0.4048918634920333
130    0.0    0.01477722734805159    0.4088907891432144
131    0.0    0.011834920407886322    0.4118330960833797
132    0.0    0.009585046722516205    0.4140829697687498
133    0.0    0.007820033379415302    0.4158479831118507
134    0.0    0.0064113025227629655    0.41725671396850306
135    0.0    0.005273690951375372    0.41839432553989064
136    0.0    0.004347647893608102    0.4193203685976579
137    0.0    0.0035896890411688293    0.42007832745009716
138    0.0    0.002966970182896756    0.42070104630836924
139    0.0    0.002454037266184347    0.42121397922508164
140    0.0    0.0020307826714550037    0.421637233819811
141    0.0    0.0016810991788960882    0.4219869173123699
142    0.0    0.0013919542173262945    0.4222760622739397
143    0.0    0.0011527276954054221    0.4225152887958606
144    0.0    0.0009547219706942142    0.42271329452057177
145    0.0    0.0007907888272165185    0.4228772276640495
146    0.0    0.0006550390761994461    0.42301297741506655
147    0.0    0.0005426125489854457    0.42312540394228054
148    0.0    0.00044949356422306977    0.42321852292704293
149    0.0    0.00037236148121549874    0.4232956550100505
150    0.0    0.0003084688483694642    0.4233595476428965
151    0.0    0.0002555415737341073    0.4234124749175319
152    0.0    0.00021169686087121713    0.4234563196303948
153    0.0    0.00017537558885235465    0.4234926409024137
154    0.0    0.0001452865021133237    0.4235227299891527
155    0.0    0.0001203600947316712    0.42354765639653436
156    0.0    9.97104748590241e-05    0.423568306016407
157    0.0    8.260381099521336e-05    0.4235854126802708
158    0.0    6.843221420568162e-05    0.42359958427706035
159    0.0    5.669211410762537e-05    0.42361132437715837
160    0.0    4.696635221219567e-05    0.4236210501390538
161    0.0    3.8909351737012945e-05    0.423629107139529
162    0.0    3.223483431124435e-05    0.42363578165695476
163    0.0    2.670564562043073e-05    0.4236413108456456
164    0.0    2.2125327622260276e-05    0.42364589116364376
165    0.0    1.83311373866677e-05    0.42364968535387937
166    0.0    1.5188264238407377e-05    0.4236528282270276
167    0.0    1.258503956218346e-05    0.4236554314517038
168    0.0    1.042896898861053e-05    0.4236575875222774
169    0.0    8.643445916665373e-06    0.42365937304534934
170    0.0    7.165029586857653e-06    0.42366085146167914
171    0.0    5.941190958405531e-06    0.4236620753003076
172    0.0    4.928446309267719e-06    0.4236630880449567
173    0.0    4.0908122191580295e-06    0.42366392567904687
174    0.0    3.398527057864092e-06    0.4236646179642081
175    0.0    2.8269935272052116e-06    0.4236651894977388
176    0.0    2.355904709909311e-06    0.4236656605865561
177    0.0    1.968522545376739e-06    0.42366604796872065
178    0.0    1.651083122820125e-06    0.4236663654081432
179    0.0    1.3923076343073677e-06    0.4236666241836317
180    0.0    1.1830016390479252e-06    0.42366683348962697
181    0.0    1.0157283728423356e-06    0.42366700076289315
182    0.0    8.84544521648949e-07    0.4236671319467444
183    0.0    7.84789045896097e-07    0.4236672317022201
184    0.0    7.129175774848485e-07    0.42366730357368854
185    0.0    6.663764807507324e-07    0.42366735011478523
186    0.0    6.435121248128672e-07    0.4236673729791412
187    0.0    6.435121244854382e-07    0.42366737297914153
188    0.0    6.66376481039347e-07    0.42366735011478496
189    0.0    7.129175772799343e-07    0.4236673035736887
190    0.0    7.8478904598717e-07    0.42366723170222004
191    0.0    8.845445212913791e-07    0.4236671319467447
192    0.0    1.0157283729850166e-06    0.42366700076289304
193    0.0    1.1830016387172435e-06    0.4236668334896273
194    0.0    1.3923076344192573e-06    0.4236666241836316
195    0.0    1.6510831223654106e-06    0.4236663654081436
196    0.0    1.968522545611577e-06    0.42366604796872037
197    0.0    2.3559047094949288e-06    0.4236656605865565
198    0.0    2.8269935272693964e-06    0.42366518949773874
199    0.0    3.398527057469009e-06    0.4236646179642085
200    0.0    4.090812219392868e-06    0.4236639256790466
201    0.0    4.9284463088004275e-06    0.4236630880449572
202    0.0    5.941190958269138e-06    0.42366207530030775
203    0.0    7.1650295865044195e-06    0.4236608514616795
204    0.0    8.643445916788756e-06    0.42365937304534923
205    0.0    1.042896898832365e-05    0.42365758752227767
206    0.0    1.2585039562384688e-05    0.42365543145170365
207    0.0    1.5188264238251252e-05    0.42365282822702777
208    0.0    1.8331137386689818e-05    0.4236496853538793
209    0.0    2.2125327622268733e-05    0.42364589116364376
210    0.0    2.670564562038736e-05    0.4236413108456456
211    0.0    3.223483431117843e-05    0.4236357816569548
212    0.0    3.890935173684468e-05    0.42362910713952917
213    0.0    4.696635221221627e-05    0.42362105013905377
214    0.0    5.669211410753278e-05    0.4236113243771585
215    0.0    6.843221420575968e-05    0.42359958427706024
216    0.0    8.260381099540505e-05    0.4235854126802706
217    0.0    9.97104748590061e-05    0.423568306016407
218    0.0    0.0001203600947318681    0.42354765639653413
219    0.0    0.00014528650211355267    0.42352272998915247
220    0.0    0.00017537558885239238    0.4234926409024136
221    0.0    0.0002116968608713338    0.42345631963039465
222    0.0    0.0002555415737342374    0.42341247491753176
223    0.0    0.0003084688483696112    0.4233595476428964
224    0.0    0.0003723614812155807    0.42329565501005045
225    0.0    0.000449493564223199    0.4232185229270428
226    0.0    0.0005426125489853871    0.4231254039422806
227    0.0    0.0006550390761994175    0.4230129774150666
228    0.0    0.0007907888272164123    0.4228772276640496
229    0.0    0.0009547219706942294    0.42271329452057177
230    0.0    0.0011527276954053866    0.42251528879586064
231    0.0    0.0013919542173262299    0.42227606227393977
232    0.0    0.001681099178896106    0.4219869173123699
233    0.0    0.0020307826714552036    0.42163723381981083
234    0.0    0.0024540372661842106    0.4212139792250818
235    0.0    0.0029669701828968077    0.4207010463083692
236    0.0    0.0035896890411688987    0.4200783274500971
237    0.0    0.004347647893608122    0.41932036859765787
238    0.0    0.005273690951375322    0.4183943255398907
239    0.0    0.006411302522762858    0.41725671396850317
240    0.0    0.00782003337941509    0.4158479831118509
241    0.0    0.009585046722516352    0.41408296976874964
242    0.0    0.01183492040788614    0.41183309608337987
243    0.0    0.01477722734805143    0.4088907891432146
244    0.0    0.018776152999232507    0.4048918634920335
245    0.0    0.024542847356904367    0.39912516913436163
246    0.0    0.03368637099430685    0.38998164549695913
247    0.0    0.050765559124020705    0.3729024573672453
248    0.0    0.09509739854079824    0.32857061795046777
249    1.9747398051541711    0.39494796103083424    0.02872005546043177
