0    2.0925981114629195    0.4185196222925839    0.0051390547990099456
1    2.1150287702294768    0.42300575404589535    0.0006529230456984725
2    2.1177722149771885    0.42355444299543765    0.00010423409615617496
3    2.1182202776750088    0.4236440555350018    1.4621556592042673e-05
4    2.1182818931835765    0.4236563786367153    2.2984548785354164e-06
5    2.1182917033293593    0.4236583406658718    3.3642572200287546e-07
6    2.118293122442985    0.423658624488597    5.260299684728409e-08
7    2.1182933460313063    0.4236586692062612    7.885332609092188e-09
8    2.118293379271075    0.423658675854215    1.2373788105257688e-09
9    2.118293384497949    0.4236586768995898    1.9200402379127013e-10
10    2.118293385297187    0.4236586770594374    3.21564441740918e-11
11    2.1182933854275463    0.42365867708550925    6.0845772864581704e-12
12    2.118293385450276    0.4236586770900552    1.5386025786767732e-12
13    2.1182933854552672    0.4236586770910534    5.404010572362949e-13
14    2.1182933854567763    0.42365867709135524    2.3858692799194614e-13
15    2.11829338545739    0.423658677091478    1.1585177261963508e-13
16    2.1182933854576764    0.4236586770915353    5.850875339774575e-14
17    2.1182933854578208    0.42365867709156413    2.969846590872294e-14
18    2.1182933854578927    0.4236586770915785    1.532107773982716e-14
19    2.1182933854579304    0.4236586770915861    7.716050021144838e-15
20    2.1182933854579495    0.42365867709158994    3.885780586188048e-15
21    2.11829338545796    0.42365867709159205    1.7763568394002505e-15
22    2.1182933854579664    0.4236586770915933    4.996003610813204e-16
23    2.1182933854579673    0.42365867709159344    3.885780586188048e-16
24    2.1182933854579695    0.4236586770915939    5.551115123125783e-17
25    2.11829338545797    0.423658677091594    1.6653345369377348e-16
26    2.1182933854579735    0.4236586770915947    8.881784197001252e-16
27    2.11829338545797    0.423658677091594    1.6653345369377348e-16
28    2.118293385457971    0.42365867709159416    3.3306690738754696e-16
29    2.1182933854579695    0.42365867709159394    1.1102230246251565e-16
30    2.1182933854579717    0.4236586770915944    5.551115123125783e-16
31    2.118293385457969    0.42365867709159377    5.551115123125783e-17
32    2.118293385457973    0.4236586770915946    7.771561172376096e-16
33    2.118293385457971    0.42365867709159416    3.3306690738754696e-16
34    2.118293385457973    0.4236586770915946    7.771561172376096e-16
35    2.1182933854579704    0.42365867709159405    2.220446049250313e-16
36    2.1182933854579704    0.42365867709159405    2.220446049250313e-16
37    2.1182933854579695    0.4236586770915939    5.551115123125783e-17
38    2.118293385457971    0.4236586770915942    3.885780586188048e-16
39    2.1182933854579713    0.42365867709159427    4.440892098500626e-16
40    2.1182933854579704    0.42365867709159405    2.220446049250313e-16
41    2.118293385457971    0.42365867709159416    3.3306690738754696e-16
42    2.1182933854579704    0.4236586770915941    2.7755575615628914e-16
43    2.1182933854579695    0.42365867709159394    1.1102230246251565e-16
44    2.1182933854579713    0.42365867709159427    4.440892098500626e-16
45    2.1182933854579704    0.4236586770915941    2.7755575615628914e-16
46    2.1182933854579704    0.4236586770915941    2.7755575615628914e-16
47    2.1182933854579695    0.4236586770915939    5.551115123125783e-17
48    2.118293385457971    0.4236586770915942    3.885780586188048e-16
49    2.1182933854579704    0.42365867709159405    2.220446049250313e-16
50    2.118293385457971    0.4236586770915942    3.885780586188048e-16
51    2.118293385457971    0.4236586770915942    3.885780586188048e-16
52    2.1182933854579704    0.42365867709159405    2.220446049250313e-16
53    2.11829338545797    0.423658677091594    1.6653345369377348e-16
54    2.1182933854579695    0.42365867709159394    1.1102230246251565e-16
55    2.1182933854579695    0.4236586770915939    5.551115123125783e-17
56    2.118293385457969    0.4236586770915938    0.0
57    2.11829338545797    0.423658677091594    1.6653345369377348e-16
58    2.1182933854579677    0.42365867709159355    2.7755575615628914e-16
59    2.118293385457969    0.4236586770915938    0.0
60    2.118293385457969    0.4236586770915938    0.0
61    2.1182933854579695    0.4236586770915939    5.551115123125783e-17
62    2.118293385457969    0.4236586770915938    0.0
63    2.1182933854579695    0.42365867709159394    1.1102230246251565e-16
64    2.1182933854579695    0.4236586770915939    5.551115123125783e-17
65    2.1182933854579695    0.42365867709159394    1.1102230246251565e-16
66    2.1182933854579713    0.42365867709159427    4.440892098500626e-16
67    2.11829338545797    0.423658677091594    1.6653345369377348e-16
68    2.118293385457971    0.42365867709159416    3.3306690738754696e-16
69    2.118293385457971    0.4236586770915942    3.885780586188048e-16
70    2.1182933854579695    0.4236586770915939    5.551115123125783e-17
71    2.1182933854579717    0.4236586770915943    4.996003610813204e-16
72    2.118293385457969    0.4236586770915938    0.0
73    2.1182933854579726    0.4236586770915945    6.661338147750939e-16
74    2.1182933854579704    0.4236586770915941    2.7755575615628914e-16
75    2.1182933854579686    0.4236586770915937    1.1102230246251565e-16
76    2.1182933854579726    0.4236586770915945    6.661338147750939e-16
77    2.118293385457969    0.4236586770915938    0.0
78    2.1182933854579704    0.4236586770915941    2.7755575615628914e-16
79    2.118293385457971    0.42365867709159416    3.3306690738754696e-16
80    2.11829338545797    0.423658677091594    1.6653345369377348e-16
81    2.1182933854579704    0.4236586770915941    2.7755575615628914e-16
82    2.1182933854579704    0.4236586770915941    2.7755575615628914e-16
83    2.118293385457971    0.4236586770915942    3.885780586188048e-16
84    2.1182933854579695    0.4236586770915939    5.551115123125783e-17
85    2.118293385457969    0.42365867709159377    5.551115123125783e-17
86    2.1182933854579695    0.42365867709159394    1.1102230246251565e-16
87    2.1182933854579704    0.4236586770915941    2.7755575615628914e-16
88    2.1182933854579695    0.42365867709159394    1.1102230246251565e-16
89    2.11829338545797    0.423658677091594    1.6653345369377348e-16
90    2.118293385457971    0.42365867709159416    3.3306690738754696e-16
91    2.11829338545797    0.423658677091594    1.6653345369377348e-16
92    2.1182933854579695    0.42365867709159394    1.1102230246251565e-16
93    2.1182933854579695    0.4236586770915939    5.551115123125783e-17
94    2.118293385457968    0.4236586770915936    2.220446049250313e-16
95    2.118293385457969    0.4236586770915938    0.0
96    2.118293385457969    0.42365867709159377    5.551115123125783e-17
97    2.1182933854579695    0.4236586770915939    5.551115123125783e-17
98    2.1182933854579704    0.42365867709159405    2.220446049250313e-16
99    2.118293385457969    0.4236586770915938    0.0
100    2.1182933854579664    0.42365867709159327    5.551115123125783e-16
101    2.118293385457965    0.42365867709159305    7.771561172376096e-16
102    2.118293385457961    0.4236586770915922    1.609823385706477e-15
103    2.1182933854579487    0.4236586770915898    4.052314039881821e-15
104    2.1182933854579313    0.4236586770915863    7.549516567451064e-15
105    2.1182933854578945    0.4236586770915789    1.4932499681208355e-14
106    2.1182933854578203    0.4236586770915641    2.9753977059954195e-14
107    2.1182933854576786    0.4236586770915357    5.812017533912694e-14
108    2.118293385457388    0.42365867709147764    1.1618483952702263e-13
109    2.1182933854567763    0.4236586770913553    2.385314168407149e-13
110    2.1182933854552672    0.4236586770910535    5.403455460850637e-13
111    2.1182933854502757    0.42365867709005517    1.5386580898280044e-12
112    2.118293385427545    0.423658677085509    6.084854842214327e-12
113    2.1182933852971866    0.42365867705943727    3.2156555196394265e-11
114    2.1182933844979472    0.4236586768995894    1.9200441236932875e-10
115    2.118293379271074    0.4236586758542148    1.2373790325703737e-09
116    2.1182933460313076    0.4236586692062615    7.885332331536432e-09
117    2.118293122442984    0.42365862448859687    5.260299695830639e-08
118    2.1182917033293585    0.4236583406658717    3.3642572211389776e-07
119    2.1182818931835747    0.4236563786367149    2.2984548789239945e-06
120    2.1182202776750083    0.4236440555350017    1.4621556592153695e-05
121    2.117772214977186    0.42355444299543715    0.00010423409615667456
122    2.115028770229476    0.4230057540458952    0.000652923045698639
123    2.092598111462921    0.41851962229258416    0.005139054799009668
124    1.9646112073064825    0.3929222414612965    0.03073643563029732
125    0.0    0.08734229211928227    0.33631638497231153
126    0.0    0.03870025316579131    0.38495842392580254
127    0.0    0.019690870621211082    0.4039678064703828
128    0.0    0.010415759302998396    0.41324291778859545
129    0.0    0.005577509878344352    0.41808116721324945
130    0.0    0.0029988470068619223    0.4206598300847319
131    0.0    0.0016146058138810137    0.4220440712777128
132    0.0    0.0008697284680246938    0.42278894862356914
133    0.0    0.00046856671659864773    0.42319011037499515
134    0.0    0.00025245474930488034    0.423406222342289
135    0.0    0.0001360204070067891    0.42352265668458705
136    0.0    7.328709445926247e-05    0.4235853899971346
137    0.0    3.948680034553988e-05    0.4236191902912483
138    0.0    2.1275350890294538e-05    0.4236374017407035
139    0.0    1.146308834633911e-05    0.4236472140032475
140    0.0    6.176274492332174e-06    0.4236525008171015
141    0.0    3.3277565973997662e-06    0.42365534933499643
142    0.0    1.792984445757144e-06    0.4236568841071481
143    0.0    9.660541997148428e-07    0.42365771103739414
144    0.0    5.205068675227277e-07    0.42365815658472633
145    0.0    2.804474113398195e-07    0.4236583966441825
146    0.0    1.5110415510716582e-07    0.4236585259874387
147    0.0    8.14144285950398e-08    0.42365859567716524
148    0.0    4.386582985304449e-08    0.42365863322576397
149    0.0    2.3634766970793974e-08    0.42365865345682685
150    0.0    1.2734335532674917e-08    0.4236586643572583
151    0.0    6.861218967979532e-09    0.42365867023037485
152    0.0    3.6968022939717904e-09    0.4236586733947915
153    0.0    1.9918250247948077e-09    0.4236586750997688
154    0.0    1.0731889014611862e-09    0.4236586760184049
155    0.0    5.782308429812255e-10    0.423658676513363
156    0.0    3.115488049834636e-10    0.42365867678004504
157    0.0    1.678617470718402e-10    0.4236586769237321
158    0.0    9.044307468751567e-11    0.42365867700115073
159    0.0    4.8730534147820026e-11    0.4236586770428633
160    0.0    2.625566929669032e-11    0.42365867706533816
161    0.0    1.4146693799038657e-11    0.42365867707744714
162    0.0    7.622146620464565e-12    0.4236586770839717
163    0.0    4.106865021669126e-12    0.42365867708748695
164    0.0    2.2127646936986878e-12    0.42365867708938104
165    0.0    1.1922617840914862e-12    0.42365867709040156
166    0.0    6.423915219211374e-13    0.42365867709095145
167    0.0    3.4626186466713005e-13    0.42365867709124755
168    0.0    1.8642140782454408e-13    0.4236586770914074
169    0.0    1.0053633273110485e-13    0.4236586770914933
170    0.0    5.417801623996965e-14    0.42365867709153965
171    0.0    2.921903170804985e-14    0.42365867709156463
172    0.0    1.568992331890673e-14    0.4236586770915781
173    0.0    8.524214320515533e-15    0.4236586770915853
174    0.0    4.41964173591991e-15    0.4236586770915894
175    0.0    2.4231918555051024e-15    0.4236586770915914
176    0.0    1.0930926302998856e-15    0.4236586770915927
177    0.0    7.41594285980085e-16    0.4236586770915931
178    0.0    1.6544925152128798e-16    0.42365867709159366
179    0.0    1.20346441145891e-16    0.4236586770915937
180    -0.0    -2.5587171270657905e-17    0.4236586770915938
181    0.0    3.599551212651875e-17    0.42365867709159377
182    0.0    2.883977778811442e-17    0.42365867709159377
183    0.0    1.481020167615199e-16    0.42365867709159366
184    -0.0    -7.26415455565288e-17    0.4236586770915939
185    0.0    1.450662506785605e-16    0.42365867709159366
186    0.0    7.502679033599691e-17    0.42365867709159377
187    0.0    1.6046192152785466e-17    0.4236586770915938
188    -0.0    -8.608565249534905e-17    0.42365867709159394
189    0.0    6.049848122469115e-17    0.42365867709159377
190    -0.0    -1.7867651802561113e-16    0.423658677091594
191    0.0    1.8865117801247777e-17    0.4236586770915938
192    0.0    8.977193988179977e-17    0.4236586770915937
193    0.0    9.80118763926896e-17    0.4236586770915937
194    0.0    2.0079424234431542e-16    0.4236586770915936
195    0.0    3.5605199344423966e-16    0.4236586770915935
196    0.0    6.268856961311187e-16    0.4236586770915932
197    0.0    1.384309333829492e-15    0.42365867709159244
198    0.0    2.153876035859703e-15    0.42365867709159166
199    0.0    4.663804065163646e-15    0.42365867709158916
200    0.0    8.396712145031238e-15    0.42365867709158544
201    0.0    1.580051194050025e-14    0.423658677091578
202    0.0    2.917718150419191e-14    0.42365867709156463
203    0.0    5.4197965559943384e-14    0.42365867709153965
204    0.0    1.0025986117712105e-13    0.4236586770914936
205    0.0    1.864580538579741e-13    0.42365867709140737
206    0.0    3.46116581576017e-13    0.4236586770912477
207    0.0    6.422800659378058e-13    0.42365867709095156
208    0.0    1.192161386970314e-12    0.42365867709040167
209    0.0    2.2126163748414918e-12    0.4236586770893812
210    0.0    4.106708896556288e-12    0.4236586770874871
211    0.0    7.622158980369331e-12    0.42365867708397165
212    0.0    1.4146571717874035e-11    0.42365867707744725
213    0.0    2.6255859899432243e-11    0.42365867706533794
214    0.0    4.873060288623776e-11    0.4236586770428632
215    0.0    9.04433546285166e-11    0.42365867700115045
216    0.0    1.6786149987374488e-10    0.4236586769237323
217    0.0    3.115489710832364e-10    0.4236586767800449
218    0.0    5.782307480051152e-10    0.4236586765133631
219    0.0    1.0731889894984026e-09    0.42365867601840485
220    0.0    1.9918252242880075e-09    0.4236586750997686
221    0.0    3.6968024557347545e-09    0.42365867339479135
222    0.0    6.861218806216568e-09    0.423658670230375
223    0.0    1.2734335582981898e-08    0.42365866435725824
224    0.0    2.363476696298772e-08    0.42365865345682685
225    0.0    4.3865829890341046e-08    0.4236586332257639
226    0.0    8.141442862409642e-08    0.4236585956771652
227    0.0    1.5110415510152797e-07    0.42365852598743875
228    0.0    2.804474112595885e-07    0.4236583966441826
229    0.0    5.205068675040794e-07    0.42365815658472633
230    0.0    9.660541994568027e-07    0.42365771103739436
231    0.0    1.7929844457766596e-06    0.423656884107148
232    0.0    3.3277565970124892e-06    0.4236553493349968
233    0.0    6.176274492286204e-06    0.42365250081710154
234    0.0    1.1463088346066325e-05    0.4236472140032478
235    0.0    2.1275350890253772e-05    0.4236374017407036
236    0.0    3.948680034555115e-05    0.4236191902912483
237    0.0    7.328709445924685e-05    0.4235853899971346
238    0.0    0.00013602040700680038    0.42352265668458705
239    0.0    0.0002524547493049636    0.42340622234228886
240    0.0    0.00046856671659857574    0.42319011037499527
241    0.0    0.000869728468024784    0.422788948623569
242    0.0    0.001614605813880698    0.42204407127771315
243    0.0    0.002998847006861721    0.4206598300847321
244    0.0    0.005577509878344374    0.41808116721324945
245    0.0    0.010415759302998304    0.4132429177885955
246    0.0    0.019690870621211103    0.4039678064703827
247    0.0    0.03870025316579118    0.38495842392580265
248    0.0    0.08734229211928271    0.3363163849723111
249    1.9646112073064823    0.39292224146129645    0.030736435630297376
