0    2.08616114654041    0.417232229308082    0.00578015288015038
1    2.1112468508907054    0.42224937017814107    0.000763012010091324
2    2.1144545661045226    0.42289091322090455    0.0001214689673278424
3    2.11497472493606    0.4229949449872121    1.7437201020320536e-05
4    2.1150484191638137    0.4230096838327628    2.698355469621383e-06
5    2.1150599158229424    0.42301198316458843    3.990236439599393e-07
6    2.115061606095551    0.4230123212191102    6.096912219533124e-08
7    2.115061865269909    0.42301237305398176    9.134250633646701e-09
8    2.115061903983689    0.4230123807967378    1.3914945862225636e-09
9    2.115061909884955    0.4230123819769909    2.1124146876161376e-10
10    2.1150619107774036    0.42301238215548076    3.275163473759335e-11
11    2.115061910914953    0.42301238218299064    5.241751477313983e-12
12    2.1150619109366073    0.42301238218732146    9.10937991704941e-13
13    2.115061910940243    0.42301238218804865    1.837419105754634e-13
14    2.115061910940935    0.42301238218818704    4.5352610555937645e-14
15    2.115061910941094    0.4230123821882188    1.3600232051658168e-14
16    2.1150619109411424    0.4230123821882285    3.885780586188048e-15
17    2.115061910941153    0.4230123821882306    1.7763568394002505e-15
18    2.1150619109411615    0.4230123821882323    1.1102230246251565e-16
19    2.1150619109411624    0.42301238218823245    5.551115123125783e-17
20    2.115061910941164    0.4230123821882328    3.885780586188048e-16
21    2.115061910941163    0.42301238218823256    1.6653345369377348e-16
22    2.115061910941166    0.42301238218823317    7.771561172376096e-16
23    2.1150619109411632    0.42301238218823267    2.7755575615628914e-16
24    2.1150619109411655    0.4230123821882331    7.216449660063518e-16
25    2.115061910941165    0.423012382188233    6.106226635438361e-16
26    2.115061910941164    0.4230123821882328    3.885780586188048e-16
27    2.1150619109411637    0.4230123821882327    3.3306690738754696e-16
28    2.115061910941164    0.42301238218823284    4.440892098500626e-16
29    2.1150619109411637    0.4230123821882327    3.3306690738754696e-16
30    2.115061910941164    0.42301238218823284    4.440892098500626e-16
31    2.115061910941164    0.4230123821882328    3.885780586188048e-16
32    2.1150619109411615    0.42301238218823234    5.551115123125783e-17
33    2.1150619109411632    0.42301238218823267    2.7755575615628914e-16
34    2.1150619109411646    0.4230123821882329    4.996003610813204e-16
35    2.1150619109411655    0.4230123821882331    7.216449660063518e-16
36    2.115061910941163    0.42301238218823256    1.6653345369377348e-16
37    2.115061910941166    0.42301238218823317    7.771561172376096e-16
38    2.1150619109411624    0.42301238218823245    5.551115123125783e-17
39    2.1150619109411655    0.4230123821882331    7.216449660063518e-16
40    2.1150619109411615    0.4230123821882323    1.1102230246251565e-16
41    2.1150619109411632    0.42301238218823267    2.7755575615628914e-16
42    2.1150619109411615    0.42301238218823234    5.551115123125783e-17
43    2.1150619109411637    0.4230123821882327    3.3306690738754696e-16
44    2.115061910941162    0.4230123821882324    0.0
45    2.1150619109411624    0.42301238218823245    5.551115123125783e-17
46    2.115061910941164    0.42301238218823284    4.440892098500626e-16
47    2.115061910941164    0.4230123821882328    3.885780586188048e-16
48    2.1150619109411637    0.4230123821882327    3.3306690738754696e-16
49    2.115061910941165    0.423012382188233    6.106226635438361e-16
50    2.1150619109411624    0.42301238218823245    5.551115123125783e-17
51    2.1150619109411615    0.4230123821882323    1.1102230246251565e-16
52    2.115061910941161    0.4230123821882322    1.6653345369377348e-16
53    2.115061910941164    0.4230123821882328    3.885780586188048e-16
54    2.1150619109411624    0.4230123821882325    1.1102230246251565e-16
55    2.1150619109411646    0.4230123821882329    4.996003610813204e-16
56    2.115061910941164    0.42301238218823284    4.440892098500626e-16
57    2.1150619109411646    0.42301238218823295    5.551115123125783e-16
58    2.115061910941163    0.42301238218823256    1.6653345369377348e-16
59    2.1150619109411646    0.42301238218823295    5.551115123125783e-16
60    2.1150619109411637    0.4230123821882327    3.3306690738754696e-16
61    2.115061910941164    0.4230123821882328    3.885780586188048e-16
62    2.115061910941162    0.4230123821882324    0.0
63    2.1150619109411632    0.42301238218823267    2.7755575615628914e-16
64    2.1150619109411624    0.42301238218823245    5.551115123125783e-17
65    2.1150619109411655    0.4230123821882331    7.216449660063518e-16
66    2.115061910941164    0.4230123821882328    3.885780586188048e-16
67    2.1150619109411655    0.4230123821882331    7.216449660063518e-16
68    2.1150619109411637    0.4230123821882327    3.3306690738754696e-16
69    2.115061910941164    0.4230123821882328    3.885780586188048e-16
70    2.115061910941162    0.4230123821882324    0.0
71    2.1150619109411632    0.4230123821882326    2.220446049250313e-16
72    2.1150619109411637    0.4230123821882327    3.3306690738754696e-16
73    2.115061910941164    0.42301238218823284    4.440892098500626e-16
74    2.1150619109411646    0.4230123821882329    4.996003610813204e-16
75    2.1150619109411637    0.4230123821882327    3.3306690738754696e-16
76    2.1150619109411637    0.4230123821882327    3.3306690738754696e-16
77    2.1150619109411646    0.4230123821882329    4.996003610813204e-16
78    2.115061910941164    0.4230123821882328    3.885780586188048e-16
79    2.1150619109411632    0.4230123821882326    2.220446049250313e-16
80    2.115061910941166    0.42301238218823317    7.771561172376096e-16
81    2.1150619109411632    0.4230123821882326    2.220446049250313e-16
82    2.1150619109411624    0.4230123821882325    1.1102230246251565e-16
83    2.1150619109411646    0.42301238218823295    5.551115123125783e-16
84    2.1150619109411646    0.4230123821882329    4.996003610813204e-16
85    2.1150619109411624    0.4230123821882325    1.1102230246251565e-16
86    2.1150619109411646    0.4230123821882329    4.996003610813204e-16
87    2.115061910941164    0.4230123821882328    3.885780586188048e-16
88    2.115061910941166    0.4230123821882332    8.326672684688674e-16
89    2.1150619109411646    0.4230123821882329    4.996003610813204e-16
90    2.115061910941164    0.42301238218823284    4.440892098500626e-16
91    2.1150619109411632    0.4230123821882326    2.220446049250313e-16
92    2.1150619109411664    0.4230123821882333    8.881784197001252e-16
93    2.115061910941165    0.423012382188233    6.106226635438361e-16
94    2.115061910941166    0.42301238218823317    7.771561172376096e-16
95    2.1150619109411646    0.42301238218823295    5.551115123125783e-16
96    2.115061910941167    0.42301238218823334    9.43689570931383e-16
97    2.1150619109411655    0.4230123821882331    7.216449660063518e-16
98    2.115061910941165    0.423012382188233    6.106226635438361e-16
99    2.1150619109411624    0.4230123821882325    1.1102230246251565e-16
100    2.1150619109411646    0.42301238218823295    5.551115123125783e-16
101    2.1150619109411646    0.4230123821882329    4.996003610813204e-16
102    2.1150619109411655    0.4230123821882331    7.216449660063518e-16
103    2.115061910941164    0.42301238218823284    4.440892098500626e-16
104    2.115061910941162    0.4230123821882324    0.0
105    2.11506191094116    0.42301238218823206    3.3306690738754696e-16
106    2.115061910941156    0.42301238218823123    1.1657341758564144e-15
107    2.1150619109411397    0.42301238218822795    4.440892098500626e-15
108    2.1150619109410944    0.42301238218821885    1.354472090042691e-14
109    2.1150619109409337    0.42301238218818676    4.5630166312093934e-14
110    2.1150619109402453    0.42301238218804904    1.833533325168446e-13
111    2.115061910936607    0.42301238218732135    9.110490140074035e-13
112    2.1150619109149553    0.42301238218299103    5.241362899255364e-12
113    2.115061910777402    0.42301238215548037    3.275202331565197e-11
114    2.1150619098849557    0.4230123819769911    2.1124130222816007e-10
115    2.115061903983688    0.42301238079673764    1.3914947527560173e-09
116    2.11506186526991    0.4230123730539819    9.134250467113247e-09
117    2.1150616060955554    0.4230123212191111    6.096912130715282e-08
118    2.115059915822942    0.4230119831645884    3.9902364401545043e-07
119    2.1150484191638155    0.4230096838327631    2.698355469288316e-06
120    2.1149747249360624    0.42299494498721246    1.7437201019931958e-05
121    2.114454566104524    0.42289091322090483    0.00012146896732756485
122    2.1112468508907054    0.42224937017814107    0.000763012010091324
123    2.0861611465404084    0.4172322293080817    0.005780152880150713
124    1.9453574718444553    0.38907149436889105    0.03394088781934135
125    0.0    0.07565274787912345    0.34735963430910893
126    0.0    0.025887639280959177    0.39712474290727323
127    0.0    0.009629038443653457    0.4133833437445789
128    0.0    0.0036425401616774454    0.419369842026555
129    0.0    0.0013831427551987529    0.42162923943303365
130    0.0    0.0005256682254168241    0.42248671396281556
131    0.0    0.00019982360705019311    0.4228125585811822
132    0.0    7.596321961208467e-05    0.42293641896862033
133    0.0    2.887786375965675e-05    0.42298350432447274
134    0.0    1.097812036659259e-05    0.4230014040678658
135    0.0    4.173411477026608e-06    0.4230082087767554
136    0.0    1.5865526684089026e-06    0.423010795635564
137    0.0    6.031395372845666e-07    0.42301177904869514
138    0.0    2.29287884278076e-07    0.4230121529003481
139    0.0    8.716545812394172e-08    0.42301229502277427
140    0.0    3.3136583193083685e-08    0.4230123490516492
141    0.0    1.2597113253996067e-08    0.42301236959111915
142    0.0    4.788884346799277e-09    0.42301237739934805
143    0.0    1.8205290955308762e-09    0.4230123803677033
144    0.0    6.920873587765164e-10    0.42301238149614506
145    0.0    2.6310198507698e-10    0.4230123819251304
146    0.0    1.0002025813485305e-10    0.4230123820882121
147    0.0    3.802353007106851e-11    0.42301238215020887
148    0.0    1.4454889975951124e-11    0.4230123821737775
149    0.0    5.495193276111587e-12    0.4230123821827372
150    0.0    2.089022531348572e-12    0.4230123821861434
151    0.0    7.941416621526365e-13    0.42301238218743825
152    0.0    3.018531605225583e-13    0.4230123821879305
153    0.0    1.146313946542854e-13    0.42301238218811776
154    0.0    4.356671273741952e-14    0.4230123821881888
155    0.0    1.6507628597395296e-14    0.4230123821882159
156    0.0    6.22895832136372e-15    0.4230123821882262
157    0.0    2.261212050935768e-15    0.4230123821882301
158    0.0    8.805890044927267e-16    0.4230123821882315
159    0.0    2.409097227262791e-16    0.42301238218823217
160    0.0    1.6718397499726478e-16    0.4230123821882322
161    -0.0    -1.8344700758454735e-16    0.42301238218823256
162    0.0    1.1080546202801855e-16    0.4230123821882323
163    0.0    5.4643789493269423e-17    0.42301238218823234
164    0.0    1.3053794156725473e-16    0.4230123821882323
165    -0.0    -1.212138028838794e-16    0.4230123821882325
166    0.0    4.7488055154865094e-17    0.42301238218823234
167    -0.0    -4.7488055154865094e-17    0.42301238218823245
168    -0.0    -1.7997756063259374e-17    0.4230123821882324
169    -0.0    -6.808789643208968e-17    0.42301238218823245
170    0.0    2.0166160408230382e-17    0.4230123821882324
171    -0.0    -6.505213034913027e-19    0.4230123821882324
172    0.0    2.4069288229178198e-17    0.4230123821882324
173    -0.0    -3.881443777498106e-17    0.42301238218823245
174    0.0    1.1145598333150986e-16    0.4230123821882323
175    -0.0    -9.454242944073599e-17    0.4230123821882325
176    -0.0    -1.691355389077387e-17    0.4230123821882324
177    -0.0    -6.657001339060997e-17    0.42301238218823245
178    0.0    1.3248950547772864e-16    0.4230123821882323
179    -0.0    -1.1687699419393738e-16    0.4230123821882325
180    -0.0    -6.787105599759258e-17    0.42301238218823245
181    -0.0    -2.660632131279428e-16    0.42301238218823267
182    0.0    1.973247953923618e-16    0.42301238218823217
183    -0.0    -9.280770596475918e-17    0.4230123821882325
184    0.0    6.982261990806649e-17    0.42301238218823234
185    0.0    1.5395670849294163e-17    0.4230123821882324
186    0.0    1.1709383462843448e-16    0.4230123821882323
187    0.0    1.0321604682062002e-16    0.4230123821882323
188    0.0    1.22514845490862e-16    0.4230123821882323
189    0.0    1.3010426069826053e-16    0.4230123821882323
190    0.0    7.22078646875346e-17    0.42301238218823234
191    0.0    1.240327285323417e-16    0.4230123821882323
192    -0.0    -4.358492733391728e-17    0.42301238218823245
193    0.0    3.469446951953614e-17    0.42301238218823234
194    -0.0    -9.302454639925628e-17    0.4230123821882325
195    0.0    1.7780915628762273e-17    0.4230123821882324
196    -0.0    -1.9168694409543718e-16    0.42301238218823256
197    0.0    7.35089072945172e-17    0.42301238218823234
198    -0.0    -7.741203511546502e-17    0.42301238218823245
199    0.0    1.494030593685025e-16    0.4230123821882322
200    -0.0    -4.618701254788249e-17    0.42301238218823245
201    0.0    1.3444106938820255e-16    0.4230123821882323
202    0.0    4.7271214720367993e-17    0.42301238218823234
203    0.0    3.7730235602495554e-17    0.42301238218823234
204    -0.0    -9.75781955236954e-18    0.4230123821882324
205    0.0    1.3270634591222574e-16    0.4230123821882323
206    0.0    9.71445146547012e-17    0.4230123821882323
207    -0.0    -2.992397996059992e-17    0.42301238218823245
208    0.0    6.136584296267955e-17    0.42301238218823234
209    -0.0    -8.673617379884035e-17    0.4230123821882325
210    0.0    1.0798653637955624e-16    0.4230123821882323
211    0.0    6.548581121812447e-17    0.42301238218823234
212    0.0    1.0104764247564901e-16    0.4230123821882323
213    0.0    1.24683249835833e-16    0.4230123821882323
214    0.0    4.2674197509029455e-16    0.42301238218823195
215    0.0    8.951173136040325e-16    0.4230123821882315
216    0.0    2.2941717969793274e-15    0.4230123821882301
217    0.0    6.297479898664804e-15    0.4230123821882261
218    0.0    1.6532348406927966e-14    0.42301238218821585
219    0.0    4.367469927379908e-14    0.4230123821881887
220    0.0    1.1486644968528026e-13    0.42301238218811754
221    0.0    3.018895897155538e-13    0.4230123821879305
222    0.0    7.940479870849337e-13    0.42301238218743836
223    0.0    2.0889071722374197e-12    0.4230123821861435
224    0.0    5.495208021261133e-12    0.4230123821827372
225    0.0    1.4454987554146648e-11    0.4230123821737774
226    0.0    3.802322345869413e-11    0.4230123821502092
227    0.0    1.0002026247166174e-10    0.4230123820882121
228    0.0    2.6310215681460414e-10    0.42301238192513024
229    0.0    6.920873821952833e-10    0.423012381496145
230    0.0    1.820529128924303e-09    0.4230123803677033
231    0.0    4.788884270905125e-09    0.4230123773993481
232    0.0    1.2597113283920047e-08    0.4230123695911191
233    0.0    3.313658310981696e-08    0.4230123490516493
234    0.0    8.716545813738583e-08    0.42301229502277427
235    0.0    2.292878843145052e-07    0.4230121529003481
236    0.0    6.031395372247186e-07    0.4230117790486952
237    0.0    1.5865526685207923e-06    0.4230107956355639
238    0.0    4.173411476975433e-06    0.42300820877675543
239    0.0    1.0978120366748716e-05    0.4230014040678656
240    0.0    2.8877863759452053e-05    0.42298350432447296
241    0.0    7.596321961211936e-05    0.4229364189686203
242    0.0    0.00019982360705012026    0.4228125585811823
243    0.0    0.0005256682254168952    0.4224867139628155
244    0.0    0.001383142755198576    0.4216292394330338
245    0.0    0.00364254016167743    0.419369842026555
246    0.0    0.009629038443653369    0.413383343744579
247    0.0    0.025887639280959527    0.39712474290727284
248    0.0    0.07565274787912349    0.3473596343091089
249    1.945357471844453    0.3890714943688906    0.03394088781934179
