0    2.073153260016546    0.41463065200330923    0.00619546232085294
1    2.0999713437650556    0.41999426875301116    0.0008318455711510131
2    2.1034780942112556    0.42069561884225115    0.00013049548191101934
3    2.1040365137952675    0.42080730275905354    1.881156510863402e-05
4    2.104116268460508    0.4208232536921016    2.8606320605639723e-06
5    2.104128462820089    0.4208256925640178    4.217601443645691e-07
6    2.1041302546174325    0.4208260509234865    6.340067565391294e-08
7    2.1041305244888027    0.42082610489776057    9.426401603729317e-09
8    2.104130564556887    0.4208261129113774    1.412784778054288e-09
9    2.104130570564195    0.42082611411283904    2.1132312566507494e-10
10    2.1041305714615617    0.4208261142923123    3.1849856085841566e-11
11    2.1041305715965777    0.42082611431931555    4.84662310284989e-12
12    2.10413057161703    0.42082611432340605    7.561173909209629e-13
13    2.1041305716201917    0.4208261143240383    1.238453783969362e-13
14    2.1041305716207024    0.4208261143241405    2.1649348980190553e-14
15    2.1041305716207908    0.4208261143241581    4.052314039881821e-15
16    2.1041305716208076    0.42082611432416156    6.106226635438361e-16
17    2.1041305716208116    0.4208261143241623    1.1102230246251565e-16
18    2.1041305716208103    0.42082611432416206    1.1102230246251565e-16
19    2.1041305716208107    0.42082611432416217    0.0
20    2.104130571620815    0.42082611432416306    8.881784197001252e-16
21    2.104130571620813    0.4208261143241626    4.440892098500626e-16
22    2.1041305716208147    0.42082611432416295    7.771561172376096e-16
23    2.1041305716208116    0.4208261143241623    1.1102230246251565e-16
24    2.1041305716208134    0.42082611432416267    4.996003610813204e-16
25    2.1041305716208116    0.42082611432416234    1.6653345369377348e-16
26    2.1041305716208143    0.42082611432416284    6.661338147750939e-16
27    2.104130571620813    0.4208261143241626    4.440892098500626e-16
28    2.1041305716208125    0.4208261143241625    3.3306690738754696e-16
29    2.1041305716208125    0.4208261143241625    3.3306690738754696e-16
30    2.1041305716208125    0.4208261143241625    3.3306690738754696e-16
31    2.1041305716208107    0.42082611432416217    0.0
32    2.1041305716208116    0.42082611432416234    1.6653345369377348e-16
33    2.104130571620812    0.42082611432416245    2.7755575615628914e-16
34    2.104130571620813    0.4208261143241626    4.440892098500626e-16
35    2.104130571620813    0.4208261143241626    4.440892098500626e-16
36    2.1041305716208125    0.4208261143241625    3.3306690738754696e-16
37    2.104130571620813    0.42082611432416256    3.885780586188048e-16
38    2.104130571620812    0.4208261143241624    2.220446049250313e-16
39    2.104130571620813    0.4208261143241626    4.440892098500626e-16
40    2.1041305716208116    0.42082611432416234    1.6653345369377348e-16
41    2.1041305716208134    0.4208261143241627    5.551115123125783e-16
42    2.1041305716208125    0.4208261143241625    3.3306690738754696e-16
43    2.104130571620813    0.4208261143241626    4.440892098500626e-16
44    2.1041305716208125    0.4208261143241625    3.3306690738754696e-16
45    2.104130571620813    0.4208261143241626    4.440892098500626e-16
46    2.104130571620812    0.4208261143241624    2.220446049250313e-16
47    2.1041305716208143    0.42082611432416284    6.661338147750939e-16
48    2.1041305716208116    0.4208261143241623    1.1102230246251565e-16
49    2.104130571620812    0.4208261143241624    2.220446049250313e-16
50    2.104130571620812    0.42082611432416245    2.7755575615628914e-16
51    2.104130571620813    0.4208261143241626    4.440892098500626e-16
52    2.104130571620812    0.42082611432416245    2.7755575615628914e-16
53    2.104130571620813    0.4208261143241626    4.440892098500626e-16
54    2.1041305716208116    0.4208261143241623    1.1102230246251565e-16
55    2.104130571620812    0.42082611432416245    2.7755575615628914e-16
56    2.1041305716208116    0.42082611432416234    1.6653345369377348e-16
57    2.1041305716208134    0.4208261143241627    5.551115123125783e-16
58    2.104130571620812    0.42082611432416245    2.7755575615628914e-16
59    2.1041305716208116    0.42082611432416234    1.6653345369377348e-16
60    2.104130571620811    0.4208261143241622    5.551115123125783e-17
61    2.1041305716208125    0.4208261143241625    3.3306690738754696e-16
62    2.1041305716208107    0.42082611432416217    0.0
63    2.104130571620812    0.42082611432416245    2.7755575615628914e-16
64    2.1041305716208134    0.42082611432416267    4.996003610813204e-16
65    2.1041305716208125    0.4208261143241625    3.3306690738754696e-16
66    2.1041305716208134    0.42082611432416267    4.996003610813204e-16
67    2.1041305716208134    0.42082611432416267    4.996003610813204e-16
68    2.1041305716208116    0.4208261143241623    1.1102230246251565e-16
69    2.104130571620813    0.4208261143241626    4.440892098500626e-16
70    2.1041305716208134    0.42082611432416267    4.996003610813204e-16
71    2.1041305716208125    0.4208261143241625    3.3306690738754696e-16
72    2.1041305716208116    0.4208261143241623    1.1102230246251565e-16
73    2.1041305716208134    0.4208261143241627    5.551115123125783e-16
74    2.104130571620813    0.42082611432416256    3.885780586188048e-16
75    2.104130571620811    0.4208261143241622    5.551115123125783e-17
76    2.104130571620813    0.4208261143241626    4.440892098500626e-16
77    2.1041305716208125    0.4208261143241625    3.3306690738754696e-16
78    2.104130571620811    0.4208261143241622    5.551115123125783e-17
79    2.104130571620812    0.42082611432416245    2.7755575615628914e-16
80    2.104130571620813    0.42082611432416256    3.885780586188048e-16
81    2.1041305716208125    0.4208261143241625    3.3306690738754696e-16
82    2.104130571620812    0.42082611432416245    2.7755575615628914e-16
83    2.104130571620813    0.4208261143241626    4.440892098500626e-16
84    2.1041305716208107    0.42082611432416217    0.0
85    2.1041305716208134    0.42082611432416267    4.996003610813204e-16
86    2.1041305716208125    0.4208261143241625    3.3306690738754696e-16
87    2.104130571620812    0.42082611432416245    2.7755575615628914e-16
88    2.104130571620811    0.4208261143241622    5.551115123125783e-17
89    2.1041305716208134    0.42082611432416267    4.996003610813204e-16
90    2.104130571620813    0.42082611432416256    3.885780586188048e-16
91    2.104130571620814    0.4208261143241628    6.106226635438361e-16
92    2.1041305716208116    0.4208261143241623    1.1102230246251565e-16
93    2.104130571620813    0.42082611432416256    3.885780586188048e-16
94    2.104130571620812    0.4208261143241624    2.220446049250313e-16
95    2.104130571620812    0.42082611432416245    2.7755575615628914e-16
96    2.104130571620812    0.42082611432416245    2.7755575615628914e-16
97    2.104130571620812    0.4208261143241624    2.220446049250313e-16
98    2.104130571620814    0.4208261143241628    6.106226635438361e-16
99    2.1041305716208116    0.42082611432416234    1.6653345369377348e-16
100    2.104130571620812    0.4208261143241624    2.220446049250313e-16
101    2.1041305716208134    0.42082611432416267    4.996003610813204e-16
102    2.104130571620813    0.42082611432416256    3.885780586188048e-16
103    2.1041305716208125    0.4208261143241625    3.3306690738754696e-16
104    2.1041305716208116    0.42082611432416234    1.6653345369377348e-16
105    2.1041305716208116    0.4208261143241623    1.1102230246251565e-16
106    2.1041305716208103    0.42082611432416206    1.1102230246251565e-16
107    2.1041305716208063    0.4208261143241613    8.881784197001252e-16
108    2.10413057162079    0.42082611432415795    4.218847493575595e-15
109    2.104130571620701    0.4208261143241402    2.19824158875781e-14
110    2.1041305716201926    0.42082611432403855    1.2362333379201118e-13
111    2.1041305716170293    0.42082611432340583    7.563394355258879e-13
112    2.104130571596576    0.42082611431931516    4.8470116809085084e-12
113    2.104130571461559    0.4208261142923118    3.185035568620265e-11
114    2.1041305705641946    0.4208261141128389    2.1132329219852863e-10
115    2.1041305645568884    0.42082611291137767    1.4127845004985318e-09
116    2.1041305244888027    0.4208261048977605    9.426401659240469e-09
117    2.1041302546174294    0.4208260509234859    6.34006762645356e-08
118    2.104128462820088    0.42082569256401753    4.2176014464212486e-07
119    2.1041162684605075    0.4208232536921015    2.8606320606749946e-06
120    2.104036513795269    0.42080730275905376    1.8811565108411976e-05
121    2.1034780942112588    0.42069561884225176    0.00013049548191040872
122    2.099971343765056    0.4199942687530112    0.0008318455711509576
123    2.073153260016545    0.414630652003309    0.006195462320853162
124    1.9225485148337635    0.3845097029667527    0.036316411357409484
125    0.0    0.06667462085526614    0.354151493468896
126    0.0    0.01889723394792442    0.40192888037623775
127    0.0    0.00569653290820912    0.4151295814159531
128    0.0    0.0017356689620404066    0.41909044536212176
129    0.0    0.0005299215815820785    0.42029619274258007
130    0.0    0.0001618573643981363    0.42066425695976406
131    0.0    4.944116816974972e-05    0.42077667315599243
132    0.0    1.5102614428075603e-05    0.4208110117097341
133    0.0    4.613356266490801e-06    0.42082150096789567
134    0.0    1.4092308664951508e-06    0.42082470509329567
135    0.0    4.3047442944716546e-07    0.42082568384973273
136    0.0    1.3149601228203134e-07    0.42082598282814987
137    0.0    4.016777811668287e-08    0.42082607415638407
138    0.0    1.2269956820541716e-08    0.42082610205420534
139    0.0    3.748074910766425e-09    0.42082611057608726
140    0.0    1.1449154979116527e-09    0.4208261131792467
141    0.0    3.497346093284115e-10    0.42082611397442754
142    0.0    1.0683260699695385e-10    0.42082611421732957
143    0.0    3.2634001403963886e-11    0.42082611429152816
144    0.0    9.968599296722447e-12    0.4208261143141936
145    0.0    3.0451214466653553e-12    0.42082611432111705
146    0.0    9.302073000760913e-13    0.42082611432323197
147    0.0    2.8422013007012303e-13    0.42082611432387795
148    0.0    8.683548671784003e-14    0.42082611432407535
149    0.0    2.6528692437244317e-14    0.42082611432413564
150    0.0    8.099423909335712e-15    0.42082611432415407
151    0.0    2.592110553978344e-15    0.42082611432415956
152    0.0    6.782768791069316e-16    0.4208261143241615
153    0.0    4.2760933682828295e-16    0.4208261143241617
154    0.0    3.5128150388530344e-17    0.4208261143241621
155    0.0    2.203098814490545e-16    0.42082611432416195
156    0.0    5.2909066017292616e-17    0.4208261143241621
157    0.0    1.3921155894713877e-16    0.420826114324162
158    -0.0    -5.0306980803327406e-17    0.4208261143241622
159    0.0    1.6393136847980827e-16    0.420826114324162
160    -0.0    -4.8138576458356397e-17    0.4208261143241622
161    0.0    3.20273321752218e-16    0.42082611432416184
162    -0.0    -1.3660947373317356e-17    0.42082611432416217
163    0.0    1.6740081543176188e-16    0.420826114324162
164    -0.0    -3.174543961037557e-16    0.4208261143241625
165    0.0    8.023096076392733e-17    0.4208261143241621
166    -0.0    -9.82287168271867e-17    0.4208261143241623
167    0.0    1.6132928326584306e-16    0.420826114324162
168    -0.0    -2.3006770100142404e-16    0.4208261143241624
169    -0.0    -8.500145032286355e-17    0.4208261143241623
170    -0.0    -1.8279648628105605e-16    0.42082611432416234
171    -0.0    -2.6020852139652106e-18    0.42082611432416217
172    -0.0    -1.2793585635328952e-16    0.4208261143241623
173    -0.0    -5.074066167232161e-17    0.4208261143241622
174    -0.0    -5.355958732078392e-17    0.4208261143241622
175    -0.0    -2.190088388420719e-17    0.42082611432416217
176    -0.0    -7.3075226425523e-17    0.4208261143241622
177    0.0    3.0574501264091225e-17    0.4208261143241621
178    0.0    4.683753385137379e-17    0.4208261143241621
179    0.0    4.098284211995207e-17    0.4208261143241621
180    -0.0    -8.023096076392733e-18    0.42082611432416217
181    -0.0    -1.3118846287074604e-16    0.4208261143241623
182    0.0    3.447762908503904e-17    0.4208261143241621
183    -0.0    -1.0928757898653885e-16    0.4208261143241623
184    -0.0    -1.951563910473908e-17    0.42082611432416217
185    -0.0    -1.196959198423997e-16    0.4208261143241623
186    0.0    1.450662506785605e-16    0.420826114324162
187    -0.0    -1.196959198423997e-16    0.4208261143241623
188    0.0    2.168404344971009e-17    0.42082611432416217
189    -0.0    -2.695326600798964e-16    0.42082611432416245
190    0.0    3.5561831257524545e-17    0.4208261143241621
191    -0.0    -4.119968255444917e-17    0.4208261143241622
192    0.0    1.8908485888147197e-16    0.420826114324162
193    -0.0    -5.355958732078392e-17    0.4208261143241622
194    -0.0    -3.491130995403324e-17    0.4208261143241622
195    -0.0    -3.729655473350135e-17    0.4208261143241622
196    0.0    1.3465790982269965e-16    0.42082611432416206
197    0.0    1.6046192152785466e-17    0.42082611432416217
198    0.0    1.2576745200831851e-17    0.42082611432416217
199    -0.0    -1.728218262941894e-16    0.42082611432416234
200    0.0    1.951563910473908e-18    0.42082611432416217
201    0.0    2.168404344971009e-18    0.42082611432416217
202    0.0    2.7755575615628914e-17    0.42082611432416217
203    -0.0    -2.949029909160572e-17    0.4208261143241622
204    0.0    5.399326818977812e-17    0.4208261143241621
205    -0.0    -6.266688556966216e-17    0.4208261143241622
206    0.0    9.86623976961809e-17    0.42082611432416206
207    -0.0    -1.1080546202801855e-16    0.4208261143241623
208    -0.0    -7.003946034256359e-17    0.4208261143241622
209    -0.0    -7.28583859910259e-17    0.4208261143241622
210    0.0    4.141652298894627e-17    0.4208261143241621
211    -0.0    -8.023096076392733e-17    0.4208261143241622
212    -0.0    -1.5829351718288365e-17    0.42082611432416217
213    -0.0    -6.288372600415926e-17    0.4208261143241622
214    -0.0    -7.28583859910259e-17    0.4208261143241622
215    -0.0    -7.48099499014998e-17    0.4208261143241622
216    0.0    4.683753385137379e-17    0.4208261143241621
217    -0.0    -1.6696713456276768e-16    0.42082611432416234
218    0.0    5.984795992119984e-17    0.4208261143241621
219    -0.0    -6.635317295611287e-17    0.4208261143241622
220    0.0    3.230922474006803e-16    0.42082611432416184
221    0.0    6.271025365656158e-16    0.42082611432416156
222    0.0    2.530094189712173e-15    0.4208261143241596
223    0.0    8.015289820750837e-15    0.4208261143241542
224    0.0    2.65299934798513e-14    0.42082611432413564
225    0.0    8.675091894838616e-14    0.4208261143240754
226    0.0    2.8424224779444174e-13    0.42082611432387795
227    0.0    9.300936756884148e-13    0.4208261143232321
228    0.0    3.0452489488408396e-12    0.42082611432111694
229    0.0    9.968578046359866e-12    0.4208261143141936
230    0.0    3.2633932448705716e-11    0.4208261142915282
231    0.0    1.0683233811481507e-10    0.42082611421732985
232    0.0    3.4973468392152096e-10    0.4208261139744275
233    0.0    1.1449155373766118e-09    0.4208261131792466
234    0.0    3.748075006176216e-09    0.42082611057608715
235    0.0    1.2269957011361299e-08    0.4208261020542052
236    0.0    4.0167778258062836e-08    0.4208260741563839
237    0.0    1.3149601239045156e-07    0.42082598282814976
238    0.0    4.304744294142057e-07    0.42082568384973273
239    0.0    1.4092308664292313e-06    0.4208247050932957
240    0.0    4.613356266513352e-06    0.42082150096789567
241    0.0    1.5102614428226524e-05    0.42081101170973395
242    0.0    4.944116816980523e-05    0.4207766731559924
243    0.0    0.00016185736439810507    0.42066425695976406
244    0.0    0.0005299215815821462    0.42029619274258
245    0.0    0.0017356689620406617    0.41909044536212153
246    0.0    0.005696532908209017    0.41512958141595313
247    0.0    0.018897233947924467    0.4019288803762377
248    0.0    0.06667462085526593    0.35415149346889624
249    1.9225485148337629    0.3845097029667526    0.036316411357409595
