0    1.9680634956556842    0.39361269913113683    0.007206114852485901
1    1.998957421451043    0.3997914842902086    0.0010273296934141252
2    2.003295041824217    0.4006590083648434    0.00015980561877931843
3    2.003974926656985    0.40079498533139696    2.3828652225776903e-05
4    2.0040759280947706    0.40081518561895413    3.6283646686063875e-06
5    2.0040913351253797    0.40081826702507595    5.46958546787657e-07
6    2.0040936554346316    0.4008187310869263    8.289669645167308e-08
7    2.004094007209317    0.40081880144186344    1.2541759297768351e-08
8    2.0040940604056336    0.40081881208112674    1.9024959940772135e-09
9    2.0040940684720137    0.40081881369440275    2.8921998129760595e-10
10    2.004094069697064    0.40081881393941277    4.4209969018993434e-11
11    2.004094069884004    0.4008188139768008    6.821931908262968e-12
12    2.0040940699127625    0.4008188139825525    1.070254995738651e-12
13    2.0040940699172483    0.40081881398344965    1.730837695390619e-13
14    2.004094069917971    0.40081881398359415    2.858824288409778e-14
15    2.0040940699180867    0.40081881398361735    5.384581669432009e-15
16    2.0040940699181125    0.40081881398362246    2.7755575615628914e-16
17    2.004094069918114    0.4008188139836228    5.551115123125783e-17
18    2.004094069918114    0.4008188139836228    5.551115123125783e-17
19    2.0040940699181133    0.4008188139836227    5.551115123125783e-17
20    2.0040940699181133    0.4008188139836227    5.551115123125783e-17
21    2.0040940699181142    0.40081881398362285    1.1102230246251565e-16
22    2.004094069918115    0.400818813983623    2.7755575615628914e-16
23    2.004094069918114    0.40081881398362273    0.0
24    2.004094069918115    0.40081881398362307    3.3306690738754696e-16
25    2.0040940699181107    0.4008188139836222    5.551115123125783e-16
26    2.004094069918116    0.4008188139836232    4.440892098500626e-16
27    2.0040940699181142    0.40081881398362285    1.1102230246251565e-16
28    2.0040940699181147    0.4008188139836229    1.6653345369377348e-16
29    2.0040940699181133    0.4008188139836226    1.1102230246251565e-16
30    2.0040940699181147    0.40081881398362296    2.220446049250313e-16
31    2.0040940699181142    0.40081881398362285    1.1102230246251565e-16
32    2.004094069918115    0.40081881398362307    3.3306690738754696e-16
33    2.004094069918115    0.40081881398362307    3.3306690738754696e-16
34    2.004094069918115    0.400818813983623    2.7755575615628914e-16
35    2.004094069918113    0.40081881398362257    1.6653345369377348e-16
36    2.004094069918113    0.40081881398362257    1.6653345369377348e-16
37    2.004094069918115    0.400818813983623    2.7755575615628914e-16
38    2.004094069918115    0.400818813983623    2.7755575615628914e-16
39    2.0040940699181133    0.4008188139836227    5.551115123125783e-17
40    2.0040940699181147    0.4008188139836229    1.6653345369377348e-16
41    2.0040940699181147    0.4008188139836229    1.6653345369377348e-16
42    2.0040940699181147    0.4008188139836229    1.6653345369377348e-16
43    2.0040940699181133    0.4008188139836227    5.551115123125783e-17
44    2.004094069918114    0.40081881398362273    0.0
45    2.004094069918115    0.400818813983623    2.7755575615628914e-16
46    2.0040940699181147    0.40081881398362296    2.220446049250313e-16
47    2.004094069918114    0.4008188139836228    5.551115123125783e-17
48    2.004094069918115    0.400818813983623    2.7755575615628914e-16
49    2.0040940699181142    0.40081881398362285    1.1102230246251565e-16
50    2.0040940699181133    0.4008188139836226    1.1102230246251565e-16
51    2.004094069918113    0.40081881398362257    1.6653345369377348e-16
52    2.0040940699181142    0.40081881398362285    1.1102230246251565e-16
53    2.0040940699181125    0.40081881398362246    2.7755575615628914e-16
54    2.0040940699181147    0.40081881398362296    2.220446049250313e-16
55    2.004094069918114    0.40081881398362273    0.0
56    2.0040940699181142    0.40081881398362285    1.1102230246251565e-16
57    2.0040940699181125    0.4008188139836225    2.220446049250313e-16
58    2.0040940699181142    0.40081881398362285    1.1102230246251565e-16
59    2.004094069918112    0.4008188139836224    3.3306690738754696e-16
60    2.004094069918115    0.40081881398362307    3.3306690738754696e-16
61    2.0040940699181125    0.4008188139836225    2.220446049250313e-16
62    2.004094069918114    0.40081881398362273    0.0
63    2.0040940699181133    0.4008188139836226    1.1102230246251565e-16
64    2.0040940699181147    0.40081881398362296    2.220446049250313e-16
65    2.0040940699181147    0.40081881398362296    2.220446049250313e-16
66    2.0040940699181147    0.40081881398362296    2.220446049250313e-16
67    2.0040940699181147    0.40081881398362296    2.220446049250313e-16
68    2.0040940699181142    0.40081881398362285    1.1102230246251565e-16
69    2.0040940699181142    0.40081881398362285    1.1102230246251565e-16
70    2.004094069918116    0.4008188139836232    4.440892098500626e-16
71    2.0040940699181147    0.4008188139836229    1.6653345369377348e-16
72    2.004094069918115    0.400818813983623    2.7755575615628914e-16
73    2.004094069918114    0.4008188139836228    5.551115123125783e-17
74    2.0040940699181164    0.4008188139836233    5.551115123125783e-16
75    2.0040940699181142    0.40081881398362285    1.1102230246251565e-16
76    2.004094069918117    0.4008188139836234    6.661338147750939e-16
77    2.004094069918115    0.40081881398362307    3.3306690738754696e-16
78    2.004094069918115    0.40081881398362307    3.3306690738754696e-16
79    2.0040940699181133    0.4008188139836227    5.551115123125783e-17
80    2.004094069918114    0.40081881398362273    0.0
81    2.0040940699181133    0.4008188139836227    5.551115123125783e-17
82    2.004094069918115    0.40081881398362307    3.3306690738754696e-16
83    2.0040940699181147    0.4008188139836229    1.6653345369377348e-16
84    2.004094069918114    0.40081881398362273    0.0
85    2.0040940699181133    0.4008188139836226    1.1102230246251565e-16
86    2.004094069918115    0.40081881398362307    3.3306690738754696e-16
87    2.0040940699181142    0.40081881398362285    1.1102230246251565e-16
88    2.0040940699181147    0.40081881398362296    2.220446049250313e-16
89    2.0040940699181142    0.40081881398362285    1.1102230246251565e-16
90    2.0040940699181147    0.4008188139836229    1.6653345369377348e-16
91    2.004094069918115    0.400818813983623    2.7755575615628914e-16
92    2.004094069918114    0.40081881398362273    0.0
93    2.0040940699181147    0.40081881398362296    2.220446049250313e-16
94    2.0040940699181147    0.4008188139836229    1.6653345369377348e-16
95    2.004094069918114    0.40081881398362273    0.0
96    2.0040940699181156    0.4008188139836231    3.885780586188048e-16
97    2.004094069918116    0.4008188139836232    4.440892098500626e-16
98    2.0040940699181147    0.4008188139836229    1.6653345369377348e-16
99    2.0040940699181147    0.4008188139836229    1.6653345369377348e-16
100    2.0040940699181147    0.40081881398362296    2.220446049250313e-16
101    2.0040940699181147    0.4008188139836229    1.6653345369377348e-16
102    2.004094069918115    0.400818813983623    2.7755575615628914e-16
103    2.0040940699181156    0.4008188139836231    3.885780586188048e-16
104    2.004094069918114    0.4008188139836228    5.551115123125783e-17
105    2.0040940699181142    0.40081881398362285    1.1102230246251565e-16
106    2.0040940699181142    0.40081881398362285    1.1102230246251565e-16
107    2.0040940699181102    0.400818813983622    7.216449660063518e-16
108    2.00409406991809    0.40081881398361796    4.773959005888173e-15
109    2.0040940699179686    0.40081881398359376    2.8976820942716586e-14
110    2.004094069917252    0.4008188139834503    1.724176357242868e-13
111    2.004094069912763    0.4008188139825526    1.0701439734361884e-12
112    2.0040940698840046    0.40081881397680097    6.821765374809274e-12
113    2.0040940696970626    0.4008188139394125    4.421024657474959e-11
114    2.0040940684720154    0.4008188136944031    2.8921964823069857e-10
115    2.0040940604056345    0.4008188120811269    1.9024958275437598e-09
116    2.0040940072093156    0.40081880144186316    1.2541759575324107e-08
117    2.0040936554346334    0.40081873108692667    8.289669606309502e-08
118    2.0040913351253815    0.40081826702507634    5.469585463990789e-07
119    2.0040759280947764    0.40081518561895524    3.6283646674961645e-06
120    2.003974926656986    0.40079498533139724    2.3828652225499347e-05
121    2.0032950418242197    0.4006590083648439    0.00015980561877881883
122    1.998957421451044    0.3997914842902088    0.0010273296934139586
123    1.9680634956556864    0.3936126991311373    0.007206114852485457
124    1.7926579160301779    0.35853158320603556    0.04228723077758717
125    0.0    0.044901915926056774    0.355916898057566
126    0.0    0.008039672237844183    0.39277914174577855
127    0.0    0.0014897851671803013    0.39932902881644244
128    0.0    0.000277364192434338    0.4005414497911884
129    0.0    5.167547377287959e-05    0.40076713850984985
130    0.0    9.628669646341223e-06    0.4008091853139764
131    0.0    1.79413701573497e-06    0.400817019846607
132    0.0    3.3430749181526803e-07    0.40081847967613093
133    0.0    6.229264887160774e-08    0.40081875169097386
134    0.0    1.1607201321622851e-08    0.4008188023764214
135    0.0    2.162809462774584e-09    0.40081881182081325
136    0.0    4.03003545465519e-10    0.4008188135806192
137    0.0    7.509311488601567e-11    0.40081881390852964
138    0.0    1.3992296037101948e-11    0.4008188139696304
139    0.0    2.607304996904425e-12    0.40081881398101543
140    0.0    4.856080815240915e-13    0.4008188139831371
141    0.0    9.051440152951784e-14    0.4008188139835322
142    0.0    1.6832455568271953e-14    0.4008188139836059
143    0.0    3.2899030721900147e-15    0.40081881398361946
144    0.0    5.494736610156536e-16    0.4008188139836222
145    0.0    2.5370330836160804e-16    0.40081881398362246
146    -0.0    -2.3635607360183997e-16    0.40081881398362296
147    0.0    1.1232334506949826e-16    0.4008188139836226
148    -0.0    -1.973247953923618e-16    0.40081881398362296
149    0.0    4.7704895589362195e-17    0.4008188139836227
150    -0.0    -3.642919299551295e-17    0.4008188139836228
151    0.0    1.3183898417423734e-16    0.4008188139836226
152    -0.0    -1.0798653637955624e-16    0.40081881398362285
153    0.0    6.678685382510707e-17    0.4008188139836227
154    -0.0    -1.457167719820518e-16    0.4008188139836229
155    0.0    1.7997756063259374e-16    0.40081881398362257
156    -0.0    -8.760353553682876e-17    0.40081881398362285
157    0.0    1.8214596497756474e-17    0.40081881398362273
158    -0.0    -2.47198095326695e-17    0.40081881398362273
159    0.0    4.618701254788249e-17    0.4008188139836227
160    -0.0    -5.204170427930421e-17    0.4008188139836228
161    0.0    1.1210650463500116e-16    0.4008188139836226
162    -0.0    -7.589415207398531e-18    0.40081881398362273
163    0.0    3.881443777498106e-17    0.4008188139836227
164    -0.0    -6.548581121812447e-17    0.4008188139836228
165    0.0    4.2500725161431774e-17    0.4008188139836227
166    -0.0    -5.854691731421724e-18    0.40081881398362273
167    -0.0    -4.380176776841438e-17    0.4008188139836228
168    -0.0    -2.927345865710862e-17    0.4008188139836228
169    0.0    1.3964523981613297e-16    0.40081881398362257
170    -0.0    -6.548581121812447e-17    0.4008188139836228
171    0.0    5.681219383824043e-17    0.4008188139836227
172    0.0    7.15573433840433e-18    0.40081881398362273
173    0.0    4.141652298894627e-17    0.4008188139836227
174    -0.0    -3.122502256758253e-17    0.4008188139836228
175    -0.0    -1.713039432527097e-17    0.40081881398362273
176    -0.0    -7.806255641895632e-18    0.40081881398362273
177    -0.0    -1.0755285551056204e-16    0.40081881398362285
178    0.0    1.1731067506293158e-16    0.4008188139836226
179    0.0    4.206704429243757e-17    0.4008188139836227
180    0.0    3.3393426912553537e-17    0.4008188139836227
181    0.0    9.042246118529107e-17    0.4008188139836226
182    -0.0    -1.0039712117215771e-16    0.40081881398362285
183    0.0    8.239936510889834e-18    0.40081881398362273
184    0.0    2.1250362580715887e-17    0.40081881398362273
185    0.0    4.683753385137379e-17    0.4008188139836227
186    -0.0    -5.117434254131581e-17    0.4008188139836228
187    0.0    1.3183898417423734e-16    0.4008188139836226
188    -0.0    -5.0523821237824507e-17    0.4008188139836228
189    0.0    1.2685165418080402e-16    0.4008188139836226
190    -0.0    -9.432558900623889e-17    0.40081881398362285
191    0.0    2.970713952610282e-17    0.4008188139836227
192    -0.0    -7.134050294954619e-17    0.4008188139836228
193    0.0    5.963111948670274e-17    0.4008188139836227
194    -0.0    -4.2934406030425976e-17    0.4008188139836228
195    -0.0    -6.938893903907228e-18    0.40081881398362273
196    -0.0    -1.4094628242311558e-17    0.40081881398362273
197    0.0    5.074066167232161e-17    0.4008188139836227
198    -0.0    -1.6306400674181987e-16    0.4008188139836229
199    -0.0    -1.7564075194265172e-17    0.40081881398362273
200    -0.0    -8.044780119842443e-17    0.4008188139836228
201    0.0    2.3418766925686896e-17    0.40081881398362273
202    0.0    1.1709383462843448e-17    0.40081881398362273
203    0.0    5.854691731421724e-18    0.40081881398362273
204    0.0    9.93129189996722e-17    0.4008188139836226
205    -0.0    -4.8138576458356397e-17    0.4008188139836228
206    -0.0    -2.7972416050126014e-17    0.4008188139836228
207    0.0    5.4860629927766524e-17    0.4008188139836227
208    -0.0    -1.0646865333807654e-16    0.40081881398362285
209    0.0    4.7704895589362195e-17    0.4008188139836227
210    -0.0    -6.700369425960417e-17    0.4008188139836228
211    0.0    3.729655473350135e-17    0.4008188139836227
212    -0.0    -2.1033522146218786e-17    0.40081881398362273
213    0.0    1.5612511283791264e-17    0.40081881398362273
214    0.0    1.3010426069826053e-18    0.40081881398362273
215    0.0    8.673617379884035e-18    0.40081881398362273
216    -0.0    -4.2934406030425976e-17    0.4008188139836228
217    0.0    9.84455572616838e-17    0.4008188139836226
218    0.0    5.117434254131581e-17    0.4008188139836227
219    -0.0    -3.946495907847236e-17    0.4008188139836228
220    -0.0    -1.6436504934880247e-16    0.4008188139836229
221    0.0    1.5569143196891844e-16    0.40081881398362257
222    0.0    7.19910242530375e-17    0.4008188139836227
223    -0.0    -9.107298248878237e-18    0.40081881398362273
224    -0.0    -1.3791051634015616e-16    0.40081881398362285
225    0.0    1.5612511283791264e-17    0.40081881398362273
226    -0.0    -1.1449174941446927e-16    0.40081881398362285
227    -0.0    -1.1275702593849246e-16    0.40081881398362285
228    0.0    1.1666015375944028e-16    0.4008188139836226
229    0.0    6.375108774214766e-16    0.4008188139836221
230    0.0    3.0687258290029718e-15    0.4008188139836197
231    0.0    1.670625443539464e-14    0.400818813983606
232    0.0    9.039297088619946e-14    0.40081881398353236
233    0.0    4.85719971188292e-13    0.400818813983137
234    0.0    2.607291119116617e-12    0.40081881398101543
235    0.0    1.3992182412714271e-11    0.40081881396963054
236    0.0    7.509326580695808e-11    0.40081881390852947
237    0.0    4.0300346046406865e-10    0.40081881358061927
238    0.0    2.162809347415473e-09    0.4008188118208134
239    0.0    1.1607201180242888e-08    0.40081880237642153
240    0.0    6.229264894186404e-08    0.4008187516909738
241    0.0    3.343074917545527e-07    0.400818479676131
242    0.0    1.794137015559763e-06    0.40081701984660717
243    0.0    9.628669646287447e-06    0.40080918531397647
244    0.0    5.167547377275469e-05    0.40076713850984996
245    0.0    0.00027736419243441605    0.40054144979118833
246    0.0    0.0014897851671802805    0.39932902881644244
247    0.0    0.008039672237844155    0.3927791417457786
248    0.0    0.044901915926056704    0.35591689805756604
249    1.7926579160301763    0.3585315832060353    0.04228723077758745
