0    1.6879495442622603    0.33758990885245205    0.00935975961972585
1    1.726855945129068    0.3453711890258136    0.0015784794463643004
2    1.7333744145847843    0.34667488291695686    0.0002747855552210354
3    1.7345123126744322    0.34690246253488644    4.7205937291461275e-05
4    1.7347075854016496    0.34694151708032994    8.15139184795477e-06
5    1.7347413168781467    0.34694826337562934    1.4050965485568057e-06
6    1.7347471298483677    0.34694942596967354    2.42502504355091e-07
7    1.7347481329720789    0.34694962659441575    4.1877762146924624e-08
8    1.7347483061369924    0.34694966122739845    7.2447794430274826e-09
9    1.7347483360756024    0.3469496672151205    1.2570574026149473e-09
10    1.734748341264556    0.3469496682529112    2.192667158951167e-10
11    1.7347483421679721    0.3469496684335944    3.85834697524956e-11
12    1.7347483423264642    0.34694966846529285    6.885048087212908e-12
13    1.734748342354615    0.346949668470923    1.2548850847338144e-12
14    1.7347483423597134    0.3469496684719427    2.352007477668394e-13
15    1.73474834236066    0.346949668472132    4.590772206825022e-14
16    1.7347483423608439    0.3469496684721688    9.103828801926284e-15
17    1.734748342360879    0.3469496684721758    2.1094237467877974e-15
18    1.7347483423608892    0.34694966847217784    5.551115123125783e-17
19    1.7347483423608876    0.3469496684721775    3.885780586188048e-16
20    1.73474834236089    0.346949668472178    1.1102230246251565e-16
21    1.7347483423608905    0.3469496684721781    2.220446049250313e-16
22    1.7347483423608911    0.34694966847217823    3.3306690738754696e-16
23    1.7347483423608903    0.34694966847217806    1.6653345369377348e-16
24    1.73474834236089    0.346949668472178    1.1102230246251565e-16
25    1.734748342360888    0.3469496684721776    2.7755575615628914e-16
26    1.7347483423608892    0.34694966847217784    5.551115123125783e-17
27    1.7347483423608878    0.34694966847217756    3.3306690738754696e-16
28    1.7347483423608892    0.34694966847217784    5.551115123125783e-17
29    1.7347483423608878    0.34694966847217756    3.3306690738754696e-16
30    1.7347483423608887    0.34694966847217773    1.6653345369377348e-16
31    1.7347483423608898    0.34694966847217795    5.551115123125783e-17
32    1.734748342360888    0.3469496684721776    2.7755575615628914e-16
33    1.7347483423608887    0.34694966847217773    1.6653345369377348e-16
34    1.734748342360887    0.3469496684721774    4.996003610813204e-16
35    1.7347483423608892    0.34694966847217784    5.551115123125783e-17
36    1.7347483423608918    0.34694966847217834    4.440892098500626e-16
37    1.7347483423608923    0.34694966847217845    5.551115123125783e-16
38    1.7347483423608905    0.3469496684721781    2.220446049250313e-16
39    1.7347483423608903    0.34694966847217806    1.6653345369377348e-16
40    1.7347483423608896    0.3469496684721779    0.0
41    1.734748342360889    0.3469496684721778    1.1102230246251565e-16
42    1.734748342360889    0.3469496684721778    1.1102230246251565e-16
43    1.7347483423608905    0.3469496684721781    2.220446049250313e-16
44    1.73474834236089    0.346949668472178    1.1102230246251565e-16
45    1.734748342360892    0.3469496684721784    4.996003610813204e-16
46    1.7347483423608931    0.3469496684721786    7.216449660063518e-16
47    1.7347483423608925    0.3469496684721785    6.106226635438361e-16
48    1.7347483423608892    0.34694966847217784    5.551115123125783e-17
49    1.734748342360888    0.3469496684721776    2.7755575615628914e-16
50    1.734748342360888    0.3469496684721776    2.7755575615628914e-16
51    1.734748342360891    0.3469496684721782    2.7755575615628914e-16
52    1.7347483423608898    0.34694966847217795    5.551115123125783e-17
53    1.7347483423608887    0.34694966847217773    1.6653345369377348e-16
54    1.73474834236089    0.346949668472178    1.1102230246251565e-16
55    1.7347483423608896    0.3469496684721779    0.0
56    1.7347483423608898    0.34694966847217795    5.551115123125783e-17
57    1.7347483423608883    0.3469496684721777    2.220446049250313e-16
58    1.7347483423608883    0.3469496684721777    2.220446049250313e-16
59    1.7347483423608911    0.34694966847217823    3.3306690738754696e-16
60    1.7347483423608898    0.34694966847217795    5.551115123125783e-17
61    1.7347483423608903    0.34694966847217806    1.6653345369377348e-16
62    1.7347483423608896    0.3469496684721779    0.0
63    1.7347483423608883    0.3469496684721777    2.220446049250313e-16
64    1.7347483423608903    0.34694966847217806    1.6653345369377348e-16
65    1.73474834236089    0.346949668472178    1.1102230246251565e-16
66    1.734748342360891    0.3469496684721782    2.7755575615628914e-16
67    1.7347483423608903    0.34694966847217806    1.6653345369377348e-16
68    1.734748342360889    0.3469496684721778    1.1102230246251565e-16
69    1.734748342360889    0.3469496684721778    1.1102230246251565e-16
70    1.7347483423608892    0.34694966847217784    5.551115123125783e-17
71    1.7347483423608896    0.3469496684721779    0.0
72    1.734748342360888    0.3469496684721776    2.7755575615628914e-16
73    1.7347483423608905    0.3469496684721781    2.220446049250313e-16
74    1.734748342360891    0.3469496684721782    2.7755575615628914e-16
75    1.7347483423608898    0.34694966847217795    5.551115123125783e-17
76    1.7347483423608878    0.34694966847217756    3.3306690738754696e-16
77    1.7347483423608896    0.3469496684721779    0.0
78    1.7347483423608874    0.34694966847217745    4.440892098500626e-16
79    1.73474834236089    0.346949668472178    1.1102230246251565e-16
80    1.7347483423608887    0.34694966847217773    1.6653345369377348e-16
81    1.7347483423608898    0.34694966847217795    5.551115123125783e-17
82    1.7347483423608883    0.3469496684721777    2.220446049250313e-16
83    1.7347483423608896    0.3469496684721779    0.0
84    1.7347483423608896    0.3469496684721779    0.0
85    1.73474834236089    0.346949668472178    1.1102230246251565e-16
86    1.7347483423608905    0.3469496684721781    2.220446049250313e-16
87    1.7347483423608892    0.34694966847217784    5.551115123125783e-17
88    1.734748342360888    0.3469496684721776    2.7755575615628914e-16
89    1.7347483423608896    0.3469496684721779    0.0
90    1.73474834236089    0.346949668472178    1.1102230246251565e-16
91    1.7347483423608878    0.34694966847217756    3.3306690738754696e-16
92    1.7347483423608898    0.34694966847217795    5.551115123125783e-17
93    1.734748342360889    0.3469496684721778    1.1102230246251565e-16
94    1.7347483423608887    0.34694966847217773    1.6653345369377348e-16
95    1.7347483423608883    0.3469496684721777    2.220446049250313e-16
96    1.7347483423608874    0.34694966847217745    4.440892098500626e-16
97    1.7347483423608898    0.34694966847217795    5.551115123125783e-17
98    1.7347483423608892    0.34694966847217784    5.551115123125783e-17
99    1.7347483423608876    0.3469496684721775    3.885780586188048e-16
100    1.7347483423608865    0.3469496684721773    6.106226635438361e-16
101    1.7347483423608887    0.34694966847217773    1.6653345369377348e-16
102    1.734748342360888    0.3469496684721776    2.7755575615628914e-16
103    1.73474834236089    0.346949668472178    1.1102230246251565e-16
104    1.7347483423608878    0.34694966847217756    3.3306690738754696e-16
105    1.7347483423608878    0.34694966847217756    3.3306690738754696e-16
106    1.734748342360881    0.3469496684721762    1.7208456881689926e-15
107    1.734748342360843    0.34694966847216857    9.325873406851315e-15
108    1.7347483423606593    0.3469496684721319    4.601874437071274e-14
109    1.7347483423597108    0.34694966847194214    2.35755859279152e-13
110    1.7347483423546155    0.3469496684709231    1.254774062431352e-12
111    1.7347483423264665    0.3469496684652933    6.884603998003058e-12
112    1.7347483421679701    0.34694966843359404    3.858385833055422e-11
113    1.7347483412645546    0.3469496682529109    2.1926699345087286e-10
114    1.7347483360756049    0.346949667215121    1.2570569030145862e-09
115    1.734748306136993    0.3469496612273986    7.244779276494029e-09
116    1.734748132972078    0.3469496265944156    4.187776231345808e-08
117    1.7347471298483688    0.34694942596967376    2.425025041330464e-07
118    1.734741316878147    0.3469482633756294    1.4050965485012945e-06
119    1.7347075854016503    0.34694151708033005    8.151391847843747e-06
120    1.7345123126744297    0.34690246253488594    4.7205937291960876e-05
121    1.7333744145847856    0.34667488291695714    0.00027478555522075787
122    1.726855945129069    0.3453711890258138    0.0015784794463640783
123    1.6879495442622638    0.33758990885245277    0.009359759619725128
124    1.4824303895859001    0.29648607791718    0.050463590554997884
125    0.0    0.0267541171390228    0.3201955513331551
126    0.0    0.0031807835828740402    0.34376888488930385
127    0.0    0.0003869184979209718    0.3465627499742569
128    0.0    4.7196551325921765e-05    0.346902471920852
129    0.0    5.759191501846644e-06    0.34694390928067603
130    0.0    7.028048989322216e-07    0.34694896566727895
131    0.0    8.576519690967066e-08    0.346949582706981
132    0.0    1.0466170843187461e-08    0.3469496580060071
133    0.0    1.2772168045405152e-09    0.3469496671949611
134    0.0    1.5586246356058542e-10    0.3469496683163154
135    0.0    1.9020458819074548e-11    0.34694966845315744
136    0.0    2.3211085831142952e-12    0.3469496684698568
137    0.0    2.831970769001657e-13    0.3469496684718947
138    0.0    3.4616406963117186e-14    0.34694966847214326
139    0.0    4.2396641752873165e-15    0.3469496684721737
140    0.0    5.282232984349378e-16    0.34694966847217734
141    0.0    1.1709383462843448e-17    0.3469496684721779
142    -0.0    -1.3010426069826053e-18    0.3469496684721779
143    -0.0    -4.336808689942018e-18    0.3469496684721779
144    0.0    1.1275702593849246e-16    0.3469496684721778
145    0.0    4.119968255444917e-17    0.34694966847217784
146    -0.0    -7.025630077706069e-17    0.34694966847217795
147    0.0    2.0383000842727483e-17    0.3469496684721779
148    0.0    1.1709383462843448e-17    0.3469496684721779
149    -0.0    -3.252606517456513e-17    0.34694966847217795
150    0.0    1.3444106938820255e-17    0.3469496684721779
151    0.0    1.7780915628762273e-17    0.3469496684721779
152    0.0    2.6020852139652106e-18    0.3469496684721779
153    -0.0    -3.859759734048396e-17    0.34694966847217795
154    0.0    7.546047120499111e-17    0.34694966847217784
155    -0.0    -9.974659986866641e-18    0.3469496684721779
156    0.0    6.938893903907228e-18    0.3469496684721779
157    -0.0    -5.2909066017292616e-17    0.34694966847217795
158    0.0    2.7755575615628914e-17    0.3469496684721779
159    -0.0    -5.984795992119984e-17    0.34694966847217795
160    0.0    1.0842021724855044e-17    0.3469496684721779
161    -0.0    -5.074066167232161e-17    0.34694966847217795
162    -0.0    -4.5102810375396984e-17    0.34694966847217795
163    -0.0    -5.355958732078392e-17    0.34694966847217795
164    0.0    8.695301423333746e-17    0.3469496684721778
165    -0.0    -1.496198998029996e-17    0.3469496684721779
166    0.0    6.895525817007808e-17    0.34694966847217784
167    0.0    3.7513395167998453e-17    0.34694966847217784
168    0.0    7.719519468096792e-17    0.34694966847217784
169    0.0    7.28583859910259e-17    0.34694966847217784
170    -0.0    -1.1709383462843448e-17    0.3469496684721779
171    -0.0    -2.47198095326695e-17    0.3469496684721779
172    -0.0    -4.5102810375396984e-17    0.34694966847217795
173    -0.0    -2.168404344971009e-17    0.3469496684721779
174    0.0    3.599551212651875e-17    0.34694966847217784
175    0.0    7.567731163948821e-17    0.34694966847217784
176    -0.0    -5.637851296924623e-17    0.34694966847217795
177    0.0    1.3097162243624894e-16    0.3469496684721778
178    -0.0    -3.621235256101585e-17    0.34694966847217795
179    0.0    1.8214596497756474e-17    0.3469496684721779
180    -0.0    -1.5352302762394743e-16    0.34694966847217806
181    0.0    5.4643789493269423e-17    0.34694966847217784
182    -0.0    -3.3393426912553537e-17    0.34694966847217795
183    0.0    5.724587470723463e-17    0.34694966847217784
184    -0.0    -2.3050138187041824e-16    0.3469496684721781
185    0.0    4.185020385794047e-17    0.34694966847217784
186    -0.0    -1.196959198423997e-16    0.346949668472178
187    0.0    9.194034422677078e-17    0.3469496684721778
188    0.0    3.903127820947816e-18    0.3469496684721779
189    0.0    1.0820337681405334e-16    0.3469496684721778
190    0.0    6.114900252818245e-17    0.34694966847217784
191    0.0    3.230922474006803e-17    0.34694966847217784
192    -0.0    -1.4354836763708079e-16    0.34694966847217806
193    0.0    7.741203511546502e-17    0.34694966847217784
194    -0.0    -9.454242944073599e-17    0.346949668472178
195    0.0    1.0690233420707074e-16    0.3469496684721778
196    -0.0    -2.1033522146218786e-16    0.3469496684721781
197    0.0    2.0686577451023425e-16    0.3469496684721777
198    -0.0    -3.382710778154774e-17    0.34694966847217795
199    0.0    1.945058697438995e-16    0.3469496684721777
200    -0.0    -2.1055206189668496e-16    0.3469496684721781
201    0.0    5.0523821237824507e-17    0.34694966847217784
202    -0.0    -1.4181364416110398e-16    0.34694966847217806
203    0.0    5.312590645178972e-17    0.34694966847217784
204    -0.0    -1.222980050563649e-16    0.346949668472178
205    0.0    5.182486384480711e-17    0.34694966847217784
206    -0.0    -1.0625181290357943e-16    0.346949668472178
207    0.0    2.0513105103425744e-16    0.3469496684721777
208    0.0    3.382710778154774e-17    0.34694966847217784
209    0.0    3.599551212651875e-17    0.34694966847217784
210    -0.0    -8.391724815037804e-17    0.346949668472178
211    0.0    1.249000902703301e-16    0.3469496684721778
212    0.0    3.2959746043559335e-17    0.34694966847217784
213    -0.0    -7.849623728795052e-17    0.34694966847217795
214    0.0    6.071532165918825e-17    0.34694966847217784
215    0.0    8.803721640582296e-17    0.3469496684721778
216    0.0    1.0191500421363742e-16    0.3469496684721778
217    0.0    1.0581813203458523e-16    0.3469496684721778
218    -0.0    -3.686287386450715e-17    0.34694966847217795
219    0.0    2.992397996059992e-17    0.34694966847217784
220    0.0    3.5128150388530344e-17    0.34694966847217784
221    -0.0    -4.336808689942018e-17    0.34694966847217795
222    0.0    5.941427905220564e-17    0.34694966847217784
223    0.0    1.3877787807814457e-17    0.3469496684721779
224    0.0    4.2934406030425976e-17    0.34694966847217784
225    -0.0    -8.847089727481716e-17    0.346949668472178
226    0.0    4.119968255444917e-17    0.34694966847217784
227    -0.0    -7.37257477290143e-18    0.3469496684721779
228    0.0    5.204170427930421e-18    0.3469496684721779
229    -0.0    -2.949029909160572e-17    0.34694966847217795
230    -0.0    -9.194034422677078e-17    0.346949668472178
231    -0.0    -1.3357370765021415e-16    0.346949668472178
232    0.0    1.739060284666749e-16    0.34694966847217773
233    0.0    3.877106968808164e-16    0.3469496684721775
234    0.0    4.372370521199542e-15    0.3469496684721735
235    0.0    3.4568702067527823e-14    0.3469496684721433
236    0.0    2.83474632656322e-13    0.3469496684718944
237    0.0    2.3209958260883568e-12    0.3469496684698569
238    0.0    1.902051346286404e-11    0.3469496684531574
239    0.0    1.5586238723275248e-10    0.3469496683163155
240    0.0    1.2772169120933707e-09    0.346949667194961
241    0.0    1.0466170732165159e-08    0.3469496580060072
242    0.0    8.576519698252905e-08    0.3469495827069809
243    0.0    7.028048990380398e-07    0.34694896566727884
244    0.0    5.759191501860522e-06    0.34694390928067603
245    0.0    4.7196551326024114e-05    0.3469024719208519
246    0.0    0.00038691849792089894    0.346562749974257
247    0.0    0.003180783582874082    0.3437688848893038
248    0.0    0.026754117139022586    0.3201955513331553
249    1.482430389585899    0.2964860779171798    0.050463590554998106
