0    1.0452981466654454    0.20905962933308908    0.019313533378152115
1    1.1157424515357253    0.22314849030714506    0.005224672404096131
2    1.1348550861305635    0.22697101722611268    0.0014021454851285142
3    1.1399899644028002    0.22799799288056002    0.00037516983068117127
4    1.1413641570955306    0.22827283141910615    0.00010033129213504743
5    1.1417316698994613    0.22834633397989226    2.6828731348932378e-05
6    1.1418299382001158    0.22836598764002314    7.175071218057383e-06
7    1.1418562161845978    0.22837124323691954    1.919474321654402e-06
8    1.1418632447353785    0.22837264894707568    5.13764165516184e-07
9    1.1418651254027636    0.2283730250805527    1.376306884848244e-07
10    1.1418656289568128    0.22837312579136254    3.691987865428459e-08
11    1.1418657639305763    0.22837315278611525    9.925125943333057e-09
12    1.141865800171602    0.2283731600343204    2.6769207961407915e-09
13    1.1418658099285899    0.22837316198571797    7.25523224831548e-10
14    1.1418658125661094    0.2283731625132219    1.9801929540541607e-10
15    1.1418658132833466    0.2283731626566693    5.4571902552424945e-11
16    1.1418658134800423    0.22837316269600846    1.5232731742642613e-11
17    1.1418658135346047    0.22837316270692096    4.320238611299487e-12
18    1.1418658135499615    0.2283731627099923    1.2488898804008386e-12
19    1.1418658135543638    0.22837316271087274    3.6845526629747383e-13
20    1.141865813555651    0.22837316271113017    1.1102230246251565e-13
21    1.1418658135560347    0.22837316271120692    3.427813588530171e-14
22    1.1418658135561504    0.22837316271123007    1.1129985821867194e-14
23    1.1418658135561877    0.22837316271123753    3.6637359812630166e-15
24    1.1418658135561979    0.22837316271123959    1.609823385706477e-15
25    1.1418658135562023    0.22837316271124047    7.216449660063518e-16
26    1.141865813556205    0.228373162711241    1.942890293094024e-16
27    1.1418658135562036    0.22837316271124072    4.718447854656915e-16
28    1.1418658135562025    0.22837316271124053    6.661338147750939e-16
29    1.141865813556206    0.2283731627112412    0.0
30    1.1418658135562048    0.22837316271124097    2.220446049250313e-16
31    1.141865813556207    0.22837316271124142    2.220446049250313e-16
32    1.1418658135562052    0.22837316271124106    1.3877787807814457e-16
33    1.1418658135562059    0.22837316271124117    2.7755575615628914e-17
34    1.1418658135562074    0.22837316271124147    2.7755575615628914e-16
35    1.141865813556203    0.22837316271124058    6.106226635438361e-16
36    1.1418658135562063    0.22837316271124125    5.551115123125783e-17
37    1.1418658135562045    0.22837316271124092    2.7755575615628914e-16
38    1.1418658135562059    0.22837316271124117    2.7755575615628914e-17
39    1.141865813556203    0.2283731627112406    5.828670879282072e-16
40    1.141865813556204    0.2283731627112408    3.885780586188048e-16
41    1.141865813556206    0.2283731627112412    0.0
42    1.1418658135562045    0.2283731627112409    3.0531133177191805e-16
43    1.1418658135562068    0.22837316271124136    1.6653345369377348e-16
44    1.1418658135562025    0.22837316271124053    6.661338147750939e-16
45    1.1418658135562034    0.2283731627112407    4.996003610813204e-16
46    1.141865813556206    0.22837316271124122    2.7755575615628914e-17
47    1.1418658135562052    0.22837316271124106    1.3877787807814457e-16
48    1.1418658135562048    0.22837316271124097    2.220446049250313e-16
49    1.1418658135562043    0.22837316271124086    3.3306690738754696e-16
50    1.1418658135562025    0.2283731627112405    6.938893903907228e-16
51    1.1418658135562025    0.2283731627112405    6.938893903907228e-16
52    1.1418658135562054    0.22837316271124108    1.1102230246251565e-16
53    1.1418658135562045    0.2283731627112409    3.0531133177191805e-16
54    1.1418658135562054    0.22837316271124108    1.1102230246251565e-16
55    1.141865813556205    0.228373162711241    1.942890293094024e-16
56    1.1418658135562065    0.2283731627112413    1.1102230246251565e-16
57    1.141865813556203    0.2283731627112406    5.828670879282072e-16
58    1.1418658135562052    0.22837316271124103    1.6653345369377348e-16
59    1.141865813556204    0.22837316271124083    3.608224830031759e-16
60    1.1418658135562043    0.22837316271124086    3.3306690738754696e-16
61    1.1418658135562043    0.22837316271124086    3.3306690738754696e-16
62    1.141865813556206    0.2283731627112412    0.0
63    1.141865813556205    0.228373162711241    1.942890293094024e-16
64    1.141865813556206    0.22837316271124122    2.7755575615628914e-17
65    1.1418658135562052    0.22837316271124106    1.3877787807814457e-16
66    1.1418658135562048    0.22837316271124097    2.220446049250313e-16
67    1.141865813556206    0.2283731627112412    0.0
68    1.1418658135562063    0.22837316271124125    5.551115123125783e-17
69    1.141865813556207    0.22837316271124142    2.220446049250313e-16
70    1.1418658135562045    0.22837316271124092    2.7755575615628914e-16
71    1.1418658135562068    0.22837316271124136    1.6653345369377348e-16
72    1.1418658135562052    0.22837316271124103    1.6653345369377348e-16
73    1.141865813556204    0.22837316271124083    3.608224830031759e-16
74    1.1418658135562063    0.22837316271124125    5.551115123125783e-17
75    1.1418658135562045    0.22837316271124092    2.7755575615628914e-16
76    1.1418658135562034    0.22837316271124067    5.273559366969494e-16
77    1.1418658135562019    0.22837316271124036    8.326672684688674e-16
78    1.1418658135562063    0.22837316271124125    5.551115123125783e-17
79    1.141865813556204    0.2283731627112408    3.885780586188048e-16
80    1.1418658135562034    0.22837316271124067    5.273559366969494e-16
81    1.141865813556204    0.2283731627112408    3.885780586188048e-16
82    1.1418658135562045    0.2283731627112409    3.0531133177191805e-16
83    1.1418658135562052    0.22837316271124103    1.6653345369377348e-16
84    1.1418658135562045    0.22837316271124092    2.7755575615628914e-16
85    1.1418658135562048    0.22837316271124097    2.220446049250313e-16
86    1.1418658135562056    0.22837316271124114    5.551115123125783e-17
87    1.1418658135562039    0.22837316271124075    4.440892098500626e-16
88    1.141865813556203    0.22837316271124058    6.106226635438361e-16
89    1.141865813556206    0.2283731627112412    0.0
90    1.1418658135562045    0.22837316271124092    2.7755575615628914e-16
91    1.1418658135562028    0.22837316271124056    6.38378239159465e-16
92    1.1418658135562043    0.22837316271124086    3.3306690738754696e-16
93    1.141865813556204    0.2283731627112408    3.885780586188048e-16
94    1.1418658135562045    0.22837316271124092    2.7755575615628914e-16
95    1.1418658135562034    0.2283731627112407    4.996003610813204e-16
96    1.1418658135562028    0.22837316271124056    6.38378239159465e-16
97    1.1418658135562016    0.2283731627112403    8.881784197001252e-16
98    1.1418658135562023    0.22837316271124047    7.216449660063518e-16
99    1.141865813556199    0.22837316271123978    1.4155343563970746e-15
100    1.1418658135561879    0.22837316271123756    3.635980405647388e-15
101    1.141865813556152    0.2283731627112304    1.0796918914479647e-14
102    1.1418658135560358    0.22837316271120717    3.402833570476105e-14
103    1.1418658135556488    0.22837316271112973    1.1146639167236572e-13
104    1.1418658135543653    0.22837316271087305    3.681499549657019e-13
105    1.1418658135499653    0.22837316270999306    1.2481404798592166e-12
106    1.1418658135346067    0.22837316270692135    4.3198500332408685e-12
107    1.1418658134800403    0.22837316269600805    1.5233148076276848e-11
108    1.1418658132833486    0.2283731626566697    5.457148621879071e-11
109    1.1418658125661079    0.22837316251322157    1.9801962847232346e-10
110    1.1418658099285905    0.2283731619857181    7.255230860536699e-10
111    1.1418658001716029    0.2283731600343206    2.676920601851762e-09
112    1.141865763930575    0.22837315278611497    9.925126220888814e-09
113    1.1418656289568105    0.2283731257913621    3.69198790983738e-08
114    1.141865125402761    0.22837302508055218    1.3763068901218034e-07
115    1.1418632447353783    0.22837264894707565    5.137641655439396e-07
116    1.1418562161845975    0.22837124323691949    1.919474321709913e-06
117    1.1418299382001145    0.2283659876400229    7.175071218307183e-06
118    1.1417316698994586    0.22834633397989174    2.6828731349459733e-05
119    1.1413641570955282    0.22827283141910562    0.00010033129213557479
120    1.1399899644027975    0.2279979928805595    0.0003751698306816986
121    1.1348550861305597    0.22697101722611196    0.0014021454851292359
122    1.1157424515357237    0.22314849030714473    0.005224672404096464
123    1.0452981466654412    0.20905962933308825    0.019313533378152947
124    0.8000908758417196    0.1600181751683439    0.06835498754289729
125    0.0    0.010657709591584574    0.21771545311965662
126    0.0    0.000887169186226458    0.22748599352501475
127    0.0    7.511571802927205e-05    0.22829804699321193
128    0.0    6.372228233911953e-06    0.2283667904830073
129    0.0    5.406992036379593e-07    0.22837262201203756
130    0.0    4.588105796503317e-08    0.22837311683018324
131    0.0    3.893254850451111e-09    0.22837315881798634
132    0.0    3.3036375544914787e-10    0.22837316238087743
133    0.0    2.8033174739872102e-11    0.228373162683208
134    0.0    2.3787759956261922e-12    0.22837316270886243
135    0.0    2.0179951459864398e-13    0.22837316271103938
136    0.0    1.7226671478187683e-14    0.22837316271122396
137    0.0    1.4970663597679845e-15    0.2283731627112397
138    0.0    8.326672684688674e-17    0.2283731627112411
139    -0.0    -1.3010426069826053e-17    0.2283731627112412
140    0.0    2.6020852139652106e-17    0.22837316271124117
141    -0.0    -1.1535911115245767e-16    0.2283731627112413
142    -0.0    -3.2959746043559335e-17    0.22837316271124122
143    -0.0    -9.627715291671279e-17    0.22837316271124128
144    0.0    1.474514954580286e-17    0.22837316271124117
145    -0.0    -1.4007892068512717e-16    0.22837316271124133
146    0.0    8.760353553682876e-17    0.2283731627112411
147    -0.0    -1.0625181290357943e-16    0.2283731627112413
148    0.0    8.586881206085195e-17    0.2283731627112411
149    -0.0    -2.949029909160572e-17    0.22837316271124122
150    0.0    3.0357660829594124e-17    0.22837316271124117
151    0.0    3.469446951953614e-18    0.2283731627112412
152    0.0    8.500145032286355e-17    0.2283731627112411
153    -0.0    -4.640385298237959e-17    0.22837316271124125
154    -0.0    -7.632783294297951e-17    0.22837316271124128
155    -0.0    -6.895525817007808e-17    0.22837316271124125
156    0.0    1.691355389077387e-17    0.22837316271124117
157    -0.0    -1.7564075194265172e-16    0.22837316271124136
158    0.0    4.0766001685454967e-17    0.22837316271124117
159    -0.0    -1.7997756063259374e-16    0.22837316271124136
160    0.0    1.205632815803881e-16    0.22837316271124108
161    -0.0    -1.691355389077387e-16    0.22837316271124136
162    0.0    1.0755285551056204e-16    0.22837316271124108
163    -0.0    -1.929879867024198e-16    0.2283731627112414
164    0.0    4.336808689942018e-19    0.2283731627112412
165    -0.0    -1.4137996329210978e-16    0.22837316271124133
166    0.0    2.862293735361732e-17    0.22837316271124117
167    -0.0    -1.2793585635328952e-16    0.22837316271124133
168    0.0    3.7730235602495554e-17    0.22837316271124117
169    -0.0    -2.6020852139652106e-18    0.2283731627112412
170    0.0    7.849623728795052e-17    0.2283731627112411
171    -0.0    -1.1405806854547507e-16    0.2283731627112413
172    0.0    9.324138683375338e-17    0.2283731627112411
173    0.0    1.2576745200831851e-17    0.2283731627112412
174    0.0    3.8163916471489756e-17    0.22837316271124117
175    0.0    7.155734338404329e-17    0.2283731627112411
176    -0.0    -9.107298248878237e-17    0.22837316271124128
177    0.0    2.905661822261152e-17    0.22837316271124117
178    -0.0    -9.519295074422729e-17    0.22837316271124128
179    -0.0    -3.382710778154774e-17    0.22837316271124122
180    -0.0    -4.141652298894627e-17    0.22837316271124122
181    0.0    2.992397996059992e-17    0.22837316271124117
182    0.0    8.673617379884035e-17    0.2283731627112411
183    -0.0    -8.673617379884035e-18    0.2283731627112412
184    0.0    5.442694905877232e-17    0.22837316271124114
185    -0.0    -1.1470858984896637e-16    0.2283731627112413
186    0.0    8.066464163292153e-17    0.2283731627112411
187    0.0    1.0408340855860843e-17    0.2283731627112412
188    0.0    6.635317295611287e-17    0.22837316271124114
189    0.0    1.3010426069826053e-18    0.2283731627112412
190    -0.0    -1.3444106938820255e-17    0.2283731627112412
191    -0.0    -2.710505431213761e-17    0.22837316271124122
192    0.0    1.1926223897340549e-17    0.2283731627112412
193    -0.0    -5.746271514173174e-17    0.22837316271124125
194    -0.0    -1.4246416546459528e-16    0.22837316271124133
195    -0.0    -9.107298248878237e-18    0.2283731627112412
196    0.0    1.3877787807814457e-17    0.2283731627112412
197    -0.0    -3.2742905609062234e-17    0.22837316271124122
198    0.0    4.705437428587089e-17    0.22837316271124114
199    -0.0    -2.168404344971009e-17    0.22837316271124122
200    0.0    8.413408858487514e-17    0.2283731627112411
201    0.0    6.938893903907228e-18    0.2283731627112412
202    -0.0    -6.375108774214766e-17    0.22837316271124125
203    -0.0    -8.673617379884035e-17    0.22837316271124128
204    -0.0    -6.201636426617085e-17    0.22837316271124125
205    0.0    4.206704429243757e-17    0.22837316271124114
206    -0.0    -2.7755575615628914e-17    0.22837316271124122
207    0.0    5.724587470723463e-17    0.22837316271124114
208    0.0    3.903127820947816e-18    0.2283731627112412
209    -0.0    -2.862293735361732e-17    0.22837316271124122
210    -0.0    -2.6020852139652106e-17    0.22837316271124122
211    0.0    8.239936510889834e-18    0.2283731627112412
212    -0.0    -1.8214596497756474e-17    0.22837316271124122
213    0.0    4.683753385137379e-17    0.22837316271124114
214    -0.0    -1.46150452851046e-16    0.22837316271124133
215    0.0    9.497611030973019e-17    0.2283731627112411
216    -0.0    -5.898059818321144e-17    0.22837316271124125
217    0.0    5.4643789493269423e-17    0.22837316271124114
218    0.0    4.85722573273506e-17    0.22837316271124114
219    0.0    5.681219383824043e-17    0.22837316271124114
220    0.0    2.5153490401663703e-17    0.22837316271124117
221    -0.0    -9.454242944073599e-17    0.22837316271124128
222    0.0    1.0104764247564901e-16    0.22837316271124108
223    -0.0    -1.0842021724855044e-17    0.2283731627112412
224    0.0    3.859759734048396e-17    0.22837316271124117
225    -0.0    -1.1709383462843448e-17    0.2283731627112412
226    0.0    6.071532165918825e-17    0.22837316271124114
227    0.0    1.0581813203458523e-16    0.22837316271124108
228    0.0    6.591949208711867e-17    0.22837316271124114
229    0.0    8.283304597789254e-17    0.2283731627112411
230    -0.0    -5.811323644522304e-17    0.22837316271124125
231    0.0    1.6132928326584306e-16    0.22837316271124103
232    -0.0    -9.367506770274758e-17    0.22837316271124128
233    0.0    7.546047120499111e-17    0.2283731627112411
234    -0.0    -4.7704895589362195e-17    0.22837316271124125
235    0.0    2.992397996059992e-16    0.2283731627112409
236    0.0    1.407728100755179e-15    0.22837316271123978
237    0.0    1.7275243735515033e-14    0.22837316271122393
238    0.0    2.016867575727055e-13    0.2283731627110395
239    0.0    2.3788887526521307e-12    0.22837316270886232
240    0.0    2.803316259680777e-11    0.22837316268320804
241    0.0    3.303638473894921e-10    0.22837316238087735
242    0.0    3.893254869533069e-09    0.22837315881798634
243    0.0    4.588105802054432e-08    0.2283731168301832
244    0.0    5.406992035304065e-07    0.22837262201203767
245    0.0    6.372228233693378e-06    0.2283667904830075
246    0.0    7.51157180294143e-05    0.22829804699321177
247    0.0    0.0008871691862265135    0.2274859935250147
248    0.0    0.010657709591584616    0.21771545311965657
249    0.800090875841722    0.1600181751683444    0.06835498754289679
