0    4.336477368964513e-09    8.672954737929027e-10    2.0535418058351348e-09
1    6.2555928859851285e-09    1.2511185771970257e-09    1.6697187024310118e-09
2    7.98297196244377e-09    1.5965943924887541e-09    1.3242428871392833e-09
3    9.485698026059312e-09    1.8971396052118626e-09    1.0236976744161749e-09
4    1.0749519743594823e-08    2.1499039487189646e-09    7.709333309090728e-10
5    1.1777382560065162e-08    2.3554765120130323e-09    5.653607676150052e-10
6    1.2586069621585837e-08    2.5172139243171676e-09    4.0362335531086983e-10
7    1.3201801441832017e-08    2.6403602883664035e-09    2.8047699126163394e-10
8    1.3655700881444751e-08    2.7311401762889503e-09    1.896971033390872e-10
9    1.3979807356852673e-08    2.7959614713705345e-09    1.2487580825750292e-10
10    1.4204088754386255e-08    2.840817750877251e-09    8.001952875078654e-11
11    1.4354578491960876e-08    2.8709156983921753e-09    4.99215812358622e-11
12    1.4452543277586286e-08    2.8905086555172572e-09    3.0328624110780235e-11
13    1.4514446956892896e-08    2.9028893913785793e-09    1.7947888249458178e-11
14    1.455244127137137e-08    2.910488254274274e-09    1.0349025353763403e-11
15    1.4575102980741862e-08    2.9150205961483724e-09    5.8166834796650965e-12
16    1.4588246621436868e-08    2.9176493242873735e-09    3.18795534066395e-12
17    1.459566404819126e-08    2.919132809638252e-09    1.7044699897855213e-12
18    1.4599739081111774e-08    2.919947816222355e-09    8.894634056825532e-13
19    1.4601920071077461e-08    2.9203840142154924e-09    4.5326541254506026e-13
20    1.4603057650139164e-08    2.920611530027833e-09    2.257496002045827e-13
21    1.4603636135153773e-08    2.9207272270307545e-09    1.1005259728294252e-13
22    1.4603924205466471e-08    2.920784841093294e-09    5.243853474335446e-14
23    1.460406363751045e-08    2.9208127275020903e-09    2.45521259471997e-14
24    1.4604129828836368e-08    2.9208259657672736e-09    1.131386076389702e-14
25    1.460415983354495e-08    2.92083196670899e-09    5.312919047462684e-15
26    1.4604173775037655e-08    2.920834755007531e-09    2.52462050646988e-15
27    1.4604179673621583e-08    2.9208359347243166e-09    1.3449037208240673e-15
28    1.4604183447779923e-08    2.9208366895559847e-09    5.900720527479482e-16
29    1.4604183430071849e-08    2.9208366860143696e-09    5.936136678996246e-16
30    1.460418443440798e-08    2.9208368868815957e-09    3.9274644175550243e-16
31    1.4604184198393328e-08    2.9208368396786656e-09    4.3994937188912356e-16
32    1.4604184969121113e-08    2.9208369938242227e-09    2.8580381475361363e-16
33    1.460418484183141e-08    2.920836968366282e-09    3.1126175559717237e-16
34    1.4604184828284929e-08    2.9208369656569858e-09    3.139710516903306e-16
35    1.4604183846736719e-08    2.9208367693473436e-09    5.102806938118397e-16
36    1.4604184383737421e-08    2.9208368767474842e-09    4.0288055321314786e-16
37    1.4604183334950772e-08    2.9208366669901543e-09    6.12637883138349e-16
38    1.4604183970314305e-08    2.920836794062861e-09    4.855651765193688e-16
39    1.460418480633165e-08    2.92083696126633e-09    3.1836170735660796e-16
40    1.4604184544703994e-08    2.9208369089407986e-09    3.7068723881077505e-16
41    1.4604184798229607e-08    2.9208369596459213e-09    3.1998211612629117e-16
42    1.4604184237366328e-08    2.9208368474732654e-09    4.321547720492394e-16
43    1.460418412919227e-08    2.920836825838454e-09    4.537895833632516e-16
44    1.4604184653734277e-08    2.9208369307468554e-09    3.488811820848103e-16
45    1.4604184474647014e-08    2.920836894929403e-09    3.846986344854903e-16
46    1.4604184519132705e-08    2.920836903826541e-09    3.758014963604822e-16
47    1.460418451610084e-08    2.920836903220168e-09    3.764078693803203e-16
48    1.4604184519525658e-08    2.9208369039051315e-09    3.757229059304835e-16
49    1.460418481222181e-08    2.920836962444362e-09    3.1718367560569873e-16
50    1.460418430469524e-08    2.9208368609390478e-09    4.186889896696478e-16
51    1.4604184211928815e-08    2.920836842385763e-09    4.372422744420335e-16
52    1.4604185230268344e-08    2.920837046053669e-09    2.335743685994007e-16
53    1.460418534018053e-08    2.920837068036106e-09    2.1159193132424069e-16
54    1.4604184045647375e-08    2.920836809129475e-09    4.704985622536513e-16
55    1.460418489097988e-08    2.920836978195976e-09    3.014320614941975e-16
56    1.4604185280478059e-08    2.9208370560956117e-09    2.23532425741509e-16
57    1.4604184179312025e-08    2.920836835862405e-09    4.437656325108635e-16
58    1.460418423391856e-08    2.920836846783712e-09    4.3284432552429526e-16
59    1.4604184024157233e-08    2.9208368048314464e-09    4.747965910621156e-16
60    1.4604185114263526e-08    2.920837022852705e-09    2.567753322523575e-16
61    1.4604184549460564e-08    2.9208369098921126e-09    3.697359248580574e-16
62    1.4604186398140186e-08    2.9208372796280375e-09    0.0
63    1.4604185166901247e-08    2.9208370333802494e-09    2.4624778805278285e-16
64    1.46041839600234e-08    2.92083679200468e-09    4.876233573933559e-16
65    1.460418395208968e-08    2.920836790417936e-09    4.892101015664694e-16
66    1.4604184530413374e-08    2.9208369060826746e-09    3.73545362894105e-16
67    1.4604184312773591e-08    2.9208368625547185e-09    4.170733189905133e-16
68    1.4604184320155795e-08    2.920836864031159e-09    4.1559687852490313e-16
69    1.460418516671267e-08    2.920837033342534e-09    2.462855033528122e-16
70    1.4604183939985914e-08    2.9208367879971827e-09    4.916308547280926e-16
71    1.4604184793089596e-08    2.9208369586179195e-09    3.210101179935986e-16
72    1.4604184245769138e-08    2.9208368491538276e-09    4.3047420987823074e-16
73    1.4604184662363362e-08    2.9208369324726726e-09    3.4715536486248887e-16
74    1.460418426697993e-08    2.920836853395986e-09    4.262320513298801e-16
75    1.4604184234775759e-08    2.9208368469551517e-09    4.3267288572489874e-16
76    1.460418543758037e-08    2.920837087516074e-09    1.9211196355623734e-16
77    1.4604184090232614e-08    2.9208368180465227e-09    4.615815147184796e-16
78    1.4604184526669792e-08    2.9208369053339586e-09    3.742940788081125e-16
79    1.4604184975146534e-08    2.9208369950293066e-09    2.8459873088795146e-16
80    1.4604184455065607e-08    2.9208368910131213e-09    3.8861491613253893e-16
81    1.4604183770481642e-08    2.9208367540963285e-09    5.255317089699719e-16
82    1.4604184919948717e-08    2.9208369839897434e-09    2.9563829409643213e-16
83    1.4604184504685499e-08    2.9208369009371e-09    3.786909375018034e-16
84    1.4604184377424715e-08    2.9208368754849428e-09    4.041430946985192e-16
85    1.4604183878468956e-08    2.920836775693791e-09    5.039342465149777e-16
86    1.4604183859614311e-08    2.9208367719228623e-09    5.077051751576079e-16
87    1.4604184902968854e-08    2.9208369805937707e-09    2.990342667304757e-16
88    1.4604183689123085e-08    2.920836737824617e-09    5.418034203362413e-16
89    1.4604184272645498e-08    2.9208368545290995e-09    4.2509893796777434e-16
90    1.460418494833495e-08    2.92083698966699e-09    2.8996104749565406e-16
91    1.4604184676035913e-08    2.920836935207183e-09    3.444208546498988e-16
92    1.4604184716402122e-08    2.9208369432804242e-09    3.363476132304119e-16
93    1.4604185002691473e-08    2.9208370005382947e-09    2.79089742749934e-16
94    1.4604183634983614e-08    2.920836726996723e-09    5.526313146434146e-16
95    1.460418218586777e-08    2.920836437173554e-09    8.424544835386652e-16
96    1.460418024944892e-08    2.920836049889784e-09    1.229738253480189e-15
97    1.4604173532395758e-08    2.9208347064791515e-09    2.573148886001638e-15
98    1.4604159999048177e-08    2.9208319998096355e-09    5.279818401955124e-15
99    1.4604129901981302e-08    2.9208259803962605e-09    1.1299231776979e-14
100    1.4604064035038494e-08    2.920812807007699e-09    2.4472620338633378e-14
101    1.4603924612023835e-08    2.920784922404767e-09    5.235722327047076e-14
102    1.4603637253778735e-08    2.920727450755747e-09    1.0982887229038159e-13
103    1.4603057157585712e-08    2.9206114315171426e-09    2.25848110894873e-13
104    1.4601920660105559e-08    2.920384132021112e-09    4.5314760692565063e-13
105    1.4599738972132846e-08    2.9199477944265693e-09    8.894852014681775e-13
106    1.4595664284968405e-08    2.919132856993681e-09    1.70442263435637e-12
107    1.4588245827250165e-08    2.917649165450033e-09    3.188114178004409e-12
108    1.4575102994848641e-08    2.9150205989697283e-09    5.816680658309191e-12
109    1.455244077091824e-08    2.910488154183648e-09    1.0349125444389343e-11
110    1.4514447732287446e-08    2.902889546457489e-09    1.794773317054849e-11
111    1.4452543690874324e-08    2.890508738174865e-09    3.032854145317265e-11
112    1.4354579824188303e-08    2.870915964837661e-09    4.992131479037665e-11
113    1.4204088456727895e-08    2.8408176913455792e-09    8.001958828245824e-11
114    1.3979807031102876e-08    2.795961406220575e-09    1.2487587340746227e-10
115    1.3655700751591965e-08    2.731140150318393e-09    1.8969712930964428e-10
116    1.3201801651509696e-08    2.6403603303019393e-09    2.8047694932609813e-10
117    1.2586068915508417e-08    2.5172137831016834e-09    4.0362349652635405e-10
118    1.1777383436097523e-08    2.3554766872195045e-09    5.65360592408533e-10
119    1.0749518824555289e-08    2.1499037649110577e-09    7.709335147169797e-10
120    9.48569820133237e-09    1.897139640266474e-09    1.0236976393615633e-09
121    7.982972383226394e-09    1.5965944766452787e-09    1.3242428029827587e-09
122    6.255595772281621e-09    1.2511191544563241e-09    1.6697181251717133e-09
123    4.336476862101367e-09    8.672953724202733e-10    2.053541907207764e-09
124    2.2760059160033316e-09    4.552011832006663e-10    2.465636096427371e-09
125    0.0    2.2731002843889847e-11    2.8981062767841476e-09
126    0.0    1.384843172498316e-12    2.9194524364555393e-09
127    0.0    8.561095576339164e-14    2.9207516686722743e-09
128    0.0    5.333440502416726e-15    2.920831946187535e-09
129    0.0    3.92431317374983e-16    2.92083688719672e-09
130    0.0    4.451896748069812e-17    2.92083723510907e-09
131    -0.0    -1.688889005324453e-17    2.9208372965169273e-09
132    -0.0    -1.0276114587378169e-17    2.920837289904152e-09
133    0.0    2.7438859119225476e-17    2.9208372521891785e-09
134    -0.0    -5.1146423954871226e-18    2.9208372847426796e-09
135    -0.0    -1.40336716486113e-17    2.920837293661709e-09
136    -0.0    -1.5245207316256227e-17    2.920837294873245e-09
137    0.0    2.5202423304775043e-17    2.9208372544256144e-09
138    -0.0    -3.551320978791383e-17    2.920837315141247e-09
139    0.0    2.3220222071978243e-17    2.9208372564078154e-09
140    0.0    4.4295038315146595e-17    2.920837235332999e-09
141    0.0    2.732096230728921e-17    2.920837252307075e-09
142    -0.0    -7.005265883641748e-17    2.9208373496806963e-09
143    0.0    1.6100633251595796e-17    2.9208372635274044e-09
144    -0.0    -3.1201285172339247e-17    2.9208373108293224e-09
145    0.0    3.3439432837067358e-18    2.920837276284094e-09
146    -0.0    -1.5562375660069272e-17    2.9208372951904133e-09
147    0.0    1.255631632124363e-17    2.920837267071721e-09
148    0.0    2.1623607566205433e-17    2.92083725800443e-09
149    0.0    4.6470235880898195e-17    2.9208372331578016e-09
150    0.0    5.9353348101104374e-18    2.9208372736927026e-09
151    -0.0    -3.322695464292813e-17    2.920837312854992e-09
152    -0.0    -9.908047752523205e-18    2.9208372895360854e-09
153    -0.0    -9.994330548628305e-18    2.920837289622368e-09
154    0.0    1.7982274447517255e-17    2.920837261645763e-09
155    -0.0    -1.9019895081180178e-17    2.9208372986479323e-09
156    0.0    3.8163916471489756e-17    2.920837241464121e-09
157    -0.0    -3.1049295904661456e-17    2.9208373106773334e-09
158    0.0    5.714767513363479e-18    2.92083727391327e-09
159    -0.0    -2.892344214399048e-17    2.9208373085514796e-09
160    -0.0    -5.7702899440295695e-19    2.9208372802050662e-09
161    0.0    2.1920611314635967e-17    2.920837257707426e-09
162    0.0    8.9025536764785e-18    2.9208372707254838e-09
163    0.0    9.013116188115985e-18    2.920837270614921e-09
164    -0.0    -5.696435640025655e-18    2.920837285324473e-09
165    0.0    3.6060777193837064e-17    2.9208372435672604e-09
166    -0.0    -3.133168998911308e-17    2.9208373109597274e-09
167    0.0    4.865410188587905e-19    2.9208372791414964e-09
168    -0.0    -1.8634365739811183e-17    2.9208372982624033e-09
169    0.0    1.0671581676626376e-17    2.920837268956456e-09
170    -0.0    -4.1119746198196305e-17    2.9208373207477838e-09
171    0.0    5.618332316010209e-17    2.9208372234447143e-09
172    0.0    3.506251029820181e-17    2.920837244565527e-09
173    0.0    1.6306814119731656e-17    2.9208372633212234e-09
174    0.0    2.06827874335338e-17    2.92083725894525e-09
175    0.0    4.15084452956726e-18    2.920837275477193e-09
176    -0.0    -4.832641862891438e-17    2.920837327954456e-09
177    0.0    3.9494298347619005e-17    2.920837240133739e-09
178    -0.0    -2.6234972390704827e-17    2.92083730586301e-09
179    0.0    1.8800372099956567e-17    2.9208372608276656e-09
180    0.0    1.4878354885938067e-17    2.9208372647496825e-09
181    -0.0    -1.3550972263312359e-17    2.9208372931790095e-09
182    0.0    1.4499436682217326e-17    2.9208372651286007e-09
183    -0.0    -7.334928749248376e-18    2.9208372869629664e-09
184    -0.0    -3.449129317818023e-17    2.9208373141193307e-09
185    0.0    4.088381919145e-17    2.9208372387442184e-09
186    0.0    3.285484630699781e-17    2.920837246773191e-09
187    0.0    5.204170427930421e-18    2.920837274423867e-09
188    0.0    1.471397993275579e-17    2.9208372649140577e-09
189    -0.0    -8.244465841731444e-18    2.920837287872503e-09
190    -0.0    -3.832275500143464e-17    2.9208373179507925e-09
191    0.0    4.353501101645519e-17    2.9208372360930263e-09
192    0.0    2.247380447930275e-18    2.9208372773806572e-09
193    -0.0    -9.511332551128232e-18    2.92083728913937e-09
194    -0.0    -3.6323900554955615e-17    2.920837315951938e-09
195    -0.0    -4.053302161303846e-17    2.920837320161059e-09
196    -0.0    -1.057827311859098e-18    2.920837280685865e-09
197    0.0    5.612010939730533e-17    2.9208372235079283e-09
198    -0.0    -9.659749866805381e-17    2.920837376225536e-09
199    0.0    2.603166411404121e-17    2.9208372535963732e-09
200    -0.0    -1.5388692753646666e-17    2.92083729501673e-09
201    0.0    3.02967905728703e-17    2.9208372493312468e-09
202    0.0    8.112785822645786e-19    2.920837278816759e-09
203    0.0    4.9561827969808505e-17    2.9208372300662095e-09
204    -0.0    -4.0080540376287e-17    2.9208373197085777e-09
205    -0.0    -2.6774776603181672e-18    2.9208372823055152e-09
206    -0.0    -2.2171733525837292e-17    2.920837301799771e-09
207    -0.0    -2.4286824425968033e-17    2.9208373039148618e-09
208    -0.0    -2.017760579617355e-17    2.920837299805643e-09
209    0.0    2.1490316612876827e-17    2.920837258137721e-09
210    0.0    3.003702752959267e-17    2.92083724959101e-09
211    0.0    1.0859673759126926e-18    2.92083727854207e-09
212    -0.0    -2.1873512374340233e-17    2.92083730150155e-09
213    -0.0    -7.763478410107758e-18    2.920837287391516e-09
214    -0.0    -2.411079491154519e-17    2.9208373037388324e-09
215    0.0    1.2399521857989942e-17    2.9208372672285157e-09
216    0.0    1.6015540044609124e-17    2.9208372636124973e-09
217    -0.0    -2.2215122457688148e-17    2.92083730184316e-09
218    0.0    1.734723475976807e-17    2.9208372622808027e-09
219    -0.0    -2.5134970654929253e-18    2.9208372821415345e-09
220    0.0    3.467239837623927e-17    2.920837244955639e-09
221    -0.0    -1.954444018949968e-17    2.9208372991724777e-09
222    -0.0    -3.2087866245065167e-17    2.9208373117159037e-09
223    0.0    5.137761152690033e-17    2.920837228250426e-09
224    -0.0    -2.2552221511565505e-17    2.920837302180259e-09
225    0.0    8.785439274004134e-18    2.920837270842598e-09
226    -0.0    -5.574014873921762e-17    2.920837335368186e-09
227    -0.0    -1.6875150479872446e-17    2.920837296503188e-09
228    -0.0    -3.246989340711819e-18    2.9208372828750266e-09
229    -0.0    -6.344014765475683e-18    2.920837285972052e-09
230    0.0    1.33332384737537e-17    2.920837266294799e-09
231    -0.0    -4.876017332377825e-18    2.9208372845040546e-09
232    -0.0    -2.459626100919797e-18    2.9208372820876636e-09
233    0.0    3.062137138555001e-17    2.920837249006666e-09
234    -0.0    -1.853520467214682e-17    2.920837298163242e-09
235    0.0    5.9690591704793775e-18    2.920837273658978e-09
236    0.0    5.942786259863468e-18    2.920837273685251e-09
237    0.0    5.895044331398082e-17    2.920837220677594e-09
238    0.0    5.087475923014503e-18    2.9208372745405615e-09
239    0.0    1.8712342298397755e-17    2.920837260915695e-09
240    -0.0    -2.7187190038241676e-17    2.9208373068152275e-09
241    0.0    6.8784023925063786e-18    2.9208372727496353e-09
242    -0.0    -5.2346054632345136e-17    2.920837331974092e-09
243    0.0    1.3705259231936668e-17    2.920837265922778e-09
244    0.0    3.320324063621667e-16    2.920836947595631e-09
245    0.0    5.245822077008486e-15    2.9208320338059604e-09
246    0.0    8.556542077927033e-14    2.9207517142072584e-09
247    0.0    1.3848304757126647e-12    2.919452449152325e-09
248    0.0    2.2730988370404612e-11    2.898106291257633e-09
249    2.2760064406074365e-09    4.552012881214873e-10    2.46563599150655e-09
