0    7.946326977080386e-09    1.5892653954160773e-09    1.2120642646375095e-09
1    1.0563367177316346e-08    2.112673435463269e-09    6.886562245903177e-10
2    1.223784946765924e-08    2.447569893531848e-09    3.5375976652173886e-10
3    1.3181365452499247e-08    2.6362730904998495e-09    1.6505656955373737e-10
4    1.3654896432615142e-08    2.730979286523028e-09    7.035037353055871e-11
5    1.3868852989742857e-08    2.7737705979485716e-09    2.7559062105015226e-11
6    1.3956734776732768e-08    2.7913469553465536e-09    9.98270470703326e-12
7    1.3989834426423989e-08    2.7979668852847975e-09    3.3627747687893003e-12
8    1.400135274888818e-08    2.800270549777636e-09    1.0591102759507198e-12
9    1.4005081900778317e-08    2.8010163801556633e-09    3.1327989792353755e-13
10    1.4006211053618199e-08    2.8012422107236398e-09    8.744932994706029e-14
11    1.4006533940429512e-08    2.8013067880859025e-09    2.2871967684348233e-14
12    1.4006620518291894e-08    2.8013241036583788e-09    5.55639520805443e-15
13    1.4006641672065261e-08    2.801328334413052e-09    1.3256405347607376e-15
14    1.4006647261017457e-08    2.8013294522034914e-09    2.0785009545093458e-16
15    1.4006648532671854e-08    2.801329706534371e-09    4.648078408806947e-17
16    1.4006648426979225e-08    2.801329685395845e-09    2.534225798053198e-17
17    1.4006649159884111e-08    2.801329831976822e-09    1.7192323517935468e-16
18    1.400664865969076e-08    2.801329731938152e-09    7.188456528102131e-17
19    1.4006648710515381e-08    2.801329742103076e-09    8.204948921648433e-17
20    1.4006648703971274e-08    2.8013297407942547e-09    8.074066780302128e-17
21    1.40066485892751e-08    2.80132971785502e-09    5.780143319486301e-17
22    1.4006649172445517e-08    2.8013298344891035e-09    1.7443551670293745e-16
23    1.4006648552398975e-08    2.801329710479795e-09    5.042620813527896e-17
24    1.4006649303648469e-08    2.8013298607296937e-09    2.0067610689077244e-16
25    1.4006649173211061e-08    2.801329834642212e-09    1.7458862535277918e-16
26    1.4006649137402804e-08    2.801329827480561e-09    1.6742697419145326e-16
27    1.4006649104358752e-08    2.8013298208717502e-09    1.6081816340226287e-16
28    1.4006649312671821e-08    2.8013298625343644e-09    2.0248077758652734e-16
29    1.4006648577981145e-08    2.801329715596229e-09    5.554264199717772e-17
30    1.4006648305756508e-08    2.801329661151302e-09    1.0977149949721707e-18
31    1.4006648211456145e-08    2.801329642291229e-09    1.7762357831719646e-17
32    1.4006648945758975e-08    2.801329789151795e-09    1.290982080685072e-16
33    1.4006649009483389e-08    2.801329801896678e-09    1.4184309096373026e-16
34    1.4006648933106706e-08    2.801329786621341e-09    1.2656775421404724e-16
35    1.4006648664641552e-08    2.8013297329283105e-09    7.287472363530443e-17
36    1.4006648592464714e-08    2.8013297184929426e-09    5.843935571044452e-17
37    1.4006648337548087e-08    2.8013296675096175e-09    7.45603067926313e-18
38    1.4006649223106281e-08    2.8013298446212562e-09    1.8456766939689235e-16
39    1.4006648342237048e-08    2.8013296684474096e-09    8.393822710507361e-18
40    1.4006649620625929e-08    2.8013299241251856e-09    2.640715987865703e-16
41    1.4006648084490687e-08    2.8013296168981375e-09    4.315544936961546e-17
42    1.4006649167635263e-08    2.8013298335270528e-09    1.7347346594586888e-16
43    1.4006648645383109e-08    2.8013297290766217e-09    6.902303486792884e-17
44    1.4006649068603407e-08    2.8013298137206812e-09    1.5366709436251334e-16
45    1.400664915552369e-08    2.801329831104738e-09    1.710511510672492e-16
46    1.4006648538859843e-08    2.8013297077719688e-09    4.771838194206926e-17
47    1.4006648735627625e-08    2.801329747125525e-09    8.70719379900042e-17
48    1.4006648892346918e-08    2.8013297784693835e-09    1.1841579663310855e-16
49    1.4006648426064353e-08    2.801329685212871e-09    2.5159283974674024e-17
50    1.4006649132451819e-08    2.801329826490364e-09    1.6643677695968135e-16
51    1.4006648981028723e-08    2.8013297962057447e-09    1.3615215783253688e-16
52    1.4006649660941847e-08    2.8013299321883694e-09    2.721347825169892e-16
53    1.4006649014600348e-08    2.80132980292007e-09    1.4286648295348392e-16
54    1.4006648613788884e-08    2.8013297227577766e-09    6.270418976092707e-17
55    1.4006648787875607e-08    2.8013297575751213e-09    9.752153447891613e-17
56    1.4006648176974952e-08    2.8013296353949903e-09    2.4658596512979352e-17
57    1.4006648981589089e-08    2.8013297963178177e-09    1.3626423087937046e-16
58    1.4006648539438519e-08    2.8013297078877038e-09    4.7834116917474617e-17
59    1.4006648292784675e-08    2.801329658556935e-09    1.4966517966973076e-18
60    1.40066492145757e-08    2.80132984291514e-09    1.8286155313522008e-16
61    1.4006648406133519e-08    2.801329681226704e-09    2.1173117146393235e-17
62    1.4006648300267933e-08    2.801329660053587e-09    0.0
63    1.4006649488629587e-08    2.8013298977259174e-09    2.3767233054182926e-16
64    1.400664902035823e-08    2.801329804071646e-09    1.4401805898686187e-16
65    1.4006648755440553e-08    2.8013297510881104e-09    9.103452355338233e-17
66    1.4006649208392938e-08    2.8013298416785877e-09    1.8162500083751456e-16
67    1.4006648032952885e-08    2.801329606590577e-09    5.346300984836529e-17
68    1.4006648542320611e-08    2.801329708464122e-09    4.8410535245790356e-17
69    1.4006648504554198e-08    2.8013297009108398e-09    4.0857252941909367e-17
70    1.4006649150444673e-08    2.8013298300889345e-09    1.700353476324351e-16
71    1.4006648387116146e-08    2.801329677423229e-09    1.736964225538152e-17
72    1.4006648816451297e-08    2.8013297632902594e-09    1.0323667256919403e-16
73    1.40066485682411e-08    2.80132971364822e-09    5.3594633308976566e-17
74    1.400664995918434e-08    2.801329991836868e-09    3.3178328106836166e-16
75    1.4006648824197102e-08    2.8013297648394206e-09    1.047858337911762e-16
76    1.4006649219657671e-08    2.801329843931534e-09    1.8387794717699155e-16
77    1.4006648239224788e-08    2.8013296478449577e-09    1.220862914873044e-17
78    1.4006648801672797e-08    2.8013297603345595e-09    1.0028097260644608e-16
79    1.4006648451628876e-08    2.801329690325775e-09    3.027218825689902e-17
80    1.4006648956611993e-08    2.8013297913223987e-09    1.3126881188672699e-16
81    1.4006648788328907e-08    2.801329757665781e-09    9.761219430123255e-17
82    1.4006648737144967e-08    2.8013297474289934e-09    8.737540656851215e-17
83    1.4006648613053262e-08    2.8013297226106526e-09    6.255706576281717e-17
84    1.4006648769402534e-08    2.8013297538805067e-09    9.382691986523884e-17
85    1.4006648141457868e-08    2.8013296282915735e-09    3.176201333200093e-17
86    1.400664901338824e-08    2.801329802677648e-09    1.42624061131363e-16
87    1.4006648849125279e-08    2.8013297698250557e-09    1.097714688915344e-16
88    1.4006649054165163e-08    2.8013298108330326e-09    1.507794457215795e-16
89    1.4006648762307992e-08    2.8013297524615983e-09    9.240801146559294e-17
90    1.4006648958984076e-08    2.801329791796815e-09    1.3174322809216698e-16
91    1.400664866363482e-08    2.801329732726964e-09    7.267337712086106e-17
92    1.400664881236436e-08    2.801329762472872e-09    1.0241928494791302e-16
93    1.4006648559569898e-08    2.8013297119139798e-09    5.186039290647749e-17
94    1.4006648842316424e-08    2.801329768463285e-09    1.0840969799270061e-16
95    1.4006649026679142e-08    2.8013298053358284e-09    1.452822415985685e-16
96    1.4006648422739382e-08    2.8013296845478763e-09    2.449428949200488e-17
97    1.4006648751431364e-08    2.801329750286273e-09    9.02326861004367e-17
98    1.4006649273565925e-08    2.801329854713185e-09    1.9465959795202003e-16
99    1.4006648482184217e-08    2.801329696436843e-09    3.638325634737543e-17
100    1.4006648819407525e-08    2.801329763881505e-09    1.0382791810998978e-16
101    1.4006649010431346e-08    2.8013298020862693e-09    1.4203268241448863e-16
102    1.4006649032759366e-08    2.8013298065518733e-09    1.464982864345276e-16
103    1.4006647957822422e-08    2.8013295915644847e-09    6.848910219023505e-17
104    1.4006649002928562e-08    2.8013298005857123e-09    1.4053212549811946e-16
105    1.400664853871251e-08    2.801329707742502e-09    4.7688915287108283e-17
106    1.4006648899178614e-08    2.801329779835723e-09    1.1978213605046548e-16
107    1.4006648904829648e-08    2.8013297809659295e-09    1.2091234269989873e-16
108    1.4006647825944041e-08    2.8013295651888084e-09    9.486477841672545e-17
109    1.4006646361259943e-08    2.8013292722519886e-09    3.878015982398717e-16
110    1.400664187678709e-08    2.801328375357418e-09    1.2846961689469784e-15
111    1.4006619389903909e-08    2.8013238779807817e-09    5.7820728051190454e-15
112    1.400653357230566e-08    2.801306714461132e-09    2.294559245483115e-14
113    1.4006211046258528e-08    2.801242209251706e-09    8.745080188104593e-14
114    1.400508246888489e-08    2.801016493776978e-09    3.1316627660883705e-13
115    1.4001352957659103e-08    2.800270591531821e-09    1.0590685217659874e-12
116    1.3989834400601738e-08    2.7979668801203475e-09    3.3627799332393424e-12
117    1.3956734656912405e-08    2.791346931382481e-09    9.98272867110577e-12
118    1.3868852590162138e-08    2.7737705180324275e-09    2.755914202115932e-11
119    1.3654896233610643e-08    2.7309792467221287e-09    7.035041333145817e-11
120    1.3181365283868677e-08    2.6362730567737355e-09    1.6505660327985136e-10
121    1.2237849179864179e-08    2.4475698359728358e-09    3.5375982408075105e-10
122    1.056336660189946e-08    2.112673320379892e-09    6.886563396736948e-10
123    7.946326839913932e-09    1.5892653679827862e-09    1.2120642920708007e-09
124    4.384342637103121e-09    8.768685274206242e-10    1.9244611326329627e-09
125    0.0    3.3333765682739625e-11    2.7679958943708472e-09
126    0.0    1.5410911664335133e-12    2.7997885688871533e-09
127    0.0    7.229513595537271e-14    2.8012573649176315e-09
128    0.0    3.4149966433143434e-15    2.8013262450569435e-09
129    0.0    1.9583652996630487e-16    2.801329464217057e-09
130    0.0    4.8782645753069786e-18    2.8013296551753223e-09
131    0.0    6.463979115353024e-17    2.8013295954137957e-09
132    -0.0    -3.976557222950577e-17    2.801329699819159e-09
133    0.0    1.7321705898113153e-17    2.801329642731881e-09
134    -0.0    -7.358529742408647e-17    2.8013297336388843e-09
135    0.0    4.026409992262107e-18    2.801329656027177e-09
136    -0.0    -5.709635188534832e-17    2.8013297171499387e-09
137    0.0    3.1202292057939877e-17    2.8013296288512948e-09
138    -0.0    -2.8554274745330515e-20    2.801329660082141e-09
139    0.0    1.9286260059721747e-17    2.8013296407673266e-09
140    -0.0    -4.117080030259096e-17    2.801329701224387e-09
141    0.0    6.046074441796587e-17    2.8013295995928424e-09
142    -0.0    -6.987464088319964e-18    2.801329667041051e-09
143    0.0    1.8013777931339066e-17    2.801329642039809e-09
144    -0.0    -2.517050219814147e-18    2.801329662570637e-09
145    0.0    5.4627228303430346e-17    2.8013296054263583e-09
146    -0.0    -6.031637162257331e-17    2.8013297203699585e-09
147    0.0    6.784101693364771e-17    2.80132959221257e-09
148    -0.0    -2.970968434725734e-17    2.801329689763271e-09
149    0.0    5.377976253392053e-17    2.8013296062738243e-09
150    0.0    1.7741853471900528e-17    2.801329642311733e-09
151    -0.0    -2.6982897933637005e-17    2.8013296870364848e-09
152    -0.0    -3.205600448864054e-17    2.8013296921095913e-09
153    -0.0    -3.3395719236826074e-17    2.801329693449306e-09
154    -0.0    -5.483195881375967e-17    2.801329714885546e-09
155    0.0    8.060237168320369e-17    2.8013295794512154e-09
156    -0.0    -9.813384913709422e-17    2.801329758187436e-09
157    0.0    9.701395898086315e-17    2.8013295630396278e-09
158    -0.0    -7.170298807302522e-17    2.801329731756575e-09
159    0.0    6.460617556741185e-18    2.801329653592969e-09
160    -0.0    -2.8286869173578354e-17    2.801329688340456e-09
161    0.0    5.944309616359061e-17    2.8013296006104905e-09
162    0.0    1.7861645768210457e-17    2.801329642191941e-09
163    -0.0    -4.0777604341112095e-18    2.8013296641313474e-09
164    0.0    8.839920180881443e-18    2.8013296512136665e-09
165    0.0    2.1139652003748754e-17    2.801329638913935e-09
166    -0.0    -1.0904526387071695e-17    2.8013296709581132e-09
167    -0.0    -2.994516002358192e-17    2.8013296899987468e-09
168    -0.0    -8.419782202389174e-17    2.801329744251409e-09
169    0.0    1.2422538572124536e-17    2.8013296476310484e-09
170    0.0    2.7518746258231892e-17    2.8013296325348405e-09
171    0.0    2.17749495650539e-17    2.801329638278637e-09
172    -0.0    -8.089216965452312e-18    2.8013296681428036e-09
173    0.0    9.980764052459642e-17    2.8013295602459464e-09
174    -0.0    -4.41762599354725e-17    2.8013297042298466e-09
175    0.0    1.48562016449654e-17    2.801329645197385e-09
176    -0.0    -5.345366973847865e-17    2.8013297135072566e-09
177    0.0    2.2568079287691183e-18    2.801329657796779e-09
178    0.0    4.155174044592151e-17    2.8013296185018463e-09
179    -0.0    -1.6997079176909447e-17    2.801329677050666e-09
180    -0.0    -4.567031769376884e-18    2.8013296646206185e-09
181    0.0    4.567671355766268e-17    2.801329614376873e-09
182    -0.0    -7.577685393401738e-17    2.8013297358304406e-09
183    -0.0    -1.3877155014645854e-17    2.801329673930742e-09
184    -0.0    -8.839787314995552e-18    2.801329668893374e-09
185    0.0    4.1502732062579276e-17    2.8013296185508547e-09
186    -0.0    -5.275147084320598e-17    2.8013297128050576e-09
187    -0.0    -2.9010878443459787e-19    2.8013296603436956e-09
188    0.0    1.6262875009375875e-17    2.801329643790712e-09
189    0.0    6.520789052642553e-18    2.801329653532798e-09
190    0.0    5.387227255247208e-18    2.8013296546663597e-09
191    0.0    6.836588981228494e-17    2.801329591687697e-09
192    0.0    1.7491377909143066e-17    2.801329642562209e-09
193    0.0    4.9467047960860954e-17    2.801329610586539e-09
194    -0.0    -7.046116363628802e-17    2.8013297305147505e-09
195    -0.0    -2.7457385896995132e-17    2.801329687510973e-09
196    -0.0    -2.6955574296848e-17    2.8013296870091614e-09
197    0.0    5.282215228917529e-18    2.8013296547713715e-09
198    -0.0    -3.7390848256851146e-17    2.8013296974444352e-09
199    0.0    4.9286978392928826e-17    2.8013296107666082e-09
200    -0.0    -5.5211789190900905e-18    2.801329665574766e-09
201    -0.0    -2.9137617092361207e-17    2.801329689191204e-09
202    0.0    2.8988769973637776e-18    2.80132965715471e-09
203    0.0    2.752850781664063e-17    2.801329632525079e-09
204    -0.0    -6.015381222743801e-17    2.8013297202073993e-09
205    -0.0    -1.0158272989747793e-17    2.80132967021186e-09
206    0.0    5.8204980494527366e-18    2.8013296542330887e-09
207    -0.0    -6.696128315863493e-17    2.80132972701487e-09
208    0.0    1.1800919579621296e-17    2.801329648252667e-09
209    0.0    2.115634337113673e-17    2.8013296388972433e-09
210    -0.0    -4.663403377220564e-18    2.8013296647169904e-09
211    0.0    4.283259147075412e-17    2.801329617220995e-09
212    -0.0    -2.3129279870880208e-17    2.8013296831828666e-09
213    0.0    3.1378842489353474e-17    2.8013296286747443e-09
214    -0.0    -1.5853422363920928e-17    2.801329675907009e-09
215    0.0    3.011817984134599e-17    2.8013296299354072e-09
216    -0.0    -4.768433363709293e-17    2.8013297077379204e-09
217    -0.0    -6.99832662412401e-18    2.8013296670519137e-09
218    -0.0    -3.5096810169481935e-17    2.801329695150397e-09
219    0.0    2.943670399176688e-17    2.801329630616883e-09
220    -0.0    -1.3362481169563828e-17    2.801329673416068e-09
221    0.0    4.61472127527095e-17    2.801329613906374e-09
222    0.0    8.773974447316572e-18    2.8013296512796126e-09
223    -0.0    -5.2175160772152906e-17    2.8013297122287476e-09
224    -0.0    -1.9680031945702103e-17    2.801329679733619e-09
225    0.0    6.2886488787405184e-18    2.801329653764938e-09
226    -0.0    -1.985094793297572e-17    2.8013296799045348e-09
227    -0.0    -2.0907853352042127e-17    2.8013296809614404e-09
228    0.0    4.0996082800017204e-17    2.801329619057504e-09
229    0.0    3.143360960072273e-17    2.8013296286199775e-09
230    0.0    1.2937009861354062e-17    2.801329647116577e-09
231    -0.0    -9.230970849441653e-18    2.8013296692845577e-09
232    -0.0    -2.4625819067616632e-17    2.801329684679406e-09
233    0.0    6.026391679120887e-18    2.801329654027195e-09
234    -0.0    -1.0477925356940335e-17    2.801329670531512e-09
235    -0.0    -2.263121364114914e-17    2.8013296826848005e-09
236    0.0    1.7254837237779826e-17    2.80132964279875e-09
237    -0.0    -1.7839356559424604e-17    2.8013296778929436e-09
238    -0.0    -2.5936626541730426e-17    2.8013296859902134e-09
239    -0.0    -4.630830555661874e-17    2.801329706361892e-09
240    -0.0    -1.6742348597081013e-17    2.8013296767959354e-09
241    0.0    5.640591146588067e-17    2.801329603647675e-09
242    -0.0    -2.1020394376307263e-17    2.8013296810739812e-09
243    0.0    6.878655282299151e-17    2.801329591267034e-09
244    0.0    1.7232431065655357e-16    2.801329487729276e-09
245    0.0    3.4076140687550168e-15    2.801326252439518e-09
246    0.0    7.234995949452181e-14    2.8012573100940923e-09
247    0.0    1.5410959561016684e-12    2.799788564097485e-09
248    0.0    3.333367723429038e-11    2.7679959828192965e-09
249    4.384344241546134e-09    8.768688483092268e-10    1.92446081174436e-09
