0    8.594182039687847e-09    1.7188364079375692e-09    6.140204071824403e-10
1    1.046753424055022e-08    2.093506848110044e-09    2.393499670099655e-10
2    1.12666379849536e-08    2.25332759699072e-09    7.952921812928955e-11
3    1.154925141887094e-08    2.309850283774188e-09    2.300653134582157e-11
4    1.1634782417633259e-08    2.326956483526652e-09    5.90033159335766e-12
5    1.1657474674430716e-08    2.331494934886143e-09    1.3618802338664823e-12
6    1.1662852245093886e-08    2.3325704490187773e-09    2.8636610123221385e-13
7    1.1664006615750458e-08    2.3328013231500917e-09    5.5491969917877167e-14
8    1.1664234522220318e-08    2.3328469044440635e-09    9.910675946038844e-15
9    1.1664275731905466e-08    2.3328551463810934e-09    1.6687389162083438e-15
10    1.1664283226747274e-08    2.332856645349455e-09    1.697705547106477e-16
11    1.1664283477999534e-08    2.332856695599907e-09    1.1952010260320154e-16
12    1.1664284275774212e-08    2.3328568551548423e-09    4.003483275378158e-17
13    1.166428438872e-08    2.332856877744e-09    6.2623990464637e-17
14    1.1664283849185639e-08    2.3328567698371278e-09    4.528288180448549e-17
15    1.1664283844289325e-08    2.332856768857865e-09    4.626214453574007e-17
16    1.166428401719885e-08    2.33285680343977e-09    1.1680239408321367e-17
17    1.1664283965801715e-08    2.332856793160343e-09    2.1959666647257658e-17
18    1.1664284511890163e-08    2.3328569023780326e-09    8.725802302214597e-17
19    1.1664283918877508e-08    2.3328567837755016e-09    3.13445079798852e-17
20    1.1664284212676651e-08    2.3328568425353302e-09    2.7415320660919513e-17
21    1.1664283952393162e-08    2.3328567904786325e-09    2.4641377094167836e-17
22    1.1664283877279632e-08    2.3328567754559266e-09    3.96640829586098e-17
23    1.1664284369426087e-08    2.3328568738852174e-09    5.876520779632815e-17
24    1.1664284001624785e-08    2.332856800324957e-09    1.4795052524977572e-17
25    1.16642842259891e-08    2.3328568451978203e-09    3.007781073911641e-17
26    1.166428423873825e-08    2.33285684774765e-09    3.262764047224481e-17
27    1.1664284014764028e-08    2.3328568029528056e-09    1.2167203943653785e-17
28    1.166428410223143e-08    2.332856820446286e-09    5.3262763484136616e-18
29    1.1664283746108123e-08    2.3328567492216246e-09    6.589838491942815e-17
30    1.166428454646628e-08    2.332856909293256e-09    9.417324632564438e-17
31    1.1664283360820496e-08    2.3328566721640993e-09    1.4295591027668764e-16
32    1.1664284838341015e-08    2.332856967668203e-09    1.5254819361769246e-16
33    1.1664283561553471e-08    2.332856712310694e-09    1.028093154959828e-16
34    1.1664284434240945e-08    2.332856886848189e-09    7.172817934159264e-17
35    1.16642836824309e-08    2.33285673648618e-09    7.863382968386198e-17
36    1.1664284204754362e-08    2.3328568409508724e-09    2.583086281501909e-17
37    1.166428413420914e-08    2.332856826841828e-09    1.1721818468991958e-17
38    1.1664284902742925e-08    2.332856980548585e-09    1.654285753146966e-16
39    1.1664283349879756e-08    2.332856669975951e-09    1.4514405859569968e-16
40    1.1664284142458397e-08    2.3328568284916795e-09    1.3371669905398374e-17
41    1.1664284039846672e-08    2.3328568079693343e-09    7.150675301777955e-18
42    1.1664284036571027e-08    2.3328568073142056e-09    7.805804001281178e-18
43    1.166428408183763e-08    2.332856816367526e-09    1.2475165767249115e-18
44    1.166428440851189e-08    2.3328568817023777e-09    6.658236816023906e-17
45    1.1664283790210594e-08    2.3328567580421187e-09    5.707789086843737e-17
46    1.1664283993184395e-08    2.332856798636879e-09    1.64831304590319e-17
47    1.1664284173088796e-08    2.3328568346177592e-09    1.9497749669631395e-17
48    1.1664283926870248e-08    2.3328567853740496e-09    2.974595993943055e-17
49    1.166428424933491e-08    2.332856849866982e-09    3.474697232737611e-17
50    1.1664284137989504e-08    2.332856827597901e-09    1.2477891327367477e-17
51    1.1664283875676801e-08    2.33285677513536e-09    3.9984649360379214e-17
52    1.1664284502747046e-08    2.3328569005494092e-09    8.542939965739337e-17
53    1.1664283887288241e-08    2.3328567774576483e-09    3.7662361297332516e-17
54    1.166428433732822e-08    2.332856867465644e-09    5.234563442459396e-17
55    1.166428461779533e-08    2.332856923559066e-09    1.0843905628700134e-16
56    1.1664284177130781e-08    2.3328568354261562e-09    2.030614666483457e-17
57    1.1664284382027207e-08    2.3328568764054415e-09    6.128543190815266e-17
58    1.1664284068883395e-08    2.332856813776679e-09    1.3433305614381538e-18
59    1.1664283746856007e-08    2.3328567493712012e-09    6.574880833080203e-17
60    1.1664284266646414e-08    2.332856853329283e-09    3.8209273266017876e-17
61    1.1664283797051174e-08    2.332856759410235e-09    5.570977466712467e-17
62    1.1664284075600049e-08    2.3328568151200096e-09    0.0
63    1.1664284697913206e-08    2.3328569395826412e-09    1.2446263166747838e-16
64    1.1664283569937152e-08    2.3328567139874305e-09    1.0113257903530718e-16
65    1.1664285140048159e-08    2.3328570280096318e-09    2.1288962219538123e-16
66    1.166428387858859e-08    2.3328567757177177e-09    3.9402291875265344e-17
67    1.1664284074708872e-08    2.3328568149417745e-09    1.7823508812863853e-19
68    1.1664284762462948e-08    2.3328569524925897e-09    1.3737258010829762e-16
69    1.1664284371332801e-08    2.33285687426656e-09    5.914655046642428e-17
70    1.1664284594572602e-08    2.3328569189145203e-09    1.037945107665906e-16
71    1.1664284001922181e-08    2.3328568003844363e-09    1.4735573275851334e-17
72    1.1664284057977303e-08    2.332856811595461e-09    3.5245487612782216e-18
73    1.1664284415131899e-08    2.3328568830263796e-09    6.790636999230369e-17
74    1.1664284109078913e-08    2.3328568218157827e-09    6.695773114168705e-18
75    1.1664283738244365e-08    2.332856747648873e-09    6.747113650529973e-17
76    1.1664284562770712e-08    2.3328569125541425e-09    9.743413292103255e-17
77    1.1664284018000442e-08    2.3328568036000885e-09    1.1519921052260627e-17
78    1.1664284014318335e-08    2.332856802863667e-09    1.2256342580823724e-17
79    1.1664283838496157e-08    2.3328567676992315e-09    4.742077807410432e-17
80    1.1664284205221954e-08    2.332856841044391e-09    2.5924381373532497e-17
81    1.1664284304052931e-08    2.3328568608105864e-09    4.569057679453634e-17
82    1.1664284277749673e-08    2.3328568555499344e-09    4.042992482001957e-17
83    1.1664284112520997e-08    2.3328568225041996e-09    7.3841900430629e-18
84    1.16642837113318e-08    2.33285674226636e-09    7.285364955483842e-17
85    1.1664284359962702e-08    2.3328568719925404e-09    5.687253087366189e-17
86    1.1664283398394001e-08    2.3328566796788002e-09    1.3544120933093735e-16
87    1.1664284572229167e-08    2.3328569144458334e-09    9.932582384440865e-17
88    1.1664284018253523e-08    2.3328568036507045e-09    1.1469305043397895e-17
89    1.1664283966458566e-08    2.3328567932917133e-09    2.1828296303913824e-17
90    1.1664283971652417e-08    2.3328567943304834e-09    2.0789526199392182e-17
91    1.1664283988859535e-08    2.332856797771907e-09    1.734810247223064e-17
92    1.1664284174564026e-08    2.3328568349128055e-09    1.9792795895142322e-17
93    1.1664283954800448e-08    2.3328567909600896e-09    2.4159919927353796e-17
94    1.166428376629669e-08    2.332856753259338e-09    6.186067150409551e-17
95    1.1664283971501387e-08    2.332856794300277e-09    2.081973235382078e-17
96    1.1664284165700598e-08    2.3328568331401194e-09    1.8020109792133007e-17
97    1.1664283973791155e-08    2.332856794758231e-09    2.0361778696931823e-17
98    1.1664283843594758e-08    2.3328567687189516e-09    4.6401057939089773e-17
99    1.1664283587357853e-08    2.3328567174715707e-09    9.764843887413279e-17
100    1.1664284345374484e-08    2.3328568690748966e-09    5.395488700935566e-17
101    1.1664283889182708e-08    2.3328567778365417e-09    3.728346790903015e-17
102    1.1664284219543441e-08    2.3328568439086883e-09    2.8788678705773955e-17
103    1.1664284516508134e-08    2.332856903301627e-09    8.818161732535634e-17
104    1.166428450559611e-08    2.3328569011192217e-09    8.599921212133726e-17
105    1.166428397674816e-08    2.332856795349632e-09    1.977037764618091e-17
106    1.1664284374570042e-08    2.3328568749140084e-09    5.979399879393995e-17
107    1.166428334845068e-08    2.332856669690136e-09    1.4542987348557452e-16
108    1.1664284613894685e-08    2.332856922778937e-09    1.0765892736205155e-16
109    1.1664283949940208e-08    2.3328567899880416e-09    2.5131967989305686e-17
110    1.1664284516111034e-08    2.332856903222207e-09    8.810219723320329e-17
111    1.1664284104563751e-08    2.3328568209127504e-09    5.7927408666251775e-18
112    1.1664284209251862e-08    2.3328568418503726e-09    2.6730363001347016e-17
113    1.166428279337075e-08    2.33285655867415e-09    2.564458595969327e-16
114    1.166427574904704e-08    2.332855149809408e-09    1.66531060163953e-15
115    1.1664233905722232e-08    2.332846781144446e-09    1.0033975563419434e-14
116    1.1664006609153514e-08    2.332801321830703e-09    5.5493289306522955e-14
117    1.1662851663814942e-08    2.3325703327629883e-09    2.864823570212124e-13
118    1.1657474656380538e-08    2.3314949312761077e-09    1.3618838439018784e-12
119    1.1634782681377378e-08    2.3269565362754757e-09    5.900278844533898e-12
120    1.154925102902583e-08    2.309850205805166e-09    2.3006609314843715e-11
121    1.1266638218029642e-08    2.2533276436059284e-09    7.952917151408117e-11
122    1.0467534237769813e-08    2.0935068475539628e-09    2.3934996756604677e-10
123    8.594181672257799e-09    1.71883633445156e-09    6.140204806684496e-10
124    5.101273998263219e-09    1.0202547996526436e-09    1.312602015467366e-09
125    0.0    3.041349637411539e-11    2.302443318745894e-09
126    0.0    1.1002695699240767e-12    2.3317565455500855e-09
127    0.0    4.0309861925220726e-14    2.3328165052580843e-09
128    0.0    1.4857983387868938e-15    2.3328553293216708e-09
129    0.0    1.8671663417028775e-17    2.332856796448346e-09
130    0.0    2.3501575563219273e-17    2.332856791618434e-09
131    0.0    1.405967241680568e-17    2.332856801060337e-09
132    -0.0    -2.3698650930569726e-17    2.3328568388186605e-09
133    0.0    6.38943953357064e-17    2.3328567512256144e-09
134    0.0    3.439703605077739e-17    2.3328567807229735e-09
135    -0.0    -2.931365922128839e-17    2.3328568444336688e-09
136    0.0    1.6334792159782767e-17    2.3328567987852174e-09
137    -0.0    -4.8166791175460274e-18    2.332856819936689e-09
138    0.0    2.549688843590565e-17    2.332856789623121e-09
139    -0.0    -2.150638035697503e-17    2.33285683662639e-09
140    0.0    7.25032322727135e-17    2.3328567426167773e-09
141    0.0    2.6511334674129712e-17    2.332856788608675e-09
142    0.0    6.750088895116234e-17    2.3328567476191206e-09
143    -0.0    -8.715370810227752e-17    2.3328569022737177e-09
144    0.0    3.3383865531853036e-17    2.332856781736144e-09
145    -0.0    -4.008905506331989e-17    2.332856855209065e-09
146    0.0    4.614596619152638e-17    2.3328567689740434e-09
147    -0.0    -2.056757564986588e-17    2.332856835687585e-09
148    0.0    1.0721570372392063e-17    2.3328568043984394e-09
149    -0.0    -5.408428204539672e-17    2.3328568692042916e-09
150    0.0    5.68082250256614e-18    2.332856809439187e-09
151    -0.0    -1.9076159492855728e-17    2.3328568341961693e-09
152    -0.0    -6.772348563214462e-17    2.3328568828434953e-09
153    -0.0    -6.3782994373120516e-18    2.332856821498309e-09
154    0.0    1.8301920197264896e-17    2.3328567968180893e-09
155    -0.0    -1.825022926719615e-17    2.332856833370239e-09
156    -0.0    -9.540979117872439e-18    2.3328568246609887e-09
157    -0.0    -1.7905346340357093e-17    2.332856833025356e-09
158    0.0    4.9924147450369875e-17    2.332856765195862e-09
159    0.0    5.902595663210079e-17    2.332856756094053e-09
160    -0.0    -2.3216556110900984e-17    2.3328568383365656e-09
161    -0.0    -9.723824497145142e-19    2.332856816092392e-09
162    0.0    1.9270587365258128e-17    2.3328567958494223e-09
163    0.0    4.704780864315633e-17    2.332856768072201e-09
164    -0.0    -8.46514493193819e-17    2.332856899771459e-09
165    0.0    8.191970375119415e-17    2.332856733200306e-09
166    -0.0    -2.7534481611626912e-17    2.3328568426544914e-09
167    -0.0    -7.631091875381403e-18    2.3328568227511014e-09
168    0.0    3.680910329898087e-17    2.332856778310906e-09
169    -0.0    -5.618548416945239e-18    2.3328568207385578e-09
170    -0.0    -4.043786161799702e-20    2.3328568151604475e-09
171    0.0    1.9040944966613274e-17    2.3328567960790646e-09
172    -0.0    -3.2223016286820485e-17    2.332856847343026e-09
173    -0.0    -4.623425231567751e-17    2.332856861354262e-09
174    0.0    4.8829161634431246e-17    2.332856766290848e-09
175    -0.0    -1.3792129119481528e-17    2.3328568289121387e-09
176    -0.0    -5.535256023511125e-17    2.3328568704725696e-09
177    0.0    2.3522710855050616e-18    2.3328568127677387e-09
178    0.0    2.542878334735171e-17    2.332856789691226e-09
179    -0.0    -4.16568389126252e-17    2.3328568567768484e-09
180    0.0    4.290622388355872e-17    2.3328567722137856e-09
181    -0.0    -3.0169939324008e-17    2.3328568452899488e-09
182    -0.0    -4.0977969302361094e-17    2.3328568560979788e-09
183    -0.0    -3.6034986426120697e-17    2.332856851154996e-09
184    -0.0    -1.1324068216496497e-16    2.3328569283606917e-09
185    0.0    6.076581803705489e-17    2.3328567543541914e-09
186    -0.0    -6.061055199677805e-18    2.3328568211810647e-09
187    0.0    2.862293735361732e-17    2.332856786497072e-09
188    -0.0    -1.43414734127581e-17    2.332856829461483e-09
189    0.0    2.6163317456552114e-17    2.332856788956692e-09
190    -0.0    -6.064178974882808e-17    2.3328568757617994e-09
191    0.0    7.284021500431722e-17    2.3328567422797947e-09
192    -0.0    -2.3129448512327592e-17    2.332856838249458e-09
193    -0.0    -2.988223060412072e-17    2.33285684500224e-09
194    0.0    8.012505372817487e-18    2.3328568071075043e-09
195    -0.0    -6.540291655380838e-17    2.332856880522926e-09
196    0.0    4.256023646380675e-18    2.332856810863986e-09
197    0.0    9.409210807596148e-17    2.3328567210279014e-09
198    -0.0    -8.093972323396303e-18    2.3328568232139818e-09
199    0.0    3.155645770901058e-17    2.332856783563552e-09
200    -0.0    -5.574727283224323e-18    2.332856820694737e-09
201    -0.0    -2.36207465434916e-17    2.3328568387407562e-09
202    0.0    4.1412892493237774e-18    2.3328568109787203e-09
203    0.0    3.921417911324948e-17    2.3328567759058306e-09
204    -0.0    -1.577063668065055e-17    2.3328568308906463e-09
205    0.0    4.3567075535527465e-17    2.332856771552934e-09
206    -0.0    -2.21606258343792e-17    2.3328568372806356e-09
207    -0.0    -2.4598441457292658e-17    2.332856839718451e-09
208    0.0    5.375625199296024e-17    2.3328567613637576e-09
209    0.0    2.398564455281745e-17    2.332856791134365e-09
210    0.0    2.433160963869288e-17    2.3328567907884e-09
211    -0.0    -7.075237360491308e-17    2.332856885872383e-09
212    -0.0    -8.895695108429516e-18    2.3328568240157047e-09
213    0.0    9.95305661420617e-18    2.332856805166953e-09
214    0.0    6.575347631779382e-17    2.3328567493665334e-09
215    -0.0    -2.167553114082146e-17    2.3328568367955405e-09
216    0.0    3.18599974250512e-17    2.332856783260012e-09
217    0.0    3.227018719182951e-18    2.332856811892991e-09
218    0.0    1.3010426069826053e-17    2.3328568021095835e-09
219    -0.0    -2.2177682815597926e-17    2.3328568372976925e-09
220    -0.0    -6.6700856406313304e-18    2.3328568217900954e-09
221    -0.0    -1.0400861075171832e-17    2.3328568255208706e-09
222    0.0    3.2152246746115934e-17    2.332856782967763e-09
223    0.0    2.6786108770778496e-17    2.3328567883339008e-09
224    -0.0    -8.836269894876793e-17    2.3328569034827083e-09
225    0.0    1.3365429241266967e-18    2.332856813783467e-09
226    -0.0    -6.866793450276595e-17    2.332856883787944e-09
227    -0.0    -6.83317484494897e-18    2.3328568219531844e-09
228    0.0    4.901160789905839e-17    2.332856766108402e-09
229    -0.0    -8.208679837083292e-18    2.3328568233286894e-09
230    0.0    2.6258664084219264e-17    2.3328567888613455e-09
231    0.0    4.390324525198662e-17    2.332856771216764e-09
232    0.0    1.6504188616271123e-17    2.3328567986158207e-09
233    -0.0    -7.356432343247458e-18    2.332856822476442e-09
234    0.0    2.537317592387768e-18    2.3328568125826918e-09
235    0.0    3.7591915080849896e-17    2.3328567775280943e-09
236    -0.0    -1.7837315284467976e-17    2.332856832957325e-09
237    -0.0    -5.041605552723564e-17    2.332856865536065e-09
238    0.0    8.775860150279494e-17    2.3328567273614083e-09
239    -0.0    -9.959143567500249e-17    2.3328569147114452e-09
240    0.0    5.4746901278936915e-17    2.3328567603731083e-09
241    -0.0    -5.929891299935348e-17    2.3328568744189226e-09
242    -0.0    -1.7926088721397473e-17    2.3328568330460983e-09
243    0.0    4.416798792255182e-17    2.3328567709520216e-09
244    0.0    3.8430369131176256e-17    2.3328567766896404e-09
245    0.0    1.5142740470904634e-15    2.3328553008459625e-09
246    0.0    4.01686209932052e-14    2.3328166464990164e-09
247    0.0    1.10033177997806e-12    2.3317564833400315e-09
248    0.0    3.0413357989340836e-11    2.3024434571306687e-09
249    5.101273722017685e-09    1.020254744403537e-09    1.3126020707164725e-09
