0    1.2536373068860483e-08    2.507274613772097e-09    2.5095488551940407e-10
1    1.3550132821154213e-08    2.7100265642308427e-09    4.8202935060658234e-11
2    1.3753453285415183e-08    2.7506906570830367e-09    7.538842208464246e-12
3    1.3786133310967399e-08    2.75722666219348e-09    1.0028370980210053e-12
4    1.379056263417317e-08    2.758112526834634e-09    1.1697245686677266e-13
5    1.3791086754985126e-08    2.758217350997025e-09    1.2148294475736814e-14
6    1.3791141709905306e-08    2.758228341981061e-09    1.1573104398134153e-15
7    1.379114719818324e-08    2.758229439636648e-09    5.965485295283812e-17
8    1.3791147819539321e-08    2.7582295639078643e-09    6.46163633306312e-17
9    1.379114757275001e-08    2.758229514550002e-09    1.525850114267572e-17
10    1.3791147602085044e-08    2.758229520417009e-09    2.1125507939057133e-17
11    1.3791147426852134e-08    2.7582294853704268e-09    1.3921074169269357e-17
12    1.3791147538173869e-08    2.758229507634774e-09    8.343272876093633e-18
13    1.3791147685574377e-08    2.7582295371148754e-09    3.78233744851078e-17
14    1.379114797920121e-08    2.758229595840242e-09    9.654874112723233e-17
15    1.3791147811741878e-08    2.7582295623483757e-09    6.305687475870131e-17
16    1.3791147568020853e-08    2.7582295136041707e-09    1.4312669743058086e-17
17    1.3791147547427927e-08    2.7582295094855855e-09    1.0194084533597357e-17
18    1.3791147529976617e-08    2.7582295059953233e-09    6.703822408709459e-18
19    1.3791147785402628e-08    2.7582295570805256e-09    5.77890246584941e-17
20    1.379114762467878e-08    2.758229524935756e-09    2.564425500473019e-17
21    1.3791147803765682e-08    2.7582295607531364e-09    6.146163544069687e-17
22    1.3791147579920847e-08    2.7582295159841695e-09    1.6692668543081384e-17
23    1.3791147755598376e-08    2.758229551119675e-09    5.182817422161855e-17
24    1.37911476283519e-08    2.75822952567038e-09    2.6378879069822208e-17
25    1.3791147529757455e-08    2.758229505951491e-09    6.659990108050274e-18
26    1.3791147784059998e-08    2.7582295568119996e-09    5.752049867060224e-17
27    1.3791147619386842e-08    2.7582295238773684e-09    2.458586748480124e-17
28    1.3791147806736807e-08    2.7582295613473614e-09    6.205586048605904e-17
29    1.3791147777680186e-08    2.758229555536037e-09    5.624453617979224e-17
30    1.379114789635879e-08    2.758229579271758e-09    7.998025720951353e-17
31    1.3791147756812933e-08    2.7582295513625867e-09    5.2071085734662096e-17
32    1.3791147605463068e-08    2.7582295210926136e-09    2.1801112667443494e-17
33    1.3791147857464642e-08    2.7582295714929285e-09    7.220142756800771e-17
34    1.3791147759642313e-08    2.7582295519284626e-09    5.263696164607085e-17
35    1.3791147562635486e-08    2.758229512527097e-09    1.3235596213091563e-17
36    1.37911477226211e-08    2.75822954452422e-09    4.523271909059844e-17
37    1.3791147184889033e-08    2.7582294369778066e-09    6.231369433735304e-17
38    1.3791147507074699e-08    2.7582295014149397e-09    2.1234388068726263e-18
39    1.3791147516264932e-08    2.7582295032529863e-09    3.961485413163432e-18
40    1.3791147863984604e-08    2.758229572796921e-09    7.350541990105468e-17
41    1.3791147443804307e-08    2.7582294887608614e-09    1.0530639509426808e-17
42    1.3791147739715995e-08    2.758229547943199e-09    4.8651698099018966e-17
43    1.3791147590456597e-08    2.7582295180913194e-09    1.8799818509331616e-17
44    1.3791147727354922e-08    2.7582295454709845e-09    4.617948354994703e-17
45    1.3791147462118028e-08    2.7582294924236056e-09    6.867895337570577e-18
46    1.3791147510538741e-08    2.758229502107748e-09    2.816247237638865e-18
47    1.3791147848092016e-08    2.7582295696184032e-09    7.032690229670331e-17
48    1.3791147715487958e-08    2.7582295430975915e-09    4.380609061429558e-17
49    1.379114739620151e-08    2.758229479240302e-09    2.0051198846697763e-17
50    1.3791147638824619e-08    2.7582295277649237e-09    2.847342280353713e-17
51    1.3791147793139786e-08    2.758229558627957e-09    5.933645624581543e-17
52    1.3791147979355008e-08    2.7582295958710016e-09    9.657950066549073e-17
53    1.3791147375109935e-08    2.758229475021987e-09    2.426951391389156e-17
54    1.3791147732376637e-08    2.7582295464753273e-09    4.7183826397374216e-17
55    1.3791147511299606e-08    2.7582295022599213e-09    2.968420346207795e-18
56    1.379114785161861e-08    2.758229570323722e-09    7.10322210070538e-17
57    1.3791147637563656e-08    2.7582295275127313e-09    2.822123032402074e-17
58    1.3791147598735724e-08    2.7582295197471448e-09    2.045564384412189e-17
59    1.3791147280334525e-08    2.758229456066905e-09    4.3224595878560604e-17
60    1.3791147503808882e-08    2.7582295007617764e-09    1.4702754885048293e-18
61    1.3791147611378203e-08    2.7582295222756407e-09    2.2984139762071933e-17
62    1.3791147496457505e-08    2.758229499291501e-09    0.0
63    1.3791147612049518e-08    2.7582295224099037e-09    2.3118402756017865e-17
64    1.3791147564123774e-08    2.7582295128247548e-09    1.353325384779632e-17
65    1.3791147406259696e-08    2.758229481251939e-09    1.8039561771417804e-17
66    1.3791147468051907e-08    2.7582294936103815e-09    5.681119460406047e-18
67    1.3791148255035446e-08    2.7582296510070893e-09    1.517155883546823e-16
68    1.3791147656679627e-08    2.7582295313359253e-09    3.2044424373655107e-17
69    1.3791147567551404e-08    2.7582295135102807e-09    1.4218779780449642e-17
70    1.3791147427351271e-08    2.7582294854702542e-09    1.3821246704224007e-17
71    1.3791147801859105e-08    2.758229560371821e-09    6.108032006756095e-17
72    1.3791147633844611e-08    2.758229526768922e-09    2.7477421245406932e-17
73    1.3791147383110244e-08    2.758229476622049e-09    2.2669452132915935e-17
74    1.3791147517378027e-08    2.7582295034756055e-09    4.1841045314198284e-18
75    1.379114770754072e-08    2.758229541508144e-09    4.221664321494024e-17
76    1.3791147410586917e-08    2.7582294821173835e-09    1.7174117438089298e-17
77    1.3791147895276963e-08    2.7582295790553925e-09    7.976389157668804e-17
78    1.3791147762638708e-08    2.7582295525277417e-09    5.3236240764975715e-17
79    1.3791147182211276e-08    2.758229436442255e-09    6.28492458075056e-17
80    1.3791147845246035e-08    2.758229569049207e-09    6.975770608231577e-17
81    1.379114729645802e-08    2.758229459291604e-09    3.9999896780610404e-17
82    1.3791148147091454e-08    2.7582296294182907e-09    1.3012678978942403e-16
83    1.3791147727968492e-08    2.7582295455936984e-09    4.63021974481805e-17
84    1.3791147656073005e-08    2.758229531214601e-09    3.192310013885073e-17
85    1.3791147536559469e-08    2.7582295073118938e-09    8.02039285015091e-18
86    1.3791147737676664e-08    2.758229547535333e-09    4.824383188258132e-17
87    1.3791147769790694e-08    2.758229553958139e-09    5.4666637876149363e-17
88    1.3791147516013725e-08    2.758229503202745e-09    3.911244117118186e-18
89    1.3791147423740148e-08    2.7582294847480296e-09    1.4543471331933856e-17
90    1.3791147466053406e-08    2.758229493210681e-09    6.08081974983657e-18
91    1.3791147288527956e-08    2.758229457705591e-09    4.158590972606243e-17
92    1.3791147741204374e-08    2.758229548240875e-09    4.89493739316972e-17
93    1.379114753965683e-08    2.758229507931366e-09    8.639865102169422e-18
94    1.3791147607591925e-08    2.758229521518385e-09    2.2226884035420463e-17
95    1.379114765879031e-08    2.758229531758062e-09    3.246656111002052e-17
96    1.3791147472252157e-08    2.7582294944504314e-09    4.841069571882919e-18
97    1.3791147795327497e-08    2.7582295590654993e-09    5.977399839390903e-17
98    1.3791147876270379e-08    2.7582295752540757e-09    7.596257479989447e-17
99    1.3791147836596083e-08    2.7582295673192167e-09    6.8027715733804e-17
100    1.379114746502474e-08    2.758229493004948e-09    6.286552803068309e-18
101    1.3791147996400057e-08    2.7582295992800114e-09    9.998851049316877e-17
102    1.3791147701950551e-08    2.7582295403901103e-09    4.1098609355401314e-17
103    1.3791147728095572e-08    2.7582295456191143e-09    4.63276133996818e-17
104    1.3791147473138282e-08    2.7582294946276565e-09    4.663844471282208e-18
105    1.3791147600158566e-08    2.758229520031713e-09    2.0740212172813608e-17
106    1.3791147761629565e-08    2.758229552325913e-09    5.3034412004235227e-17
107    1.37911477201721e-08    2.75822954403442e-09    4.474291898012619e-17
108    1.3791147345352783e-08    2.7582294690705565e-09    3.022094441795136e-17
109    1.379114775640678e-08    2.758229551281356e-09    5.1989854944148164e-17
110    1.3791148022165426e-08    2.7582296044330852e-09    1.0514158432030056e-16
111    1.3791147873491945e-08    2.758229574698389e-09    7.540688809927115e-17
112    1.3791147567632732e-08    2.7582295135265464e-09    1.4235045460014884e-17
113    1.3791147625245936e-08    2.7582295250491872e-09    2.5757686282129586e-17
114    1.379114787655397e-08    2.758229575310794e-09    7.601929292013601e-17
115    1.3791147665913038e-08    2.7582295331826077e-09    3.3891106745540966e-17
116    1.379114722754859e-08    2.758229445509718e-09    5.378178292256669e-17
117    1.3791142069032957e-08    2.7582284138065913e-09    1.0854849095855312e-15
118    1.3791086407302875e-08    2.758217281460575e-09    1.2217830925894523e-14
119    1.3790562683108142e-08    2.7581125366216284e-09    1.169626698725601e-13
120    1.3786133299104302e-08    2.7572266598208604e-09    1.002839470640527e-12
121    1.3753454446675454e-08    2.750690889335091e-09    7.53860995641003e-12
122    1.3550132378318238e-08    2.7100264756636475e-09    4.8203023627853394e-11
123    1.2536374182777574e-08    2.5072748365555147e-09    2.5095466273598624e-10
124    8.812228541964978e-09    1.7624457083929957e-09    9.957837908985053e-10
125    0.0    3.462855696634293e-11    2.723600942325158e-09
126    0.0    8.233109563970435e-13    2.757406188335104e-09
127    0.0    1.9876028455707598e-14    2.7582096232630452e-09
128    0.0    4.358342571159228e-16    2.758229063457244e-09
129    0.0    9.445141889383984e-17    2.758229404840082e-09
130    0.0    3.575661822971037e-17    2.7582294635348827e-09
131    0.0    1.515458492386252e-17    2.758229484136916e-09
132    0.0    1.6974874030353344e-17    2.758229482316627e-09
133    0.0    1.5313048740989916e-18    2.758229497760196e-09
134    -0.0    -3.099214227382741e-17    2.758229530283643e-09
135    0.0    6.741922347723651e-17    2.7582294318722775e-09
136    -0.0    -5.1589414328069406e-18    2.7582295044504424e-09
137    -0.0    -6.552635299430692e-19    2.7582294999467645e-09
138    -0.0    -3.787526228416233e-17    2.7582295371667632e-09
139    0.0    4.642463548167968e-17    2.7582294528668654e-09
140    -0.0    -2.1829115005925098e-17    2.758229521120616e-09
141    0.0    9.882868167881938e-18    2.7582294894086328e-09
142    -0.0    -6.577198303643362e-17    2.758229565063484e-09
143    0.0    2.2928170653875064e-18    2.7582294969986837e-09
144    0.0    1.3704733972247697e-17    2.7582294855867667e-09
145    0.0    3.547695301409956e-17    2.758229463814548e-09
146    -0.0    -5.783389196889475e-17    2.7582295571253927e-09
147    0.0    3.6534606824825175e-17    2.758229462756894e-09
148    -0.0    -6.126593195239233e-17    2.758229560557433e-09
149    0.0    3.1351775795542244e-17    2.7582294679397253e-09
150    -0.0    -3.038565985935328e-17    2.758229529677161e-09
151    0.0    2.832242987490716e-17    2.758229470969071e-09
152    -0.0    -5.80498928150701e-17    2.7582295573413935e-09
153    0.0    2.8023067420959933e-17    2.7582294712684333e-09
154    -0.0    -1.2993236429516589e-17    2.7582295122847374e-09
155    -0.0    -4.146693282304132e-17    2.758229540758434e-09
156    0.0    2.949029909160572e-17    2.758229469801202e-09
157    0.0    1.0632967334668752e-17    2.7582294886585334e-09
158    0.0    3.816429242507816e-17    2.7582294611272085e-09
159    0.0    2.2884636138236398e-17    2.7582294764068648e-09
160    0.0    2.7020704016738588e-17    2.7582294722707967e-09
161    -0.0    -1.2634479098865603e-17    2.75822951192598e-09
162    -0.0    -4.244858941498863e-17    2.7582295417400905e-09
163    0.0    7.186350608980632e-17    2.758229427427995e-09
164    0.0    2.239907057211496e-17    2.75822947689243e-09
165    0.0    4.946761023688234e-17    2.758229449823891e-09
166    0.0    1.2707113621658731e-17    2.758229486584387e-09
167    -0.0    -4.187073075843128e-18    2.7582295034785742e-09
168    0.0    7.085104487825723e-18    2.7582294922063962e-09
169    0.0    5.943633913196182e-19    2.7582294986971377e-09
170    0.0    1.5429708297524954e-17    2.7582294838617924e-09
171    -0.0    -1.722645398262614e-18    2.7582295010141463e-09
172    0.0    2.294401819364066e-17    2.7582294763474827e-09
173    0.0    2.0630829944512658e-17    2.758229478660671e-09
174    -0.0    -2.1323226232538692e-17    2.7582295206147274e-09
175    0.0    5.878282053952093e-17    2.7582294405086804e-09
176    -0.0    -3.164454458603166e-17    2.7582295309360455e-09
177    0.0    1.3313117718943655e-17    2.758229485978383e-09
178    -0.0    -1.5793328416201987e-18    2.7582295008708336e-09
179    0.0    2.4440342426815398e-17    2.7582294748511585e-09
180    -0.0    -3.117334735394542e-17    2.7582295304648483e-09
181    -0.0    -1.0189829723321538e-17    2.7582295094813304e-09
182    -0.0    -1.2028461766690878e-17    2.7582295113199627e-09
183    0.0    4.868003130974559e-17    2.7582294506114694e-09
184    -0.0    -1.397861388665431e-17    2.7582295132701146e-09
185    0.0    4.1490626791302445e-18    2.7582294951424382e-09
186    0.0    2.9179402017606746e-18    2.758229496373561e-09
187    0.0    1.734723475976807e-18    2.7582294975567775e-09
188    0.0    4.35049852907977e-19    2.758229498856451e-09
189    0.0    2.0520952028229636e-17    2.7582294787705487e-09
190    -0.0    -1.1216611085635142e-17    2.7582295105081122e-09
191    0.0    2.2184773304411154e-17    2.758229477106728e-09
192    -0.0    -1.9336676924852007e-17    2.758229518628178e-09
193    0.0    1.482799395889673e-17    2.7582294844635068e-09
194    0.0    2.851862119297795e-18    2.7582294964396386e-09
195    0.0    4.0865617392263503e-19    2.7582294988828448e-09
196    -0.0    -8.239620527895838e-18    2.7582295075311215e-09
197    -0.0    -1.2687192010581157e-17    2.758229511978693e-09
198    0.0    1.4225997551679626e-17    2.758229485065503e-09
199    -0.0    -8.43817778931368e-18    2.7582295077296787e-09
200    -0.0    -5.470708907605474e-18    2.7582295047622096e-09
201    -0.0    -5.802952886915997e-17    2.75822955732103e-09
202    -0.0    -2.0981207935558482e-17    2.758229520272709e-09
203    0.0    1.1094372402663587e-17    2.7582294881971287e-09
204    0.0    2.394508830097428e-17    2.7582294753464126e-09
205    -0.0    -1.4833915538106845e-17    2.7582295141254165e-09
206    0.0    4.5069602796115737e-17    2.758229454221898e-09
207    -0.0    -4.571185353425243e-18    2.7582295038626863e-09
208    0.0    3.053448350682683e-17    2.7582294687570174e-09
209    0.0    1.5403132845600004e-17    2.758229483888368e-09
210    0.0    2.844228937964186e-17    2.7582294708492115e-09
211    -0.0    -3.01748336482949e-17    2.7582295294663346e-09
212    -0.0    -1.0762041631427292e-18    2.758229500367705e-09
213    0.0    2.418130378695921e-18    2.7582294968733708e-09
214    -0.0    -2.054694452461789e-17    2.7582295198384457e-09
215    -0.0    -3.2594484798547e-17    2.7582295318859855e-09
216    -0.0    -2.071830822339805e-17    2.7582295200098094e-09
217    -0.0    -1.7710416059130144e-17    2.7582295170019168e-09
218    0.0    2.2551405187698492e-17    2.7582294767400957e-09
219    -0.0    -6.5521698035409775e-18    2.7582295058436705e-09
220    0.0    5.3191594932184085e-18    2.7582294939723416e-09
221    -0.0    -1.1200666558942723e-17    2.7582295104921675e-09
222    -0.0    -4.2716107276508944e-17    2.758229542007608e-09
223    0.0    2.3731480901901343e-17    2.75822947556002e-09
224    -0.0    -1.5378715714688357e-17    2.7582295146702166e-09
225    0.0    6.618462539372815e-18    2.7582294926730386e-09
226    0.0    3.136659845852889e-17    2.7582294679249023e-09
227    -0.0    -2.4662774602253357e-18    2.7582295017577784e-09
228    0.0    3.6596759521691185e-18    2.7582294956318248e-09
229    -0.0    -7.072786320938737e-18    2.7582295063642872e-09
230    0.0    1.4335242054408586e-17    2.758229484956259e-09
231    -0.0    -2.2228946196687558e-17    2.758229521520447e-09
232    0.0    7.916126940733754e-18    2.758229491375374e-09
233    0.0    2.0385769002647392e-18    2.7582294972529242e-09
234    0.0    1.628391103953371e-17    2.75822948300759e-09
235    -0.0    -1.8478289476124345e-17    2.75822951776979e-09
236    0.0    1.7161628044815513e-17    2.758229482129873e-09
237    0.0    9.596912657302968e-18    2.7582294896945883e-09
238    0.0    1.2401345274252738e-17    2.7582294868901557e-09
239    -0.0    -1.864753952164428e-17    2.7582295179390404e-09
240    -0.0    -2.545328298952946e-17    2.758229524744784e-09
241    -0.0    -3.6635320613896876e-18    2.758229502955033e-09
242    0.0    2.3066447128153104e-17    2.758229476225054e-09
243    0.0    5.899228789962804e-19    2.758229498701578e-09
244    -0.0    -6.017474010373076e-17    2.758229559466241e-09
245    0.0    4.949407687319771e-16    2.758229004350732e-09
246    0.0    1.97864256386923e-14    2.7582097128658622e-09
247    0.0    8.234277047175029e-13    2.7574060715867834e-09
248    0.0    3.462851791852028e-11    2.7236009813729806e-09
249    8.81222917553659e-09    1.762445835107318e-09    9.95783664184183e-10
