0    5.6837249312428895e-09    2.8418624656214447e-09    2.5672522571337786e-10
1    6.098287341684688e-09    3.049143670842344e-09    4.9444020492478424e-11
2    6.181160655364948e-09    3.090580327682474e-09    8.007363652348665e-12
3    6.194901508872058e-09    3.097450754436029e-09    1.1369368987934614e-12
4    6.1968843910464866e-09    3.0984421955232433e-09    1.4549581157929925e-13
5    6.19714098483784e-09    3.09857049241892e-09    1.7198915902572054e-14
6    6.197171621789149e-09    3.0985858108945746e-09    1.880440247958859e-15
7    6.197174909957498e-09    3.098587454978749e-09    2.3635607360183997e-16
8    6.197175296367152e-09    3.098587648183576e-09    4.3151246464923076e-17
9    6.197175159323998e-09    3.098587579661999e-09    1.1167282376600696e-16
10    6.197175322388004e-09    3.098587661194002e-09    3.0140820395097023e-17
11    6.197175105981251e-09    3.0985875529906254e-09    1.3834419720915037e-16
12    6.197175081261441e-09    3.0985875406307206e-09    1.5070410197548512e-16
13    6.197175324122728e-09    3.098587662061364e-09    2.927345865710862e-17
14    6.197175041796482e-09    3.098587520898241e-09    1.704365815147213e-16
15    6.197175339735239e-09    3.0985876698676196e-09    2.1467203015212988e-17
16    6.197175168431296e-09    3.098587584215648e-09    1.0711917464156784e-16
17    6.197175345806771e-09    3.0985876729033857e-09    1.8431436932253575e-17
18    6.197175369659219e-09    3.0985876848296096e-09    6.5052130349130266e-18
19    6.1971751762375515e-09    3.0985875881187758e-09    1.0321604682062002e-16
20    6.197175251264342e-09    3.098587625632171e-09    6.570265165262157e-17
21    6.197175198355276e-09    3.098587599177638e-09    9.215718466126788e-17
22    6.197175268177896e-09    3.098587634088948e-09    5.724587470723463e-17
23    6.197175363154006e-09    3.098587681577003e-09    9.75781955236954e-18
24    6.197175207028893e-09    3.0985876035144466e-09    8.782037597132586e-17
25    6.197175148481976e-09    3.098587574240988e-09    1.1709383462843448e-16
26    6.197175142410444e-09    3.098587571205222e-09    1.201296007113939e-16
27    6.197175188380616e-09    3.098587594190308e-09    9.71445146547012e-17
28    6.1971753384341965e-09    3.0985876692170983e-09    2.211772431870429e-17
29    6.197175175803871e-09    3.0985875879019353e-09    1.0343288725511712e-16
30    6.1971751367725925e-09    3.0985875683862962e-09    1.229485263598562e-16
31    6.197175204426808e-09    3.098587602213404e-09    8.912141857830846e-17
32    6.197175396981114e-09    3.098587698490557e-09    7.15573433840433e-18
33    6.1971752126667445e-09    3.0985876063333723e-09    8.500145032286355e-17
34    6.19717529029562e-09    3.09858764514781e-09    4.618701254788249e-17
35    6.197175360985602e-09    3.098587680492801e-09    1.0842021724855044e-17
36    6.197175251264342e-09    3.098587625632171e-09    6.570265165262157e-17
37    6.197175154553508e-09    3.098587577276754e-09    1.1405806854547507e-16
38    6.197175426471413e-09    3.0985877132357065e-09    2.190088388420719e-17
39    6.197175053505866e-09    3.098587526752933e-09    1.6458188978329957e-16
40    6.197175297234514e-09    3.098587648617257e-09    4.2717565595928875e-17
41    6.197175217437234e-09    3.098587608718617e-09    8.261620554339544e-17
42    6.197175343204686e-09    3.098587671602343e-09    1.973247953923618e-17
43    6.1971752655758106e-09    3.0985876327879053e-09    5.854691731421724e-17
44    6.197175178405956e-09    3.098587589202978e-09    1.0213184464813452e-16
45    6.197175176671232e-09    3.098587588335616e-09    1.0299920638612292e-16
46    6.197175196620552e-09    3.098587598310276e-09    9.302454639925628e-17
47    6.197175211365702e-09    3.098587605682851e-09    8.565197162635485e-17
48    6.1971753700929e-09    3.09858768504645e-09    6.288372600415926e-18
49    6.197175058276355e-09    3.0985875291381776e-09    1.6219664500383146e-16
50    6.197175194018467e-09    3.0985875970092336e-09    9.432558900623889e-17
51    6.19717516539553e-09    3.098587582697765e-09    1.0863705768304754e-16
52    6.197175221774043e-09    3.0985876108870214e-09    8.044780119842443e-17
53    6.197175197487914e-09    3.098587598743957e-09    9.259086553026208e-17
54    6.197175439048158e-09    3.098587719524079e-09    2.8189256484623115e-17
55    6.197175081695122e-09    3.098587540847561e-09    1.5048726154098802e-16
56    6.197175162793445e-09    3.0985875813967223e-09    1.0993810029003015e-16
57    6.197175207896255e-09    3.0985876039481275e-09    8.738669510233166e-17
58    6.197175412159944e-09    3.098587706079972e-09    1.474514954580286e-17
59    6.197175021847162e-09    3.098587510923581e-09    1.8041124150158794e-16
60    6.19717514544621e-09    3.098587572723105e-09    1.1861171766991419e-16
61    6.197175306775493e-09    3.0985876533877466e-09    3.7947076036992655e-17
62    6.197175356215112e-09    3.098587678107556e-09    1.3227266504323154e-17
63    6.1971752855251305e-09    3.0985876427625653e-09    4.85722573273506e-17
64    6.197175336699473e-09    3.0985876683497365e-09    2.2985086056692694e-17
65    6.1971752026920846e-09    3.0985876013460423e-09    8.998878031629687e-17
66    6.197175449022818e-09    3.098587724511409e-09    3.3176586478056436e-17
67    6.197175242157044e-09    3.098587621078522e-09    7.025630077706069e-17
68    6.197175366189772e-09    3.098587683094886e-09    8.239936510889834e-18
69    6.197175168864977e-09    3.0985875844324884e-09    1.0690233420707074e-16
70    6.197175301571323e-09    3.0985876507856613e-09    4.0549161250957866e-17
71    6.197175148915657e-09    3.0985875744578284e-09    1.1687699419393738e-16
72    6.197175374429709e-09    3.0985876872148543e-09    4.119968255444917e-18
73    6.197175316316472e-09    3.098587658158236e-09    3.3176586478056436e-17
74    6.197175251698023e-09    3.0985876258490114e-09    6.548581121812447e-17
75    6.197175161926083e-09    3.0985875809630414e-09    1.1037178115902435e-16
76    6.197175390475901e-09    3.0985876952379504e-09    3.903127820947816e-18
77    6.197175180140679e-09    3.0985875900703397e-09    1.0126448291014611e-16
78    6.197175290729301e-09    3.0985876453646505e-09    4.597017211338539e-17
79    6.197175193584786e-09    3.098587596792393e-09    9.454242944073599e-17
80    6.197175546601014e-09    3.098587773300507e-09    8.196568423990414e-17
81    6.197175128966337e-09    3.0985875644831684e-09    1.2685165418080402e-16
82    6.197175310678621e-09    3.0985876553393105e-09    3.599551212651875e-17
83    6.197175226978213e-09    3.0985876134891066e-09    7.784571598445922e-17
84    6.197175211799383e-09    3.0985876058996914e-09    8.543513119185775e-17
85    6.197175122894805e-09    3.0985875614474023e-09    1.2988742026376343e-16
86    6.197175339301558e-09    3.098587669650779e-09    2.168404344971009e-17
87    6.1971751705997e-09    3.09858758529985e-09    1.0603497246908233e-16
88    6.197175390909582e-09    3.098587695454791e-09    4.119968255444917e-18
89    6.197175228712937e-09    3.0985876143564683e-09    7.697835424647081e-17
90    6.197175249529618e-09    3.098587624764809e-09    6.657001339060997e-17
91    6.197175267310534e-09    3.098587633655267e-09    5.767955557622884e-17
92    6.1971754312419025e-09    3.0985877156209513e-09    2.42861286636753e-17
93    6.197175274249428e-09    3.098587637124714e-09    5.421010862427522e-17
94    6.197175286826173e-09    3.0985876434130866e-09    4.7921736023859296e-17
95    6.19717520052368e-09    3.09858760026184e-09    9.107298248878237e-17
96    6.1971751797069985e-09    3.0985875898534992e-09    1.0148132334464322e-16
97    6.197175250830661e-09    3.0985876254153305e-09    6.591949208711867e-17
98    6.197175316750153e-09    3.0985876583750765e-09    3.2959746043559335e-17
99    6.197175098174995e-09    3.0985875490874976e-09    1.4224732503009818e-16
100    6.197175489355139e-09    3.0985877446775695e-09    5.334274688628682e-17
101    6.197174982815884e-09    3.098587491407942e-09    1.9992688060632702e-16
102    6.1971753024386844e-09    3.0985876512193422e-09    4.0115480381963664e-17
103    6.197175022280843e-09    3.0985875111404215e-09    1.8019440106709084e-16
104    6.197175122894805e-09    3.0985875614474023e-09    1.2988742026376343e-16
105    6.197175308076536e-09    3.098587654038268e-09    3.729655473350135e-17
106    6.1971753054744505e-09    3.0985876527372253e-09    3.859759734048396e-17
107    6.197175051771142e-09    3.098587525885571e-09    1.6544925152128798e-16
108    6.1971753288932174e-09    3.0985876644466087e-09    2.688821387764051e-17
109    6.1971753518783035e-09    3.0985876759391517e-09    1.5395670849294163e-17
110    6.197175244759129e-09    3.0985876223795644e-09    6.895525817007808e-17
111    6.19717515065038e-09    3.09858757532519e-09    1.1600963245594897e-16
112    6.197175405654731e-09    3.0985877028273656e-09    1.1492543028346347e-17
113    6.1971751831764454e-09    3.0985875915882227e-09    9.974659986866641e-17
114    6.197175269912619e-09    3.0985876349563096e-09    5.637851296924623e-17
115    6.197175164528168e-09    3.098587582264084e-09    1.0907073855204175e-16
116    6.197175416063072e-09    3.098587708031536e-09    1.6696713456276768e-17
117    6.197175270779981e-09    3.0985876353899905e-09    5.594483210025203e-17
118    6.197175258636917e-09    3.0985876293184583e-09    6.201636426617085e-17
119    6.197175225677171e-09    3.0985876128385853e-09    7.849623728795052e-17
120    6.197175261672683e-09    3.0985876308363414e-09    6.049848122469115e-17
121    6.197175376164432e-09    3.098587688082216e-09    3.2526065174565133e-18
122    6.197175223508766e-09    3.098587611754383e-09    7.958043946043603e-17
123    6.197175238687597e-09    3.0985876193437983e-09    7.19910242530375e-17
124    6.1971752560348314e-09    3.0985876280174157e-09    6.331740687315346e-17
125    6.197175382669645e-09    3.0985876913348226e-09    0.0
126    6.197175196620552e-09    3.098587598310276e-09    9.302454639925628e-17
127    6.197175294632429e-09    3.0985876473162144e-09    4.401860820291148e-17
128    6.197175121593762e-09    3.098587560796881e-09    1.3053794156725473e-16
129    6.197175233917107e-09    3.0985876169585536e-09    7.43762690325056e-17
130    6.1971749841169266e-09    3.0985874920584633e-09    1.9927635930283571e-16
131    6.1971752196056384e-09    3.0985876098028192e-09    8.153200337090993e-17
132    6.197175258203236e-09    3.098587629101618e-09    6.223320470066795e-17
133    6.19717517537019e-09    3.098587587685095e-09    1.0364972768961422e-16
134    6.197175105981251e-09    3.0985875529906254e-09    1.3834419720915037e-16
135    6.197175263841087e-09    3.0985876319205435e-09    5.941427905220564e-17
136    6.1971750903687395e-09    3.0985875451843697e-09    1.46150452851046e-16
137    6.19717516539553e-09    3.098587582697765e-09    1.0863705768304754e-16
138    6.197175210064659e-09    3.0985876050323297e-09    8.630249292984615e-17
139    6.1971752291466176e-09    3.0985876145733088e-09    7.676151381197371e-17
140    6.197175448589137e-09    3.0985877242945686e-09    3.2959746043559335e-17
141    6.197175264274768e-09    3.098587632137384e-09    5.919743861770854e-17
142    6.197175301571323e-09    3.0985876507856613e-09    4.0549161250957866e-17
143    6.1971752690452575e-09    3.0985876345226288e-09    5.681219383824043e-17
144    6.197175445553371e-09    3.0985877227766856e-09    3.144186300207963e-17
145    6.1971751333031455e-09    3.0985875666515728e-09    1.24683249835833e-16
146    6.19717516062504e-09    3.09858758031252e-09    1.1102230246251565e-16
147    6.197175085164569e-09    3.0985875425822845e-09    1.487525380650112e-16
148    6.197175436879754e-09    3.098587718439877e-09    2.710505431213761e-17
149    6.197175038760716e-09    3.098587519380358e-09    1.71954464556201e-16
150    6.197175196620552e-09    3.098587598310276e-09    9.302454639925628e-17
151    6.197175075189909e-09    3.0985875375949545e-09    1.5373986805844453e-16
152    6.1971751298336986e-09    3.0985875649168493e-09    1.2641797331180982e-16
153    6.197175172768105e-09    3.0985875863840523e-09    1.0495077029659683e-16
154    6.197175471574223e-09    3.0985877357871117e-09    4.445228907190568e-17
155    6.197174907789094e-09    3.098587453894547e-09    2.3744027577432547e-16
156    6.197175472007904e-09    3.098587736003952e-09    4.466912950640278e-17
157    6.197175249529618e-09    3.098587624764809e-09    6.657001339060997e-17
158    6.197175317183834e-09    3.098587658591917e-09    3.2742905609062234e-17
159    6.1971751202927194e-09    3.0985875601463597e-09    1.3118846287074604e-16
160    6.197175313714387e-09    3.0985876568571935e-09    3.447762908503904e-17
161    6.197175276851513e-09    3.0985876384257566e-09    5.2909066017292616e-17
162    6.197175266876853e-09    3.0985876334384266e-09    5.789639601072594e-17
163    6.197175069985739e-09    3.0985875349928693e-09    1.5634195327240974e-16
164    6.197175178839637e-09    3.0985875894198184e-09    1.0191500421363742e-16
165    6.197174999729438e-09    3.098587499864719e-09    1.9147010366094008e-16
166    6.197175290729301e-09    3.0985876453646505e-09    4.597017211338539e-17
167    6.197175184043807e-09    3.0985875920219036e-09    9.93129189996722e-17
168    6.197175367057134e-09    3.098587683528567e-09    7.806255641895632e-18
169    6.1971751662628916e-09    3.0985875831314458e-09    1.0820337681405334e-16
170    6.197175101210761e-09    3.0985875506053806e-09    1.4072944198861848e-16
171    6.197175053505866e-09    3.098587526752933e-09    1.6458188978329957e-16
172    6.197175238253916e-09    3.098587619126958e-09    7.22078646875346e-17
173    6.197175236519192e-09    3.098587618259596e-09    7.3075226425523e-17
174    6.197175200957361e-09    3.0985876004786805e-09    9.085614205428527e-17
175    6.197175347541495e-09    3.0985876737707474e-09    1.7564075194265172e-17
176    6.197175383537007e-09    3.0985876917685035e-09    4.336808689942018e-19
177    6.197175234784469e-09    3.0985876173922344e-09    7.39425881635114e-17
178    6.197175251698023e-09    3.0985876258490114e-09    6.548581121812447e-17
179    6.197175087332973e-09    3.0985875436664867e-09    1.476683358925257e-16
180    6.197175284224088e-09    3.098587642112044e-09    4.92227786308419e-17
181    6.197175346240452e-09    3.098587673120226e-09    1.8214596497756474e-17
182    6.197175306341812e-09    3.098587653170906e-09    3.8163916471489756e-17
183    6.197175148915657e-09    3.0985875744578284e-09    1.1687699419393738e-16
184    6.197174981948522e-09    3.098587490974261e-09    2.0036056147532122e-16
185    6.19717518057436e-09    3.09858759028718e-09    1.0104764247564901e-16
186    6.197175322388004e-09    3.098587661194002e-09    3.0140820395097023e-17
187    6.197175053072185e-09    3.0985875265360924e-09    1.6479873021779667e-16
188    6.1971752196056384e-09    3.0985876098028192e-09    8.153200337090993e-17
189    6.197175272081024e-09    3.098587636040512e-09    5.5294310796760726e-17
190    6.197175197054233e-09    3.0985875985271166e-09    9.280770596475918e-17
191    6.1971752091972976e-09    3.0985876045986488e-09    8.673617379884035e-17
192    6.197175362286644e-09    3.098587681143322e-09    1.0191500421363742e-17
193    6.197175253432746e-09    3.098587626716373e-09    6.461844948013606e-17
194    6.1971752824893644e-09    3.0985876412446822e-09    5.0090140368830305e-17
195    6.1971753024386844e-09    3.0985876512193422e-09    4.0115480381963664e-17
196    6.197175445553371e-09    3.0985877227766856e-09    3.144186300207963e-17
197    6.197175155854551e-09    3.0985875779272753e-09    1.1340754724198376e-16
198    6.197175456395393e-09    3.0985877281976965e-09    3.686287386450715e-17
199    6.19717537529707e-09    3.098587687648535e-09    3.686287386450715e-18
200    6.197175470273181e-09    3.0985877351365904e-09    4.380176776841438e-17
201    6.197175373128666e-09    3.098587686564333e-09    4.7704895589362195e-18
202    6.197175512773906e-09    3.098587756386953e-09    6.505213034913027e-17
203    6.19717515542087e-09    3.098587577710435e-09    1.1362438767648086e-16
204    6.197175174069147e-09    3.0985875870345736e-09    1.0430024899310553e-16
205    6.197175291162982e-09    3.098587645581491e-09    4.575333167888829e-17
206    6.197175211799383e-09    3.0985876058996914e-09    8.543513119185775e-17
207    6.197175247361214e-09    3.098587623680607e-09    6.765421556309548e-17
208    6.197175325857451e-09    3.0985876629287257e-09    2.8406096919120216e-17
209    6.197175205727851e-09    3.0985876028639253e-09    8.847089727481716e-17
210    6.197175349709899e-09    3.0985876748549496e-09    1.6479873021779667e-17
211    6.1971752824893644e-09    3.0985876412446822e-09    5.0090140368830305e-17
212    6.197175064781568e-09    3.098587532390784e-09    1.5894403848637495e-16
213    6.1971753353984305e-09    3.0985876676992152e-09    2.3635607360183997e-17
214    6.197175352745665e-09    3.0985876763728326e-09    1.496198998029996e-17
215    6.197175258203236e-09    3.098587629101618e-09    6.223320470066795e-17
216    6.1971754177977956e-09    3.0985877088988978e-09    1.7564075194265172e-17
217    6.197175200089999e-09    3.0985876000449997e-09    9.128982292327947e-17
218    6.197175393945348e-09    3.098587696972674e-09    5.637851296924623e-18
219    6.197175380501241e-09    3.0985876902506204e-09    1.0842021724855044e-18
220    6.197175238253916e-09    3.098587619126958e-09    7.22078646875346e-17
221    6.1971753653224104e-09    3.0985876826612052e-09    8.673617379884035e-18
222    6.1971754147620295e-09    3.0985877073810147e-09    1.6046192152785466e-17
223    6.197175158456636e-09    3.098587579228318e-09    1.1210650463500116e-16
224    6.197175253866427e-09    3.0985876269332135e-09    6.440160904563896e-17
225    6.197175313280706e-09    3.098587656640353e-09    3.469446951953614e-17
226    6.1971753583835165e-09    3.0985876791917583e-09    1.214306433183765e-17
227    6.197175000163119e-09    3.0985875000815594e-09    1.9125326322644298e-16
228    6.197175091669782e-09    3.098587545834891e-09    1.454999315475547e-16
229    6.197175135037869e-09    3.0985875675189345e-09    1.238158880978446e-16
230    6.197175438614477e-09    3.0985877193072386e-09    2.7972416050126014e-17
231    6.1971752824893644e-09    3.0985876412446822e-09    5.0090140368830305e-17
232    6.197175200957361e-09    3.0985876004786805e-09    9.085614205428527e-17
233    6.197175342771005e-09    3.0985876713855026e-09    1.9949319973733282e-17
234    6.197175439481839e-09    3.0985877197409195e-09    2.8406096919120216e-17
235    6.197174953759266e-09    3.098587476879633e-09    2.1445518971763278e-16
236    6.197175033122865e-09    3.0985875165614324e-09    1.7477339020466331e-16
237    6.197175174936509e-09    3.0985875874682545e-09    1.0386656812411132e-16
238    6.197175495426671e-09    3.0985877477133356e-09    5.637851296924623e-17
239    6.1971751098843786e-09    3.0985875549421893e-09    1.3639263329867646e-16
240    6.197175089935059e-09    3.0985875449675293e-09    1.463672932855431e-16
241    6.1971748318949416e-09    3.0985874159474708e-09    2.7538735181131813e-16
242    6.197171767939602e-09    3.098585883969801e-09    1.807365021533336e-15
243    6.197140855600941e-09    3.0985704278004705e-09    1.726353435205219e-14
244    6.1968843845412735e-09    3.0984421922706368e-09    1.454990641858167e-13
245    6.194901764743771e-09    3.0974508823718855e-09    1.136808962937108e-12
246    6.181160743835845e-09    3.0905803719179226e-09    8.007319416900027e-12
247    6.098287254081153e-09    3.0491436270405764e-09    4.944406429424619e-11
248    5.683725140277068e-09    2.841862570138534e-09    2.5672512119628843e-10
249    4.100035678154812e-09    2.050017839077406e-09    1.0485698522574166e-09
250    0.0    7.763615488334819e-11    3.0209515364514744e-09
251    0.0    3.5882035190337724e-12    3.094999487815789e-09
252    0.0    1.6821179865678104e-13    3.098419479536166e-09
253    0.0    8.020710831613265e-15    3.098579670623991e-09
254    0.0    4.0115480381963664e-16    3.0985872901800188e-09
255    0.0    1.216474837528736e-16    3.098587569687339e-09
256    0.0    3.0574501264091225e-17    3.0985876607603213e-09
257    0.0    3.0357660829594124e-17    3.0985876609771618e-09
258    0.0    6.461844948013606e-17    3.098587626716373e-09
259    0.0    9.150666335777657e-17    3.0985875998281592e-09
260    -0.0    -5.0306980803327406e-17    3.0985877416418034e-09
261    -0.0    -9.063930161978817e-17    3.0985877819741242e-09
262    -0.0    -3.0574501264091225e-17    3.098587721909324e-09
263    0.0    8.326672684688674e-17    3.0985876080680957e-09
264    0.0    1.3487475025719675e-16    3.0985875564600723e-09
265    -0.0    -1.5178830414797062e-18    3.0985876928527056e-09
266    0.0    4.553649124439119e-18    3.0985876867811735e-09
267    0.0    5.984795992119984e-17    3.0985876314868627e-09
268    -0.0    -6.852157730108388e-17    3.0985877598564e-09
269    0.0    9.194034422677078e-17    3.0985875993944784e-09
270    0.0    4.85722573273506e-17    3.0985876427625653e-09
271    0.0    5.811323644522304e-17    3.098587633221586e-09
272    0.0    1.0603497246908233e-16    3.09858758529985e-09
273    0.0    1.1926223897340549e-17    3.0985876794085987e-09
274    -0.0    -1.2902005852577503e-16    3.098587820354881e-09
275    -0.0    -7.632783294297951e-17    3.0985877676626555e-09
276    0.0    7.26415455565288e-17    3.098587618693277e-09
277    0.0    4.119968255444917e-18    3.0985876872148543e-09
278    -0.0    -3.0791341698588326e-17    3.0985877221261643e-09
279    -0.0    -1.431146867680866e-17    3.0985877056462913e-09
280    -0.0    -4.5102810375396984e-17    3.098587736437633e-09
281    0.0    3.230922474006803e-17    3.098587659025598e-09
282    -0.0    -3.599551212651875e-17    3.0985877273303347e-09
283    0.0    1.7997756063259374e-17    3.0985876733370665e-09
284    -0.0    -1.3899471851264167e-16    3.098587830329541e-09
285    -0.0    -6.483528991463317e-17    3.0985877561701125e-09
286    0.0    6.288372600415926e-18    3.09858768504645e-09
287    -0.0    -1.1102230246251565e-16    3.098587802357125e-09
288    0.0    6.938893903907228e-17    3.0985876219458836e-09
289    -0.0    -1.0473392986209973e-16    3.0985877960687525e-09
290    -0.0    -1.2750217548429532e-16    3.098587818836998e-09
291    -0.0    -6.006480035569695e-17    3.098587751399623e-09
292    0.0    7.676151381197371e-17    3.0985876145733088e-09
293    -0.0    -4.3151246464923076e-17    3.098587734486069e-09
294    0.0    5.637851296924623e-18    3.0985876856969713e-09
295    -0.0    -7.068998164605489e-17    3.0985877620248042e-09
296    0.0    7.979727989493313e-17    3.0985876115375427e-09
297    0.0    5.204170427930421e-18    3.098587686130652e-09
298    -0.0    -1.4333152720258369e-16    3.09858783466635e-09
299    -0.0    -2.710505431213761e-17    3.098587718439877e-09
300    -0.0    -5.4643789493269423e-17    3.098587745978612e-09
301    0.0    5.854691731421724e-17    3.0985876327879053e-09
302    0.0    1.231653667943533e-16    3.098587568169456e-09
303    0.0    2.47198095326695e-17    3.098587666615013e-09
304    -0.0    -2.710505431213761e-17    3.098587718439877e-09
305    0.0    2.5587171270657905e-17    3.0985876657476513e-09
306    0.0    7.37257477290143e-18    3.098587683962248e-09
307    -0.0    -4.553649124439119e-18    3.0985876958884717e-09
308    -0.0    -2.216109240560371e-16    3.0985879129457466e-09
309    0.0    1.0625181290357943e-17    3.0985876807096413e-09
310    -0.0    -4.662069341687669e-17    3.098587737955516e-09
311    0.0    9.80118763926896e-17    3.098587593322946e-09
312    -0.0    -7.936359902593892e-17    3.0985877706984216e-09
313    0.0    8.456776945386935e-18    3.0985876828780456e-09
314    -0.0    -5.2475385148298415e-17    3.0985877438102077e-09
315    -0.0    -4.466912950640278e-17    3.098587736003952e-09
316    0.0    4.662069341687669e-17    3.098587644714129e-09
317    -0.0    -8.413408858487514e-17    3.098587775468911e-09
318    -0.0    -3.0357660829594124e-18    3.0985876943705887e-09
319    0.0    8.088148206741863e-17    3.0985876104533405e-09
320    0.0    6.396792817664476e-17    3.0985876273668944e-09
321    0.0    6.5052130349130266e-18    3.0985876848296096e-09
322    0.0    7.41594285980085e-17    3.098587617175394e-09
323    0.0    5.160802341031001e-17    3.098587639726799e-09
324    0.0    8.088148206741863e-17    3.0985876104533405e-09
325    0.0    7.090682208055199e-17    3.0985876204280005e-09
326    0.0    4.7704895589362195e-18    3.098587686564333e-09
327    -0.0    -1.5395670849294163e-17    3.0985877067304934e-09
328    -0.0    -1.5178830414797062e-18    3.0985876928527056e-09
329    0.0    4.445228907190568e-17    3.0985876468825335e-09
330    0.0    4.553649124439119e-18    3.0985876867811735e-09
331    0.0    0.0    3.0985876913348226e-09
332    0.0    4.141652298894627e-17    3.0985876499182996e-09
333    0.0    8.565197162635485e-17    3.098587605682851e-09
334    0.0    1.0364972768961422e-16    3.098587587685095e-09
335    -0.0    -2.8189256484623115e-18    3.0985876941537482e-09
336    0.0    1.437652080715779e-16    3.0985875475696145e-09
337    0.0    3.838075690598686e-17    3.0985876529540657e-09
338    0.0    6.938893903907228e-17    3.0985876219458836e-09
339    -0.0    -9.996344030316351e-17    3.098587791298263e-09
340    0.0    5.139118297581291e-17    3.0985876399436396e-09
341    0.0    5.637851296924623e-17    3.0985876349563096e-09
342    -0.0    -4.662069341687669e-17    3.098587737955516e-09
343    -0.0    -6.852157730108388e-17    3.0985877598564e-09
344    -0.0    -1.1188966420050406e-16    3.0985878032244868e-09
345    -0.0    -2.3852447794681098e-18    3.0985876937200674e-09
346    0.0    4.445228907190568e-17    3.0985876468825335e-09
347    -0.0    -3.3176586478056436e-17    3.098587724511409e-09
348    0.0    7.047314121155779e-17    3.0985876208616814e-09
349    0.0    3.491130995403324e-17    3.0985876564235126e-09
350    -0.0    -5.334274688628682e-17    3.0985877446775695e-09
351    0.0    1.1926223897340549e-17    3.0985876794085987e-09
352    -0.0    -9.107298248878237e-17    3.098587782407805e-09
353    0.0    1.2880321809127793e-16    3.0985875625316045e-09
354    0.0    1.0560129160008813e-16    3.098587585733531e-09
355    0.0    4.9439619065339e-17    3.0985876418952035e-09
356    0.0    2.2768245622195593e-17    3.098587668566577e-09
357    -0.0    -7.48099499014998e-17    3.0985877661447725e-09
358    0.0    6.505213034913027e-17    3.0985876262826922e-09
359    -0.0    -6.440160904563896e-17    3.0985877557364316e-09
360    0.0    1.3444106938820255e-17    3.0985876778907157e-09
361    -0.0    -2.6020852139652106e-17    3.0985877173556747e-09
362    0.0    6.5052130349130266e-18    3.0985876848296096e-09
363    0.0    3.9898639947466563e-17    3.0985876514361826e-09
364    0.0    5.963111948670274e-17    3.098587631703703e-09
365    -0.0    -1.1275702593849246e-17    3.098587702610525e-09
366    -0.0    -4.0766001685454967e-17    3.0985877321008243e-09
367    0.0    6.049848122469115e-17    3.0985876308363414e-09
368    -0.0    -5.204170427930421e-18    3.098587696538993e-09
369    0.0    7.3075226425523e-17    3.098587618259596e-09
370    0.0    3.707971429900425e-17    3.0985876542551083e-09
371    -0.0    -5.5077470362263625e-17    3.098587746412293e-09
372    0.0    6.591949208711867e-17    3.0985876254153305e-09
373    -0.0    -1.1774435593192578e-16    3.0985878090791785e-09
374    0.0    3.9898639947466563e-17    3.0985876514361826e-09
375    0.0    9.085614205428527e-17    3.0985876004786805e-09
376    -0.0    -6.288372600415926e-17    3.0985877542185486e-09
377    -0.0    -3.968179951296946e-17    3.098587731016622e-09
378    0.0    1.474514954580286e-17    3.098587676589673e-09
379    -0.0    -7.546047120499111e-17    3.098587766795294e-09
380    0.0    1.6761765586625899e-16    3.0985875237171667e-09
381    0.0    5.204170427930421e-17    3.0985876392931183e-09
382    0.0    3.122502256758253e-17    3.0985876601098e-09
383    0.0    1.1058862159352145e-17    3.0985876802759604e-09
384    0.0    2.5804011705155006e-17    3.098587665530811e-09
385    -0.0    -3.0357660829594124e-18    3.0985876943705887e-09
386    0.0    1.6479873021779667e-17    3.0985876748549496e-09
387    0.0    7.762887554996212e-17    3.098587613705947e-09
388    -0.0    -8.500145032286355e-17    3.098587776336273e-09
389    0.0    3.968179951296946e-17    3.098587651653023e-09
390    0.0    4.445228907190568e-17    3.0985876468825335e-09
391    -0.0    -9.367506770274758e-17    3.0985877850098903e-09
392    -0.0    -4.401860820291148e-17    3.098587735353431e-09
393    0.0    9.194034422677078e-17    3.0985875993944784e-09
394    0.0    5.746271514173174e-17    3.0985876338721074e-09
395    0.0    1.6609977282477928e-16    3.0985875252350498e-09
396    -0.0    -1.8648277366750676e-17    3.0985877099831e-09
397    0.0    1.1037178115902435e-16    3.0985875809630414e-09
398    -0.0    -1.1188966420050406e-16    3.0985878032244868e-09
399    -0.0    -1.3162214373974024e-16    3.0985878229569663e-09
400    -0.0    -7.806255641895632e-18    3.0985876991410782e-09
401    0.0    1.1058862159352145e-17    3.0985876802759604e-09
402    0.0    7.24247051220317e-17    3.0985876189101175e-09
403    0.0    5.377642775528102e-17    3.098587637558395e-09
404    -0.0    -7.37257477290143e-18    3.0985876987073974e-09
405    0.0    3.664603343001005e-17    3.098587654688789e-09
406    0.0    9.302454639925628e-17    3.098587598310276e-09
407    -0.0    -1.199127602768968e-16    3.098587811247583e-09
408    -0.0    -4.8138576458356397e-17    3.098587739473399e-09
409    -0.0    -9.584347204771859e-17    3.0985877871782946e-09
410    0.0    1.8648277366750676e-17    3.0985876726865452e-09
411    0.0    2.8189256484623115e-17    3.098587663145566e-09
412    -0.0    -1.1882855810441129e-16    3.0985878101633807e-09
413    0.0    1.1037178115902435e-16    3.0985875809630414e-09
414    -0.0    -4.7271214720367993e-17    3.0985877386060373e-09
415    0.0    9.063930161978817e-17    3.098587600695521e-09
416    -0.0    -5.637851296924623e-18    3.098587696972674e-09
417    -0.0    -6.396792817664476e-17    3.0985877553027508e-09
418    0.0    8.673617379884035e-18    3.0985876826612052e-09
419    0.0    2.2768245622195593e-17    3.098587668566577e-09
420    -0.0    -4.445228907190568e-17    3.0985877357871117e-09
421    0.0    2.667137344314341e-17    3.098587664663449e-09
422    -0.0    -5.616167253474913e-17    3.098587747496495e-09
423    0.0    3.859759734048396e-17    3.0985876527372253e-09
424    -0.0    -3.122502256758253e-17    3.098587722559845e-09
425    0.0    2.4936649967166602e-17    3.0985876663981726e-09
426    -0.0    -8.304988641238964e-17    3.098587774384709e-09
427    -0.0    -4.336808689942018e-18    3.0985876956716313e-09
428    -0.0    -7.958043946043603e-17    3.098587770915262e-09
429    0.0    2.1467203015212988e-17    3.0985876698676196e-09
430    -0.0    -1.6263032587282567e-17    3.098587707597855e-09
431    0.0    6.179952383167375e-17    3.0985876295352988e-09
432    -0.0    -2.2139408362154e-16    3.0985879127289062e-09
433    -0.0    -6.982261990806649e-17    3.0985877611574425e-09
434    0.0    2.2985086056692694e-17    3.0985876683497365e-09
435    0.0    9.237402509576498e-17    3.0985875989607975e-09
436    -0.0    -1.214306433183765e-17    3.098587703477887e-09
437    -0.0    -6.288372600415926e-17    3.0985877542185486e-09
438    0.0    6.071532165918825e-17    3.098587630619501e-09
439    0.0    4.575333167888829e-17    3.098587645581491e-09
440    0.0    8.673617379884035e-19    3.098587690467461e-09
441    0.0    8.109832250191573e-17    3.0985876102365e-09
442    -0.0    -5.702903427273753e-17    3.098587748363857e-09
443    -0.0    -4.7704895589362195e-18    3.098587696105312e-09
444    -0.0    -2.927345865710862e-17    3.0985877206082812e-09
445    0.0    1.1926223897340549e-17    3.0985876794085987e-09
446    0.0    1.474514954580286e-17    3.098587676589673e-09
447    -0.0    -3.686287386450715e-18    3.09858769502111e-09
448    -0.0    -1.0234868508263162e-16    3.0985877936835077e-09
449    -0.0    -9.540979117872439e-18    3.0985877008758017e-09
450    -0.0    -5.854691731421724e-17    3.09858774988174e-09
451    0.0    3.447762908503904e-17    3.0985876568571935e-09
452    0.0    1.2793585635328952e-17    3.098587678541237e-09
453    0.0    4.0332320816460765e-17    3.0985876510025018e-09
454    -0.0    -8.023096076392733e-18    3.0985876993579187e-09
455    0.0    1.5829351718288365e-17    3.098587675505471e-09
456    0.0    7.871307772244762e-17    3.098587612621745e-09
457    0.0    7.155734338404329e-17    3.0985876197774792e-09
458    -0.0    -5.0523821237824507e-17    3.098587741858644e-09
459    0.0    6.071532165918825e-18    3.0985876852632904e-09
460    0.0    8.304988641238964e-17    3.098587608284936e-09
461    0.0    8.456776945386935e-18    3.0985876828780456e-09
462    0.0    8.890457814381136e-17    3.0985876024302444e-09
463    0.0    2.3852447794681098e-17    3.098587667482375e-09
464    0.0    9.454242944073599e-17    3.098587596792393e-09
465    0.0    1.1275702593849246e-17    3.09858768005912e-09
466    0.0    1.0625181290357943e-17    3.0985876807096413e-09
467    0.0    5.377642775528102e-17    3.098587637558395e-09
468    -0.0    -1.244664094013359e-16    3.098587815801232e-09
469    0.0    3.664603343001005e-17    3.098587654688789e-09
470    -0.0    -4.445228907190568e-17    3.0985877357871117e-09
471    0.0    4.0766001685454967e-17    3.098587650568821e-09
472    -0.0    -2.47198095326695e-17    3.098587716054632e-09
473    -0.0    -2.3418766925686896e-17    3.0985877147535895e-09
474    -0.0    -2.45029690981724e-17    3.0985877158377917e-09
475    0.0    3.8163916471489756e-17    3.098587653170906e-09
476    0.0    1.3010426069826053e-17    3.0985876783243965e-09
477    0.0    1.973247953923618e-17    3.098587671602343e-09
478    0.0    1.5612511283791264e-17    3.0985876757223113e-09
479    0.0    2.3418766925686896e-17    3.0985876679160557e-09
480    -0.0    -2.5153490401663703e-17    3.098587716488313e-09
481    0.0    8.001412032943023e-17    3.0985876113207023e-09
482    -0.0    -2.42861286636753e-17    3.0985877156209513e-09
483    0.0    1.951563910473908e-18    3.0985876893832587e-09
484    0.0    5.139118297581291e-17    3.0985876399436396e-09
485    0.0    6.071532165918825e-17    3.098587630619501e-09
486    -0.0    -1.1839487723541708e-16    3.0985878097297e-09
487    -0.0    -2.1250362580715887e-17    3.098587712585185e-09
488    0.0    1.0191500421363742e-16    3.0985875894198184e-09
489    -0.0    -3.2526065174565133e-18    3.098587694587429e-09
490    -0.0    -8.001412032943023e-17    3.098587771348943e-09
491    0.0    1.0993810029003015e-16    3.0985875813967223e-09
492    -0.0    -1.6740081543176188e-16    3.098587858735638e-09
493    -0.0    -7.37257477290143e-18    3.0985876987073974e-09
494    0.0    3.46077333457373e-16    3.098587345257489e-09
495    0.0    7.949370328663719e-15    3.098579741964494e-09
496    0.0    1.6806651556566798e-13    3.098419624819257e-09
497    0.0    3.5883650651574728e-12    3.094999326269665e-09
498    0.0    7.763603106746009e-11    3.0209516602673625e-09
499    4.100035367205629e-09    2.0500176836028144e-09    1.0485700077320081e-09
