##q-DeltaF
0.001 11.618400618497994 
0.001696969696969697 11.618400618497994 
0.002393939393939394 11.618400618497994 
0.003090909090909091 11.618400618497994 
0.003787878787878788 11.618400619798457 
0.004484848484848485 11.618399796770495 
0.005181818181818182 11.61840184626227 
0.005878787878787879 11.618401776992858 
0.006575757575757576 11.61840124625852 
0.007272727272727273 11.618400590748578 
0.00796969696969697 11.618401640240645 
0.008666666666666666 11.618405068390647 
0.009363636363636366 11.618415651184076 
0.010060606060606062 11.61844162101954 
0.010757575757575757 11.618492145383833 
0.011454545454545453 11.618592339567504 
0.012151515151515153 11.618771734929295 
0.012848484848484849 11.619065563748757 
0.013545454545454545 11.619523140900178 
0.014242424242424244 11.620205210820474 
0.01493939393939394 11.621176368392385 
0.015636363636363636 11.62251011240587 
0.016333333333333335 11.624290354281534 
0.01703030303030303 11.626602855613763 
0.01772727272727273 11.629540279345003 
0.018424242424242426 11.633196455137325 
0.019121212121212122 11.637668200880297 
0.019818181818181818 11.643051583037746 
0.020515151515151517 11.649446432439111 
0.021212121212121213 11.656949370229995 
0.02190909090909091 11.66566036243675 
0.02260606060606061 11.675677852407935 
0.023303030303030305 11.687091528712045 
0.024 11.700001346117842 
0.0246969696969697 11.714502728571391 
0.025393939393939396 11.73068891051643 
0.02609090909090909 11.748654448398685 
0.02678787878787879 11.768495205620916 
0.027484848484848487 11.790305062778412 
0.028181818181818183 11.814185634837724 
0.02887878787878788 11.840227232865098 
0.029575757575757578 11.868537189942277 
0.030272727272727274 11.899218251385316 
0.03096969696969697 11.932373261206887 
0.03166666666666667 11.968116113454611 
0.032363636363636365 12.006562438158797 
0.03306060606060606 12.047833149117313 
0.03375757575757576 12.092053171700083 
0.03445454545454546 12.139362578082082 
0.035151515151515156 12.189899409731513 
0.03584848484848485 12.243815545982018 
0.03654545454545455 12.301278555397591 
0.037242424242424244 12.362455853120954 
0.03793939393939394 12.427538673572688 
0.038636363636363635 12.496722903194055 
0.03933333333333334 12.570232327195454 
0.040030303030303034 12.648292929644764 
0.04072727272727273 12.731171980185552 
0.041424242424242426 12.819135974125539 
0.04212121212121212 12.91249533115857 
0.04281818181818182 13.011579291423097 
0.04351515151515152 13.116749412640624 
0.044212121212121216 13.228413909868468 
0.04490909090909091 13.347006350416223 
0.04560606060606061 13.473021234000496 
0.046303030303030304 13.606998077306034 
0.047 13.749541046117699 
0.047696969696969696 13.901318264675657 
0.0483939393939394 14.063094088870471 
0.049090909090909095 14.235713051776038 
0.04978787878787879 14.420130178873459 
0.05048484848484849 14.617438325590662 
0.05118181818181818 14.828875866333757 
0.05187878787878788 15.055859022050877 
0.05257575757575758 15.30002088003371 
0.05327272727272728 15.563258177930129 
0.05396969696969697 15.847753063275485 
0.05466666666666667 16.156106867220323 
0.055363636363636365 16.491359124439626 
0.05606060606060606 16.857146566348387 
0.05675757575757576 17.257831106315425 
0.05745454545454546 17.698733236725115 
0.058151515151515155 18.186347366914084 
0.05884848484848485 18.728804578735254 
0.05954545454545455 19.336333301888025 
0.06024242424242424 20.02205291964219 
0.06093939393939394 20.803175500468218 
0.06163636363636364 21.702668349129286 
0.06233333333333334 22.75212251120716 
0.06303030303030303 23.99631978777072 
0.06372727272727273 25.50130378415458 
0.06442424242424243 27.36938287889612 
0.06512121212121212 29.769624853897263 
0.06581818181818182 33.00634497763169 
0.06651515151515151 37.70052156610916 
0.06721212121212121 45.39621094797101 
0.06790909090909092 61.68307673764023 
0.06860606060606061 139.58048103574944 
0.06930303030303031 101.02332954550444 
0.07 88.1171053231213 
