0.001 0.15912779211901174 
0.001413793103448276 0.15907111197113655 
0.0018275862068965517 0.15867390657198419 
0.0022413793103448275 0.1574394676295639 
0.0026551724137931034 0.1549300285715588 
0.0030689655172413794 0.1509154265835167 
0.003482758620689655 0.14535382281755288 
0.003896551724137931 0.1383199464084657 
0.004310344827586207 0.12994451680746577 
0.004724137931034483 0.12037669114594002 
0.005137931034482759 0.10976415193066157 
0.005551724137931035 0.09824385447640335 
0.00596551724137931 0.08593856710517163 
0.006379310344827586 0.07295633919257825 
0.006793103448275862 0.05939133564194366 
0.007206896551724138 0.04532521168625437 
0.007620689655172414 0.030828636583228423 
0.00803448275862069 0.015962760545315202 
0.008448275862068966 0.0009813382958898252 
0.00886206896551724 -6.470272872290654e-06 
0.009275862068965517 -3.5357678147818373e-06 
0.009689655172413793 -1.928353493803625e-06 
0.01010344827586207 -1.0497620621732505e-06 
0.010517241379310344 -5.705073344231216e-07 
0.01093103448275862 -3.0960459002230375e-07 
0.011344827586206897 -1.6778407836389897e-07 
0.01175862068965517 -9.074577573464204e-08 
0.012172413793103447 -4.9093487710211267e-08 
0.012586206896551724 -2.6516473183694592e-08 
0.013 -1.4283417353510552e-08 
