##kBT-\Delta
0.18 0.15566563521060886
0.180066889632107 0.1553263149750017
0.18013377926421403 0.15498603734343502
0.18020066889632105 0.15464479608371595
0.18026755852842807 0.15430258488631432
0.18033444816053512 0.1539593970685449
0.18040133779264214 0.15361522627095872
0.18046822742474916 0.1532700656545396
0.18053511705685618 0.1529239086042099
0.1806020066889632 0.15257674842261384
0.18066889632107022 0.1522285780300918
0.18073578595317724 0.15187939056596633
0.18080267558528426 0.15152917898376952
0.1808695652173913 0.15117793625006978
0.18093645484949833 0.1508256549457686
0.18100334448160535 0.1504723278621538
0.18107023411371237 0.150117947599739
0.1811371237458194 0.14976250676643976
0.1812040133779264 0.1494059975770158
0.18127090301003343 0.14904841245108463
0.18133779264214045 0.14868974361073256
0.1814046822742475 0.1483299831791932
0.18147157190635452 0.1479691231790718
0.18153846153846154 0.14760715553052506
0.18160535117056856 0.1472440720494005
0.18167224080267558 0.14687986454521004
0.1817391304347826 0.14651452441954263
0.18180602006688962 0.1461480432637992
0.18187290969899664 0.14578041245708684
0.18193979933110369 0.14541162326421592
0.1820066889632107 0.145041666733461
0.18207357859531773 0.14467053409444924
0.18214046822742475 0.144298216156149
0.18220735785953177 0.14392470370422147
0.18227424749163879 0.14354998739877733
0.1823411371237458 0.14317405777195666
0.18240802675585283 0.14279690522544985
0.18247491638795987 0.14241852002795424
0.1825418060200669 0.1420388922116495
0.1826086956521739 0.14165801197217812
0.18267558528428093 0.14127586906335615
0.18274247491638795 0.14089245309489476
0.18280936454849497 0.14050775382932476
0.182876254180602 0.14012176058117176
0.182943143812709 0.13973446251080268
0.18301003344481606 0.13934584892278926
0.18307692307692308 0.13895590866412905
0.1831438127090301 0.1385646304168754
0.18321070234113712 0.13817200300064036
0.18327759197324414 0.13777801466270012
0.18334448160535116 0.1373826537806556
0.18341137123745818 0.13698590855255424
0.1834782608695652 0.1365877666994712
0.18354515050167225 0.13618821615634813
0.18361204013377927 0.13578724427076896
0.1836789297658863 0.1353848384990395
0.1837458193979933 0.1349809861003644
0.18381270903010033 0.13457567383321337
0.18387959866220735 0.134168888552329
0.18394648829431437 0.13376061680221302
0.1840133779264214 0.1333508449132001
0.18408026755852844 0.13293955899663326
0.18414715719063546 0.1325267449398995
0.18421404682274248 0.13211238840131784
0.1842809364548495 0.13169647480487703
0.18434782608695652 0.13127898933481705
0.18441471571906354 0.13085991693004914
0.18448160535117056 0.13043924227840364
0.18454849498327758 0.13001694981070894
0.18461538461538463 0.12959302369468428
0.18468227424749165 0.12916744782864775
0.18474916387959867 0.12874020573406533
0.18481605351170569 0.12831128095159183
0.1848829431438127 0.1278806563315096
0.18494983277591973 0.12744831482638072
0.18501672240802675 0.12701423878716087
0.18508361204013377 0.12657841025063118
0.18515050167224079 0.12614081113671194
0.18521739130434783 0.12570142303542206
0.18528428093645485 0.12526022690295685
0.18535117056856187 0.1248172036502574
0.1854180602006689 0.12437233383437964
0.1854849498327759 0.1239255973505068
0.18555183946488293 0.12347697402172643
0.18561872909698995 0.12302644318893556
0.185685618729097 0.12257398380092363
0.18575250836120402 0.12211957440383257
0.18581939799331104 0.12166319313025031
0.18588628762541806 0.12120481768792149
0.18595317725752508 0.12074442524753501
0.1860200668896321 0.12028199283181976
0.18608695652173912 0.11981749670235069
0.18615384615384614 0.11935091264542226
0.18622073578595316 0.1188822162609834
0.1862876254180602 0.11841138224610484
0.18635451505016723 0.1179383850829202
0.18642140468227425 0.11746319872106284
0.18648829431438127 0.11698579626425383
0.1865551839464883 0.11650615055313261
0.1866220735785953 0.11602423374830705
0.18668896321070233 0.11554001741314408
0.18675585284280935 0.11505347249561444
0.1868227424749164 0.11456456930941765
0.18688963210702342 0.11407327741378215
0.18695652173913044 0.11357956599436185
0.18702341137123746 0.11308340314100017
0.18709030100334448 0.11258475662517069
0.1871571906354515 0.1120835930784119
0.18722408026755852 0.11157987866727864
0.18729096989966554 0.11107357866835722
0.18735785953177259 0.11056465754252691
0.1874247491638796 0.11005307890778827
0.18749163879598663 0.10953880551091749
0.18755852842809365 0.10902179919788275
0.18762541806020067 0.10850202078245784
0.18769230769230769 0.10797943041464027
0.1877591973244147 0.10745398684647169
0.18782608695652173 0.10692564809729294
0.18789297658862877 0.10639437101613532
0.1879598662207358 0.10586011134363159
0.18802675585284281 0.10532282367161915
0.18809364548494983 0.10478246130070924
0.18816053511705685 0.10423897659530203
0.18822742474916387 0.10369232023885351
0.1882943143812709 0.10314244188321106
0.18836120401337791 0.10258928969824543
0.18842809364548496 0.10203281041823659
0.18849498327759198 0.10147294928542237
0.188561872909699 0.10090964989003164
0.18862876254180602 0.10034285440881177
0.18869565217391304 0.0997725032382533
0.18876254180602006 0.09919853502619967
0.18882943143812708 0.09862088659897214
0.1888963210702341 0.0980394927844261
0.18896321070234115 0.0974542867299341
0.18903010033444817 0.09686519911847111
0.1890969899665552 0.09627215867697508
0.1891638795986622 0.09567509208123678
0.18923076923076923 0.09507392325503096
0.18929765886287625 0.09446857396264949
0.18936454849498327 0.09385896329594616
0.1894314381270903 0.09324500755383841
0.18949832775919734 0.09262662041543436
0.18956521739130436 0.09200371250402405
0.18963210702341138 0.09137619124400638
0.1896989966555184 0.09074396110690737
0.18976588628762542 0.09010692264976146
0.18983277591973244 0.08946497344112239
0.18989966555183946 0.08881800677611901
0.18996655518394648 0.08816591217921357
0.1900334448160535 0.0875085751932988
0.19010033444816055 0.08684587645407921
0.19016722408026757 0.0861776925494002
0.1902341137123746 0.08550389455957143
0.1903010033444816 0.08482434898067692
0.19036789297658863 0.08413891632659293
0.19043478260869565 0.08344745150778862
0.19050167224080267 0.08274980328788545
0.19056856187290971 0.08204581401050877
0.19063545150501673 0.08133531899893742
0.19070234113712375 0.08061814612303472
0.19076923076923077 0.0798941155290985
0.1908361204013378 0.07916303903267985
0.19090301003344481 0.0784247195669594
0.19096989966555183 0.07767895068257195
0.19103678929765885 0.07692551559658223
0.19110367892976587 0.07616418678004441
0.19117056856187292 0.07539472508162512
0.19123745819397994 0.07461687877758456
0.19130434782608696 0.07383038304015084
0.19137123745819398 0.07303495831484404
0.191438127090301 0.07223030949387514
0.19150501672240802 0.07141612487569517
0.19157190635451504 0.07059207439256299
0.1916387959866221 0.06975780849138022
0.1917056856187291 0.06891295604702007
0.19177257525083613 0.06805712288416692
0.19183946488294315 0.06718988928331217
0.19190635451505017 0.06631080783494539
0.1919732441471572 0.06541940100980917
0.1920401337792642 0.06451515789624816
0.19210702341137123 0.06359753095669525
0.19217391304347825 0.06266593203776849
0.1922408026755853 0.06171973357416655
0.19230769230769232 0.06075825296972042
0.19237458193979934 0.05978075325561136
0.19244147157190636 0.05878643794009661
0.19250836120401338 0.05777444280275354
0.1925752508361204 0.056743827991349284
0.19264214046822742 0.05569356907866013
0.19270903010033447 0.05462254698460748
0.1927759197324415 0.05352953669680123
0.1928428093645485 0.05241319477835882
0.19290969899665553 0.05127204575143028
0.19297658862876255 0.050104467611083135
0.19304347826086957 0.04890867698949145
0.1931103678929766 0.04768271489900668
0.1931772575250836 0.04642443459334138
0.19324414715719063 0.045131493971897196
0.19331103678929767 0.04380135619736889
0.1933779264214047 0.04243130388370348
0.19344481605351171 0.04101847439328123
0.19351170568561873 0.03955992642876805
0.19357859531772575 0.03805275101233396
0.19364548494983277 0.036494242598759496
0.1937123745819398 0.034882147470459174
0.19377926421404681 0.03321500506243366
0.19384615384615386 0.03149259112508346
0.19391304347826088 0.029716456936134856
0.1939799331103679 0.027890533982331208
0.19404682274247492 0.026021738915981574
0.19411371237458194 0.02412047429047793
0.19418060200668896 0.022200888543855865
0.19424749163879598 0.020280751852819506
0.194314381270903 0.018380840750602877
0.19438127090301005 0.01652381075093029
0.19444816053511707 0.014732657805576406
0.1945150501672241 0.013028988099117594
0.1945819397993311 0.01143138411971881
0.19464882943143813 0.009954141380471071
0.19471571906354515 0.008606557698713293
0.19478260869565217 0.007392822554166794
0.1948494983277592 0.006312427734739034
0.19491638795986624 0.005360939849533125
0.19498327759197326 0.0045309520258323965
0.19505016722408028 0.0038130549412671464
0.1951170568561873 0.003196714464416865
0.19518394648829432 0.002670994203787366
0.19525083612040134 0.0022251033840571606
0.19531772575250836 0.0018487788785681593
0.19538461538461538 0.0015325256104018101
0.19545150501672243 0.0012677451012985963
0.19551839464882945 0.0010467813263848051
0.19558528428093647 0.0008629092091626993
0.1956521739130435 0.0007102861097588275
0.1957190635451505 0.0005838817194014107
0.19578595317725753 0.0004793974615915373
0.19585284280936455 0.00039318301655029485
0.19591973244147157 0.0003221549202328259
0.1959866220735786 0.0002637202355150926
0.19605351170568563 0.00021570691366275122
0.19612040133779265 0.00017630152534422333
0.19618729096989967 0.00014399442736272772
0.1962541806020067 0.00011753205173129905
0.19632107023411371 9.587578699397037e-05
0.19638795986622073 7.816681534124185e-05
0.19645484949832775 6.369623515048508e-05
0.1965217391304348 5.1879810283077406e-05
0.19658862876254182 4.2236726216411435e-05
0.19665551839464884 3.4371786300649225e-05
0.19672240802675586 2.7960540797291477e-05
0.19678929765886288 2.273690156905047e-05
0.1968561872909699 1.848285310813902e-05
0.19692307692307692 1.5019924178368914e-05
0.19698996655518394 1.2202132807131575e-05
0.19705685618729096 9.910160401404158e-06
0.197123745819398 8.046548463363102e-06
0.19719063545150503 6.531744053209346e-06
0.19725752508361205 5.30084821672107e-06
0.19732441471571907 4.300945541661822e-06
0.1973913043478261 3.4889133163438024e-06
0.1974581939799331 2.8296259034275293e-06
0.19752508361204013 2.294484346174734e-06
0.19759197324414718 1.8602132859743738e-06
0.1976588628762542 1.507877338448313e-06
0.19772575250836122 1.2220774567065742e-06
0.19779264214046824 9.90294771384697e-07
0.19785953177257526 8.023551646332748e-07
0.19792642140468228 6.499926065147161e-07
0.1979933110367893 5.264932213003039e-07
0.19806020066889632 4.2640529895404763e-07
0.19812709030100334 3.453031408116198e-07
0.1981939799331104 2.795948269921656e-07
0.1982608695652174 2.2636579886069372e-07
0.19832775919732443 1.8325163111770975e-07
0.19839464882943145 1.4833458268967866e-07
0.19846153846153847 1.2005950983356136e-07
0.1985284280936455 9.71655386822597e-08
0.1985953177257525 7.863055991852446e-08
0.19866220735785955 6.362615183114737e-08
0.19872909698996657 5.1480981980772223e-08
0.1987959866220736 4.165110007701117e-08
0.19886287625418061 3.369583011527834e-08
0.19892976588628764 2.725821069986304e-08
0.19899665551839466 2.2049128850122472e-08
0.19906354515050168 1.7834452372567896e-08
0.1991304347826087 1.4424596061204856e-08
0.19919732441471572 1.2532099350364509e-08
0.19926421404682276 1.2411676875404008e-08
0.19933110367892978 1.2258796371388701e-08
0.1993979933110368 1.2070724754019984e-08
0.19946488294314382 1.1945120055550818e-08
0.19953177257525084 1.1779475331660914e-08
0.19959866220735786 1.157169734629129e-08
0.19966555183946488 1.1419583254806435e-08
0.19973244147157193 1.1321025544864436e-08
0.19979933110367895 1.1174285046666385e-08
0.19986622073578597 1.1077488879766265e-08
0.199933110367893 1.0928774690676532e-08
0.2 1.0826659537350463e-08
