##kBT-xi-mu
0.001 10.094490250194376 -1.6123236892366555 
0.001 10783989989.200344 -1.6180338308331563 
0.001 3251632911.4800706 -1.6180338308331563 
0.001 1149219579.4607098 -1.6180338308331563 
0.001 2.066024335409029 -1.585743666901545 
0.001 5027363117.697246 -1.6180338308331563 
0.001 2175657999.88758 -1.6180338308331563 
0.001 1.1920563301546292 -1.5897889809726622 
0.001 1.0434326552392992 -1.597998347884277 
0.001 0.9283504899630333 -1.6095631002681334 
0.001 2384921695.8999615 -1.6180338308331563 
0.001 1265563472.4555717 -1.6180338308331563 
0.001 0.7009044512915784 -1.662649266175868 
0.001 0.649090835665785 -1.6857931787410052 
0.001 0.604894650504076 -1.7113124761759535 
0.001 1797705654.2881882 -1.6180338308331563 
0.001 0.533469232307955 -1.7686922510591108 
0.001 0.5041787175839285 -1.8001914452645 
0.001 0.47818621687965374 -1.833345512118831 
0.001 0.4549537590652693 -1.8680082400824178 
0.001 0.43405412403246757 -1.9040466827282216 
0.001 0.41514435956157875 -1.9413403755534095 
0.001 0.39794574724453535 -1.9797804108049606 
0.001 0.3822296628680686 -2.0192684783192822 
0.001 0.3678067910137568 -2.059715897298884 
0.001 0.3545191317222583 -2.101042696424702 
0.001 0.3422337648856107 -2.1431767385278357 
0.001 0.33083772107147374 -2.186052923806711 
0.001 0.32023520656570237 -2.229612449687557 
0.001 0.31034334700639876 -2.273802154517034 
0.001 0.30109079694182156 -2.318573921674397 
0.001 0.292415859833497 -2.3638841403269906 
0.001 0.2842643248623666 -2.4096932311367714 
0.001 0.2765888336538941 -2.455965224833926 
0.001 0.26934786552560824 -2.502667386105168 
0.001 0.26250424545199497 -2.5497698722232602 
0.001 0.2560254828628135 -2.597245443033171 
0.001 0.24988208471813228 -2.6450691951060437 
0.001 0.24404833057403075 -2.6932183230819655 
0.001 0.23850053609907282 -2.741671918774955 
0.001 0.233217815238116 -2.790410779340892 
0.001 0.22818104463608244 -2.8394172426342266 
0.001 0.22337306639781634 -2.888675045222044 
0.001 0.21877818762175433 -2.938169189461041 
0.001 0.21438254287297484 -2.9878858181269603 
0.001 0.2101727771161402 -3.0378121237852618 
0.001 0.20613743233924572 -3.0879362415464136 
0.001 0.20226546791462374 -3.138247176562435 
0.001 0.198546965656581 -3.18873471490806 
0.001 0.1949730028962838 -3.239389367692638 
