0.001 nan 
0.00301010101010101 nan 
0.00502020202020202 nan 
0.00703030303030303 nan 
0.00904040404040404 nan 
0.01105050505050505 nan 
0.01306060606060606 nan 
0.015070707070707071 nan 
0.017080808080808082 nan 
0.019090909090909092 nan 
0.021101010101010103 nan 
0.023111111111111114 nan 
0.02512121212121212 nan 
0.02713131313131313 nan 
0.02914141414141414 nan 
0.031151515151515152 nan 
0.03316161616161616 nan 
0.03517171717171717 nan 
0.037181818181818184 nan 
0.039191919191919194 nan 
0.041202020202020205 nan 
0.043212121212121216 nan 
0.045222222222222226 nan 
0.04723232323232324 nan 
0.04924242424242424 nan 
0.05125252525252525 nan 
0.05326262626262626 nan 
0.05527272727272727 inf 
0.05728282828282828 nan 
0.05929292929292929 22505771.810272835 
0.061303030303030304 inf 
0.06331313131313131 inf 
0.06532323232323232 inf 
0.06733333333333333 inf 
0.06934343434343435 inf 
0.07135353535353535 nan 
0.07336363636363637 inf 
0.07537373737373737 inf 
0.07738383838383839 inf 
0.07939393939393939 6292272.072020655 
0.08140404040404041 nan 
0.08341414141414141 inf 
0.08542424242424243 5118414.5814225925 
0.08743434343434343 inf 
0.08944444444444445 nan 
0.09145454545454546 inf 
0.09346464646464647 inf 
0.09547474747474748 inf 
0.09748484848484848 inf 
0.0994949494949495 nan 
0.1015050505050505 nan 
0.10351515151515152 3199320.228780069 
0.10552525252525252 nan 
0.10753535353535354 inf 
0.10954545454545454 2813545.1431765514 
0.11155555555555556 51337.54746995825 
0.11356565656565656 0.6454321655027762 
0.11557575757575758 0.18197023778194446 
0.11758585858585859 0.15281719287289047 
0.1195959595959596 0.13904365642460853 
0.1216060606060606 0.1303354280263413 
0.12361616161616162 0.12407011438556312 
0.1256262626262626 0.11922018276302046 
0.12763636363636363 0.11528610876044307 
0.12964646464646465 0.11199045278640433 
0.13165656565656567 0.10916432354508131 
0.13366666666666666 0.10669777362727563 
0.13567676767676767 0.10451541556674279 
0.1376868686868687 0.10256340826700143 
0.1396969696969697 0.10080198390996709 
0.1417070707070707 0.0992009542574411 
0.14371717171717172 0.09773684844834588 
0.14572727272727273 0.09639106106841618 
0.14773737373737375 0.09514858826987287 
0.14974747474747474 0.09399713816732917 
0.15175757575757576 0.09292651646880333 
0.15376767676767678 0.09192816895710731 
0.1557777777777778 0.09099484026937685 
0.15778787878787878 0.09012031788566618 
0.1597979797979798 0.08929924725745778 
0.16180808080808082 0.0885269689775924 
0.1638181818181818 0.08779918111809186 
0.16582828282828282 0.08711296893876404 
0.16783838383838384 0.08646447773855673 
0.16984848484848486 0.0858511060133631 
0.17185858585858585 0.08527032189694347 
0.17386868686868687 0.08471985332690805 
0.17587878787878788 0.08419765409892775 
0.1778888888888889 0.08370187044082401 
0.1798989898989899 0.0832308192295925 
0.1819090909090909 0.0827829700064485 
0.18391919191919193 0.08235692376478733 
0.18592929292929294 0.08195131066457564 
0.18793939393939393 0.08156515091077562 
0.18994949494949495 0.08119721589185121 
0.19195959595959597 0.08084561534767142 
0.19396969696969696 0.08526029396525822 
0.19597979797979798 5.155393022743082 
0.197989898989899 2574.492823163743 
0.2 inf 
