0    0.0    0.0030776563911331725    0.011876411689895856
1    0.0    0.0030409397285682694    0.011913128352460759
2    0.0    0.003082636637392558    0.01187143144363647
3    0.0    0.003154737489918652    0.011799330591110376
4    0.0    0.0032513915511019616    0.011702676529927066
5    0.0    0.0033706966134322914    0.011583371467596738
6    0.0    0.0035221368155343843    0.011431931265494643
7    0.0    0.0037184139967681926    0.011235654084260836
8    0.0    0.003999117052533869    0.010954951028495159
9    0.0    0.004480556702136462    0.010473511378892566
10    0.006104744258005084    0.006104744258005084    0.008849323823023943
11    0.006761925084370821    0.006761925084370821    0.008192142996658207
12    0.007217622550630938    0.007217622550630938    0.00773644553039809
13    0.007579719595643182    0.007579719595643182    0.007374348485385846
14    0.007889393590342648    0.007889393590342648    0.00706467449068638
15    0.008161381100527816    0.008161381100527816    0.006792686980501212
16    0.00840855993400532    0.00840855993400532    0.006545508147023708
17    0.008634067883157093    0.008634067883157093    0.006320000197871935
18    0.008844837834686094    0.008844837834686094    0.006109230246342934
19    0.009040882371977052    0.009040882371977052    0.0059131857090519765
20    0.009227041978954305    0.009227041978954305    0.005727026102074723
21    0.0094021879886292    0.0094021879886292    0.005551880092399828
22    0.009570178272684639    0.009570178272684639    0.005383889808344389
23    0.009729410493461632    0.009729410493461632    0.005224657587567396
24    0.009883179690694972    0.009883179690694972    0.005070888390334056
25    0.010029687621893742    0.010029687621893742    0.004924380459135286
26    0.010171855297522188    0.010171855297522188    0.00478221278350684
27    0.01030782145402381    0.01030782145402381    0.004646246627005218
28    0.010440229059848259    0.010440229059848259    0.004513839021180769
29    0.010567223877662613    0.010567223877662613    0.004386844203366415
30    0.010691224447074604    0.010691224447074604    0.004262843633954424
31    0.010810423092603966    0.010810423092603966    0.004143644988425062
32    0.010927046282591503    0.010927046282591503    0.004027021798437525
33    0.011039356277235264    0.011039356277235264    0.003914711803793764
34    0.011149408372501406    0.011149408372501406    0.003804659708527622
35    0.01125554896134157    0.01125554896134157    0.0036985191196874587
36    0.011359676529463326    0.011359676529463326    0.0035943915515657017
37    0.011460230283191323    0.011460230283191323    0.0034938377978377053
38    0.011558962358267035    0.011558962358267035    0.0033951057227619933
39    0.011654409976719805    0.011654409976719805    0.003299658104309223
40    0.01174818696808468    0.01174818696808468    0.0032058811129443473
41    0.011838931488714698    0.011838931488714698    0.0031151365923143305
42    0.01192812556260883    0.01192812556260883    0.0030259425184201976
43    0.012014509647071313    0.012014509647071313    0.0029395584339577153
44    0.012099439450080945    0.012099439450080945    0.0028546286309480834
45    0.012181758010371071    0.012181758010371071    0.002772310070657957
46    0.012262699531728986    0.012262699531728986    0.0026913685493000425
47    0.012341209135567802    0.012341209135567802    0.002612858945461226
48    0.012418403869717223    0.012418403869717223    0.002535664211311805
49    0.012493329868828403    0.012493329868828403    0.0024607382122006256
50    0.012566991049560945    0.012566991049560945    0.002387077031468083
51    0.01263853306535563    0.01263853306535563    0.002315535015673399
52    0.01270885049620717    0.01270885049620717    0.0022452175848218583
53    0.012777186699274209    0.012777186699274209    0.002176881381754819
54    0.012844330544785957    0.012844330544785957    0.002109737536243071
55    0.012909621034446438    0.012909621034446438    0.00204444704658259
56    0.01297374483052406    0.01297374483052406    0.0019803232505049683
57    0.013036134333273448    0.013036134333273448    0.0019179337477555798
58    0.013097377402698387    0.013097377402698387    0.001856690678330641
59    0.013156997448463445    0.013156997448463445    0.0017970706325655828
60    0.013215486857686132    0.013215486857686132    0.0017385812233428957
61    0.013272457551021508    0.013272457551021508    0.0016816105300075206
62    0.013328309709250035    0.013328309709250035    0.0016257583717789927
63    0.013382741182964307    0.013382741182964307    0.0015713268980647212
64    0.013436063159465685    0.013436063159465685    0.0015180049215633429
65    0.013488056776818408    0.013488056776818408    0.00146601130421062
66    0.013538947394151051    0.013538947394151051    0.001415120686877977
67    0.01358859675020426    0.01358859675020426    0.0013654713308247687
68    0.013637147497744135    0.013637147497744135    0.0013169205832848935
69    0.01368453925893217    0.01368453925893217    0.0012695288220968583
70    0.013730835061118883    0.013730835061118883    0.0012232330199101454
71    0.013776049673500849    0.013776049673500849    0.001178018407528179
72    0.013820169539765857    0.013820169539765857    0.001133898541263171
73    0.01386328182992794    0.01386328182992794    0.0010907862511010877
74    0.013905299407598376    0.013905299407598376    0.0010487686734306518
75    0.013946379095200676    0.013946379095200676    0.0010076889858283526
76    0.013986363142320025    0.013986363142320025    0.0009677049387090027
77    0.014025475279475732    0.014025475279475732    0.0009285928015532966
78    0.014063490071125095    0.014063490071125095    0.0008905780099039331
79    0.014100695420815703    0.014100695420815703    0.0008533726602133248
80    0.014136801099891369    0.014136801099891369    0.0008172669811376595
81    0.01417215646330556    0.01417215646330556    0.0007819116177234676
82    0.014206409344651918    0.014206409344651918    0.0007476587363771103
83    0.01423996784549804    0.01423996784549804    0.0007141002355309876
84    0.014272420680654981    0.014272420680654981    0.0006816474003740469
85    0.014304232013038565    0.014304232013038565    0.0006498360679904631
86    0.014334934221566542    0.014334934221566542    0.0006191338594624864
87    0.01436504486685772    0.01436504486685772    0.0005890232141713084
88    0.014394042739158706    0.014394042739158706    0.0005600253418703224
89    0.014422496156338668    0.014422496156338668    0.0005315719246903605
90    0.014449833032044388    0.014449833032044388    0.0005042350489846397
91    0.014476669825256056    0.014476669825256056    0.00047739825577297265
92    0.01450238625057665    0.01450238625057665    0.00045168183045237766
93    0.014527644316988773    0.014527644316988773    0.0004264237640402551
94    0.0145517781838507    0.0145517781838507    0.0004022898971783283
95    0.014575492844438638    0.014575492844438638    0.0003785752365903904
96    0.014598079513789062    0.014598079513789062    0.0003559885672399666
97    0.014620283629217043    0.014620283629217043    0.00033378445181198556
98    0.01464135604048894    0.01464135604048894    0.00031271204054008836
99    0.014662080113938113    0.014662080113938113    0.0002919879670909148
100    0.01468166888235866    0.01468166888235866    0.0002723991986703679
101    0.014700941150854567    0.014700941150854567    0.0002531269301744611
102    0.014719074654025947    0.014719074654025947    0.0002349934270030815
103    0.014736921169585426    0.014736921169585426    0.00021714691144360254
104    0.014753625624538778    0.014753625624538778    0.00020044245649025044
105    0.014770070326257028    0.014770070326257028    0.0001839977547720001
106    0.014785369858006889    0.014785369858006889    0.00016869822302213906
107    0.014800434636030473    0.014800434636030473    0.0001536334449985556
108    0.014814351338499579    0.014814351338499579    0.00013971674252944918
109    0.014828056090701126    0.014828056090701126    0.0001260119903279018
110    0.014840610080755144    0.014840610080755144    0.00011345800027388366
111    0.014852972762792079    0.014852972762792079    0.00010109531823694964
112    0.014864182228015112    0.014864182228015112    8.988585301391606e-05
113    0.014875218897361802    0.014875218897361802    7.884918366722615e-05
114    0.01488510013810472    0.01488510013810472    6.896794292430772e-05
115    0.014894824992553778    0.014894824992553778    5.9243088475250186e-05
116    0.014903392458709917    0.014903392458709917    5.06756223191112e-05
117    0.014911817869764784    0.014911817869764784    4.2250211264244567e-05
118    0.01491908419265477    0.01491908419265477    3.498388837425842e-05
119    0.014926220734167496    0.014926220734167496    2.78473468615318e-05
120    0.014932196753852068    0.014932196753852068    2.1871327176960567e-05
121    0.014938053226202641    0.014938053226202641    1.6014854826386718e-05
122    0.014942748014492076    0.014942748014492076    1.1320066536951723e-05
123    0.014947331464555116    0.014947331464555116    6.736616473912091e-06
124    0.014950752343930234    0.014950752343930234    3.3157370987937224e-06
125    0.014954068081029028    0.014954068081029028    0.0
126    0.014956220639648648    0.014956220639648648    2.1525586196193686e-06
127    0.014958272247653613    0.014958272247653613    4.204166624584629e-06
128    0.014959160350583207    0.014959160350583207    5.092269554179268e-06
129    0.014959949696272236    0.014959949696272236    5.881615243208058e-06
130    0.014959575493032708    0.014959575493032708    5.507412003679518e-06
131    0.01495910273080066    0.01495910273080066    5.03464977163158e-06
132    0.0149574666592974    0.0149574666592974    3.3985782683723653e-06
133    0.014955730232263303    0.014955730232263303    1.6621512342746003e-06
134    0.014952831019126369    0.014952831019126369    1.2370619026595003e-06
135    0.014949827656654436    0.014949827656654436    4.240424374591864e-06
136    0.014945662313989635    0.014945662313989635    8.40576703939333e-06
137    0.014941387025609768    0.014941387025609768    1.2681055419259957e-05
138    0.014935950844121535    0.014935950844121535    1.811723690749341e-05
139    0.014930396909798341    0.014930396909798341    2.367117123068703e-05
140    0.014923683448217834    0.014923683448217834    3.038463281119369e-05
141    0.014916842404891231    0.014916842404891231    3.72256761377969e-05
142    0.014908843475605197    0.014908843475605197    4.522460542383082e-05
143    0.014900705099879119    0.014900705099879119    5.336298114990909e-05
144    0.01489141075061711    0.01489141075061711    6.2657330411919e-05
145    0.014881963037441397    0.014881963037441397    7.210504358763116e-05
146    0.01487136152884674    0.01487136152884674    8.270655218228784e-05
147    0.014860590665996284    0.014860590665996284    9.347741503274408e-05
148    0.014848668444847325    0.014848668444847325    0.00010539963618170362
149    0.014836558782952067    0.014836558782952067    0.0001175092980769607
150    0.014823300450768398    0.014823300450768398    0.00013076763026063053
151    0.014809834468599634    0.014809834468599634    0.0001442336124293942
152    0.014795222745298998    0.014795222745298998    0.00015884533573003005
153    0.014780381009956874    0.014780381009956874    0.00017368707107215386
154    0.014764396692176456    0.014764396692176456    0.0001896713888525723
155    0.014748157813761362    0.014748157813761362    0.00020591026726766645
156    0.01473077972737717    0.01473077972737717    0.0002232883536518581
157    0.014713120307642763    0.014713120307642763    0.0002409477733862648
158    0.014694325253943845    0.014694325253943845    0.00025974282708518363
159    0.014675219828350817    0.014675219828350817    0.00027884825267821163
160    0.014654982523227328    0.014654982523227328    0.00029908555780169994
161    0.01463440349570659    0.01463440349570659    0.00031966458532243884
162    0.014612696501096764    0.014612696501096764    0.0003413715799322637
163    0.014590614070712746    0.014590614070712746    0.0003634540103162817
164    0.014567407717424924    0.014567407717424924    0.0003866603636041039
165    0.014543789795983945    0.014543789795983945    0.00041027828504508305
166    0.01451905209685139    0.01451905209685139    0.00043501598417763736
167    0.014493864216336715    0.014493864216336715    0.0004602038646923136
168    0.014467560768480974    0.014467560768480974    0.000486507312548054
169    0.014440765976988325    0.014440765976988325    0.0005133021040407033
170    0.014412859851744703    0.014412859851744703    0.0005412082292843255
171    0.01438441859636118    0.01438441859636118    0.0005696494846678477
172    0.014354870215158444    0.014354870215158444    0.0005991978658705845
173    0.01432474020992887    0.01432474020992887    0.000629327871100158
174    0.014293507204099729    0.014293507204099729    0.0006605608769292993
175    0.014261643280891289    0.014261643280891289    0.0006924248001377396
176    0.014228680333007311    0.014228680333007311    0.0007253877480217167
177    0.014195034272651912    0.014195034272651912    0.0007590338083771162
178    0.014160292936513982    0.014160292936513982    0.0007937751445150458
179    0.014124813277110496    0.014124813277110496    0.0008292548039185322
180    0.014088241772964904    0.014088241772964904    0.0008658263080641247
181    0.014050873591587833    0.014050873591587833    0.0009031944894411954
182    0.014012416572444033    0.014012416572444033    0.0009416515085849952
183    0.013973101235752418    0.013973101235752418    0.0009809668452766106
184    0.013932699519826812    0.013932699519826812    0.0010213685612022166
185    0.013891374398113998    0.013891374398113998    0.00106269368291503
186    0.013848964661379047    0.013848964661379047    0.001105103419649981
187    0.013805562799432666    0.013805562799432666    0.0011485052815963619
188    0.013761077220924617    0.013761077220924617    0.001192990860104411
189    0.013715526957601452    0.013715526957601452    0.0012385411234275764
190    0.013668892808505778    0.013668892808505778    0.00128517527252325
191    0.013621117335075048    0.013621117335075048    0.0013329507459539803
192    0.013572256500521792    0.013572256500521792    0.0013818115805072362
193    0.013522173345492432    0.013522173345492432    0.0014318947355365964
194    0.013471001765357348    0.013471001765357348    0.0014830663156716797
195    0.013418522190519425    0.013418522190519425    0.0015355458905096028
196    0.013364949202133209    0.013364949202133209    0.0015891188788958194
197    0.01330997749069648    0.01330997749069648    0.0016440905903325476
198    0.013253905051989704    0.013253905051989704    0.001700163029039324
199    0.013196337664717379    0.013196337664717379    0.001757730416311649
200    0.013137659430625526    0.013137659430625526    0.0018164086504035021
201    0.013077383999318213    0.013077383999318213    0.0018766840817108152
202    0.013015984216756815    0.013015984216756815    0.001938083864272213
203    0.012952878335806583    0.012952878335806583    0.002001189745222445
204    0.012888630512536517    0.012888630512536517    0.0020654375684925116
205    0.012822560277700387    0.012822560277700387    0.002131507803328641
206    0.0127553255669807    0.0127553255669807    0.0021987425140483283
207    0.012686143794895278    0.012686143794895278    0.0022679242861337497
208    0.012615769019540677    0.012615769019540677    0.002338299061488351
209    0.012543313060074397    0.012543313060074397    0.002410755020954631
210    0.012469628274332324    0.012469628274332324    0.002484439806696704
211    0.012393717298142554    0.012393717298142554    0.002560350782886474
212    0.012316532750569585    0.012316532750569585    0.0026375353304594427
213    0.012236964352321576    0.012236964352321576    0.0027171037287074522
214    0.012156066662772668    0.012156066662772668    0.0027980014182563597
215    0.012072612560446574    0.012072612560446574    0.0028814555205824537
216    0.01198775985194742    0.01198775985194742    0.0029663082290816087
217    0.01190016037511102    0.01190016037511102    0.003053907705918008
218    0.011811075994860015    0.011811075994860015    0.0031429920861690136
219    0.011719032924526388    0.011719032924526388    0.0032350351565026397
220    0.011625397228062233    0.011625397228062233    0.003328670852966795
221    0.011528564352641876    0.011528564352641876    0.0034255037283871526
222    0.01143000377860193    0.01143000377860193    0.0035240643024270976
223    0.01132797422153868    0.01132797422153868    0.0036260938594903473
224    0.011224046494674556    0.011224046494674556    0.003730021586354472
225    0.01111633537407351    0.01111633537407351    0.0038377327069555184
226    0.011006509039616412    0.011006509039616412    0.003947559041412616
227    0.010892529200419842    0.010892529200419842    0.004061538880609186
228    0.010776154624013653    0.010776154624013653    0.004177913457015375
229    0.010655181776205967    0.010655181776205967    0.004298886304823061
230    0.010531448871348457    0.010531448871348457    0.004422619209680571
231    0.010402569948302595    0.010402569948302595    0.004551498132726433
232    0.010270444460370572    0.010270444460370572    0.0046836236206584565
233    0.01013247827120428    0.01013247827120428    0.004821589809824748
234    0.009990601803465496    0.009990601803465496    0.004963466277563533
235    0.009841971591118354    0.009841971591118354    0.0051120964899106745
236    0.009688496836844014    0.009688496836844014    0.005265571244185014
237    0.009527014058747748    0.009527014058747748    0.00542705402228128
238    0.00935931600769599    0.00935931600769599    0.005594752073333039
239    0.009181787054192916    0.009181787054192916    0.005772281026836112
240    0.008995914981699922    0.008995914981699922    0.0059581530993291065
241    0.008797357305338713    0.008797357305338713    0.006156710775690315
242    0.008586877811742579    0.008586877811742579    0.006367190269286449
243    0.008358747502254956    0.008358747502254956    0.006595320578774072
244    0.008111901482156974    0.008111901482156974    0.006842166598872055
245    0.007837262466977406    0.007837262466977406    0.007116805614051622
246    0.00752811309239796    0.00752811309239796    0.007425954988631068
247    0.007163642122348967    0.007163642122348967    0.007790425958680061
248    0.0067093292449501305    0.0067093292449501305    0.008244738836078899
249    0.006051875283262995    0.006051875283262995    0.008902192797766034
250    0.0    0.0044394096242257805    0.010514658456803248
251    0.0    0.003956734425078925    0.010997333655950103
252    0.0    0.00367519406712839    0.011278874013900639
253    0.0    0.0034735361543544213    0.011480531926674607
254    0.0    0.0033174984569957627    0.011636569624033265
255    0.0    0.0031879358283319536    0.011766132252697074
256    0.0    0.003079089626986055    0.011874978454042973
257    0.0    0.0029830049701766847    0.011971063110852343
258    0.0    0.0028992423941963832    0.012054825686832644
259    0.0    0.0028227105882190416    0.012131357492809986
260    0.0    0.0027546536275885568    0.012199414453440471
261    0.0    0.002691037328218851    0.012263030752810176
262    0.0    0.002633804396936638    0.01232026368409239
263    0.0    0.0025794016553172803    0.012374666425711748
264    0.0    0.0025301142737454924    0.012423953807283537
265    0.0    0.002482639816470185    0.012471428264558843
266    0.0    0.0024394514442882967    0.012514616636740732
267    0.0    0.002397390560624676    0.012556677520404352
268    0.0    0.0023590423432569584    0.01259502573777207
269    0.0    0.0023213367897324533    0.012632731291296575
270    0.0    0.0022869301102018094    0.01266713797082722
271    0.0    0.002252809950175652    0.012701258130853377
272    0.0    0.0022216798170990276    0.01273238826393
273    0.0    0.002190566543661632    0.012763501537367397
274    0.0    0.0021622063943243447    0.012791861686704684
275    0.0    0.002133653805594663    0.012820414275434365
276    0.0    0.002107668475341183    0.012846399605687845
277    0.0    0.0020813248680817942    0.012872743212947233
278    0.0    0.0020573999060249557    0.012896668175004072
279    0.0    0.0020329829522006118    0.012921085128828416
280    0.0    0.0020108638843335143    0.012943204196695514
281    0.0    0.0019881433872081557    0.012965924693820872
282    0.0    0.001967621278230656    0.012986446802798372
283    0.0    0.0019464070061044375    0.013007661074924591
284    0.0    0.001927308146618447    0.01302675993441058
285    0.0    0.0019074410426554614    0.013046627038373566
286    0.0    0.0018896194180030035    0.013064448663026024
287    0.0    0.0018709651164512742    0.013083102964577754
288    0.0    0.0018542967992327157    0.013099771281796312
289    0.0    0.0018367407550370456    0.013117327325991983
290    0.0    0.0018211196578661799    0.013132948423162849
291    0.0    0.0018045634287374359    0.013149504652291592
292    0.0    0.0017898980379455086    0.013164170043083519
293    0.0    0.0017742564050623566    0.013179811675966671
294    0.0    0.0017604672343487777    0.01319360084668025
295    0.0    0.001745665943551356    0.013208402137477673
296    0.0    0.0017326835244110225    0.013221384556618006
297    0.0    0.0017186574934043544    0.013235410587624674
298    0.0    0.0017064207714961855    0.013247647309532843
299    0.0    0.0016931126518087939    0.013260955429220234
300    0.0    0.0016815676943032734    0.013272500386725755
301    0.0    0.0016689267066521388    0.01328514137437689
302    0.0    0.001658025650627224    0.013296042430401804
303    0.0    0.0016460066333753359    0.013308061447653691
304    0.0    0.0016357068230760294    0.013318361257952998
305    0.0    0.001624269448492299    0.013329798632536728
306    0.0    0.0016145327220356267    0.0133395353589934
307    0.0    0.001603640845956431    0.013350427235072597
308    0.0    0.0015944329413757293    0.0133596351396533
309    0.0    0.0015840540598477898    0.013370014021181239
310    0.0    0.0015753441172375584    0.013378723963791469
311    0.0    0.0015654489096599163    0.013388619171369113
312    0.0    0.0015572090513206911    0.013396859029708337
313    0.0    0.0015477709940487552    0.013406297086980273
314    0.0    0.001539975968400255    0.013414092112628773
315    0.0    0.0015309710061588593    0.01342309707487017
316    0.0    0.0015235978841439096    0.01343047019688512
317    0.0    0.0015150041491786982    0.01343906393185033
318    0.0    0.0015080320641512152    0.013446036016877813
319    0.0    0.0014998296350463686    0.013454238445982659
320    0.0    0.0014932395588965223    0.013460828522132505
321    0.0    0.0014854102525463679    0.01346865782848266
322    0.0    0.0014791848021966023    0.013474883278832426
323    0.0    0.001471711993634788    0.01348235608739424
324    0.0    0.0014658352631258772    0.01348823281790315
325    0.0    0.0014587037288884511    0.013495364352140576
326    0.0    0.0014531611431333475    0.013500906937895681
327    0.0    0.0014463569245998051    0.013507711156429222
328    0.0    0.0014411351115764448    0.013512932969452583
329    0.0    0.0014346453953466049    0.013519422685682424
330    0.0    0.001429732074051817    0.013524336006977212
331    0.0    0.0014235450869193363    0.013530522994109692
332    0.0    0.0014189289688529927    0.013535139112176036
333    0.0    0.0014130338853363008    0.013541034195692728
334    0.0    0.0014087045876520763    0.013545363493376952
335    0.0    0.001403091448373714    0.013550976632655315
336    0.0    0.0013990394171296357    0.013555028663899392
337    0.0    0.0013936990566060998    0.013560369024422928
338    0.0    0.0013899154987901177    0.013564152582238911
339    0.0    0.0013848394814167414    0.013569228599612286
340    0.0    0.0013813163046313178    0.013572751776397711
341    0.0    0.0013764968678286918    0.013577571213200336
342    0.0    0.0013732266266817973    0.013580841454347231
343    0.0    0.0013686566303269697    0.013585411450702058
344    0.0    0.0013656324787169483    0.01358843560231208
345    0.0    0.0013613053601105756    0.013592762720918453
346    0.0    0.0013585210087136532    0.013595547072315375
347    0.0    0.001354430742439005    0.013599637338590024
348    0.0    0.001351880420803339    0.013602187660225688
349    0.0    0.0013480214829281118    0.013606046598100916
350    0.0    0.001345699905664086    0.013608368175364942
351    0.0    0.0013420672418086716    0.013612000839220357
352    0.0    0.001339969578434397    0.01361409850259463
353    0.0    0.0013365585753004432    0.013617509505728586
354    0.0    0.0013346804233646296    0.013619387657664399
355    0.0    0.001331486883369915    0.013622581197659113
356    0.0    0.0013298242445226225    0.013624243836506405
357    0.0    0.0013268443632371819    0.013627223717791846
358    0.0    0.001325393621966028    0.013628674459063
359    0.0    0.0013226239680880945    0.013631444112940934
360    0.0    0.0013213818728761892    0.013632686208152838
361    0.0    0.0013188193705185283    0.0136352487105105
362    0.0    0.0013177830172117558    0.013636285063817272
363    0.0    0.0013154249303042804    0.013638643150724748
364    0.0    0.0013145917475065989    0.01363947633352243
365    0.0    0.001312435666146198    0.01364163241488283
366    0.0    0.0013118034024872831    0.013642264678541745
367    0.0    0.0013098472310899916    0.013644220849939036
368    0.0    0.0013094139442318027    0.013644654136797225
369    0.0    0.0013076558913653151    0.013646412189663714
370    0.0    0.0013074199386345596    0.013646648142394469
371    0.0    0.0013058585084266376    0.01364820957260239
372    0.0    0.0013058185389787245    0.013648249542050303
373    0.0    0.0013044525240174757    0.013649615557011552
374    0.0    0.0013046074724532648    0.013649460608575763
375    0.0    0.001303435948105604    0.013650632132923425
376    0.0    0.001303785029480224    0.013650283051548804
377    0.0    0.0013028073495770925    0.013651260731451936
378    0.0    0.0013033500557495727    0.013650718025279455
379    0.0    0.001302565849593109    0.013651502231435918
380    0.0    0.001303301946884427    0.013650766134144602
381    0.0    0.0013027111175496616    0.013651356963479366
382    0.0    0.001303640645684667    0.013650427435344361
383    0.0    0.0013032433696008987    0.013650824711428129
384    0.0    0.0013043666419264893    0.01364970143910254
385    0.0    0.0013041633697320162    0.013649904711297012
386    0.0    0.0013054809747120445    0.013648587106316983
387    0.0    0.0013054724333931766    0.01364859564763585
388    0.0    0.0013069852373967736    0.013647082843632254
389    0.0    0.001307172433731361    0.013646895647297668
390    0.0    0.00130888158514035    0.013645186495888677
391    0.0    0.0013092658104801812    0.013644802270548846
392    0.0    0.0013111727451569546    0.013642895335872074
393    0.0    0.001311755581595206    0.013642312499433823
394    0.0    0.0013138620297661321    0.013640206051262895
395    0.0    0.0013146453577525803    0.013639422723276447
396    0.0    0.0013169533523744261    0.013637114728654602
397    0.0    0.0013179393598543047    0.013636128721174723
398    0.0    0.0013204512465487723    0.013633616834480255
399    0.0    0.0013216424397202078    0.01363242564130882
400    0.0    0.0013243608883801805    0.013629707192648848
401    0.0    0.0013257601041786456    0.013628307976850383
402    0.0    0.0013286881223665455    0.013625379958662483
403    0.0    0.0013302985428121368    0.013623769538216892
404    0.0    0.0013334394910942049    0.013620628589934822
405    0.0    0.0013352646596543395    0.013618803421374689
406    0.0    0.0013386222690363596    0.013615445811992668
407    0.0    0.0013406661091860115    0.013613401971843016
408    0.0    0.0013442445008483707    0.013609823580180657
409    0.0    0.0013465113370347895    0.01360755674399424
410    0.0    0.001350315044591974    0.013603753036437054
411    0.0    0.0013528096258527966    0.013601258455176232
412    0.0    0.001356843620397943    0.013597224460631085
413    0.0    0.0013595711469103348    0.013594496934118693
414    0.0    0.0013638408651518773    0.013590227215877151
415    0.0    0.001366807018043742    0.013587261062985287
416    0.0    0.001371318393884774    0.013582749687144255
417    0.0    0.001374529368685699    0.013579538712343329
418    0.0    0.001379288868657002    0.013574779212372027
419    0.0    0.0013827514128305874    0.013571316668198441
420    0.0    0.001387766075851903    0.013566302005177125
421    0.0    0.0013914875309243035    0.013562580550104725
422    0.0    0.0013967650129475993    0.013557303068081429
423    0.0    0.0014007533618285541    0.013553314719200474
424    0.0    0.0014063019860110929    0.013547766095017936
425    0.0    0.0014105659062066702    0.013543502174822359
426    0.0    0.0014163947193700825    0.013537673361658946
427    0.0    0.0014209436429088896    0.013533124438120138
428    0.0    0.0014270624791715572    0.013527005601857472
429    0.0    0.0014319066602055898    0.013522161420823438
430    0.0    0.0014383262128357327    0.013515741868193296
431    0.0    0.0014434768040548105    0.013510591276974217
432    0.0    0.001450208706781978    0.01350385937424705
433    0.0    0.0014556778459872347    0.013498390235041794
434    0.0    0.0014627347652388057    0.013491333315790222
435    0.0    0.0014685356736794475    0.013485532407349581
436    0.0    0.0014759314134937557    0.013478136667535272
437    0.0    0.0014820785078794683    0.01347198957314956
438    0.0    0.0014898281295921672    0.013464239951436861
439    0.0    0.0014963371500825687    0.01345773093094646
440    0.0    0.0015044571093084387    0.01344961097172059
441    0.0    0.0015113452662488935    0.013442722814780135
442    0.0    0.0015198535702139427    0.013434214510815085
443    0.0    0.0015271397129899224    0.013426928368039106
444    0.0    0.0015360561019296857    0.013418011979099342
445    0.0    0.0015437609140438089    0.013410307166985219
446    0.0    0.0015531070712193225    0.013400961009809706
447    0.0    0.0015612532966445415    0.013392814784384487
448    0.0    0.0015710530925882537    0.013383014988440774
449    0.0    0.0015796657996421052    0.013374402281386923
450    0.0    0.0015899455776016908    0.013364122503427337
451    0.0    0.001599052468132093    0.013355015612896936
452    0.0    0.0016098413794344067    0.013344226701594622
453    0.0    0.0016194731531036753    0.013334594927925353
454    0.0    0.0016308035534496241    0.013323264527579403
455    0.0    0.0016409943395305757    0.013313073741498453
456    0.0    0.0016529022602468097    0.013301165820782218
457    0.0    0.001663690132824076    0.013290377948204953
458    0.0    0.0016762158451311183    0.01327785223589791
459    0.0    0.0016876434422796178    0.01326642463874941
460    0.0    0.001700832138080377    0.013253235942948652
461    0.0    0.0017129474119660423    0.013241120669062986
462    0.0    0.0017268500321427943    0.013227218048886234
463    0.0    0.001739707165805085    0.013214360915223943
464    0.0    0.001754381417448992    0.013199686663580037
465    0.0    0.0017680419564402934    0.013186026124588735
466    0.0    0.00178355357527121    0.013170514505757819
467    0.0    0.0017980878401437485    0.01315598024088528
468    0.0    0.0018145121759039515    0.013139555905125076
469    0.0    0.0018300010476997076    0.01312406703332932
470    0.0    0.001847425082299832    0.013106642998729197
471    0.0    0.0018639622925941907    0.013090105788434838
472    0.0    0.0018824872496696688    0.01307158083135936
473    0.0    0.001900182367845929    0.013053885713183099
474    0.0    0.0019199271494765011    0.013034140931552527
475    0.0    0.001938909558055585    0.013015158522973443
476    0.0    0.001960015370617019    0.01299405271041201
477    0.0    0.0019804396835757807    0.012973628397453248
478    0.0    0.0020030764306376582    0.01295099165039137
479    0.0    0.0020251300975057842    0.012928937983523243
480    0.0    0.0020495055068935116    0.012904562574135517
481    0.0    0.0020734198799306188    0.01288064820109841
482    0.0    0.0020997930787608815    0.012854275002268146
483    0.0    0.002125860283306012    0.012828207797723016
484    0.0    0.0021545630790480125    0.012799505001981015
485    0.0    0.0021831633226492356    0.012770904758379793
486    0.0    0.002214635947758589    0.012739432133270438
487    0.0    0.002246285390630104    0.012707782690398925
488    0.0    0.0022811423461598502    0.012672925734869177
489    0.0    0.00231658653784358    0.012637481543185449
490    0.0    0.002355754144773186    0.012598313936255842
491    0.0    0.0023961795118568356    0.012557888569172192
492    0.0    0.0024412384005816044    0.012512829680447424
493    0.0    0.0024888628454762087    0.01246520523555282
494    0.0    0.0025431485739164975    0.01241091950711253
495    0.0    0.0026034858055210145    0.012350582275508015
496    0.0    0.002677407783456459    0.012276660297572569
497    0.0    0.0027744238277949197    0.012179644253234109
498    0.0    0.0029454784655790246    0.012008589615450004
499    0.003675776266263783    0.003675776266263783    0.011278291814765244
