0    0.0    0.009616390535830379    0.07102627034547426
1    0.0    0.009531953075215536    0.07111070780608911
2    0.0    0.009904671983010562    0.07073798889829408
3    0.0    0.01045322385706594    0.0701894370242387
4    0.0    0.011206978617294422    0.06943568226401023
5    0.0    0.012134349337979768    0.06850831154332487
6    0.0    0.01336717362499878    0.06727548725630586
7    0.0    0.014997875461394432    0.06564478541991021
8    0.0    0.017434749004174906    0.06320791187712974
9    0.0    0.02172480524122234    0.058917855640082305
10    0.05468023507285791    0.036453490048571936    0.04418917083273271
11    0.06522960924731008    0.04348640616487339    0.037156254716431254
12    0.07301535924056071    0.04867690616037381    0.031965754720930835
13    0.07925205540294794    0.052834703601965294    0.02780795727933935
14    0.08454201015321385    0.05636134010214256    0.024281320779162084
15    0.0890290025530097    0.05935266836867314    0.021289992512631507
16    0.09295487381315615    0.06196991587543743    0.018672745005867214
17    0.09633898025347447    0.06422598683564965    0.016416674045655
18    0.0993313358555146    0.06622089057034307    0.014421770310961576
19    0.10192541886439721    0.06795027924293147    0.012692381638373176
20    0.10422865748509176    0.06948577165672784    0.011156889224576805
21    0.10622953582532135    0.07081969055021424    0.009822970331090405
22    0.1080089983083393    0.0720059988722262    0.00863666200907845
23    0.10955600034932353    0.07303733356621568    0.007605327315088964
24    0.11093266679898545    0.07395511119932363    0.006687549681981014
25    0.11212975433757003    0.07475316955838002    0.005889491322924628
26    0.1131952459011834    0.0754634972674556    0.0051791636138490416
27    0.11412179301852085    0.07608119534568057    0.0045614655356240735
28    0.1149465168342989    0.07663101122286593    0.004011649658438712
29    0.11566370663644357    0.07710913775762905    0.0035335231236755943
30    0.1163020779074099    0.07753471860493993    0.0031079422763647113
31    0.11685723913284383    0.07790482608856256    0.0027378347927420887
32    0.11735138972893366    0.07823425981928911    0.002408401062015536
33    0.11778116839936559    0.07852077893291039    0.002121881948394258
34    0.118163725815139    0.07877581721009266    0.0018668436712119818
35    0.11849649368598347    0.07899766245732232    0.00164499842398233
36    0.11879271536419121    0.07919514357612747    0.0014475173051771706
37    0.11905042897069622    0.07936695264713081    0.0012757082341738335
38    0.11927985746972514    0.07951990497981676    0.0011227559014878874
39    0.1194795015011389    0.07965300100075927    0.0009896598805453766
40    0.1196572514814738    0.0797715009876492    0.0008711598936554515
41    0.1198119606241059    0.0798746404160706    0.00076802046523404
42    0.11994971920969436    0.07996647947312957    0.000676181408175075
43    0.12006964933815971    0.08004643289210647    0.0005962279891981725
44    0.12017645259971681    0.08011763506647787    0.0005250258148267739
45    0.12026945634655703    0.08017963756437135    0.000463023316933292
46    0.12035229106251386    0.08023486070834257    0.00040780017296207505
47    0.12042444094685456    0.08028296063123637    0.0003597002500682761
48    0.12048871031511801    0.08032580687674534    0.0003168540045593027
49    0.12054470335411195    0.08036313556940797    0.00027952531189667784
50    0.1205945870321457    0.0803963913547638    0.000246269526540846
51    0.12063805741909339    0.08042537161272893    0.00021728926857571274
52    0.12067678966814108    0.08045119311209405    0.00019146776921059872
53    0.12071055027449162    0.08047370018299442    0.00016896069831022487
54    0.12074063474526578    0.08049375649684386    0.0001489043844607879
55    0.12076686359729213    0.08051124239819475    0.00013141848310989357
56    0.12079023916099417    0.08052682610732945    0.00011583477397519859
57    0.12081062342045505    0.0805404156136367    0.00010224526766794417
58    0.12082879220652377    0.08055252813768252    9.013274362212886e-05
59    0.1208446393525945    0.08056309290172967    7.95679795749793e-05
60    0.1208587656241647    0.0805725104161098    7.015046519484591e-05
61    0.12087108932923973    0.08058072621949315    6.19346618114941e-05
62    0.12088207586078435    0.08058805057385623    5.4610307448410556e-05
63    0.12089166234257734    0.08059444156171823    4.821931958641501e-05
64    0.12090020944083772    0.08060013962722515    4.252125407949725e-05
65    0.12090766875017459    0.08060511250011639    3.754838118825987e-05
66    0.12091431988214432    0.08060954658809621    3.311429320843051e-05
67    0.12092012556427298    0.08061341704284865    2.9243838455997317e-05
68    0.12092530264758719    0.08061686843172479    2.5792449579856158e-05
69    0.12092982242706155    0.08061988161804103    2.2779263263619787e-05
70    0.12093385313795257    0.08062256875863505    2.0092122669596035e-05
71    0.12093737267012061    0.08062491511341374    1.7745767890903208e-05
72    0.12094051158473873    0.08062700772315916    1.5653158145487178e-05
73    0.12094325284933827    0.08062883523289217    1.382564841247158e-05
74    0.12094569781884237    0.08063046521256158    1.2195668743067434e-05
75    0.12094783337112047    0.08063188891408031    1.0771967224335044e-05
76    0.1209497382110564    0.08063315880737093    9.502073933714827e-06
77    0.12095140222847467    0.08063426815231645    8.392728988199094e-06
78    0.12095288655652223    0.08063525770434815    7.403176956494173e-06
79    0.12095418340541364    0.08063612227027576    6.538611028880648e-06
80    0.1209553402717092    0.0806368935144728    5.767366831846421e-06
81    0.12095635115353463    0.08063756743568976    5.093445614889891e-06
82    0.12095725296138088    0.08063816864092059    4.492240384054713e-06
83    0.12095804107120992    0.08063869404747327    3.9668338313730844e-06
84    0.12095874417307392    0.08063916278204929    3.498099255358489e-06
85    0.12095935870490218    0.08063957246993479    3.0884113698531612e-06
86    0.12095990697146503    0.08063993798097668    2.7229003279616304e-06
87    0.12096038622931052    0.08064025748620701    2.4033950976332097e-06
88    0.12096081382204507    0.08064054254803005    2.1183332745977612e-06
89    0.12096118763731833    0.08064079175821222    1.8691230924267055e-06
90    0.12096152116306916    0.08064101410871277    1.6467725918734022e-06
91    0.12096181277353171    0.0806412085156878    1.4523656168413668e-06
92    0.12096207295939632    0.08064138197293087    1.278908373772425e-06
93    0.12096230047007858    0.08064153364671905    1.1272345855906085e-06
94    0.12096250346577844    0.08064166897718562    9.919041190215028e-07
95    0.12096268098519808    0.08064178732346539    8.735578392593535e-07
96    0.12096283937607885    0.0806418929173859    7.67963918749115e-07
97    0.12096297790016186    0.08064198526677457    6.756145300712557e-07
98    0.1209631014953163    0.0806420676635442    5.932177604417443e-07
99    0.12096320959520984    0.0806421397301399    5.211511647507105e-07
100    0.12096330604078748    0.08064220402719165    4.5685411299845047e-07
101    0.12096339039818797    0.08064226026545865    4.006158459968212e-07
102    0.12096346565475768    0.08064231043650512    3.504447995267279e-07
103    0.12096353147862654    0.08064235431908436    3.065622202896856e-07
104    0.12096359019278194    0.08064239346185463    2.6741945001462764e-07
105    0.12096364154376804    0.08064242769584536    2.3318545928907586e-07
106    0.12096368733742435    0.08064245822494957    2.0265635507221713e-07
107    0.12096372738043958    0.08064248492029305    1.7596101159478295e-07
108    0.12096376307604814    0.08064250871736543    1.5216393921269056e-07
109    0.12096379427688221    0.08064252951792147    1.3136338317121243e-07
110    0.12096382207271994    0.08064254804847996    1.1283282468077527e-07
111    0.12096384635104485    0.08064256423402989    9.664727475267032e-08
112    0.12096386795758504    0.08064257863839003    8.224291461744748e-08
113    0.12096388680594083    0.08064259120396056    6.967734408891424e-08
114    0.12096390355184479    0.08064260236789653    5.851340811879879e-08
115    0.12096391812805278    0.08064261208536852    4.879593612505673e-08
116    0.12096393104242084    0.08064262069494722    4.018635742231158e-08
117    0.12096394224120158    0.08064262816080105    3.2720503598260287e-08
118    0.12096395211721851    0.08064263474481234    2.6136492303763248e-08
119    0.12096396062548802    0.08064264041699201    2.046431263336146e-08
120    0.12096396806943394    0.08064264537962262    1.5501682021357155e-08
121    0.12096397440871716    0.08064264960581144    1.1275493205786802e-08
122    0.1209639798774026    0.08064265325160173    7.62970291112719e-09
123    0.12096398443601522    0.08064265629067681    4.590627836198458e-09
124    0.1209639882649656    0.0806426588433104    2.0379942455850397e-09
125    0.12096399132195697    0.08064266088130465    0.0
126    0.12096399374610352    0.08064266249740235    1.6160977001078436e-09
127    0.12096399548845516    0.0806426636589701    2.7776654587530203e-09
128    0.12096399665661517    0.08064266443774344    3.556438796237238e-09
129    0.12096399719075956    0.0806426647938397    3.9125350598245845e-09
130    0.12096399717480882    0.08064266478320588    3.901901232672422e-09
131    0.12096399653318449    0.08064266435545632    3.474151674676129e-09
132    0.12096399533248686    0.08064266355499124    2.673686591569968e-09
133    0.12096399347553605    0.08064266231702404    1.4357193905967236e-09
134    0.12096399101690872    0.08064266067793914    2.0336550499155948e-10
135    0.12096398783064313    0.08064265855376208    2.3275425614643908e-09
136    0.12096398396385576    0.08064265597590384    4.905400807775351e-09
137    0.12096397925283639    0.08064265283522426    8.046080385293308e-09
138    0.12096397374136299    0.08064264916090866    1.172039598706931e-08
139    0.12096396721666129    0.08064264481110753    1.6070197117468155e-08
140    0.12096395972311286    0.08064263981540858    2.1065896069205614e-08
141    0.12096395098450582    0.08064263398967055    2.689163410007911e-08
142    0.1209639410498404    0.08064262736656026    3.351474438251234e-08
143    0.12096392956113278    0.08064261970742186    4.117388278934708e-08
144    0.12096391657635036    0.08064261105090025    4.983040439998643e-08
145    0.12096390163228926    0.08064260108819284    5.979311180903668e-08
146    0.12096388480085457    0.08064258986723638    7.101406826470757e-08
147    0.12096386548358533    0.08064257698905689    8.389224775973148e-08
148    0.12096384377223529    0.08064256251482353    9.836648111327673e-08
149    0.12096381889457722    0.08064254592971815    1.149515864995454e-07
150    0.12096379096946111    0.08064252731297407    1.3356833057642792e-07
151    0.12096375900147452    0.08064250600098301    1.5488032163724075e-07
152    0.12096372314562998    0.08064248209708665    1.7878421799955024e-07
153    0.12096368211988989    0.08064245474659326    2.0613471138353212e-07
154    0.12096363612691502    0.08064242408461002    2.3679669462761677e-07
155    0.12096358351656739    0.08064238901104492    2.7187025972152945e-07
156    0.12096352455383264    0.08064234970255509    3.1117874955965963e-07
157    0.12096345711580865    0.08064230474387243    3.561374322114119e-07
158    0.12096338154864646    0.0806422543657643    4.0651554034099036e-07
159    0.12096329512219525    0.08064219674813017    4.641331744770216e-07
160    0.12096319828804261    0.08064213219202841    5.28689276232952e-07
161    0.12096308753594104    0.08064205835729403    6.02524010615002e-07
162    0.12096296345424128    0.08064197563616085    6.852451437944218e-07
163    0.12096282153039722    0.08064188102026482    7.798610398290773e-07
164    0.12096266253000441    0.08064177502000294    8.858613017026506e-07
165    0.12096248065250872    0.08064165376833915    1.0071129654953825e-06
166    0.1209622768931016    0.0806415179287344    1.1429525702405519e-06
167    0.12096204379576753    0.08064136253051168    1.2983507929609228e-06
168    0.12096178265303079    0.08064118843535385    1.4724459507925447e-06
169    0.12096148388072175    0.08064098925381451    1.671627490137939e-06
170    0.12096114915636802    0.08064076610424535    1.8947770592941948e-06
171    0.12096076615942551    0.08064051077295034    2.15010835430407e-06
172    0.12096033706592461    0.08064022471061641    2.4361706882358725e-06
173    0.12095984603614074    0.08063989735742716    2.7635238774859072e-06
174    0.12095929589157396    0.08063953059438264    3.130286922004011e-06
175    0.12095866626554964    0.08063911084369976    3.5500376048824833e-06
176    0.12095796081535964    0.0806386405435731    4.020337731544532e-06
177    0.12095715334964419    0.08063810223309613    4.558648208516369e-06
178    0.12095624860797992    0.08063749907198661    5.161809318032784e-06
179    0.12095521290270533    0.08063680860180356    5.8522795010895745e-06
180    0.12095405237495839    0.08063603491663893    6.62596466571852e-06
181    0.12095272368690388    0.08063514912460258    7.511756702063832e-06
182    0.1209512347948318    0.08063415652988787    8.504351416777078e-06
183    0.12094952993460385    0.08063301995640257    9.640924902076797e-06
184    0.12094761941346438    0.08063174627564292    1.091460566172986e-05
185    0.1209454314616212    0.08063028764108081    1.2373240223836901e-05
186    0.12094297943146452    0.08062865295430968    1.4007926994963338e-05
187    0.12094017093097714    0.08062678062065143    1.5880260653217126e-05
188    0.12093702325716277    0.08062468217144185    1.7978709862795372e-05
189    0.12093341743927323    0.08062227829284882    2.038258845582508e-05
190    0.12092937588447075    0.0806195839229805    2.307695832413914e-05
191    0.12092474535502656    0.08061649690335104    2.6163977953602702e-05
192    0.12091955487872619    0.08061303658581746    2.962429548718226e-05
193    0.12091360702353812    0.08060907134902541    3.358953227923511e-05
194    0.12090693939551153    0.08060462626367436    3.803461763028648e-05
195    0.12089929754468712    0.08059953169645807    4.312918484657147e-05
196    0.12089073019284552    0.08059382012856368    4.8840752740961224e-05
197    0.12088090930041293    0.08058727286694195    5.5388014362695026e-05
198    0.12086989799432778    0.08057993199621852    6.27288850861274e-05
199    0.12085727322135309    0.08057151548090206    7.114540040258077e-05
200    0.12084311677840451    0.08056207785226967    8.058302903497794e-05
201    0.12082688289002161    0.0805512552600144    9.140562129024421e-05
202    0.12080867755345492    0.08053911836896994    0.00010354251233470058
203    0.12078779642020987    0.08052519761347325    0.00011746326783139416
204    0.12076437686074637    0.08050958457383091    0.00013307630747373678
205    0.1207375095505133    0.08049167303367553    0.000150987847629111
206    0.12070737253863582    0.08047158169242388    0.0001710791888807628
207    0.12067279144330673    0.08044852762887116    0.0001941332524334899
208    0.12063399706789904    0.0804226647119327    0.0002199961693719471
209    0.12058947216081041    0.08039298144054027    0.0002496794407643721
210    0.12053951595535006    0.0803596773035667    0.00028298357773794136
211    0.12048216753471651    0.08032144502314434    0.0003212158581603064
212    0.12041781491916001    0.08027854327944    0.0003641176018646386
213    0.12034392295226826    0.08022928196817884    0.0004133789131258031
214    0.12026099488862077    0.08017399659241385    0.0004686642888907938
215    0.12016575219931944    0.08011050146621296    0.0005321594150916875
216    0.12005884774696635    0.0800392318313109    0.0006034290499937478
217    0.11993604062596178    0.07995736041730785    0.0006853004639967991
218    0.11979817799536013    0.07986545199690676    0.0007772088843978897
219    0.1196397731703891    0.0797598487802594    0.0008828121010452522
220    0.11946192570435257    0.07964128380290171    0.0010013770784029347
221    0.11925753676370278    0.07950502450913519    0.0011376363721694593
222    0.11902803377746225    0.07935202251830817    0.0012906383629964768
223    0.11876423282841296    0.07917615521894197    0.0014665056623626715
224    0.11846798709882878    0.07897865806588585    0.0016640028154187997
225    0.1181274183045527    0.07875161220303513    0.0018910486782695163
226    0.11774493174674323    0.07849662116449549    0.002146039716809156
227    0.11730517182599974    0.07820344788399983    0.0024392129973048182
228    0.11681125764543177    0.07787417176362117    0.002768489117683473
229    0.11624335316911893    0.07749556877941262    0.0031470921018920267
230    0.11560549447174562    0.07707032964783041    0.003572331233474238
231    0.11487208366569766    0.07658138911046511    0.004061271770839536
232    0.11404831983435437    0.07603221322290292    0.004610447658401726
233    0.11310120906239518    0.07540080604159678    0.005241854839707863
234    0.11203738782925682    0.07469159188617121    0.005951068995133438
235    0.11081437648305409    0.07387625098870272    0.006766409892601924
236    0.10944049189607104    0.07296032793071403    0.00768233295059062
237    0.10786105777131202    0.07190737184754135    0.008735289033763291
238    0.10608609870548188    0.07072406580365459    0.009918595077650055
239    0.10404507383943354    0.06936338255962236    0.011279278321682282
240    0.10174898939027896    0.0678326595935193    0.012810001287785339
241    0.09910595168681274    0.06607063445787516    0.014572026423429488
242    0.09612483556778476    0.0640832237118565    0.016559437169448146
243    0.09268235307436314    0.06178823538290876    0.018854425498395888
244    0.08877411581192958    0.05918274387461972    0.021459917006684925
245    0.08422002656387469    0.05614668437591646    0.024495976505388185
246    0.07895826333667597    0.052638842224450644    0.028003818656854
247    0.07265014389309664    0.048433429262064426    0.03220923161924022
248    0.06491336394769114    0.043275575965127426    0.03736708491617722
249    0.05430951391826632    0.03620634261217755    0.0444363182691271
250    0.0    0.021582170669227595    0.05906049021207705
251    0.0    0.017260022619232738    0.06338263826207191
252    0.0    0.01484506455528656    0.06579759632601809
253    0.0    0.013158355499122344    0.06748430538218231
254    0.0    0.011927400986077568    0.06871525989522707
255    0.0    0.01091877688877364    0.069723883992531
256    0.0    0.010127886749691952    0.0705147741316127
257    0.0    0.009427668128107676    0.07121499275319697
258    0.0    0.008864502214476155    0.07177815866682849
259    0.0    0.008338930486478734    0.0723037303948259
260    0.0    0.007913624126813026    0.07272903675449162
261    0.0    0.0074993741164803744    0.07314328676482428
262    0.0    0.0071656289033679476    0.0734770319779367
263    0.0    0.006827842083291434    0.07381481879801322
264    0.0    0.0065587755823352705    0.07408388529896938
265    0.0    0.00627630218001071    0.07436635870129393
266    0.0    0.006054990897955507    0.07458766998334913
267    0.0    0.005814091113938163    0.07482856976736649
268    0.0    0.005629238489300638    0.07501342239200401
269    0.0    0.005420521274498137    0.07522213960680652
270    0.0    0.00526424361003542    0.07537841727126923
271    0.0    0.005081032716941119    0.07556162816436353
272    0.0    0.004947631871559654    0.075695029009745
273    0.0    0.004785029488577354    0.07585763139272729
274    0.0    0.004670268487093125    0.07597239239421152
275    0.0    0.0045245878104720584    0.07611807307083258
276    0.0    0.00442524134361548    0.07621741953768917
277    0.0    0.004293646849311484    0.07634901403199316
278    0.0    0.004207210702935586    0.07643545017836906
279    0.0    0.004087481434584078    0.07655517944672056
280    0.0    0.004011978141704269    0.07663068273960037
281    0.0    0.0039023469916654244    0.07674031388963923
282    0.0    0.00383619203495677    0.07680646884634787
283    0.0    0.003735233667760885    0.07690742721354377
284    0.0    0.0036771410557483717    0.07696551982555627
285    0.0    0.003583691928099281    0.07705896895320537
286    0.0    0.0035326061081924157    0.07711005477311222
287    0.0    0.0034457062327273853    0.07719695464857726
288    0.0    0.0034007520594354426    0.07724190882186921
289    0.0    0.0033196018419238945    0.07732305903938075
290    0.0    0.003280047193210671    0.07736261368809397
291    0.0    0.003203974933696386    0.07743868594760826
292    0.0    0.0031692023590433696    0.07747345852226127
293    0.0    0.0030976394350190413    0.0775450214462856
294    0.0    0.0030671243640148778    0.07757553651728977
295    0.0    0.00299958603788612    0.07764307484341852
296    0.0    0.002972879828084334    0.07766978105322031
297    0.0    0.0029089502329147764    0.07773371064838987
298    0.0    0.0028856668372061467    0.0777569940440985
299    0.0    0.0028249871078300914    0.07781767377347455
300    0.0    0.002804792483382731    0.07783786839792191
301    0.0    0.002747051284007561    0.07789560959729708
302    0.0    0.002729654901826804    0.07791300597947784
303    0.0    0.002674580799776219    0.07796808008152843
304    0.0    0.00265972878086358    0.07798293210044106
305    0.0    0.0026070840569661973    0.07803557682433845
306    0.0    0.002594553580315161    0.07804810730098949
307    0.0    0.0025441291677553352    0.07809853171354932
308    0.0    0.0025337238817599497    0.0781089369995447
309    0.0    0.00248533519900753    0.07815732568229712
310    0.0    0.0024768814311241683    0.07816577945018048
311    0.0    0.0024303649289384847    0.07821229595236616
312    0.0    0.0024237085353172993    0.07821895234598734
313    0.0    0.0023789188183407223    0.07826374206296392
314    0.0    0.002373922550241082    0.07826873833106357
315    0.0    0.002330729964173698    0.07831193091713094
316    0.0    0.002327271254517766    0.07831538962678689
317    0.0    0.002285559853018273    0.07835710102828637
318    0.0    0.002283528946673912    0.07835913193463073
319    0.0    0.0022431947698704695    0.07839946611143418
320    0.0    0.0022424931368305724    0.07840016774447407
321    0.0    0.002203442747021804    0.07843921813428284
322    0.0    0.0022039817297241932    0.07843867915158045
323    0.0    0.0021661309605158587    0.07847652992078878
324    0.0    0.0021678306159769734    0.07847483026532767
325    0.0    0.002131103499462107    0.07851155738184254
326    0.0    0.0021338916043235376    0.07850876927698111
327    0.0    0.0020982194475069427    0.0785444414337977
328    0.0    0.002102030639967441    0.0785406302413372
329    0.0    0.002067351226884203    0.07857530965442044
330    0.0    0.002072126264175191    0.07857053461712946
331    0.0    0.0020383831643371814    0.07860427771696746
332    0.0    0.00204406827815283    0.07859859260315182
333    0.0    0.0020112102453294436    0.07863145063597521
334    0.0    0.0020177565806461977    0.07862490430065845
335    0.0    0.0019857370287043315    0.07865692385260031
336    0.0    0.0019931001538834032    0.07864956072742124
337    0.0    0.0019618766986269757    0.07868078418267767
338    0.0    0.001970016176682518    0.07867264470462212
339    0.0    0.0019395502344375275    0.07870311064686712
340    0.0    0.0019484292469971452    0.0786942316343075
341    0.0    0.0019186856821665822    0.07872397519913807
342    0.0    0.0019282706989899757    0.07871439018231467
343    0.0    0.0018992175140323069    0.07874344336727233
344    0.0    0.0019094780020664003    0.07873318287923825
345    0.0    0.0018810860643580856    0.07876157481694655
346    0.0    0.0018919942312319703    0.07875066665007267
347    0.0    0.001864237032113658    0.07877842384919098
348    0.0    0.001875767599742606    0.07876689328156204
349    0.0    0.0018486210417592176    0.07879403983954543
350    0.0    0.001860751046369888    0.07878190983493476
351    0.0    0.00183419325529759    0.07880846762600706
352    0.0    0.0018469018707306074    0.07879575901057403
353    0.0    0.0018209130294825748    0.07882174785182207
354    0.0    0.0018341814110813008    0.07880847947022335
355    0.0    0.0018087436130053765    0.07883391726829928
356    0.0    0.0018225547597896777    0.07882010612151497
357    0.0    0.001797651879225258    0.07884500900207939
358    0.0    0.0018119905123765425    0.0788306703689281
359    0.0    0.0017876080906456756    0.07885505279065896
360    0.0    0.0018024605466122868    0.07884020033469236
361    0.0    0.001778585691878779    0.07886407518942587
362    0.0    0.0017939398286540376    0.0788487210526506
363    0.0    0.0017705611283097037    0.07887209975299495
364    0.0    0.0017864062436421582    0.07885625463766249
365    0.0    0.0017635136880778208    0.07887914719322682
366    0.0    0.001779840448557598    0.07886282043274705
367    0.0    0.0017574253653408567    0.07888523551596378
368    0.0    0.0017742257454651945    0.07886843513583945
369    0.0    0.0017522807431039102    0.07889038013820074
370    0.0    0.0017695479735637843    0.07887311290774086
371    0.0    0.0017480668941605043    0.07889459398714414
372    0.0    0.00176579541871967    0.07887686546258497
373    0.0    0.00174477329894397    0.07889788758236067
374    0.0    0.001762958739389676    0.07887970214191498
375    0.0    0.0017423917793026667    0.07890026910200199
376    0.0    0.0017610309080530566    0.07888162997325159
377    0.0    0.0017409164474185732    0.07890174443388608
378    0.0    0.0017600071674642448    0.0788826537138404
379    0.0    0.0017403436692636576    0.07890231721204098
380    0.0    0.0017598850012116    0.07888277588009304
381    0.0    0.0017406720421770828    0.07890198883912757
382    0.0    0.0017606641182451668    0.07888199676305947
383    0.0    0.0017419023862997843    0.07890075849500486
384    0.0    0.0017623464511952957    0.07888031443010934
385    0.0    0.00174403774977217    0.07889862313153248
386    0.0    0.0017649361684641313    0.07887772471284052
387    0.0    0.001747083427754536    0.07889557745355011
388    0.0    0.0017684397002308478    0.0788742211810738
389    0.0    0.001751046995494613    0.07889161388581004
390    0.0    0.0017728657786788026    0.07886979510262584
391    0.0    0.0017559383558306391    0.078886722525474
392    0.0    0.0017782254929136156    0.07886443538839102
393    0.0    0.0017617698016879082    0.07888089107961674
394    0.0    0.001784532359224332    0.07885812852208031
395    0.0    0.0017685560943140242    0.07887410478699063
396    0.0    0.0017918024075280273    0.07885085847377662
397    0.0    0.0017763145581933914    0.07886634632311125
398    0.0    0.0018000542850416842    0.07884260659626297
399    0.0    0.0017850651937957745    0.07885759568750887
400    0.0    0.0018093093784573102    0.07883335150284733
401    0.0    0.0017948308095584186    0.07884783007174623
402    0.0    0.0018195919561459968    0.07882306892515865
403    0.0    0.001805637174763265    0.07883702370654139
404    0.0    0.001830929332199614    0.07881173154910504
405    0.0    0.001817513195276468    0.07882514768602818
406    0.0    0.0018433520544452284    0.07879930882685941
407    0.0    0.0018304911144638339    0.07881216976684081
408    0.0    0.0018568941189359227    0.07878576676236872
409    0.0    0.001844606741984341    0.0787980541393203
410    0.0    0.0018715932138401738    0.07877106766746447
411    0.0    0.0018598997136311582    0.07878276116767349
412    0.0    0.001887490996153096    0.07875516988515155
413    0.0    0.0018764137859105026    0.07876624709539415
414    0.0    0.0019046334052206992    0.07873802747608395
415    0.0    0.0018941971696718124    0.07874846371163283
416    0.0    0.0019230710177351583    0.07871958986356949
417    0.0    0.0019133029078308966    0.07872935797347375
418    0.0    0.001942859449655997    0.07869980143164865
419    0.0    0.001933789303081223    0.07870887157822343
420    0.0    0.0019640598114363784    0.07867860106986826
421    0.0    0.0019557204025028624    0.07868694047880179
422    0.0    0.001986739224041198    0.07865592165726344
423    0.0    0.0019791665471881473    0.0786634943341165
424    0.0    0.0020109714045628275    0.07863168947674182
425    0.0    0.0020042049964357532    0.0786384558848689
426    0.0    0.0020368373318119712    0.07860582354949268
427    0.0    0.002030920637803499    0.07861174024350115
428    0.0    0.0020644260041645067    0.07857823487714014
429    0.0    0.002059406796382609    0.07858325408492203
430    0.0    0.002093835304228716    0.07854882557707593
431    0.0    0.002089766159183708    0.07855289472212093
432    0.0    0.002125172987677561    0.07851748789362709
433    0.0    0.0021221118335896924    0.07852054904771495
434    0.0    0.002158557816984617    0.07848410306432003
435    0.0    0.002156568562578038    0.07848609231872661
436    0.0    0.0021941208649449116    0.07844854001635973
437    0.0    0.002193274124024701    0.07844938675727994
438    0.0    0.0022320070179886863    0.07841065386331596
439    0.0    0.0022323809470881943    0.07841027993421645
440    0.0    0.002272376715625992    0.07837028416567865
441    0.0    0.002274057985743458    0.07836860289556119
442    0.0    0.0023154079702625615    0.07832725291104209
443    0.0    0.0023184928983738216    0.07832416798293082
444    0.0    0.0023612987215270937    0.07828136215977755
445    0.0    0.002365894593442992    0.07827676628786165
446    0.0    0.002410269591752054    0.07823239128955259
447    0.0    0.00241649621534551    0.07822616466595914
448    0.0    0.002462567125130993    0.07818009375617366
449    0.0    0.002470558662498232    0.07817210221880641
450    0.0    0.0025184676134265434    0.0781241932678781
451    0.0    0.0025283747528257153    0.07811428612847893
452    0.0    0.002578281637362491    0.07806437924394216
453    0.0    0.0025902741817309385    0.0780523866995737
454    0.0    0.002642359487048139    0.07800030139425651
455    0.0    0.0026566294568241074    0.07798603142448053
456    0.0    0.002711097669754014    0.07793156321155063
457    0.0    0.002727863045447084    0.07791479783585756
458    0.0    0.002784946773107984    0.07785771410819667
459    0.0    0.0028044560401846597    0.07783820484111999
460    0.0    0.0028644210320592613    0.07777823984924538
461    0.0    0.002886958741034287    0.07775570214027036
462    0.0    0.002950110057165144    0.0776925508241395
463    0.0    0.0029760036809367506    0.07766665720036789
464    0.0    0.00304269333241098    0.07759996754889366
465    0.0    0.003072321799339166    0.07757033908196548
466    0.0    0.0031429583018632305    0.07749970257944142
467    0.0    0.0031767627199288553    0.07746589816137579
468    0.0    0.0032518231654521637    0.07739083771585248
469    0.0    0.0032903204507732974    0.07735234043053135
470    0.0    0.0033703659421071876    0.07727229493919746
471    0.0    0.0034141663578097195    0.07722849452349492
472    0.0    0.0034998620105374367    0.0771427988707672
473    0.0    0.0035496920662088957    0.07709296881509575
474    0.0    0.0036418333355295817    0.07700082754577506
475    0.0    0.003698566192470724    0.07694409468883392
476    0.0    0.0037981141634364753    0.07684454671786817
477    0.0    0.003862810818397732    0.07677985006290691
478    0.0    0.003970940557038898    0.07667172032426575
479    0.0    0.004044906988126611    0.07659775389317804
480    0.0    0.004163075587540612    0.07647958529376403
481    0.0    0.004247944463120022    0.07639471641818463
482    0.0    0.004377990098365826    0.07626467078293882
483    0.0    0.004475842177367366    0.07616681870393728
484    0.0    0.004620134776465988    0.07602252610483866
485    0.0    0.004733688666606762    0.07590897221469789
486    0.0    0.004895373039828949    0.07574728784147569
487    0.0    0.005028303110919846    0.0756143577703848
488    0.0    0.005211724859204313    0.07543093602210033
489    0.0    0.005369248702710866    0.07527341217859378
490    0.0    0.0055807935513413395    0.07506186732996331
491    0.0    0.005770923640250913    0.07487173724105373
492    0.0    0.00602098434421367    0.07462167653709098
493    0.0    0.0062578250896562155    0.07438483579164842
494    0.0    0.00656679246460526    0.07407586841669939
495    0.0    0.006882608919667293    0.07376005196163735
496    0.0    0.007308767733508784    0.07333389314779586
497    0.0    0.007832602571779815    0.07281005830952483
498    0.0    0.008781419127102447    0.0718612417542022
499    0.01888054222525917    0.012587028150172779    0.06805563273113187
