0    0.0    0.014996973640238616    0.15521825837816988
1    0.0    0.014659334418697134    0.15555589759971136
2    0.0    0.015317212681875088    0.1548980193365334
3    0.0    0.01650506222646207    0.15371016979194643
4    0.0    0.01812904199711491    0.1520861900212936
5    0.0    0.020336836657252506    0.149878395361156
6    0.0    0.023326641710124548    0.14688859030828394
7    0.0    0.027651966052595223    0.14256326596581326
8    0.0    0.03446641066400028    0.13574882135440822
9    0.0    0.047695821570550204    0.12251941044785829
10    0.19533208478650102    0.09766604239325051    0.07254918962515798
11    0.24217670050903412    0.12108835025451706    0.04912688176389143
12    0.272861985857042    0.136430992928521    0.03378423908988748
13    0.2934880095002187    0.14674400475010935    0.023471227268299144
14    0.30788311128626367    0.15394155564313183    0.016273676375276658
15    0.31775126733104375    0.15887563366552188    0.011339598352886615
16    0.32466902274399484    0.16233451137199742    0.007880720646411071
17    0.32943059148845233    0.16471529574422616    0.0054999362741823266
18    0.33277019366188965    0.16638509683094482    0.003830135187463668
19    0.3350754731404871    0.16753773657024354    0.0026774954481649516
20    0.3366936517747201    0.16834682588736005    0.001868406131048439
21    0.3378138126906388    0.1689069063453194    0.0013083256730890835
22    0.3386010396786569    0.16930051983932845    0.0009147121790800405
23    0.33914743566724376    0.16957371783362188    0.0006415141847866124
24    0.33953192486927514    0.16976596243463757    0.00044926958377092263
25    0.3397994223468454    0.1698997111734227    0.00031552084498578936
26    0.3399878845186182    0.1699939422593091    0.0002212897590993801
27    0.3401192701539649    0.17005963507698246    0.0001555969414260283
28    0.34021193688626883    0.17010596844313441    0.00010926357527407671
29    0.3402766518213194    0.1701383259106597    7.690610774879758e-05
30    0.3403223386263972    0.1701611693131986    5.40627052098841e-05
31    0.34035429184848676    0.17017714592424338    3.808609416511288e-05
32    0.34037686825688807    0.17018843412844403    2.679788996445831e-05
33    0.3403926780734984    0.1701963390367492    1.8892981659301977e-05
34    0.3404038562870221    0.17020192814351104    1.3303874897452328e-05
35    0.34041169264592314    0.17020584632296157    9.385695446922915e-06
36    0.3404172366650129    0.17020861833250645    6.613685902046029e-06
37    0.3404211268713471    0.17021056343567356    4.668582734929094e-06
38    0.34042388055744793    0.17021194027872397    3.291739684524453e-06
39    0.3404258143772675    0.17021290718863374    2.324829774746906e-06
40    0.3404271838762589    0.17021359193812946    1.6400802790306201e-06
41    0.34042814631677376    0.17021407315838688    1.158860021610586e-06
42    0.3404288281856828    0.1702144140928414    8.1792556708149e-07
43    0.34042930768508295    0.17021465384254147    5.781758670164727e-07
44    0.3404296475275407    0.17021482376377034    4.0825463815119534e-07
45    0.34042988664439694    0.17021494332219847    2.8869621002125534e-07
46    0.34043005617449834    0.17021502808724917    2.0393115932049177e-07
47    0.34043017551833266    0.17021508775916633    1.442592421629918e-07
48    0.34043026015738515    0.17021513007869257    1.01939715918542e-07
49    0.34043031976802895    0.17021515988401448    7.213439401354549e-08
50    0.3404303620561232    0.1702151810280616    5.099034688926807e-08
51    0.3404303918518238    0.1702151959259119    3.609249660252445e-08
52    0.3404304129946312    0.1702152064973156    2.5521092877900386e-08
53    0.340430427897372    0.170215213948686    1.8069722496072416e-08
54    0.34043043847486987    0.17021521923743493    1.2780973557280362e-08
55    0.3404304459332167    0.17021522296660835    9.051800142767519e-09
56    0.34043045122816595    0.17021522561408298    6.404325514353104e-09
57    0.3404304549629737    0.17021522748148685    4.536921643927272e-09
58    0.340430457615052    0.170215228807526    3.2108825043231093e-09
59    0.340430459486306    0.170215229743153    2.2752554840188566e-09
60    0.3404304608153754    0.1702152304076877    1.6107207789772815e-09
61    0.3404304617534339    0.17021523087671694    1.141691546857615e-09
62    0.340430462419846    0.170215231209923    8.084855007695069e-10
63    0.3404304628903453    0.17021523144517264    5.732358476784327e-10
64    0.34043046322467424    0.17021523161233712    4.060713709730379e-10
65    0.34043046346079114    0.17021523173039557    2.8801291906965787e-10
66    0.34043046362861246    0.17021523181430623    2.0410226286848854e-10
67    0.3404304637471748    0.1702152318735874    1.4482109955693545e-10
68    0.3404304638314671    0.17021523191573354    1.0267495187399334e-10
69    0.3404304638910395    0.17021523194551974    7.28887505907494e-11
70    0.34043046393340576    0.17021523196670288    5.170561201417456e-11
71    0.34043046396335996    0.17021523198167998    3.672850912295189e-11
72    0.3404304639846715    0.17021523199233576    2.6072727310477717e-11
73    0.34043046399974636    0.17021523199987318    1.8535312173995067e-11
74    0.34043046401047616    0.17021523200523808    1.3170409207674538e-11
75    0.340430464018071    0.1702152320090355    9.373002374246653e-12
76    0.34043046402348015    0.17021523201174008    6.668415819532925e-12
77    0.34043046402731175    0.17021523201365588    4.7526149682397545e-12
78    0.34043046403004323    0.17021523201502162    3.386874114497118e-12
79    0.34043046403197974    0.17021523201598987    2.4186208591459035e-12
80    0.3404304640333616    0.1702152320166808    1.727701315346053e-12
81    0.3404304640343427    0.17021523201717134    1.2371492719154276e-12
82    0.3404304640350436    0.1702152320175218    8.866796186168813e-13
83    0.3404304640355422    0.1702152320177711    6.373790384373024e-13
84    0.3404304640358992    0.1702152320179496    4.588829316531928e-13
85    0.3404304640361544    0.1702152320180772    3.312905505481467e-13
86    0.3404304640363369    0.17021523201816846    2.4003021792395884e-13
87    0.34043046403646826    0.17021523201823413    1.7436052601738083e-13
88    0.34043046403656235    0.17021523201828118    1.2731482534888983e-13
89    0.3404304640366307    0.17021523201831534    9.314771176605063e-14
90    0.34043046403667915    0.17021523201833957    6.891709425360659e-14
91    0.3404304640367149    0.17021523201835745    5.104250355714157e-14
92    0.3404304640367406    0.1702152320183703    3.8191672047105385e-14
93    0.34043046403675964    0.17021523201837982    2.867150961094467e-14
94    0.34043046403677374    0.17021523201838687    2.1621593404574924e-14
95    0.34043046403678384    0.17021523201839192    1.657007864253046e-14
96    0.34043046403679134    0.17021523201839567    1.2823075934420558e-14
97    0.3404304640367972    0.1702152320183986    9.880984919163893e-15
98    0.3404304640368019    0.17021523201840094    7.549516567451064e-15
99    0.3404304640368049    0.17021523201840244    6.050715484207103e-15
100    0.3404304640368071    0.17021523201840355    4.9404924595819466e-15
101    0.3404304640368094    0.1702152320184047    3.802513859341161e-15
102    0.3404304640368105    0.17021523201840524    3.247402347028583e-15
103    0.34043046403681176    0.17021523201840588    2.609024107869118e-15
104    0.3404304640368121    0.17021523201840605    2.4424906541753444e-15
105    0.34043046403681326    0.17021523201840663    1.8596235662471372e-15
106    0.3404304640368141    0.17021523201840705    1.4432899320127035e-15
107    0.3404304640368149    0.17021523201840744    1.0547118733938987e-15
108    0.3404304640368148    0.1702152320184074    1.0824674490095276e-15
109    0.3404304640368151    0.17021523201840755    9.43689570931383e-16
110    0.34043046403681565    0.17021523201840782    6.661338147750939e-16
111    0.34043046403681587    0.17021523201840794    5.551115123125783e-16
112    0.3404304640368158    0.1702152320184079    5.828670879282072e-16
113    0.34043046403681626    0.17021523201840813    3.608224830031759e-16
114    0.34043046403681615    0.17021523201840807    4.163336342344337e-16
115    0.34043046403681654    0.17021523201840827    2.220446049250313e-16
116    0.3404304640368161    0.17021523201840805    4.440892098500626e-16
117    0.3404304640368167    0.17021523201840835    1.3877787807814457e-16
118    0.34043046403681654    0.17021523201840827    2.220446049250313e-16
119    0.3404304640368167    0.17021523201840835    1.3877787807814457e-16
120    0.34043046403681676    0.17021523201840838    1.1102230246251565e-16
121    0.34043046403681654    0.17021523201840827    2.220446049250313e-16
122    0.3404304640368168    0.1702152320184084    8.326672684688674e-17
123    0.3404304640368168    0.1702152320184084    8.326672684688674e-17
124    0.34043046403681726    0.17021523201840863    1.3877787807814457e-16
125    0.340430464036817    0.1702152320184085    0.0
126    0.34043046403681676    0.17021523201840838    1.1102230246251565e-16
127    0.3404304640368171    0.17021523201840855    5.551115123125783e-17
128    0.34043046403681715    0.17021523201840857    8.326672684688674e-17
129    0.340430464036817    0.1702152320184085    0.0
130    0.3404304640368168    0.1702152320184084    8.326672684688674e-17
131    0.3404304640368169    0.17021523201840846    2.7755575615628914e-17
132    0.34043046403681704    0.17021523201840852    2.7755575615628914e-17
133    0.340430464036817    0.1702152320184085    0.0
134    0.3404304640368168    0.1702152320184084    8.326672684688674e-17
135    0.34043046403681687    0.17021523201840844    5.551115123125783e-17
136    0.3404304640368172    0.1702152320184086    1.1102230246251565e-16
137    0.3404304640368169    0.17021523201840846    2.7755575615628914e-17
138    0.34043046403681726    0.17021523201840863    1.3877787807814457e-16
139    0.3404304640368167    0.17021523201840835    1.3877787807814457e-16
140    0.3404304640368169    0.17021523201840846    2.7755575615628914e-17
141    0.3404304640368164    0.1702152320184082    2.7755575615628914e-16
142    0.3404304640368166    0.1702152320184083    1.942890293094024e-16
143    0.3404304640368163    0.17021523201840816    3.3306690738754696e-16
144    0.34043046403681676    0.17021523201840838    1.1102230246251565e-16
145    0.34043046403681637    0.17021523201840819    3.0531133177191805e-16
146    0.34043046403681576    0.17021523201840788    6.106226635438361e-16
147    0.3404304640368161    0.17021523201840805    4.440892098500626e-16
148    0.34043046403681543    0.17021523201840771    7.771561172376096e-16
149    0.3404304640368152    0.1702152320184076    8.881784197001252e-16
150    0.3404304640368153    0.17021523201840766    8.326672684688674e-16
151    0.34043046403681504    0.17021523201840752    9.71445146547012e-16
152    0.34043046403681454    0.17021523201840727    1.2212453270876722e-15
153    0.3404304640368141    0.17021523201840705    1.4432899320127035e-15
154    0.3404304640368136    0.1702152320184068    1.6930901125533637e-15
155    0.3404304640368122    0.1702152320184061    2.3869795029440866e-15
156    0.34043046403681154    0.17021523201840577    2.7200464103316335e-15
157    0.34043046403681065    0.17021523201840533    3.164135620181696e-15
158    0.34043046403680877    0.17021523201840438    4.107825191113079e-15
159    0.34043046403680666    0.17021523201840333    5.162537064506978e-15
160    0.34043046403680416    0.17021523201840208    6.411537967210279e-15
161    0.3404304640368008    0.1702152320184004    8.104628079763643e-15
162    0.34043046403679633    0.17021523201839817    1.0325074129013956e-14
163    0.34043046403679045    0.17021523201839522    1.326716514427062e-14
164    0.3404304640367824    0.1702152320183912    1.7291723608536813e-14
165    0.3404304640367718    0.1702152320183859    2.2593038551121936e-14
166    0.3404304640367574    0.1702152320183787    2.9781732635569824e-14
167    0.3404304640367377    0.17021523201836886    3.963496197911809e-14
168    0.3404304640367113    0.17021523201835564    5.284661597215745e-14
169    0.340430464036675    0.1702152320183375    7.099876242477876e-14
170    0.34043046403662436    0.17021523201831218    9.631184738623233e-14
171    0.3404304640365552    0.1702152320182776    1.3089529460330596e-13
172    0.34043046403645894    0.17021523201822947    1.790234627208065e-13
173    0.34043046403632465    0.17021523201816233    2.4616420013501283e-13
174    0.34043046403613875    0.17021523201806937    3.3911762287175407e-13
175    0.3404304640358776    0.1702152320179388    4.696798505676725e-13
176    0.34043046403551497    0.17021523201775748    6.510070260645762e-13
177    0.34043046403500526    0.17021523201750263    9.058587213672809e-13
178    0.34043046403429256    0.17021523201714628    1.2622125566963405e-12
179    0.3404304640332908    0.1702152320166454    1.7630896742559798e-12
180    0.3404304640318881    0.17021523201594405    2.464445314487307e-12
181    0.34043046402991195    0.17021523201495597    3.4525160508280806e-12
182    0.34043046402714006    0.17021523201357003    4.838462963618895e-12
183    0.34043046402323107    0.17021523201161554    6.7929550873202516e-12
184    0.3404304640177433    0.17021523200887165    9.53684353710571e-12
185    0.3404304640099982    0.1702152320049991    1.3409384713725103e-11
186    0.3404304639991157    0.17021523199955785    1.8850643268564227e-11
187    0.340430463983747    0.1702152319918735    2.6534996422356016e-11
188    0.3404304639621389    0.17021523198106944    3.733904851976888e-11
189    0.340430463931607    0.1702152319658035    5.26050036864234e-11
190    0.3404304638886597    0.17021523194432986    7.407863211739141e-11
191    0.340430463827951    0.1702152319139755    1.0443299003348727e-10
192    0.34043046374252034    0.17021523187126017    1.471483213055791e-10
193    0.34043046362171886    0.17021523181085943    2.075490612707398e-10
194    0.3404304634516611    0.17021523172583056    2.925779341023116e-10
195    0.34043046321112863    0.17021523160556432    4.128441755124612e-10
196    0.340430462872407    0.1702152314362035    5.822049786718964e-10
197    0.34043046239318947    0.17021523119659474    8.218137559357075e-10
198    0.3404304617181377    0.17021523085906884    1.1593396520570565e-09
199    0.3404304607628635    0.17021523038143174    1.6369767485979736e-09
200    0.34043045941679256    0.17021522970839628    2.3100122092944986e-09
201    0.3404304575115285    0.17021522875576425    3.2626442381111787e-09
202    0.34043045482599105    0.17021522741299552    4.605412967650935e-09
203    0.34043045102397645    0.17021522551198823    6.506420263674428e-09
204    0.3404304456631674    0.1702152228315837    9.186824800888616e-09
205    0.3404304380719905    0.17021521903599526    1.2982413227780043e-08
206    0.34043042736486434    0.17021521368243217    1.83359763206159e-08
207    0.3404304121995558    0.1702152060997779    2.591863060286137e-08
208    0.34043039080164034    0.17021519540082017    3.66175883226294e-08
209    0.34043036048686814    0.17021518024343407    5.1774974418883346e-08
210    0.34043031769683324    0.17021515884841662    7.31699918710138e-08
211    0.340430257059971    0.1702151285299855    1.0348842299778838e-07
212    0.34043017143362564    0.17021508571681282    1.4630159567152745e-07
213    0.34043005006086374    0.17021502503043187    2.0698797661977686e-07
214    0.34042987858957474    0.17021493929478737    2.927236211203166e-07
215    0.3404296354613097    0.17021481773065486    4.1428775363061554e-07
216    0.3404292918040305    0.17021464590201524    5.861163932530111e-07
217    0.34042880437375717    0.17021440218687858    8.298315299082315e-07
218    0.34042811501250764    0.17021405750625382    1.174512154672458e-06
219    0.3404271368926429    0.17021356844632146    1.6635720870294968e-06
220    0.34042575268951525    0.17021287634475762    2.355673650866752e-06
221    0.3404237878736726    0.1702118939368363    3.33808157218507e-06
222    0.34042100535598635    0.17021050267799318    4.729340415315919e-06
223    0.3404170538807694    0.1702085269403847    6.705078023777622e-06
224    0.34041145339236434    0.17020572669618217    9.505322226321944e-06
225    0.34040349594293173    0.17020174797146587    1.3484046942624506e-05
226    0.34039220728346764    0.17019610364173382    1.9128376674670822e-05
227    0.3403761581970624    0.1701880790985312    2.7152919877287962e-05
228    0.3403533661568691    0.17017668307843456    3.8548939973931384e-05
229    0.3403209402975924    0.1701604701487962    5.476186961228535e-05
230    0.3402748334807627    0.17013741674038135    7.781527802713795e-05
231    0.3402091853901673    0.17010459269508366    0.00011063932332483484
232    0.34011570313882555    0.17005785156941278    0.00015738044899571424
233    0.33998247660575376    0.16999123830287688    0.00022399371553161185
234    0.3397924380704608    0.1698962190352304    0.0003190129831781019
235    0.33952131401457003    0.16976065700728502    0.00045457501112347587
236    0.33913379816546296    0.16956689908273148    0.0006483329356770096
237    0.3385802760928408    0.1692901380464204    0.0009250939719880891
238    0.33778729970524846    0.16889364985262423    0.001321582165784263
239    0.3366532050433307    0.16832660252166534    0.0018886294967431494
240    0.3350243027909418    0.1675121513954709    0.002703080622937587
241    0.3326920452225623    0.16634602261128115    0.003869209407127344
242    0.3293331090984719    0.16466655454923596    0.005548677469172536
243    0.3245203656462753    0.16226018282313764    0.007955049195270847
244    0.31757011027911863    0.15878505513955932    0.011430176878849174
245    0.30760914750264534    0.15380457375132267    0.01641065826708582
246    0.2931681305386683    0.14658406526933415    0.02363116674907434
247    0.2723912449569589    0.13619562247847944    0.03401960953992905
248    0.2416764906504364    0.1208382453252182    0.049376986693190295
249    0.19466771778038366    0.09733385889019183    0.07288137312821666
250    0.0    0.04749940960285637    0.12271582241555212
251    0.0    0.03420788915591504    0.13600734286249344
252    0.0    0.02738824990348859    0.1428269821149199
253    0.0    0.02295840814857074    0.14725682386983774
254    0.0    0.019923312733683952    0.15029191928472455
255    0.0    0.01755604789032323    0.15265918412808527
256    0.0    0.015798107023699694    0.1544171249947088
257    0.0    0.014287406908207498    0.15592782511020098
258    0.0    0.013136569969289712    0.15707866204911877
259    0.0    0.012074061854422993    0.1581411701639855
260    0.0    0.01126467736024335    0.15895055465816516
261    0.0    0.010468921161788228    0.15974631085662028
262    0.0    0.009872264817026069    0.1603429672013824
263    0.0    0.0092490998628432    0.1609661321555653
264    0.0    0.00879453546110172    0.16142069655730676
265    0.0    0.00828983817895574    0.16192539383945276
266    0.0    0.007935137700137793    0.1622800943182707
267    0.0    0.007515441675705577    0.1626997903427029
268    0.0    0.007233717068731647    0.16298151494967683
269    0.0    0.006877157032876777    0.1633380749855317
270    0.0    0.006650435367081047    0.16356479665132745
271    0.0    0.006342094787599426    0.16387313723080907
272    0.0    0.006157888094801641    0.16405734392360685
273    0.0    0.005887229416911449    0.16432800260149705
274    0.0    0.005736581794980234    0.16447865022342825
275    0.0    0.005495943108643288    0.1647192889097652
276    0.0    0.005372259895663112    0.16484297212274537
277    0.0    0.0051559333475247725    0.16505929867088373
278    0.0    0.005054248642778141    0.16516098337563034
279    0.0    0.00485789304994951    0.16535733896845897
280    0.0    0.004774394793758305    0.1654408372246502
281    0.0    0.004594648725863615    0.16562058329254487
282    0.0    0.0045263612451173305    0.16568887077329117
283    0.0    0.004360580846107738    0.16585465117230075
284    0.0    0.004305146995888181    0.1659100850225203
285    0.0    0.0041512239119033505    0.16606400810650515
286    0.0    0.004106752090230974    0.1661084799281775
287    0.0    0.003962984272687013    0.16625224774572148
288    0.0    0.003927938792035997    0.1662872932263725
289    0.0    0.0037929370546365775    0.16642229496377192
290    0.0    0.0037660581557166137    0.16644917386269187
291    0.0    0.0036386774311177694    0.16657655458729073
292    0.0    0.0036189219763201907    0.1665963100420883
293    0.0    0.003498209965237127    0.16671702205317138
294    0.0    0.0034847068227639656    0.16673052519564452
295    0.0    0.0033698651024125334    0.16684536691599597
296    0.0    0.003361881138403704    0.16685335088000477
297    0.0    0.003252235336168959    0.16696299668223955
298    0.0    0.003249149181043053    0.16696608283736544
299    0.0    0.003144125837708473    0.1670711061807
300    0.0    0.0031454074273232447    0.16706982459108524
301    0.0    0.003044515860864144    0.16717071615754434
302    0.0    0.003049710320608353    0.16716552169780013
303    0.0    0.00295252827247841    0.16726270374593008
304    0.0    0.002961243104715083    0.16725398891369342
305    0.0    0.0028674052785872366    0.16734782673982126
306    0.0    0.002879300089142465    0.16733593192926602
307    0.0    0.002788488923864284    0.1674267430945442
308    0.0    0.0028032671190815843    0.16741196489932691
309    0.0    0.002715205303569494    0.167500026714839
310    0.0    0.002732607330539194    0.16748262468786929
311    0.0    0.0026470516886222635    0.16756818032978624
312    0.0    0.0026668494940427813    0.1675483825243657
313    0.0    0.0025835859554549125    0.16763164606295358
314    0.0    0.0026055784143866716    0.16760965360402183
315    0.0    0.0025244178534219864    0.16769081416498652
316    0.0    0.0025484269756278124    0.16766680504278067
317    0.0    0.0024692017478535203    0.16774603027055496
318    0.0    0.0024950695118432812    0.1677201625065652
319    0.0    0.0024176305561649527    0.16779760146224354
320    0.0    0.002445216253231909    0.16777001576517658
321    0.0    0.0023694306547108945    0.1678458013636976
322    0.0    0.002398608649851063    0.16781662336855743
323    0.0    0.0023243575802553364    0.16789087443815315
324    0.0    0.002355015415827055    0.16786021660258144
325    0.0    0.002282192385593786    0.1679330396328147
326    0.0    0.002314229168298236    0.16790100285011025
327    0.0    0.002242738536596044    0.16797249348181245
328    0.0    0.0022760635598792042    0.1679391684585293
329    0.0    0.0022058192596707557    0.16800941275873774
330    0.0    0.0022403508227122892    0.1679748811956962
331    0.0    0.0021712752657777586    0.16804395675263073
332    0.0    0.0022069396574127655    0.16800829236099574
333    0.0    0.0021389627907048535    0.16807626922770363
334    0.0    0.002175693412348039    0.16803953860606044
335    0.0    0.0021087519021650842    0.1681064801162434
336    0.0    0.0021464885083976935    0.1680687435100108
337    0.0    0.0020805250329810816    0.1681347069854274
338    0.0    0.0021192130721507407    0.16809601894625775
339    0.0    0.0020541757066354213    0.16816105631177308
340    0.0    0.002093765746820729    0.16812146627158775
341    0.0    0.002029607427166611    0.16818562459124187
342    0.0    0.002070054655291455    0.16814517736311704
343    0.0    0.0020067327100308195    0.16820849930837767
344    0.0    0.0020479964939084895    0.1681672355245
345    0.0    0.001985472234347841    0.16822975978406066
346    0.0    0.0020275157390772535    0.16818771627933124
347    0.0    0.0019657541000815786    0.16824947791832692
348    0.0    0.002008543951564262    0.16820668806684422
349    0.0    0.0019475131762863055    0.1682677188421222
350    0.0    0.001991019165763502    0.168224212852645
351    0.0    0.0019306905286979221    0.16828454148971056
352    0.0    0.0019748853531358613    0.16824034666527263
353    0.0    0.0019152329167391078    0.16829999910166937
354    0.0    0.001960091950673186    0.16825514006773531
355    0.0    0.001901092351503525    0.16831413966690498
356    0.0    0.0019465934466139764    0.16826863857179453
357    0.0    0.001888225707547908    0.1683270063108606
358    0.0    0.001934349016788264    0.16828088300162022
359    0.0    0.0018765943823858414    0.16833863763602264
360    0.0    0.0019233222059598664    0.16829190981244863
361    0.0    0.0018661639984801001    0.16834906801992838
362    0.0    0.0019134806493649732    0.16830175136904352
363    0.0    0.0018569041433061295    0.16835832787510235
364    0.0    0.0019047958303602319    0.16831043618804825
365    0.0    0.0018487881437212405    0.16836644387468724
366    0.0    0.0018972428707165903    0.1683179891476919
367    0.0    0.001841792871448394    0.1683734391469601
368    0.0    0.0018908003506206807    0.16832443166778782
369    0.0    0.0018358985769815317    0.16837933344142697
370    0.0    0.001885450155921278    0.1683297818624872
371    0.0    0.0018310887496593585    0.16838414326874912
372    0.0    0.0018811773505638513    0.16833405466784465
373    0.0    0.0018273500020389614    0.16838788201636953
374    0.0    0.001877970072524912    0.16833726194588358
375    0.0    0.0018246719770513063    0.1683905600413572
376    0.0    0.0018758194518882264    0.16833941256652027
377    0.0    0.0018230472767365327    0.16839218474167195
378    0.0    0.001874719550008481    0.1683405124684
379    0.0    0.0018224714116388814    0.1683927606067696
380    0.0    0.0018746673189800728    0.16834056469942843
381    0.0    0.0018229427702232861    0.1683922892481852
382    0.0    0.001875662580902039    0.16833956943750644
383    0.0    0.0018244626079221113    0.1683907694104864
384    0.0    0.0018777080266745877    0.1683375239917339
385    0.0    0.0018270350556790092    0.16838819696272947
386    0.0    0.0018808092343155893    0.1683344227840929
387    0.0    0.0018306671480954446    0.16838456487031306
388    0.0    0.0018849747070287587    0.16833025731137974
389    0.0    0.0018353688715424775    0.168379863146866
390    0.0    0.0018902159315109831    0.1683250160868975
391    0.0    0.0018411532328504478    0.16837407878555805
392    0.0    0.00189654745724581    0.16831868456116267
393    0.0    0.0018480363494617876    0.1683671956689467
394    0.0    0.0019039869978087452    0.16831124502059974
395    0.0    0.0018560375622194369    0.16835919445618905
396    0.0    0.0019125555555086463    0.16830267646289984
397    0.0    0.0018651795722750503    0.16835005244613344
398    0.0    0.0019222775710198614    0.16829295444738862
399    0.0    0.001875488603946283    0.1683397434144622
400    0.0    0.0019331811000166204    0.16828205091839188
401    0.0    0.0018869945957348342    0.16832823742267367
402    0.0    0.001945298019235958    0.16826993399917253
403    0.0    0.0018997314221538678    0.16831550059625464
404    0.0    0.0019586642648532736    0.16825656775355521
405    0.0    0.0019137371495039422    0.16830149486890456
406    0.0    0.0019733201065843817    0.1682419119118241
407    0.0    0.0019290543293045683    0.16828617768910392
408    0.0    0.0019893104615364204    0.16822592155687208
409    0.0    0.0019457303337479673    0.1682695016846605
410    0.0    0.0020066852525423254    0.16820854676586616
411    0.0    0.0019638177382996524    0.16825141428010884
412    0.0    0.0020254998165345705    0.16818973220187391
413    0.0    0.0019833747574751776    0.16823185726093332
414    0.0    0.0020458153694885143    0.16816941664892
415    0.0    0.0020044657408667    0.16821076627754178
416    0.0    0.0020676995356124993    0.16814753248279599
417    0.0    0.002027161737750921    0.16818807028065758
418    0.0    0.002091226949820714    0.16812400506858777
419    0.0    0.0020515411400871845    0.1681636908783213
420    0.0    0.002116479944148154    0.16809875207426034
421    0.0    0.0020776904154928074    0.1681375416029157
422    0.0    0.002143549330707393    0.1680716826877011
423    0.0    0.0021057049439085766    0.16810952707449991
424    0.0    0.002172535296124757    0.16804269672228372
425    0.0    0.0021356899742347953    0.1680795420441737
426    0.0    0.0022035484252130636    0.16801168359319543
427    0.0    0.0021677617203265938    0.1680474702980819
428    0.0    0.0022367108750684698    0.16797852114334003
429    0.0    0.0022020486195179463    0.16801318339889054
430    0.0    0.0022721577249543126    0.16794307429345418
431    0.0    0.002238692781469545    0.16797653923693895
432    0.0    0.002310038532461232    0.16790519348594726
433    0.0    0.0022778516608168474    0.16793738035759165
434    0.0    0.002350519132740506    0.16786471288566798
435    0.0    0.0023196999941133127    0.1678955320242952
436    0.0    0.002393783725427362    0.16782144829298112
437    0.0    0.0023644320502826982    0.1678507999681258
438    0.0    0.0024400373036014833    0.167775194714807
439    0.0    0.002412264254673451    0.16780296776373504
440    0.0    0.002489508491326371    0.16772572352708212
441    0.0    0.0024634382604973976    0.1677517937579111
442    0.0    0.002542452871679132    0.16767277914672937
443    0.0    0.0025182245587178553    0.16769700745969063
444    0.0    0.0025991569066726485    0.16761607511173585
445    0.0    0.0025769267394724596    0.16763830527893603
446    0.0    0.00265994257537967    0.16755528944302883
447    0.0    0.002639886546338516    0.16757534547206998
448    0.0    0.0027251728886071606    0.16749005912980133
449    0.0    0.002707489901196862    0.16750774211721162
450    0.0    0.0027952584800291697    0.1674199735383793
451    0.0    0.0027801741249272884    0.1674350578934812
452    0.0    0.002870665528028824    0.16734456649037965
453    0.0    0.002858436641524617    0.16735679537688386
454    0.0    0.0029519253342247353    0.16726330668418377
455    0.0    0.0029428455359125343    0.16727238648249595
456    0.0    0.0030396459802289532    0.16717558603817953
457    0.0    0.0030340524464924426    0.16718117957191606
458    0.0    0.0031345266128930765    0.16708070540551542
459    0.0    0.003132808423468189    0.1670824235949403
460    0.0    0.0032373750836533254    0.16697785693475517
461    0.0    0.0032399835896180593    0.16697524842879044
462    0.0    0.0033491299095125032    0.166866102108896
463    0.0    0.0033565917258106216    0.16685864029259787
464    0.0    0.003470887861662343    0.16674434415674616
465    0.0    0.0034838213061965033    0.16673141071221198
466    0.0    0.0036039389686751537    0.16661129304973335
467    0.0    0.0036230750849471486    0.16659215693346136
468    0.0    0.003749811416519752    0.16646542060188874
469    0.0    0.0037760211785422453    0.16643921083986624
470    0.0    0.003910329852942415    0.16630490216546606
471    0.0    0.0039446598429077944    0.1662705721755007
472    0.0    0.0040876921499816655    0.16612753986842682
473    0.0    0.004131412061726703    0.16608381995668178
474    0.0    0.00428457207188112    0.16593065994652736
475    0.0    0.004339239073516384    0.1658759929448921
476    0.0    0.004504259115782382    0.1657109729026261
477    0.0    0.0045718068555287835    0.16564342516287972
478    0.0    0.004750853115972096    0.1654643789024364
479    0.0    0.004833717848907017    0.16538151416950148
480    0.0    0.005029542140747661    0.16518568987766083
481    0.0    0.005130846879534606    0.16508438513887388
482    0.0    0.005347012182952556    0.16486821983545594
483    0.0    0.005470845878575562    0.16474438613983292
484    0.0    0.005712076149680228    0.16450315586872827
485    0.0    0.005863938204337051    0.16435129381407143
486    0.0    0.006136692580343992    0.1640785394380645
487    0.0    0.006324249075236089    0.1638909829431724
488    0.0    0.006637741023939253    0.16357749099446925
489    0.0    0.00687223672090917    0.16334299529749932
490    0.0    0.00724045701890532    0.16297477499950316
491    0.0    0.007539734918449068    0.16267549709995943
492    0.0    0.007986192280465017    0.16222903973794348
493    0.0    0.008382619453585174    0.1618326125648233
494    0.0    0.008954686460418384    0.1612605455579901
495    0.0    0.009523921462909127    0.16069131055549937
496    0.0    0.01035902730738247    0.15985620471102602
497    0.0    0.011405856030816107    0.15880937598759237
498    0.0    0.013460671416260107    0.15675456060214837
499    0.04444970570761108    0.02222485285380554    0.14799037916460295
