0    0.0    0.01887138622839073    0.2311490756347327
1    0.0    0.0178506628749944    0.23216979898812903
2    0.0    0.018236690406943788    0.23178377145617965
3    0.0    0.019867389829623987    0.23015307203349944
4    0.0    0.02183395045889457    0.22818651140422885
5    0.0    0.02510340648753499    0.22491705537558845
6    0.0    0.029305585147866995    0.22071487671525644
7    0.0    0.03617877119211487    0.21384169067100856
8    0.0    0.04724255095831718    0.20277791090480626
9    0.0    0.07119098773695128    0.17882947412617217
10    0.43106284444855786    0.17242513777942314    0.07759532408370029
11    0.5266694774351531    0.21066779097406124    0.03935267088906219
12    0.5756774002526787    0.23027096010107148    0.019749501762051952
13    0.599502947864088    0.2398011791456352    0.010219282717488232
14    0.6120143980081012    0.24480575920324046    0.005214702659882969
15    0.6182581701692932    0.24730326806771727    0.0027171937954061642
16    0.6215462112209108    0.24861848448836432    0.0014019773747591113
17    0.6232148103972339    0.24928592415889358    0.0007345377042298484
18    0.6240961327242573    0.24963845308970292    0.0003820087734205113
19    0.6245487054560867    0.24981948218243466    0.00020097968068877314
20    0.6247883578387821    0.2499153431355128    0.0001051187276106258
21    0.6249124616299877    0.24996498465199507    5.547721112836301e-05
22    0.6249783096394075    0.24999132385576298    2.9138007360457463e-05
23    0.6250126179633614    0.25000504718534455    1.5414677778879948e-05
24    0.6250308496790951    0.250012339871638    8.121991485421365e-06
25    0.6250403924635912    0.2500161569854365    4.304877686933661e-06
26    0.6250454698310061    0.25001818793240244    2.2739307209973525e-06
27    0.6250481368579214    0.25001925474316855    1.2071199548824296e-06
28    0.6250495573355641    0.25001982293422564    6.389288977892704e-07
29    0.6250503055946428    0.25002012223785713    3.3962526629904843e-07
30    0.6250507044731023    0.2500202817892409    1.8007388252749834e-07
31    0.6250509150769122    0.2500203660307649    9.583235854870864e-08
32    0.6250510274332776    0.250020410973311    5.0889812419629976e-08
33    0.625051086873105    0.25002043474924196    2.71138814733618e-08
34    0.625051118607967    0.2500204474431868    1.4419936633647268e-08
35    0.6250511354259803    0.25002045417039215    7.69273128531367e-09
36    0.6250511444122482    0.2500204577648993    4.0982241489295745e-09
37    0.625051149182549    0.2500204596730196    2.1901038205207612e-09
38    0.6250511517339254    0.2500204606935702    1.1695532320388224e-09
39    0.6250511530908098    0.25002046123632393    6.267995011910443e-10
40    0.6250511538175824    0.25002046152703294    3.360904887728111e-10
41    0.625051154205052    0.2500204616820208    1.8110263289017325e-10
42    0.6250511544131139    0.25002046176524556    9.787787247361734e-11
43    0.6250511545244863    0.25002046180979454    5.332889685405462e-11
44    0.6250511545845887    0.2500204618338355    2.9287960945367786e-11
45    0.6250511546170056    0.2500204618468022    1.6321222151560733e-11
46    0.6250511546346784    0.2500204618538714    9.252043575713742e-12
47    0.6250511546443561    0.25002046185774246    5.3809734446019775e-12
48    0.6250511546497427    0.25002046185989707    3.226363620711936e-12
49    0.6250511546527822    0.2500204618611129    2.0105583864449272e-12
50    0.6250511546545425    0.25002046186181703    1.3063994330764217e-12
51    0.6250511546555906    0.25002046186223625    8.871792189779626e-13
52    0.6250511546562385    0.2500204618624954    6.280531650304511e-13
53    0.6250511546566561    0.2500204618626624    4.610201109755963e-13
54    0.6250511546569354    0.25002046186277416    3.4927616354707425e-13
55    0.625051154657132    0.2500204618628528    2.706168622523819e-13
56    0.6250511546572748    0.25002046186290994    2.134958876354176e-13
57    0.6250511546573831    0.25002046186295324    1.701971896750365e-13
58    0.6250511546574654    0.25002046186298615    1.372790769949006e-13
59    0.6250511546575304    0.25002046186301213    1.1129985821867194e-13
60    0.6250511546575819    0.25002046186303273    9.070522111187529e-14
61    0.6250511546576231    0.2500204618630492    7.421840919619171e-14
62    0.6250511546576559    0.25002046186306237    6.106226635438361e-14
63    0.6250511546576838    0.25002046186307353    4.9904524956900786e-14
64    0.6250511546577051    0.250020461863082    4.141131881851834e-14
65    0.6250511546577237    0.25002046186308946    3.397282455352979e-14
66    0.6250511546577389    0.25002046186309557    2.786659791809143e-14
67    0.6250511546577507    0.2500204618631003    2.3148150063434514e-14
68    0.6250511546577611    0.25002046186310445    1.8984813721090177e-14
69    0.6250511546577695    0.2500204618631078    1.5654144647214707e-14
70    0.6250511546577762    0.25002046186311044    1.2989609388114332e-14
71    0.6250511546577817    0.25002046186311266    1.0769163338864018e-14
72    0.6250511546577864    0.25002046186311455    8.881784197001252e-15
73    0.6250511546577899    0.250020461863116    7.438494264988549e-15
74    0.6250511546577929    0.25002046186311716    6.2727600891321345e-15
75    0.6250511546577957    0.25002046186311827    5.162537064506978e-15
76    0.6250511546577976    0.25002046186311905    4.385380947269368e-15
77    0.6250511546577995    0.25002046186311977    3.6637359812630166e-15
78    0.625051154657801    0.25002046186312044    2.9976021664879227e-15
79    0.6250511546578018    0.2500204618631207    2.7200464103316335e-15
80    0.6250511546578039    0.25002046186312155    1.887379141862766e-15
81    0.6250511546578036    0.25002046186312143    1.9984014443252818e-15
82    0.625051154657805    0.250020461863122    1.4432899320127035e-15
83    0.6250511546578048    0.25002046186312193    1.4988010832439613e-15
84    0.6250511546578061    0.25002046186312243    9.992007221626409e-16
85    0.6250511546578064    0.25002046186312255    8.881784197001252e-16
86    0.6250511546578069    0.25002046186312277    6.661338147750939e-16
87    0.625051154657807    0.2500204618631228    6.106226635438361e-16
88    0.6250511546578069    0.25002046186312277    6.661338147750939e-16
89    0.625051154657807    0.2500204618631228    6.106226635438361e-16
90    0.6250511546578075    0.250020461863123    4.440892098500626e-16
91    0.6250511546578075    0.250020461863123    4.440892098500626e-16
92    0.6250511546578075    0.250020461863123    4.440892098500626e-16
93    0.6250511546578077    0.2500204618631231    3.3306690738754696e-16
94    0.6250511546578074    0.25002046186312293    4.996003610813204e-16
95    0.6250511546578075    0.250020461863123    4.440892098500626e-16
96    0.6250511546578084    0.2500204618631233    1.1102230246251565e-16
97    0.6250511546578084    0.2500204618631233    1.1102230246251565e-16
98    0.6250511546578081    0.25002046186312327    1.6653345369377348e-16
99    0.6250511546578085    0.2500204618631234    5.551115123125783e-17
100    0.6250511546578081    0.25002046186312327    1.6653345369377348e-16
101    0.6250511546578077    0.2500204618631231    3.3306690738754696e-16
102    0.6250511546578077    0.2500204618631231    3.3306690738754696e-16
103    0.6250511546578081    0.25002046186312327    1.6653345369377348e-16
104    0.6250511546578077    0.2500204618631231    3.3306690738754696e-16
105    0.6250511546578084    0.2500204618631233    1.1102230246251565e-16
106    0.625051154657808    0.2500204618631232    2.220446049250313e-16
107    0.6250511546578086    0.25002046186312343    0.0
108    0.6250511546578081    0.25002046186312327    1.6653345369377348e-16
109    0.6250511546578081    0.25002046186312327    1.6653345369377348e-16
110    0.6250511546578086    0.25002046186312343    0.0
111    0.625051154657808    0.2500204618631232    2.220446049250313e-16
112    0.6250511546578077    0.2500204618631231    3.3306690738754696e-16
113    0.6250511546578084    0.2500204618631233    1.1102230246251565e-16
114    0.6250511546578084    0.2500204618631233    1.1102230246251565e-16
115    0.6250511546578086    0.25002046186312343    0.0
116    0.6250511546578084    0.2500204618631233    1.1102230246251565e-16
117    0.625051154657808    0.2500204618631232    2.220446049250313e-16
118    0.6250511546578084    0.2500204618631233    1.1102230246251565e-16
119    0.6250511546578084    0.2500204618631233    1.1102230246251565e-16
120    0.6250511546578084    0.2500204618631233    1.1102230246251565e-16
121    0.6250511546578077    0.2500204618631231    3.3306690738754696e-16
122    0.6250511546578081    0.25002046186312327    1.6653345369377348e-16
123    0.6250511546578086    0.25002046186312343    0.0
124    0.6250511546578084    0.2500204618631233    1.1102230246251565e-16
125    0.6250511546578086    0.25002046186312343    0.0
126    0.625051154657808    0.2500204618631232    2.220446049250313e-16
127    0.6250511546578086    0.25002046186312343    0.0
128    0.6250511546578079    0.25002046186312316    2.7755575615628914e-16
129    0.6250511546578084    0.2500204618631233    1.1102230246251565e-16
130    0.6250511546578084    0.2500204618631233    1.1102230246251565e-16
131    0.6250511546578077    0.2500204618631231    3.3306690738754696e-16
132    0.6250511546578086    0.25002046186312343    0.0
133    0.6250511546578086    0.25002046186312343    0.0
134    0.6250511546578086    0.25002046186312343    0.0
135    0.6250511546578077    0.2500204618631231    3.3306690738754696e-16
136    0.6250511546578084    0.2500204618631233    1.1102230246251565e-16
137    0.6250511546578084    0.2500204618631233    1.1102230246251565e-16
138    0.6250511546578084    0.2500204618631233    1.1102230246251565e-16
139    0.6250511546578087    0.2500204618631235    5.551115123125783e-17
140    0.6250511546578079    0.25002046186312316    2.7755575615628914e-16
141    0.6250511546578081    0.25002046186312327    1.6653345369377348e-16
142    0.6250511546578081    0.25002046186312327    1.6653345369377348e-16
143    0.6250511546578081    0.25002046186312327    1.6653345369377348e-16
144    0.6250511546578085    0.2500204618631234    5.551115123125783e-17
145    0.6250511546578081    0.25002046186312327    1.6653345369377348e-16
146    0.6250511546578085    0.2500204618631234    5.551115123125783e-17
147    0.6250511546578086    0.25002046186312343    0.0
148    0.6250511546578084    0.2500204618631233    1.1102230246251565e-16
149    0.6250511546578087    0.2500204618631235    5.551115123125783e-17
150    0.625051154657808    0.2500204618631232    2.220446049250313e-16
151    0.6250511546578085    0.2500204618631234    5.551115123125783e-17
152    0.6250511546578084    0.2500204618631233    1.1102230246251565e-16
153    0.625051154657808    0.2500204618631232    2.220446049250313e-16
154    0.6250511546578084    0.2500204618631233    1.1102230246251565e-16
155    0.6250511546578085    0.2500204618631234    5.551115123125783e-17
156    0.6250511546578086    0.25002046186312343    0.0
157    0.6250511546578084    0.2500204618631233    1.1102230246251565e-16
158    0.6250511546578084    0.2500204618631233    1.1102230246251565e-16
159    0.6250511546578086    0.25002046186312343    0.0
160    0.6250511546578085    0.2500204618631234    5.551115123125783e-17
161    0.6250511546578076    0.25002046186312304    3.885780586188048e-16
162    0.6250511546578085    0.2500204618631234    5.551115123125783e-17
163    0.625051154657808    0.2500204618631232    2.220446049250313e-16
164    0.6250511546578073    0.2500204618631229    5.551115123125783e-16
165    0.625051154657808    0.2500204618631232    2.220446049250313e-16
166    0.6250511546578076    0.25002046186312304    3.885780586188048e-16
167    0.6250511546578074    0.25002046186312293    4.996003610813204e-16
168    0.6250511546578069    0.25002046186312277    6.661338147750939e-16
169    0.6250511546578075    0.250020461863123    4.440892098500626e-16
170    0.6250511546578073    0.2500204618631229    5.551115123125783e-16
171    0.625051154657807    0.2500204618631228    6.106226635438361e-16
172    0.6250511546578069    0.25002046186312277    6.661338147750939e-16
173    0.6250511546578066    0.25002046186312266    7.771561172376096e-16
174    0.6250511546578063    0.2500204618631225    9.43689570931383e-16
175    0.6250511546578058    0.2500204618631223    1.1102230246251565e-15
176    0.6250511546578055    0.2500204618631222    1.2212453270876722e-15
177    0.6250511546578054    0.25002046186312216    1.27675647831893e-15
178    0.625051154657803    0.2500204618631212    2.220446049250313e-15
179    0.6250511546578028    0.2500204618631211    2.3314683517128287e-15
180    0.6250511546578021    0.2500204618631209    2.55351295663786e-15
181    0.6250511546578013    0.2500204618631205    2.942091015256665e-15
182    0.6250511546577986    0.25002046186311944    3.9968028886505635e-15
183    0.6250511546577976    0.25002046186311905    4.385380947269368e-15
184    0.6250511546577947    0.2500204618631179    5.551115123125783e-15
185    0.6250511546577924    0.25002046186311694    6.494804694057166e-15
186    0.625051154657789    0.2500204618631156    7.827072323607354e-15
187    0.6250511546577843    0.2500204618631137    9.71445146547012e-15
188    0.6250511546577795    0.2500204618631118    1.1657341758564144e-14
189    0.6250511546577739    0.25002046186310956    1.3877787807814457e-14
190    0.6250511546577655    0.2500204618631062    1.7208456881689926e-14
191    0.625051154657757    0.2500204618631028    2.0650148258027912e-14
192    0.6250511546577457    0.2500204618630983    2.5146551507759796e-14
193    0.6250511546577321    0.25002046186309285    3.058664432842306e-14
194    0.6250511546577165    0.25002046186308663    3.680389326632394e-14
195    0.6250511546576965    0.2500204618630786    4.4853010194856324e-14
196    0.6250511546576721    0.25002046186306887    5.4567461660326444e-14
197    0.6250511546576429    0.25002046186305715    6.628031457012185e-14
198    0.6250511546576055    0.2500204618630422    8.12128142513302e-14
199    0.625051154657561    0.2500204618630244    9.903189379656396e-14
200    0.6250511546575044    0.25002046186300175    1.2168044349891716e-13
201    0.625051154657434    0.2500204618629736    1.4982459717316488e-13
202    0.625051154657344    0.2500204618629376    1.858513343222512e-13
203    0.6250511546572289    0.25002046186289156    2.3187007869296394e-13
204    0.6250511546570747    0.2500204618628299    2.935429677108914e-13
205    0.6250511546568656    0.25002046186274623    3.7719827261639693e-13
206    0.6250511546565695    0.2500204618626278    4.956590693439011e-13
207    0.6250511546561316    0.25002046186245264    6.707967514785196e-13
208    0.6250511546554551    0.2500204618621821    9.413581025796702e-13
209    0.6250511546543686    0.2500204618617474    1.376010416720419e-12
210    0.6250511546525535    0.2500204618610214    2.10204076367404e-12
211    0.6250511546494326    0.25002046185977306    3.350375532562566e-12
212    0.6250511546439201    0.25002046185756804    5.5553894817705896e-12
213    0.6250511546340396    0.2500204618536158    9.507616915982453e-12
214    0.6250511546160271    0.25002046184641086    1.67125757677411e-11
215    0.6250511545830324    0.25002046183321297    2.991046299527511e-11
216    0.6250511545219045    0.2500204618087618    5.436162631156094e-11
217    0.6250511544087262    0.25002046176349046    9.963296854209602e-11
218    0.6250511541973496    0.2500204616789398    1.8418361280581053e-10
219    0.6250511538039834    0.25002046152159335    3.415300819931133e-10
220    0.6250511530661389    0.25002046122645555    6.366678850788787e-10
221    0.6250511516895692    0.25002046067582767    1.1872957617065083e-09
222    0.6250511491006328    0.2500204596402531    2.2228703322468846e-09
223    0.625051144263979    0.2500204577055916    4.1575318188158406e-09
224    0.6250511351493979    0.25002045405975915    7.8033642880726e-09
225    0.625051118106995    0.250020447242798    1.4620325450298566e-08
226    0.6250510859323968    0.25002043437295873    2.74901647001613e-08
227    0.6250510257334843    0.2500204102933937    5.156972970876694e-08
228    0.6250509118680669    0.2500203647472268    9.711589665784004e-08
229    0.6250506986999    0.25002027947996003    1.8238316340513094e-07
230    0.6250502946399819    0.25002011785599276    3.4400713067039845e-07
231    0.6250495377404403    0.2500198150961761    6.467669473320115e-07
232    0.6250480994689932    0.25001923978759727    1.2220755261638239e-06
233    0.6250454034386641    0.2500181613754656    2.3004876578136546e-06
234    0.6250402649665394    0.2500161059866158    4.355876507655676e-06
235    0.6250306253381854    0.25001225013527417    8.211727849261052e-06
236    0.6250121838100973    0.2500048735240389    1.558833908454904e-05
237    0.6249775545081362    0.2499910218032545    2.944005986893483e-05
238    0.6249109862034514    0.24996439448138055    5.6067381742880285e-05
239    0.6247858300851332    0.2499143320340533    0.00010612982907012847
240    0.6245437057725307    0.2498174823090123    0.00020297955411113788
241    0.6240877419494553    0.2496350967797821    0.00038536508334133246
242    0.6231979465687358    0.24927917862749435    0.000741283235629081
243    0.6215187520894763    0.24860750083579053    0.001412961027332904
244    0.6182018152902307    0.24728072611609228    0.0027397357470311523
245    0.6119270963844323    0.24477083855377293    0.0052496233093504985
246    0.5993193002325269    0.23972772009301074    0.01029274177011269
247    0.5754200249252732    0.23016800997010928    0.019852451893014156
248    0.5261239989483326    0.21044959957933304    0.03957086228379039
249    0.43049919663787045    0.17219967865514818    0.07782078320797525
250    0.0    0.07089157348192127    0.17912888838120217
251    0.0    0.04695801132512431    0.20306245053799912
252    0.0    0.03569587213771905    0.21432458972540439
253    0.0    0.028785222519014848    0.22123523934410858
254    0.0    0.024321425107914463    0.22569903675520897
255    0.0    0.02091881297326777    0.22910164888985565
256    0.0    0.018530330999384136    0.2314901308637393
257    0.0    0.016466711113532456    0.23355375074959098
258    0.0    0.014996154885474464    0.23502430697764898
259    0.0    0.01359083121989363    0.2364296306432298
260    0.0    0.012609197902285915    0.2374112639608375
261    0.0    0.011577335803751162    0.23844312605937226
262    0.0    0.010887619928027418    0.239132841935096
263    0.0    0.010088382053310085    0.23993207980981335
264    0.0    0.009587108744754803    0.24043335311836864
265    0.0    0.008942698152082613    0.2410777637110408
266    0.0    0.008570211380366757    0.24145025048275667
267    0.0    0.008034094675547004    0.24198636718757643
268    0.0    0.007753550238174624    0.24226691162494882
269    0.0    0.007296167058389577    0.24272429480473384
270    0.0    0.007083567963550748    0.24293689389957268
271    0.0    0.006685231248347641    0.2433352306147758
272    0.0    0.006524272064506911    0.24349618979861654
273    0.0    0.0061713602919095546    0.24384910157121387
274    0.0    0.006050571958779033    0.2439698899043444
275    0.0    0.005733358798555823    0.2442871030645676
276    0.0    0.0056444383132647595    0.24437602354985868
277    0.0    0.00535579256677398    0.24466466929634945
278    0.0    0.005292580610199635    0.2447278812529238
279    0.0    0.005027154552327689    0.24499330731079574
280    0.0    0.004984985458641008    0.24503547640448242
281    0.0    0.004738690020611499    0.24528177184251193
282    0.0    0.004713964859783725    0.2453064970033397
283    0.0    0.004483619912835514    0.2455368419502879
284    0.0    0.0044735181396695104    0.24554694372345393
285    0.0    0.004256613285831223    0.24576384857729222
286    0.0    0.0042588931584888745    0.24576156870463456
287    0.0    0.004053420314065045    0.24596704154905838
288    0.0    0.004066277745821562    0.24595418411730188
289    0.0    0.0038706115700953953    0.24614985029302805
290    0.0    0.0038925783784363355    0.2461278834846871
291    0.0    0.003705389316701764    0.24631507254642168
292    0.0    0.0037352586079159628    0.24628520325520747
293    0.0    0.00355544861955204    0.2464650132435714
294    0.0    0.0035922192238800406    0.2464282426392434
295    0.0    0.003418873577753966    0.24660158828536946
296    0.0    0.0034617080913627004    0.24655875377176073
297    0.0    0.003294058729352806    0.24672640313377062
298    0.0    0.0033422514278093752    0.24667821043531407
299    0.0    0.0031796487819897154    0.24684081308113373
300    0.0    0.0032326007978002134    0.24678786106532322
301    0.0    0.003074491869785444    0.24694596999333798
302    0.0    0.0031316917851878403    0.24688877007793558
303    0.0    0.0029776029223372515    0.24704285894078618
304    0.0    0.0030386114475280447    0.2469818504155954
305    0.0    0.002888134682525711    0.24713232718059772
306    0.0    0.002952572450129654    0.2470678894129938
307    0.0    0.0028053545727098872    0.24721510729041354
308    0.0    0.0028728923335020265    0.2471475695296214
309    0.0    0.002728626077585041    0.2472918357855384
310    0.0    0.002798976764044688    0.24722148509907874
311    0.0    0.0026573936477171053    0.24736306821540632
312    0.0    0.002730305903280418    0.24729015595984302
313    0.0    0.0025911703711791866    0.24742929149194426
314    0.0    0.002666423239082576    0.24735403862404085
315    0.0    0.002529527839186    0.24749093402393743
316    0.0    0.00260692637575532    0.2474135354873681
317    0.0    0.002472087763837693    0.24754837409928573
318    0.0    0.0025514593940761518    0.2474690024690473
319    0.0    0.002418515005015531    0.2476019468581079
320    0.0    0.0024997064782505624    0.24752075538487286
321    0.0    0.002368511738153454    0.24765195012497
322    0.0    0.0024513865718555155    0.24756907529126793
323    0.0    0.002321812551491137    0.2476986493116323
324    0.0    0.002406248874622618    0.2476142129885008
325    0.0    0.0022781803050755116    0.24774228155804792
326    0.0    0.002364069030285081    0.24765639283283836
327    0.0    0.0022374026175585346    0.2477830592455649
328    0.0    0.0023246458855026952    0.24769581597762075
329    0.0    0.0021992888731521246    0.2478211729899713
330    0.0    0.0022877987231680074    0.24773266313995543
331    0.0    0.002163667661749605    0.24785679420137383
332    0.0    0.002253364891721636    0.24776709697140178
333    0.0    0.0021303845815218866    0.24789007728160153
334    0.0    0.002221197766631606    0.24779926409649183
335    0.0    0.0020993003462402146    0.24792116151688323
336    0.0    0.0021911649917447542    0.24782929687137867
337    0.0    0.002070289149932445    0.24795017271319097
338    0.0    0.0021631469574976163    0.24785731490562582
339    0.0    0.0020432372497820365    0.2479772246133414
340    0.0    0.0021370354804326557    0.24788342638269079
341    0.0    0.0020180417349017583    0.24800242012822168
342    0.0    0.0021127326545145116    0.24790772920860893
343    0.0    0.0019946094540616516    0.24802585240906178
344    0.0    0.0020901498496656346    0.2479303120134578
345    0.0    0.0019728560799038694    0.24804760578321958
346    0.0    0.0020692068369611216    0.2479512550261623
347    0.0    0.001952705290814173    0.24806775657230926
348    0.0    0.0020498310232355908    0.24797063083988785
349    0.0    0.001934088054641056    0.24808637380848236
350    0.0    0.002031956780581957    0.24798850508254147
351    0.0    0.001916942000918609    0.24810351986220483
352    0.0    0.0020155248584904366    0.248004937004633
353    0.0    0.001901210870332433    0.248119250992791
354    0.0    0.0020004818682596614    0.24801997999486378
355    0.0    0.001886844031884147    0.24813361783123927
356    0.0    0.0019867798308925715    0.24803368203223086
357    0.0    0.0018737960596578599    0.24814666580346556
358    0.0    0.001974375781019394    0.24804608608210404
359    0.0    0.0018620263623152832    0.24815843550080816
360    0.0    0.001963231420506141    0.2480572304426173
361    0.0    0.001851498859476886    0.24816896300364655
362    0.0    0.0019533128163683237    0.24806714904675511
363    0.0    0.0018421817000245399    0.2481782801630989
364    0.0    0.0019445901384150715    0.24807587172470835
365    0.0    0.0018340470181206286    0.2481864148450028
366    0.0    0.0019370374327512675    0.24808342443037218
367    0.0    0.0018270707233805246    0.2481933911397429
368    0.0    0.0019306324278756124    0.24808982943524782
369    0.0    0.0018212323222078558    0.24819922954091558
370    0.0    0.0019253563706272748    0.24809510549249617
371    0.0    0.001816514767788322    0.2482039470953351
372    0.0    0.001921193889713037    0.2480992679734104
373    0.0    0.0018129043366832424    0.2482075575264402
374    0.0    0.001918132884948997    0.24810232897817444
375    0.0    0.0018103905303475422    0.2482100713327759
376    0.0    0.001916164440724581    0.24810429742239884
377    0.0    0.0018089660002533095    0.2482114958628701
378    0.0    0.0019152827625410738    0.24810517910058236
379    0.0    0.0018086264956314088    0.24821183536749203
380    0.0    0.0019154851357823064    0.24810497672734114
381    0.0    0.0018093708331388693    0.24821109102998457
382    0.0    0.0019167719061790353    0.2481036899569444
383    0.0    0.0018112008880543514    0.24820926097506907
384    0.0    0.0019191464817079227    0.2481013153814155
385    0.0    0.0018141216068882852    0.24820634025623514
386    0.0    0.0019226153559513699    0.24809784650717207
387    0.0    0.0018181410415661471    0.2482023208215573
388    0.0    0.0019271881532183456    0.24809327370990508
389    0.0    0.0018232704056342162    0.24819719145748922
390    0.0    0.001932877696016814    0.2480875841671066
391    0.0    0.0018295241532214311    0.248190937709902
392    0.0    0.0019397000957664615    0.24808076176735697
393    0.0    0.001836920081804367    0.24818354178131907
394    0.0    0.0019476748679586613    0.24807278699516477
395    0.0    0.0018454794601486183    0.2481749824029748
396    0.0    0.0019568250733136366    0.2480636367898098
397    0.0    0.0018552271831627938    0.24816523467996063
398    0.0    0.001967177486863102    0.24805328437626034
399    0.0    0.0018661919557977922    0.24815426990732564
400    0.0    0.001978762797310209    0.24804169906581322
401    0.0    0.0018784065085712647    0.24814205535455217
402    0.0    0.0019916158394887064    0.24802884602363473
403    0.0    0.0018919078478023244    0.2481285540153211
404    0.0    0.002005775863288176    0.24801468599983525
405    0.0    0.0019067375442221913    0.24811372431890125
406    0.0    0.002021286843031162    0.24799917502009228
407    0.0    0.001922942064291607    0.24809751979883182
408    0.0    0.002038197832006309    0.24798226403111712
409    0.0    0.0019405731493332178    0.24807988871379022
410    0.0    0.0020565633677005314    0.2479638984954229
411    0.0    0.0019596882484930887    0.24806077361463033
412    0.0    0.0020764439342557087    0.24794401792886772
413    0.0    0.0019803510126097145    0.24804011085051372
414    0.0    0.002097906489835327    0.2479225553732881
415    0.0    0.0020026318573372684    0.24801783000578617
416    0.0    0.002121025067956091    0.24789943679516735
417    0.0    0.0020266086053572943    0.24799385325776613
418    0.0    0.0021458814634830897    0.24787458039964033
419    0.0    0.0020523672193120544    0.24796809464381137
420    0.0    0.0021725660159381197    0.2478478958471853
421    0.0    0.0020800026392335256    0.2479404592238899
422    0.0    0.002201178505132864    0.24781928335799058
423    0.0    0.002109619740833932    0.2479108421222895
424    0.0    0.002231829176979872    0.24778863268614357
425    0.0    0.0021413344341538678    0.24787912742896956
426    0.0    0.0022646399207911765    0.24775582194233225
427    0.0    0.0021752749258773818    0.24784518693724605
428    0.0    0.0022997456235879297    0.2477207162395355
429    0.0    0.002211583173287923    0.2478088786898355
430    0.0    0.002337295732105901    0.24768316613101754
431    0.0    0.0022504165635636956    0.24777004529955973
432    0.0    0.0023774560595485397    0.2476430058035749
433    0.0    0.00229194985918943    0.247728512003934
434    0.0    0.0024204108820138296    0.2476000509811096
435    0.0    0.002336377459046576    0.24768408440407685
436    0.0    0.0024663653793396247    0.24755409648378382
437    0.0    0.0023839160357219218    0.24763654582740152
438    0.0    0.002515548487400091    0.24750491337572333
439    0.0    0.0024348076233605153    0.24758565423976292
440    0.0    0.0025682162443834756    0.24745224561873996
441    0.0    0.0024893232478281294    0.2475311386152953
442    0.0    0.002624655733230983    0.24739580612989245
443    0.0    0.0025477672131382287    0.2474726946499852
444    0.0    0.002685189747522872    0.24733527211560055
445    0.0    0.0026104821865427894    0.24740997967658065
446    0.0    0.0027501823403887136    0.24727027952273473
447    0.0    0.0026778552614261496    0.2473426066016973
448    0.0    0.002820045457895302    0.24720041640522813
449    0.0    0.0027503252249682373    0.2472701366381552
450    0.0    0.002895246913110962    0.24712521495001247
451    0.0    0.002828391320342251    0.2471920705427812
452    0.0    0.0029763200292525997    0.24704414183387083
453    0.0    0.002912623876443447    0.24710783798667998
454    0.0    0.0030638753764907515    0.24695658648663268
455    0.0    0.0030036772895463454    0.2470167845735771
456    0.0    0.0031586151563847073    0.24686184670673872
457    0.0    0.0031023059920108724    0.24691815587111257
458    0.0    0.003261350964001859    0.2467591108991216
459    0.0    0.0032093842494971877    0.24681107761362625
460    0.0    0.003373025900338875    0.24664743596278454
461    0.0    0.003325930914250906    0.24669453094887253
462    0.0    0.003494742346315302    0.24652571951680813
463    0.0    0.00345314066436789    0.24656732119875555
464    0.0    0.003627797189492697    0.24639266467363075
465    0.0    0.003592423833656544    0.2464280380294669
466    0.0    0.0037737269859421125    0.24624673487718132
467    0.0    0.0037454577720341144    0.24627500409108932
468    0.0    0.003934366554012313    0.24608609530911113
469    0.0    0.003914253914483012    0.2461062079486404
470    0.0    0.004111926016348301    0.24590853584677513
471    0.0    0.004101246612814694    0.24591921525030874
472    0.0    0.004309093637779933    0.2457113682253435
473    0.0    0.004309412700954128    0.2457110491621693
474    0.0    0.004529175482204093    0.24549128638091933
475    0.0    0.004542435433521813    0.24547802642960162
476    0.0    0.004776288894091471    0.24524417296903195
477    0.0    0.00480493417517339    0.24521552768795005
478    0.0    0.005055636921116484    0.24496482494200694
479    0.0    0.005102794579140543    0.2449176672839829
480    0.0    0.0053739086693838116    0.24464655319373962
481    0.0    0.005443658235175592    0.24457680362794784
482    0.0    0.005739883958202741    0.2442805779049207
483    0.0    0.005837677493411533    0.2441827843697119
484    0.0    0.006165387291703048    0.2438550745714204
485    0.0    0.006298738247406902    0.24372172361571653
486    0.0    0.0066668809142602    0.24335358094886322
487    0.0    0.006846575080612532    0.2431738867825109
488    0.0    0.007268336357220094    0.24275212550590333
489    0.0    0.00751077394835754    0.2425096879147659
490    0.0    0.008006992828985872    0.24201346903413756
491    0.0    0.008339378668899656    0.24168108319422377
492    0.0    0.008946834385955348    0.2410736274771681
493    0.0    0.009421248439932308    0.24059921342319113
494    0.0    0.010218472288884558    0.23980198957423887
495    0.0    0.010964195561236073    0.23905626630188737
496    0.0    0.012192848279793094    0.23782761358333035
497    0.0    0.013758960372276882    0.23626150149084654
498    0.0    0.0171722509834394    0.23284821087968405
499    0.08236825598280273    0.03294730239312109    0.21707315947000233
