0    0.0    0.0525769446178074    0.3319049810494996
1    0.0    0.036979504106650886    0.3475024215606561
2    0.0    0.028052571547429822    0.3564293541198772
3    0.0    0.029140220541522373    0.3553417051257846
4    0.0    0.02654040072202851    0.3579415249452785
5    0.0    0.03168468365366536    0.3527972420136416
6    0.0    0.033161293668133376    0.3513206319991736
7    0.0    0.044216860569594965    0.34026506509771204
8    0.0    0.0573077363736813    0.3271741892936257
9    0.0    0.10132287304190153    0.28315905262540547
10    1.363220288763691    0.34080507219092276    0.043676853476384225
11    1.497477663910875    0.3743694159777187    0.010112509689588267
12    1.5298139945968645    0.38245349864921613    0.0020284270180908615
13    1.5360474626419802    0.38401186566049506    0.00047006000681193427
14    1.5375209746472684    0.3843802436618171    0.00010168200548987816
15    1.5378334746310438    0.38445836865776095    2.355700954603801e-05
16    1.5379066012106466    0.38447665030266165    5.27536464534073e-06
17    1.5379228064410615    0.3844807016102654    1.224057041615545e-06
18    1.5379265850357016    0.3844816462589254    2.79408381598234e-07
19    1.5379274427963185    0.38448186069907964    6.496822735346797e-08
20    1.5379276426331032    0.3844819106582758    1.5009031184565202e-08
21    1.5379276886800552    0.3844819221700138    3.4972931772792037e-09
22    1.5379276994107047    0.3844819248526762    8.14630807255412e-10
23    1.537927701908472    0.384481925477118    1.901889756794617e-10
24    1.537927702490954    0.3844819256227385    4.456851554479613e-11
25    1.5379277026275335    0.3844819256568834    1.0423606422449438e-11
26    1.5379277026594127    0.3844819256648532    2.453814929026521e-12
27    1.5379277026669291    0.3844819256667323    5.747069486972123e-13
28    1.5379277026686855    0.3844819256671714    1.3561374245796287e-13
29    1.5379277026691005    0.3844819256672751    3.186340080674199e-14
30    1.5379277026691986    0.38448192566729966    7.327471962526033e-15
31    1.5379277026692209    0.3844819256673052    1.7763568394002505e-15
32    1.5379277026692266    0.38448192566730666    3.3306690738754696e-16
33    1.5379277026692275    0.3844819256673069    1.1102230246251565e-16
34    1.5379277026692284    0.3844819256673071    1.1102230246251565e-16
35    1.537927702669228    0.384481925667307    0.0
36    1.5379277026692275    0.3844819256673069    1.1102230246251565e-16
37    1.5379277026692262    0.38448192566730655    4.440892098500626e-16
38    1.5379277026692273    0.3844819256673068    1.6653345369377348e-16
39    1.537927702669227    0.38448192566730677    2.220446049250313e-16
40    1.537927702669228    0.384481925667307    0.0
41    1.537927702669226    0.3844819256673065    4.996003610813204e-16
42    1.537927702669227    0.38448192566730677    2.220446049250313e-16
43    1.5379277026692266    0.38448192566730666    3.3306690738754696e-16
44    1.5379277026692277    0.38448192566730693    5.551115123125783e-17
45    1.5379277026692275    0.3844819256673069    1.1102230246251565e-16
46    1.537927702669227    0.38448192566730677    2.220446049250313e-16
47    1.5379277026692253    0.3844819256673063    6.661338147750939e-16
48    1.537927702669227    0.38448192566730677    2.220446049250313e-16
49    1.537927702669227    0.38448192566730677    2.220446049250313e-16
50    1.5379277026692275    0.3844819256673069    1.1102230246251565e-16
51    1.537927702669228    0.384481925667307    0.0
52    1.5379277026692266    0.38448192566730666    3.3306690738754696e-16
53    1.5379277026692266    0.38448192566730666    3.3306690738754696e-16
54    1.5379277026692275    0.3844819256673069    1.1102230246251565e-16
55    1.5379277026692275    0.3844819256673069    1.1102230246251565e-16
56    1.5379277026692275    0.3844819256673069    1.1102230246251565e-16
57    1.5379277026692275    0.3844819256673069    1.1102230246251565e-16
58    1.5379277026692253    0.3844819256673063    6.661338147750939e-16
59    1.5379277026692266    0.38448192566730666    3.3306690738754696e-16
60    1.537927702669227    0.38448192566730677    2.220446049250313e-16
61    1.5379277026692284    0.3844819256673071    1.1102230246251565e-16
62    1.537927702669228    0.384481925667307    0.0
63    1.5379277026692266    0.38448192566730666    3.3306690738754696e-16
64    1.5379277026692275    0.3844819256673069    1.1102230246251565e-16
65    1.5379277026692264    0.3844819256673066    3.885780586188048e-16
66    1.537927702669227    0.38448192566730677    2.220446049250313e-16
67    1.5379277026692266    0.38448192566730666    3.3306690738754696e-16
68    1.5379277026692286    0.38448192566730716    1.6653345369377348e-16
69    1.537927702669228    0.384481925667307    0.0
70    1.5379277026692284    0.3844819256673071    1.1102230246251565e-16
71    1.537927702669227    0.38448192566730677    2.220446049250313e-16
72    1.5379277026692275    0.3844819256673069    1.1102230246251565e-16
73    1.5379277026692264    0.3844819256673066    3.885780586188048e-16
74    1.5379277026692266    0.38448192566730666    3.3306690738754696e-16
75    1.5379277026692284    0.3844819256673071    1.1102230246251565e-16
76    1.537927702669227    0.38448192566730677    2.220446049250313e-16
77    1.5379277026692284    0.3844819256673071    1.1102230246251565e-16
78    1.537927702669227    0.38448192566730677    2.220446049250313e-16
79    1.5379277026692266    0.38448192566730666    3.3306690738754696e-16
80    1.5379277026692275    0.3844819256673069    1.1102230246251565e-16
81    1.5379277026692284    0.3844819256673071    1.1102230246251565e-16
82    1.5379277026692266    0.38448192566730666    3.3306690738754696e-16
83    1.537927702669227    0.38448192566730677    2.220446049250313e-16
84    1.5379277026692266    0.38448192566730666    3.3306690738754696e-16
85    1.5379277026692277    0.38448192566730693    5.551115123125783e-17
86    1.5379277026692275    0.3844819256673069    1.1102230246251565e-16
87    1.5379277026692284    0.3844819256673071    1.1102230246251565e-16
88    1.5379277026692277    0.38448192566730693    5.551115123125783e-17
89    1.5379277026692275    0.3844819256673069    1.1102230246251565e-16
90    1.5379277026692275    0.3844819256673069    1.1102230246251565e-16
91    1.537927702669228    0.384481925667307    0.0
92    1.5379277026692268    0.3844819256673067    2.7755575615628914e-16
93    1.537927702669227    0.38448192566730677    2.220446049250313e-16
94    1.5379277026692275    0.3844819256673069    1.1102230246251565e-16
95    1.5379277026692273    0.3844819256673068    1.6653345369377348e-16
96    1.5379277026692268    0.3844819256673067    2.7755575615628914e-16
97    1.5379277026692275    0.3844819256673069    1.1102230246251565e-16
98    1.5379277026692262    0.38448192566730655    4.440892098500626e-16
99    1.5379277026692268    0.3844819256673067    2.7755575615628914e-16
100    1.5379277026692266    0.38448192566730666    3.3306690738754696e-16
101    1.5379277026692266    0.38448192566730666    3.3306690738754696e-16
102    1.5379277026692266    0.38448192566730666    3.3306690738754696e-16
103    1.5379277026692266    0.38448192566730666    3.3306690738754696e-16
104    1.5379277026692264    0.3844819256673066    3.885780586188048e-16
105    1.537927702669227    0.38448192566730677    2.220446049250313e-16
106    1.537927702669227    0.38448192566730677    2.220446049250313e-16
107    1.537927702669227    0.38448192566730677    2.220446049250313e-16
108    1.537927702669228    0.384481925667307    0.0
109    1.5379277026692275    0.3844819256673069    1.1102230246251565e-16
110    1.5379277026692262    0.38448192566730655    4.440892098500626e-16
111    1.537927702669228    0.384481925667307    0.0
112    1.537927702669227    0.38448192566730677    2.220446049250313e-16
113    1.5379277026692268    0.3844819256673067    2.7755575615628914e-16
114    1.5379277026692262    0.38448192566730655    4.440892098500626e-16
115    1.5379277026692277    0.38448192566730693    5.551115123125783e-17
116    1.5379277026692266    0.38448192566730666    3.3306690738754696e-16
117    1.5379277026692284    0.3844819256673071    1.1102230246251565e-16
118    1.5379277026692273    0.3844819256673068    1.6653345369377348e-16
119    1.5379277026692288    0.3844819256673072    2.220446049250313e-16
120    1.5379277026692266    0.38448192566730666    3.3306690738754696e-16
121    1.5379277026692275    0.3844819256673069    1.1102230246251565e-16
122    1.5379277026692273    0.3844819256673068    1.6653345369377348e-16
123    1.537927702669228    0.384481925667307    0.0
124    1.5379277026692273    0.3844819256673068    1.6653345369377348e-16
125    1.537927702669228    0.384481925667307    0.0
126    1.5379277026692275    0.3844819256673069    1.1102230246251565e-16
127    1.5379277026692286    0.38448192566730716    1.6653345369377348e-16
128    1.5379277026692266    0.38448192566730666    3.3306690738754696e-16
129    1.537927702669227    0.38448192566730677    2.220446049250313e-16
130    1.5379277026692275    0.3844819256673069    1.1102230246251565e-16
131    1.537927702669228    0.384481925667307    0.0
132    1.5379277026692275    0.3844819256673069    1.1102230246251565e-16
133    1.537927702669228    0.384481925667307    0.0
134    1.537927702669228    0.384481925667307    0.0
135    1.5379277026692288    0.3844819256673072    2.220446049250313e-16
136    1.5379277026692275    0.3844819256673069    1.1102230246251565e-16
137    1.5379277026692275    0.3844819256673069    1.1102230246251565e-16
138    1.5379277026692286    0.38448192566730716    1.6653345369377348e-16
139    1.537927702669228    0.384481925667307    0.0
140    1.5379277026692275    0.3844819256673069    1.1102230246251565e-16
141    1.5379277026692275    0.3844819256673069    1.1102230246251565e-16
142    1.5379277026692284    0.3844819256673071    1.1102230246251565e-16
143    1.5379277026692275    0.3844819256673069    1.1102230246251565e-16
144    1.5379277026692282    0.38448192566730705    5.551115123125783e-17
145    1.5379277026692284    0.3844819256673071    1.1102230246251565e-16
146    1.5379277026692288    0.3844819256673072    2.220446049250313e-16
147    1.5379277026692288    0.3844819256673072    2.220446049250313e-16
148    1.537927702669227    0.38448192566730677    2.220446049250313e-16
149    1.5379277026692277    0.38448192566730693    5.551115123125783e-17
150    1.5379277026692284    0.3844819256673071    1.1102230246251565e-16
151    1.537927702669227    0.38448192566730677    2.220446049250313e-16
152    1.537927702669228    0.384481925667307    0.0
153    1.5379277026692275    0.3844819256673069    1.1102230246251565e-16
154    1.5379277026692268    0.3844819256673067    2.7755575615628914e-16
155    1.537927702669227    0.38448192566730677    2.220446049250313e-16
156    1.5379277026692275    0.3844819256673069    1.1102230246251565e-16
157    1.5379277026692275    0.3844819256673069    1.1102230246251565e-16
158    1.537927702669228    0.384481925667307    0.0
159    1.537927702669227    0.38448192566730677    2.220446049250313e-16
160    1.537927702669228    0.384481925667307    0.0
161    1.5379277026692277    0.38448192566730693    5.551115123125783e-17
162    1.537927702669227    0.38448192566730677    2.220446049250313e-16
163    1.5379277026692275    0.3844819256673069    1.1102230246251565e-16
164    1.5379277026692275    0.3844819256673069    1.1102230246251565e-16
165    1.537927702669227    0.38448192566730677    2.220446049250313e-16
166    1.5379277026692266    0.38448192566730666    3.3306690738754696e-16
167    1.537927702669228    0.384481925667307    0.0
168    1.537927702669228    0.384481925667307    0.0
169    1.5379277026692275    0.3844819256673069    1.1102230246251565e-16
170    1.5379277026692284    0.3844819256673071    1.1102230246251565e-16
171    1.537927702669228    0.384481925667307    0.0
172    1.5379277026692284    0.3844819256673071    1.1102230246251565e-16
173    1.537927702669227    0.38448192566730677    2.220446049250313e-16
174    1.5379277026692288    0.3844819256673072    2.220446049250313e-16
175    1.537927702669227    0.38448192566730677    2.220446049250313e-16
176    1.5379277026692282    0.38448192566730705    5.551115123125783e-17
177    1.537927702669228    0.384481925667307    0.0
178    1.5379277026692284    0.3844819256673071    1.1102230246251565e-16
179    1.537927702669228    0.384481925667307    0.0
180    1.5379277026692273    0.3844819256673068    1.6653345369377348e-16
181    1.5379277026692275    0.3844819256673069    1.1102230246251565e-16
182    1.5379277026692284    0.3844819256673071    1.1102230246251565e-16
183    1.5379277026692275    0.3844819256673069    1.1102230246251565e-16
184    1.5379277026692273    0.3844819256673068    1.6653345369377348e-16
185    1.5379277026692266    0.38448192566730666    3.3306690738754696e-16
186    1.5379277026692275    0.3844819256673069    1.1102230246251565e-16
187    1.5379277026692275    0.3844819256673069    1.1102230246251565e-16
188    1.537927702669227    0.38448192566730677    2.220446049250313e-16
189    1.537927702669227    0.38448192566730677    2.220446049250313e-16
190    1.5379277026692275    0.3844819256673069    1.1102230246251565e-16
191    1.5379277026692275    0.3844819256673069    1.1102230246251565e-16
192    1.537927702669227    0.38448192566730677    2.220446049250313e-16
193    1.5379277026692273    0.3844819256673068    1.6653345369377348e-16
194    1.5379277026692275    0.3844819256673069    1.1102230246251565e-16
195    1.5379277026692273    0.3844819256673068    1.6653345369377348e-16
196    1.5379277026692266    0.38448192566730666    3.3306690738754696e-16
197    1.5379277026692275    0.3844819256673069    1.1102230246251565e-16
198    1.5379277026692266    0.38448192566730666    3.3306690738754696e-16
199    1.5379277026692284    0.3844819256673071    1.1102230246251565e-16
200    1.5379277026692275    0.3844819256673069    1.1102230246251565e-16
201    1.5379277026692275    0.3844819256673069    1.1102230246251565e-16
202    1.5379277026692286    0.38448192566730716    1.6653345369377348e-16
203    1.537927702669228    0.384481925667307    0.0
204    1.5379277026692273    0.3844819256673068    1.6653345369377348e-16
205    1.537927702669228    0.384481925667307    0.0
206    1.537927702669228    0.384481925667307    0.0
207    1.5379277026692277    0.38448192566730693    5.551115123125783e-17
208    1.5379277026692277    0.38448192566730693    5.551115123125783e-17
209    1.5379277026692288    0.3844819256673072    2.220446049250313e-16
210    1.5379277026692282    0.38448192566730705    5.551115123125783e-17
211    1.5379277026692275    0.3844819256673069    1.1102230246251565e-16
212    1.5379277026692275    0.3844819256673069    1.1102230246251565e-16
213    1.537927702669228    0.384481925667307    0.0
214    1.5379277026692288    0.3844819256673072    2.220446049250313e-16
215    1.5379277026692275    0.3844819256673069    1.1102230246251565e-16
216    1.537927702669228    0.384481925667307    0.0
217    1.537927702669226    0.3844819256673065    4.996003610813204e-16
218    1.5379277026692293    0.3844819256673073    3.3306690738754696e-16
219    1.5379277026692275    0.3844819256673069    1.1102230246251565e-16
220    1.5379277026692277    0.38448192566730693    5.551115123125783e-17
221    1.5379277026692277    0.38448192566730693    5.551115123125783e-17
222    1.5379277026692277    0.38448192566730693    5.551115123125783e-17
223    1.537927702669228    0.384481925667307    0.0
224    1.5379277026692275    0.3844819256673069    1.1102230246251565e-16
225    1.5379277026692273    0.3844819256673068    1.6653345369377348e-16
226    1.5379277026692275    0.3844819256673069    1.1102230246251565e-16
227    1.5379277026692248    0.3844819256673062    7.771561172376096e-16
228    1.5379277026692204    0.3844819256673051    1.887379141862766e-15
229    1.5379277026691964    0.3844819256672991    7.882583474838611e-15
230    1.5379277026690952    0.3844819256672738    3.319566843629218e-14
231    1.5379277026686669    0.3844819256671667    1.4027667916138853e-13
232    1.5379277026668339    0.38448192566670847    5.985212325754219e-13
233    1.5379277026591274    0.38448192566478184    2.5251467583586873e-12
234    1.5379277026259388    0.3844819256564847    1.0822287510592332e-11
235    1.5379277024862952    0.3844819256215738    4.573319500877915e-11
236    1.5379277018814044    0.3844819254703511    1.9695589603685448e-10
237    1.5379276993356783    0.3844819248339196    8.333874146337905e-10
238    1.537927688221179    0.38448192205529474    3.612012244857965e-09
239    1.537927641448784    0.384481910362196    1.5305111011887362e-08
240    1.5379274350172443    0.38448185875431107    6.691299592187505e-08
241    1.5379265669714124    0.3844816417428531    2.8392445389213705e-07
242    1.5379226743632015    0.3844806685908004    1.25707650661111e-06
243    1.5379063436510418    0.38447658591276046    5.339754546529463e-06
244    1.5378312188724468    0.3844578047181117    2.4120949195294283e-05
245    1.5375178869117492    0.3843794717279373    0.00010245393936969549
246    1.5360082303663831    0.3840020575915958    0.0004798680757112095
247    1.52980047193935    0.3824501179848375    0.0020318076824694664
248    1.4967616678717215    0.3741904169679304    0.010291508699376617
249    1.3645382726395583    0.3411345681598896    0.04334735750741742
250    0.0    0.09885915507746235    0.28562277058984464
251    0.0    0.056157685182999746    0.32832424048430725
252    0.0    0.04022556383146243    0.34425636183584457
253    0.0    0.030210878687861695    0.3542710469794453
254    0.0    0.025453271147277922    0.3590286545200291
255    0.0    0.020637127906246364    0.3638447977610606
256    0.0    0.018732834015258902    0.3657490916520481
257    0.0    0.015655522928416005    0.368826402738891
258    0.0    0.014890768913181427    0.36959115675412557
259    0.0    0.01260140555991791    0.3718805201073891
260    0.0    0.012404471492389909    0.37207745417491705
261    0.0    0.010537966780859997    0.373943958886447
262    0.0    0.01066448735035322    0.37381743831695374
263    0.0    0.009050973211823425    0.3754309524554836
264    0.0    0.009379130250694324    0.3751027954166127
265    0.0    0.007928934466360487    0.3765529912009465
266    0.0    0.008391234163126367    0.3760906915041806
267    0.0    0.007052572233077169    0.37742935343422984
268    0.0    0.007608613255055383    0.3768733124122516
269    0.0    0.006349497851392069    0.37813242781591494
270    0.0    0.006973622168913349    0.37750830349839365
271    0.0    0.005773231127980525    0.3787086945393265
272    0.0    0.006448363263269416    0.37803356240403757
273    0.0    0.0052925605903571295    0.37918936507694984
274    0.0    0.006006897085793687    0.37847502858151333
275    0.0    0.004885749463602079    0.3795961762037049
276    0.0    0.0056308706340933365    0.37885105503321365
277    0.0    0.00453719412030222    0.37994473154700475
278    0.0    0.0053069329722888305    0.37917499269501814
279    0.0    0.0042354036546231565    0.38024652201268383
280    0.0    0.005025140003443692    0.3794567856638633
281    0.0    0.003971728843521795    0.3805101968237852
282    0.0    0.00477793317049145    0.3797039924968155
283    0.0    0.0037395350818539845    0.380742390585453
284    0.0    0.004559464801552755    0.3799224608657542
285    0.0    0.003533648310736092    0.3809482773565709
286    0.0    0.004365140178001373    0.3801167854893056
287    0.0    0.0033499742910278866    0.3811319513762791
288    0.0    0.004191299228248064    0.3802906264390589
289    0.0    0.003185231084941839    0.38129669458236515
290    0.0    0.0040349905800569465    0.38044693508725
291    0.0    0.003036757326912626    0.3814451683403944
292    0.0    0.00389380814840175    0.38058811751890526
293    0.0    0.0029023723629952656    0.3815795533043117
294    0.0    0.0037657709566382607    0.3807161547106687
295    0.0    0.0027802725945499976    0.381701653072757
296    0.0    0.0036492334103870546    0.38083269225691996
297    0.0    0.002668953544942    0.381812972122365
298    0.0    0.003542817386654397    0.3809391082806526
299    0.0    0.002567150498235676    0.3819147751690713
300    0.0    0.0034453601916734147    0.3810365654756336
301    0.0    0.0024737927441676345    0.38200813292313934
302    0.0    0.003355874224103961    0.38112605144320305
303    0.0    0.002387967925323087    0.3820939577419839
304    0.0    0.003273515383550413    0.38120841028375657
305    0.0    0.0023088939772404433    0.38217303169006656
306    0.0    0.0031975580900659253    0.38128436757724105
307    0.0    0.0022358968401411127    0.38224602882716585
308    0.0    0.003127375355616695    0.3813545503116903
309    0.0    0.0021683926037771016    0.3823135330635299
310    0.0    0.003062422755018308    0.38141950291228865
311    0.0    0.0021058730903253625    0.38237605257698165
312    0.0    0.0030022254348999787    0.381479700232407
313    0.0    0.002047894127652204    0.3824340315396548
314    0.0    0.0029463675101486985    0.3815355581571583
315    0.0    0.001994065945546686    0.3824878597217603
316    0.0    0.0028944833518099434    0.38158744231549707
317    0.0    0.0019440452603423789    0.3825378804069646
318    0.0    0.0028462503848726466    0.38163567528243436
319    0.0    0.0018975287121821985    0.3825843969551248
320    0.0    0.0028013830999184205    0.3816805425673886
321    0.0    0.001854247393434499    0.3826276782738725
322    0.0    0.002759628047207393    0.38172229762009957
323    0.0    0.001813962263050971    0.382667963404256
324    0.0    0.0027207596309116342    0.38176116603639537
325    0.0    0.0017764602846717954    0.38270546538263517
326    0.0    0.0026845765589406942    0.38179734910836627
327    0.0    0.001741551159418349    0.3827403745078886
328    0.0    0.0026508988329559955    0.381831026834351
329    0.0    0.0017090645500343787    0.3827728611172726
330    0.0    0.0026195651858932387    0.38186236048141375
331    0.0    0.001678847713133695    0.3828030779541733
332    0.0    0.002590430892126146    0.38189149477518086
333    0.0    0.001650763472119977    0.38283116219518704
334    0.0    0.002563365889459284    0.3819185597778477
335    0.0    0.0016246884758744156    0.38285723719143255
336    0.0    0.002538253163302928    0.3819436725040041
337    0.0    0.0016005116982671626    0.38288141396903985
338    0.0    0.0025149873523084123    0.38196693831499856
339    0.0    0.0015781331415457979    0.3829037925257612
340    0.0    0.002493473541900352    0.38198845212540666
341    0.0    0.0015574627130852429    0.3829244629542217
342    0.0    0.0024736262179331824    0.3820082994493738
343    0.0    0.001538419250194761    0.3829435064171122
344    0.0    0.002455368357396871    0.38202655730991014
345    0.0    0.001520929671925093    0.3829609959953819
346    0.0    0.0024386306369356065    0.3820432950303714
347    0.0    0.0015049282402811916    0.3829769974270258
348    0.0    0.0024233507430783106    0.3820585749242287
349    0.0    0.0014903559161051866    0.3829915697512018
350    0.0    0.002409472770685467    0.3820724528966215
351    0.0    0.0014771597972498061    0.38300476587005716
352    0.0    0.002396946698249385    0.38208497896905763
353    0.0    0.0014652926286192343    0.38301663303868777
354    0.0    0.0023857279304801216    0.38209619773682685
355    0.0    0.001454712375284345    0.38302721329202266
356    0.0    0.002375776900100533    0.38210614876720644
357    0.0    0.0014453818512551026    0.3830365438160519
358    0.0    0.002367058722029585    0.3821148669452774
359    0.0    0.0014372683976388093    0.3830446572696682
360    0.0    0.002359542894196992    0.38212238277311
361    0.0    0.0014303436048994228    0.3830515820624076
362    0.0    0.002353203040136159    0.38212872262717085
363    0.0    0.0014245830747657206    0.38305734259254126
364    0.0    0.0023480166892748543    0.3821339089780321
365    0.0    0.0014199662180537774    0.3830619594492532
366    0.0    0.0023439650915157077    0.3821379605757913
367    0.0    0.0014164760852991792    0.38306544958200783
368    0.0    0.0023410330632784374    0.38214089260402856
369    0.0    0.0014140992276310725    0.3830678264396759
370    0.0    0.0023392088626863136    0.3821427168046207
371    0.0    0.0014128255858087992    0.3830691000814982
372    0.0    0.002338484092042826    0.38214344157526414
373    0.0    0.0014126484057760571    0.38306927726153095
374    0.0    0.0023388536261498205    0.38214307204115716
375    0.0    0.001413564179477208    0.3830683614878298
376    0.0    0.002340315565399961    0.382141610101907
377    0.0    0.0014155726100474849    0.3830663530572595
378    0.0    0.0023428712129304674    0.3821390544543765
379    0.0    0.0014186766008355866    0.3830632490664714
380    0.0    0.002346525075458977    0.38213540059184803
381    0.0    0.0014228822680415294    0.38305904339926544
382    0.0    0.0023512848877528126    0.38213064077955416
383    0.0    0.001428198977084114    0.38305372669022286
384    0.0    0.0023571616610040813    0.3821247640063029
385    0.0    0.001434639403136546    0.38304728626417045
386    0.0    0.002364169755719949    0.38211775591158703
387    0.0    0.0014422196166077148    0.38303970605069926
388    0.0    0.002372326980075043    0.38210959868723193
389    0.0    0.0014509591946939052    0.3830309664726131
390    0.0    0.002381654715041213    0.3821002709522658
391    0.0    0.0014608813605120057    0.383021044306795
392    0.0    0.002392178068000311    0.3820897475993067
393    0.0    0.0014720131517273955    0.3830099125155796
394    0.0    0.0024039260569806652    0.38207799961032635
395    0.0    0.0014843856210512492    0.38299754004625575
396    0.0    0.002416931828135016    0.382064993839172
397    0.0    0.0014980340714899848    0.382983891595817
398    0.0    0.0024312329096233746    0.3820506927576836
399    0.0    0.0015129983298046257    0.3829689273375024
400    0.0    0.002446871505682167    0.3820350541616248
401    0.0    0.0015293230623106805    0.3829526026049963
402    0.0    0.0024638948353724365    0.38201803083193453
403    0.0    0.0015470581379046905    0.3829348675294023
404    0.0    0.0024823555213296868    0.3819995701459773
405    0.0    0.0015662590441044401    0.38291566662320253
406    0.0    0.0025023120348006103    0.3819796136325064
407    0.0    0.0015869873629388946    0.3828949383043681
408    0.0    0.002523829204399596    0.3819580964629074
409    0.0    0.0016093113147545603    0.38287261435255243
410    0.0    0.0025469787973464194    0.38193494686996055
411    0.0    0.0016333063794801684    0.3828486192878268
412    0.0    0.0025718401835727288    0.3819100854837343
413    0.0    0.0016590560066379945    0.382822869660669
414    0.0    0.0025985010949806766    0.3818834245723263
415    0.0    0.0016866524274927743    0.3827952732398142
416    0.0    0.0026270584944545605    0.38185486717285244
417    0.0    0.0017161975852606145    0.3827657280820464
418    0.0    0.00265761957200176    0.3818243060953052
419    0.0    0.001747804202360112    0.3827341214649469
420    0.0    0.002690302888779945    0.381791622778527
421    0.0    0.0017815970074200392    0.38270032865988696
422    0.0    0.002725239693887789    0.3817566859734192
423    0.0    0.0018177141493171552    0.38266421151798985
424    0.0    0.0027625754438455326    0.3817193502234615
425    0.0    0.0018563088311139436    0.38262561683619306
426    0.0    0.0028024715609149273    0.38167945410639204
427    0.0    0.0018975512036952821    0.3825843744636117
428    0.0    0.002845107474119838    0.3816368181931872
429    0.0    0.0019416305675034205    0.3825402950998036
430    0.0    0.0028906829964332865    0.3815912426708737
431    0.0    0.001988757941503973    0.382493167725803
432    0.0    0.0029394211036332255    0.3815425045636738
433    0.0    0.0020391690720359804    0.382442756595271
434    0.0    0.0029915711955033506    0.3814903544718036
435    0.0    0.002093127971265878    0.3823887976960411
436    0.0    0.003047412939315856    0.3814345127279911
437    0.0    0.0021509310967252    0.3823309945705818
438    0.0    0.0031072608201348304    0.38137466484717214
439    0.0    0.002212912311284974    0.38226901335602204
440    0.0    0.0031714695541452593    0.3813104561131617
441    0.0    0.002279448798961006    0.38220247686834596
442    0.0    0.0032404405622758993    0.3812414851050311
443    0.0    0.0023509681588317066    0.38213095750847526
444    0.0    0.003314629755075989    0.381167295912231
445    0.0    0.002427956960955498    0.3820539687063515
446    0.0    0.0033945569506228053    0.3810873687166842
447    0.0    0.002510971129780473    0.3819709545375265
448    0.0    0.003480817341508149    0.38100110832579887
449    0.0    0.0026006486297159696    0.381881277037591
450    0.0    0.0035740955537345333    0.38090783011357243
451    0.0    0.002697725075143974    0.381784200592163
452    0.0    0.003675183012659644    0.38080674265464737
453    0.0    0.0028030530889011913    0.3816788725784058
454    0.0    0.003784999568103388    0.3806969260992036
455    0.0    0.002917626512450634    0.38156429915485635
456    0.0    0.0039046206607037523    0.38057730500660325
457    0.0    0.003042610962330653    0.38143931470497633
458    0.0    0.004035311777475969    0.38044661388983103
459    0.0    0.003179382784048352    0.38130254288325865
460    0.0    0.004178572612063388    0.3803033530552436
461    0.0    0.003329579258496024    0.38115234640881096
462    0.0    0.0043361943174739645    0.38014573134983304
463    0.0    0.003495164097200637    0.38098676157010636
464    0.0    0.004510334680924283    0.3799715909863827
465    0.0    0.0036785140314015106    0.3808034116359055
466    0.0    0.004703618231394528    0.37977830743591245
467    0.0    0.003882535004147703    0.3805993906631593
468    0.0    0.004919271662983105    0.3795626540043239
469    0.0    0.004110820706490343    0.38037110496081666
470    0.0    0.005161310302093085    0.3793206153652139
471    0.0    0.00436787299637776    0.38011405267092924
472    0.0    0.005434800055076255    0.37904712561223075
473    0.0    0.004659414983325689    0.3798225106839813
474    0.0    0.005746233913282167    0.37873569175402483
475    0.0    0.004992846794341787    0.3794890788729652
476    0.0    0.006104087599678412    0.3783778380676286
477    0.0    0.00537792821445686    0.3791039974528501
478    0.0    0.0065196652453817635    0.3779622604219252
479    0.0    0.0058278358798333155    0.37865408978747367
480    0.0    0.007008434153623202    0.3774734915136838
481    0.0    0.0063608668798437054    0.37812105878746327
482    0.0    0.007592225291750491    0.3768897003755565
483    0.0    0.007003318853471867    0.3774786068138351
484    0.0    0.00830305859800729    0.3761788670692997
485    0.0    0.007794654660014521    0.3766872710072925
486    0.0    0.009190245557432825    0.3752916801098742
487    0.0    0.008797475587923745    0.3756844500793832
488    0.0    0.010334729710355798    0.3741471959569512
489    0.0    0.010118712314075502    0.37436321335323147
490    0.0    0.011881409762667524    0.37260051590463944
491    0.0    0.011960803062096787    0.3725211226052102
492    0.0    0.014123867016305627    0.37035805865100135
493    0.0    0.014769796912520387    0.3697121287547866
494    0.0    0.01778145450036051    0.3667004711669465
495    0.0    0.019801490875251144    0.36468043479205586
496    0.0    0.025303795786648202    0.3591781298806588
497    0.0    0.03271456781055229    0.3517673578567547
498    0.0    0.05435879206208006    0.33012313360522694
499    0.712102075550501    0.17802551888762524    0.20645640677968174
