0    0.0    0.07977371140689475    0.36637571212196424
1    0.0    0.04491755549266414    0.40123186803619487
2    0.0    0.032150797380575226    0.41399862614828375
3    0.0    0.028475628211030887    0.4176737953178281
4    0.0    0.025691890540674563    0.42045753298818445
5    0.0    0.027327127153633463    0.41882229637522556
6    0.0    0.028965801884804254    0.41718362164405476
7    0.0    0.03635138993124766    0.40979803359761136
8    0.0    0.04924939424842211    0.3969000292804369
9    0.0    0.09198213865653054    0.35416728487232846
10    2.5552803930131294    0.42588006550218827    0.020269358026670736
11    2.6626391303059744    0.4437731883843291    0.0023762351445298924
12    2.675688868505207    0.4459481447508678    0.00020127877799119842
13    2.6767636979601876    0.4461272829933646    2.214053549437489e-05
14    2.676883970878945    0.44614732847982413    2.0950490348670137e-06
15    2.6768951848938376    0.44614919748230625    2.2604655275371144e-07
16    2.676896406744521    0.4461494011240868    2.240477220416537e-08
17    2.676896526743143    0.4461494211238572    2.405001808813978e-09
18    2.6768965397078026    0.44614942328463375    2.4422525113365623e-10
19    2.6768965410159677    0.4461494235026613    2.6197710667474894e-11
20    2.676896541156951    0.4461494235261585    2.7005064850982308e-12
21    2.6768965411714136    0.4461494235285689    2.901012763345534e-13
22    2.676896541172972    0.44614942352882864    3.036459972349803e-14
23    2.6768965411731322    0.44614942352885534    3.6637359812630166e-15
24    2.676896541173153    0.44614942352885884    1.6653345369377348e-16
25    2.6768965411731553    0.4461494235288592    2.220446049250313e-16
26    2.676896541173153    0.44614942352885884    1.6653345369377348e-16
27    2.6768965411731553    0.4461494235288592    2.220446049250313e-16
28    2.676896541173153    0.44614942352885884    1.6653345369377348e-16
29    2.6768965411731553    0.4461494235288592    2.220446049250313e-16
30    2.676896541173154    0.446149423528859    0.0
31    2.6768965411731545    0.4461494235288591    1.1102230246251565e-16
32    2.6768965411731567    0.44614942352885945    4.440892098500626e-16
33    2.6768965411731567    0.44614942352885945    4.440892098500626e-16
34    2.676896541173154    0.446149423528859    0.0
35    2.676896541173153    0.44614942352885884    1.6653345369377348e-16
36    2.6768965411731553    0.4461494235288592    2.220446049250313e-16
37    2.676896541173155    0.44614942352885917    1.6653345369377348e-16
38    2.676896541173155    0.44614942352885917    1.6653345369377348e-16
39    2.676896541173157    0.4461494235288595    4.996003610813204e-16
40    2.676896541173155    0.44614942352885917    1.6653345369377348e-16
41    2.676896541173156    0.4461494235288593    2.7755575615628914e-16
42    2.6768965411731536    0.44614942352885895    5.551115123125783e-17
43    2.6768965411731536    0.4461494235288589    1.1102230246251565e-16
44    2.6768965411731536    0.44614942352885895    5.551115123125783e-17
45    2.6768965411731567    0.44614942352885945    4.440892098500626e-16
46    2.6768965411731527    0.4461494235288588    2.220446049250313e-16
47    2.6768965411731545    0.4461494235288591    1.1102230246251565e-16
48    2.6768965411731562    0.4461494235288594    3.885780586188048e-16
49    2.676896541173154    0.446149423528859    0.0
50    2.676896541173153    0.44614942352885884    1.6653345369377348e-16
51    2.676896541173152    0.44614942352885867    3.3306690738754696e-16
52    2.6768965411731522    0.4461494235288587    2.7755575615628914e-16
53    2.6768965411731522    0.4461494235288587    2.7755575615628914e-16
54    2.6768965411731513    0.44614942352885856    4.440892098500626e-16
55    2.6768965411731536    0.4461494235288589    1.1102230246251565e-16
56    2.676896541173156    0.4461494235288593    2.7755575615628914e-16
57    2.676896541173154    0.446149423528859    0.0
58    2.6768965411731562    0.44614942352885933    3.3306690738754696e-16
59    2.676896541173156    0.4461494235288593    2.7755575615628914e-16
60    2.676896541173154    0.446149423528859    0.0
61    2.6768965411731536    0.4461494235288589    1.1102230246251565e-16
62    2.6768965411731553    0.4461494235288592    2.220446049250313e-16
63    2.676896541173152    0.44614942352885867    3.3306690738754696e-16
64    2.6768965411731545    0.44614942352885906    5.551115123125783e-17
65    2.6768965411731522    0.4461494235288587    2.7755575615628914e-16
66    2.676896541173155    0.44614942352885917    1.6653345369377348e-16
67    2.676896541173151    0.44614942352885845    5.551115123125783e-16
68    2.676896541173155    0.44614942352885917    1.6653345369377348e-16
69    2.6768965411731513    0.44614942352885856    4.440892098500626e-16
70    2.6768965411731545    0.44614942352885906    5.551115123125783e-17
71    2.6768965411731522    0.4461494235288587    2.7755575615628914e-16
72    2.6768965411731545    0.44614942352885906    5.551115123125783e-17
73    2.6768965411731527    0.4461494235288588    2.220446049250313e-16
74    2.676896541173153    0.44614942352885884    1.6653345369377348e-16
75    2.6768965411731527    0.4461494235288588    2.220446049250313e-16
76    2.676896541173152    0.4461494235288586    3.885780586188048e-16
77    2.6768965411731536    0.4461494235288589    1.1102230246251565e-16
78    2.676896541173154    0.446149423528859    0.0
79    2.6768965411731545    0.44614942352885906    5.551115123125783e-17
80    2.6768965411731545    0.4461494235288591    1.1102230246251565e-16
81    2.676896541173153    0.44614942352885884    1.6653345369377348e-16
82    2.6768965411731536    0.4461494235288589    1.1102230246251565e-16
83    2.676896541173154    0.446149423528859    0.0
84    2.6768965411731536    0.44614942352885895    5.551115123125783e-17
85    2.6768965411731527    0.4461494235288588    2.220446049250313e-16
86    2.6768965411731522    0.4461494235288587    2.7755575615628914e-16
87    2.676896541173152    0.44614942352885867    3.3306690738754696e-16
88    2.676896541173154    0.446149423528859    0.0
89    2.6768965411731536    0.44614942352885895    5.551115123125783e-17
90    2.676896541173155    0.44614942352885917    1.6653345369377348e-16
91    2.676896541173156    0.4461494235288593    2.7755575615628914e-16
92    2.6768965411731545    0.4461494235288591    1.1102230246251565e-16
93    2.676896541173154    0.446149423528859    0.0
94    2.6768965411731545    0.44614942352885906    5.551115123125783e-17
95    2.6768965411731522    0.4461494235288587    2.7755575615628914e-16
96    2.6768965411731536    0.44614942352885895    5.551115123125783e-17
97    2.676896541173155    0.44614942352885917    1.6653345369377348e-16
98    2.6768965411731562    0.44614942352885933    3.3306690738754696e-16
99    2.6768965411731553    0.4461494235288592    2.220446049250313e-16
100    2.676896541173154    0.446149423528859    0.0
101    2.676896541173155    0.44614942352885917    1.6653345369377348e-16
102    2.676896541173153    0.44614942352885884    1.6653345369377348e-16
103    2.6768965411731536    0.44614942352885895    5.551115123125783e-17
104    2.6768965411731545    0.44614942352885906    5.551115123125783e-17
105    2.6768965411731545    0.44614942352885906    5.551115123125783e-17
106    2.6768965411731536    0.44614942352885895    5.551115123125783e-17
107    2.676896541173156    0.4461494235288593    2.7755575615628914e-16
108    2.6768965411731522    0.4461494235288587    2.7755575615628914e-16
109    2.6768965411731536    0.44614942352885895    5.551115123125783e-17
110    2.6768965411731513    0.44614942352885856    4.440892098500626e-16
111    2.676896541173155    0.44614942352885917    1.6653345369377348e-16
112    2.676896541173153    0.44614942352885884    1.6653345369377348e-16
113    2.676896541173154    0.446149423528859    0.0
114    2.6768965411731522    0.4461494235288587    2.7755575615628914e-16
115    2.6768965411731553    0.4461494235288592    2.220446049250313e-16
116    2.6768965411731553    0.4461494235288592    2.220446049250313e-16
117    2.676896541173152    0.4461494235288586    3.885780586188048e-16
118    2.676896541173154    0.446149423528859    0.0
119    2.6768965411731562    0.44614942352885933    3.3306690738754696e-16
120    2.6768965411731513    0.44614942352885856    4.440892098500626e-16
121    2.676896541173155    0.44614942352885917    1.6653345369377348e-16
122    2.6768965411731513    0.44614942352885856    4.440892098500626e-16
123    2.6768965411731545    0.4461494235288591    1.1102230246251565e-16
124    2.6768965411731527    0.4461494235288588    2.220446049250313e-16
125    2.676896541173154    0.446149423528859    0.0
126    2.676896541173152    0.4461494235288586    3.885780586188048e-16
127    2.6768965411731545    0.44614942352885906    5.551115123125783e-17
128    2.6768965411731536    0.4461494235288589    1.1102230246251565e-16
129    2.676896541173156    0.4461494235288593    2.7755575615628914e-16
130    2.6768965411731527    0.4461494235288588    2.220446049250313e-16
131    2.6768965411731553    0.4461494235288592    2.220446049250313e-16
132    2.67689654117315    0.44614942352885834    6.661338147750939e-16
133    2.6768965411731545    0.4461494235288591    1.1102230246251565e-16
134    2.6768965411731536    0.44614942352885895    5.551115123125783e-17
135    2.6768965411731536    0.44614942352885895    5.551115123125783e-17
136    2.6768965411731522    0.4461494235288587    2.7755575615628914e-16
137    2.6768965411731545    0.44614942352885906    5.551115123125783e-17
138    2.676896541173154    0.446149423528859    0.0
139    2.6768965411731536    0.44614942352885895    5.551115123125783e-17
140    2.676896541173153    0.44614942352885884    1.6653345369377348e-16
141    2.676896541173156    0.4461494235288593    2.7755575615628914e-16
142    2.6768965411731522    0.4461494235288587    2.7755575615628914e-16
143    2.676896541173154    0.446149423528859    0.0
144    2.676896541173153    0.44614942352885884    1.6653345369377348e-16
145    2.6768965411731536    0.4461494235288589    1.1102230246251565e-16
146    2.6768965411731513    0.44614942352885856    4.440892098500626e-16
147    2.676896541173157    0.44614942352885956    5.551115123125783e-16
148    2.6768965411731513    0.44614942352885856    4.440892098500626e-16
149    2.6768965411731553    0.4461494235288592    2.220446049250313e-16
150    2.6768965411731536    0.44614942352885895    5.551115123125783e-17
151    2.6768965411731562    0.44614942352885933    3.3306690738754696e-16
152    2.6768965411731545    0.4461494235288591    1.1102230246251565e-16
153    2.676896541173152    0.44614942352885867    3.3306690738754696e-16
154    2.676896541173153    0.44614942352885884    1.6653345369377348e-16
155    2.6768965411731553    0.4461494235288592    2.220446049250313e-16
156    2.6768965411731553    0.4461494235288592    2.220446049250313e-16
157    2.6768965411731536    0.44614942352885895    5.551115123125783e-17
158    2.6768965411731545    0.44614942352885906    5.551115123125783e-17
159    2.676896541173151    0.4461494235288585    4.996003610813204e-16
160    2.6768965411731527    0.4461494235288588    2.220446049250313e-16
161    2.676896541173153    0.44614942352885884    1.6653345369377348e-16
162    2.6768965411731545    0.44614942352885906    5.551115123125783e-17
163    2.6768965411731545    0.4461494235288591    1.1102230246251565e-16
164    2.676896541173154    0.446149423528859    0.0
165    2.676896541173153    0.44614942352885884    1.6653345369377348e-16
166    2.6768965411731545    0.44614942352885906    5.551115123125783e-17
167    2.6768965411731545    0.44614942352885906    5.551115123125783e-17
168    2.6768965411731567    0.44614942352885945    4.440892098500626e-16
169    2.6768965411731536    0.44614942352885895    5.551115123125783e-17
170    2.676896541173155    0.44614942352885917    1.6653345369377348e-16
171    2.6768965411731536    0.44614942352885895    5.551115123125783e-17
172    2.676896541173156    0.4461494235288593    2.7755575615628914e-16
173    2.676896541173153    0.44614942352885884    1.6653345369377348e-16
174    2.6768965411731536    0.44614942352885895    5.551115123125783e-17
175    2.6768965411731536    0.44614942352885895    5.551115123125783e-17
176    2.6768965411731545    0.44614942352885906    5.551115123125783e-17
177    2.6768965411731527    0.4461494235288588    2.220446049250313e-16
178    2.6768965411731513    0.44614942352885856    4.440892098500626e-16
179    2.6768965411731536    0.4461494235288589    1.1102230246251565e-16
180    2.6768965411731505    0.4461494235288584    6.106226635438361e-16
181    2.6768965411731527    0.4461494235288588    2.220446049250313e-16
182    2.6768965411731536    0.4461494235288589    1.1102230246251565e-16
183    2.6768965411731545    0.44614942352885906    5.551115123125783e-17
184    2.6768965411731536    0.44614942352885895    5.551115123125783e-17
185    2.6768965411731536    0.4461494235288589    1.1102230246251565e-16
186    2.6768965411731527    0.4461494235288588    2.220446049250313e-16
187    2.6768965411731527    0.4461494235288588    2.220446049250313e-16
188    2.6768965411731527    0.4461494235288588    2.220446049250313e-16
189    2.676896541173153    0.44614942352885884    1.6653345369377348e-16
190    2.6768965411731536    0.4461494235288589    1.1102230246251565e-16
191    2.6768965411731536    0.4461494235288589    1.1102230246251565e-16
192    2.67689654117315    0.44614942352885834    6.661338147750939e-16
193    2.6768965411731536    0.44614942352885895    5.551115123125783e-17
194    2.676896541173154    0.446149423528859    0.0
195    2.676896541173152    0.44614942352885867    3.3306690738754696e-16
196    2.6768965411731562    0.44614942352885933    3.3306690738754696e-16
197    2.6768965411731505    0.4461494235288584    6.106226635438361e-16
198    2.6768965411731536    0.44614942352885895    5.551115123125783e-17
199    2.67689654117315    0.44614942352885834    6.661338147750939e-16
200    2.676896541173155    0.44614942352885917    1.6653345369377348e-16
201    2.676896541173151    0.44614942352885845    5.551115123125783e-16
202    2.676896541173152    0.44614942352885867    3.3306690738754696e-16
203    2.676896541173154    0.446149423528859    0.0
204    2.6768965411731536    0.4461494235288589    1.1102230246251565e-16
205    2.676896541173152    0.44614942352885867    3.3306690738754696e-16
206    2.6768965411731536    0.44614942352885895    5.551115123125783e-17
207    2.6768965411731527    0.4461494235288588    2.220446049250313e-16
208    2.676896541173154    0.446149423528859    0.0
209    2.676896541173153    0.44614942352885884    1.6653345369377348e-16
210    2.6768965411731536    0.4461494235288589    1.1102230246251565e-16
211    2.676896541173151    0.4461494235288585    4.996003610813204e-16
212    2.676896541173152    0.44614942352885867    3.3306690738754696e-16
213    2.6768965411731522    0.4461494235288587    2.7755575615628914e-16
214    2.6768965411731536    0.4461494235288589    1.1102230246251565e-16
215    2.676896541173156    0.4461494235288593    2.7755575615628914e-16
216    2.6768965411731553    0.4461494235288592    2.220446049250313e-16
217    2.6768965411731513    0.44614942352885856    4.440892098500626e-16
218    2.6768965411731522    0.4461494235288587    2.7755575615628914e-16
219    2.676896541173152    0.4461494235288586    3.885780586188048e-16
220    2.6768965411731513    0.44614942352885856    4.440892098500626e-16
221    2.676896541173153    0.44614942352885884    1.6653345369377348e-16
222    2.6768965411731545    0.44614942352885906    5.551115123125783e-17
223    2.6768965411731536    0.4461494235288589    1.1102230246251565e-16
224    2.6768965411731536    0.44614942352885895    5.551115123125783e-17
225    2.6768965411731527    0.4461494235288588    2.220446049250313e-16
226    2.6768965411731527    0.4461494235288588    2.220446049250313e-16
227    2.676896541173151    0.44614942352885845    5.551115123125783e-16
228    2.6768965411731513    0.44614942352885856    4.440892098500626e-16
229    2.676896541173152    0.44614942352885867    3.3306690738754696e-16
230    2.676896541173153    0.44614942352885884    1.6653345369377348e-16
231    2.6768965411731527    0.4461494235288588    2.220446049250313e-16
232    2.6768965411731522    0.4461494235288587    2.7755575615628914e-16
233    2.6768965411731527    0.4461494235288588    2.220446049250313e-16
234    2.676896541173151    0.44614942352885845    5.551115123125783e-16
235    2.6768965411731513    0.44614942352885856    4.440892098500626e-16
236    2.676896541173127    0.44614942352885445    4.551914400963142e-15
237    2.676896541172964    0.4461494235288273    3.169686735304822e-14
238    2.6768965411713563    0.4461494235285594    2.995936831950985e-13
239    2.6768965411564247    0.4461494235260708    2.788214104043618e-12
240    2.6768965410117267    0.44614942350195447    2.69045341561025e-11
241    2.676896539665317    0.4461494232775528    2.5130619807356425e-10
242    2.6768965264099287    0.44614942106832145    2.4605375514852312e-09
243    2.67689640336001    0.4461494005600017    2.2968857316119085e-08
244    2.676895159160831    0.44614919319347185    2.3033538715244717e-07
245    2.6768837040002627    0.4461472840000438    2.139528815225944e-06
246    2.676761778905295    0.44612696315088246    2.246037797654088e-05
247    2.675668168926026    0.4459446948210043    0.00020472870785470665
248    2.662508363469055    0.4437513939115092    0.002398029617349806
249    2.5537447049806743    0.42562411749677903    0.02052530603207997
250    0.0    0.09137109663454057    0.35477832689431843
251    0.0    0.04689665879612721    0.3992527647327318
252    0.0    0.03333136931356702    0.412818054215292
253    0.0    0.023798366915807546    0.42235105661305145
254    0.0    0.020820042056486254    0.42532938147237276
255    0.0    0.015915576405046324    0.4302338471238127
256    0.0    0.01538534510763215    0.4307640784212268
257    0.0    0.011936743931934765    0.4342126795969242
258    0.0    0.01234423491826877    0.43380518861059025
259    0.0    0.00953572254682167    0.43661370098203733
260    0.0    0.010399901397973765    0.43574952213088525
261    0.0    0.007928794900905405    0.4382206286279536
262    0.0    0.009049397944575314    0.4371000255842837
263    0.0    0.006777779512076117    0.43937164401678286
264    0.0    0.008056659175233419    0.4380927643536256
265    0.0    0.005912745568343145    0.44023667796051585
266    0.0    0.00729616848096989    0.43885325504788913
267    0.0    0.0052389274788490255    0.44091049605001
268    0.0    0.0066950126504618955    0.4394544108783971
269    0.0    0.004699294010391347    0.4414501295184676
270    0.0    0.006207932206706749    0.43994149132215227
271    0.0    0.004257463332881923    0.4418919601959771
272    0.0    0.005805344181803184    0.44034407934705583
273    0.0    0.0038891314961397674    0.4422602920327192
274    0.0    0.005467094666138637    0.44068232886272035
275    0.0    0.003577443906201359    0.44257197962265765
276    0.0    0.005178978955328493    0.4409704445735305
277    0.0    0.0033103440940157824    0.44283907943484324
278    0.0    0.0049306970951499786    0.441218726433709
279    0.0    0.003078979688654824    0.44307044384020416
280    0.0    0.004714598417007211    0.4414348251118518
281    0.0    0.002876704360996468    0.44327271916786254
282    0.0    0.004524881263307132    0.44162454226555187
283    0.0    0.002698431005019192    0.4434509925238398
284    0.0    0.004357066314257321    0.4417923572146017
285    0.0    0.0025401999245897437    0.44360922360426924
286    0.0    0.004207640260219174    0.4419417832686398
287    0.0    0.002398883015931792    0.4437505405129272
288    0.0    0.004073808824066869    0.4420756147047921
289    0.0    0.0022719764654622124    0.44387744706339677
290    0.0    0.003953321885862801    0.4421961016429962
291    0.0    0.002157452528971822    0.4439919709998872
292    0.0    0.0038443472903877283    0.44230507623847126
293    0.0    0.0020536516375030665    0.44409577189135596
294    0.0    0.003745378226680569    0.4424040453021784
295    0.0    0.001959202584487443    0.44419022094437155
296    0.0    0.0036551642018177693    0.44249425932704123
297    0.0    0.0018729626218787479    0.44427646090698025
298    0.0    0.003572658882438167    0.4425767646464208
299    0.0    0.0017939719027739048    0.4443554516260851
300    0.0    0.003496980183498664    0.44265244334536036
301    0.0    0.0017214184161264327    0.44442800511273256
302    0.0    0.0034273793758723943    0.4427220441529866
303    0.0    0.001654610698979859    0.4444948128298791
304    0.0    0.0033632169217650597    0.44278620660709395
305    0.0    0.0015929563857702631    0.4445564671430887
306    0.0    0.0033039433888186667    0.4428454801400403
307    0.0    0.0015359451885639769    0.444613478340295
308    0.0    0.0032490842401839085    0.4429003392886751
309    0.0    0.0014831352763909757    0.444666288252468
310    0.0    0.003198227612755774    0.4429511959161032
311    0.0    0.0014341422876593941    0.44471528124119963
312    0.0    0.0031510144208586055    0.44299840910800037
313    0.0    0.00138863040081725    0.44476079312804173
314    0.0    0.0031071302855228767    0.4430422932433361
315    0.0    0.0013463050275582702    0.4448031185013007
316    0.0    0.0030662989086919445    0.4430831246201671
317    0.0    0.001306906795234063    0.44484251673362496
318    0.0    0.0030282765998166077    0.4431211469290424
319    0.0    0.0012702065612098794    0.44487921696764915
320    0.0    0.0029928477281416154    0.4431565758007174
321    0.0    0.0012360012589981361    0.44491342226986086
322    0.0    0.002959820923612032    0.443189602605247
323    0.0    0.001204110419230773    0.4449453131096282
324    0.0    0.0029290258870443885    0.4432203976418146
325    0.0    0.0011743732415341176    0.44497505028732487
326    0.0    0.002900310699160355    0.44324911282969864
327    0.0    0.0011466461187768877    0.4450027774100821
328    0.0    0.0028735395404059162    0.4432758839884531
329    0.0    0.001120800534851071    0.4450286229940079
330    0.0    0.0028485907508802645    0.4433008327779787
331    0.0    0.0010967212725282026    0.4450527022563308
332    0.0    0.002825355173320412    0.4433240683555386
333    0.0    0.0010743048800315356    0.4450751186488275
334    0.0    0.0028037347328361754    0.4433456887960228
335    0.0    0.0010534583545153482    0.44509596517434363
336    0.0    0.00278364121561612    0.44336578231324286
337    0.0    0.00103409800827468    0.4451153255205843
338    0.0    0.002764995215633074    0.44338442831322594
339    0.0    0.001016148489588931    0.4451332750392701
340    0.0    0.0027477252238448397    0.44340169830501414
341    0.0    0.0009995419350187738    0.4451498815938402
342    0.0    0.0027317668388015586    0.44341765669005745
343    0.0    0.0009842172339539826    0.445165206294905
344    0.0    0.0027170620811418546    0.44343236144771714
345    0.0    0.0009701193894224163    0.44517930413943657
346    0.0    0.002703558797393573    0.4434458647314654
347    0.0    0.0009571989618369183    0.44519222456702207
348    0.0    0.002691210140879084    0.4434582133879799
349    0.0    0.0009454115845111137    0.4452040119443479
350    0.0    0.0026799741195056015    0.4434694494093534
351    0.0    0.0009347175415794085    0.4452147059872796
352    0.0    0.002669813201849704    0.4434796103270093
353    0.0    0.0009250814004423447    0.44522434212841666
354    0.0    0.002660693974306712    0.44348872955455226
355    0.0    0.0009164716921010528    0.44523295183675793
356    0.0    0.002652586843214004    0.443496836685645
357    0.0    0.0009088606337875343    0.44524056289507147
358    0.0    0.0026454657768141022    0.4435039577520449
359    0.0    0.0009022238891809293    0.44524719963967807
360    0.0    0.0026393080827335613    0.44351011544612545
361    0.0    0.0008965403622418805    0.4452528831666171
362    0.0    0.002634094217341475    0.44351532931151755
363    0.0    0.0008917920213379598    0.44525763150752107
364    0.0    0.0026298076239505974    0.4435196159049084
365    0.0    0.0008879637508868929    0.4452614597779721
366    0.0    0.002626434597328128    0.44352298893153086
367    0.0    0.0008850432282181942    0.4452643803006408
368    0.0    0.0026239641724409655    0.443525459356418
369    0.0    0.0008830208237802295    0.4452664027050788
370    0.0    0.0026223880357499696    0.443527035493109
371    0.0    0.0008818895231906263    0.4452675340056684
372    0.0    0.002621700457725471    0.44352772307113353
373    0.0    0.0008816448699679719    0.44526777865889106
374    0.0    0.0026218982455831143    0.4435275252832759
375    0.0    0.0008822849280937096    0.4452671386007653
376    0.0    0.0026229807155337165    0.44352644281332526
377    0.0    0.0008838102638456674    0.44526561326501335
378    0.0    0.0026249496841258928    0.4435244738447331
379    0.0    0.0008862239466138379    0.44526319958224514
380    0.0    0.0026278094785346868    0.4435216140503243
381    0.0    0.0008895315686915755    0.4452598919601674
382    0.0    0.002631566965918328    0.4435178565629407
383    0.0    0.0008937412842947218    0.4452556822445643
384    0.0    0.0026362316022324503    0.4435131919266265
385    0.0    0.0008988638683407739    0.44525055966051824
386    0.0    0.0026418155011788623    0.44350760802768013
387    0.0    0.0009049127958084761    0.44524451073305055
388    0.0    0.002648333524255978    0.443501090004603
389    0.0    0.000911904342800559    0.4452375191860584
390    0.0    0.0026558033931992756    0.44349362013565974
391    0.0    0.000919857710769449    0.44522956581808953
392    0.0    0.0026642458264449    0.4434851777024141
393    0.0    0.0009287951757254338    0.4452206283531336
394    0.0    0.0026736847016420465    0.44347573882721697
395    0.0    0.0009387422646638473    0.44521068126419516
396    0.0    0.0026841472466677656    0.44346527628219123
397    0.0    0.0009497279619075865    0.44519969556695144
398    0.0    0.002695664262104732    0.4434537592667543
399    0.0    0.0009617849486014253    0.44518763858025756
400    0.0    0.002708270378709831    0.44344115315014915
401    0.0    0.000974949879199729    0.4451744736496593
402    0.0    0.002722004354065817    0.44342741917479317
403    0.0    0.000989263699525387    0.4451601598293336
404    0.0    0.002736909413395379    0.4434125141154636
405    0.0    0.0010047720118089628    0.44514465151705
406    0.0    0.0027530336404275936    0.4433963898884314
407    0.0    0.0010215254931236562    0.4451278980357353
408    0.0    0.0027704304252995004    0.4433789931035595
409    0.0    0.001039580374824242    0.44510984315403473
410    0.0    0.002789158977780766    0.44336026455107824
411    0.0    0.00105899899200782    0.44509042453685116
412    0.0    0.002809284915652181    0.4433401386132068
413    0.0    0.0010798504137351408    0.44506957311512385
414    0.0    0.0028308809399627687    0.44331854258889625
415    0.0    0.0011022111668125326    0.4450472123620465
416    0.0    0.002854027611149434    0.44329539591770956
417    0.0    0.0011261660684295047    0.4450232574604295
418    0.0    0.0028788142427756277    0.44327060928608336
419    0.0    0.0011518091860180516    0.44499761434284096
420    0.0    0.0029053399330217613    0.4432440835958372
421    0.0    0.0011792449464343403    0.44497017858242466
422    0.0    0.0029337147582233583    0.44321570877063565
423    0.0    0.001208589421189658    0.4449408341076693
424    0.0    0.0029640611578825382    0.44318536237097644
425    0.0    0.001239971820170276    0.44490945170868873
426    0.0    0.002996515546962378    0.4431529079818966
427    0.0    0.001273536233420425    0.4448758872954386
428    0.0    0.0030312301992456952    0.44311819332961333
429    0.0    0.0013094436694848074    0.4448399798593742
430    0.0    0.0030683754555547557    0.44308104807330423
431    0.0    0.001347874450066844    0.44480154907879216
432    0.0    0.0031081423232938383    0.4430412812055652
433    0.0    0.0013890310350313667    0.44476039249382765
434    0.0    0.0031507455498941944    0.4429986779789648
435    0.0    0.0014331413700081432    0.44471628215885084
436    0.0    0.0031964272733928526    0.44295299625546614
437    0.0    0.0014804628722852918    0.4446689606565737
438    0.0    0.0032454613800121605    0.44290396214884686
439    0.0    0.001531287201046102    0.4446181363278129
440    0.0    0.0032981587332747693    0.44285126479558423
441    0.0    0.0015859459976171762    0.4445634775312418
442    0.0    0.0033548734845842082    0.4427945500442748
443    0.0    0.0016448178335739467    0.44450460569528505
444    0.0    0.003416010735270989    0.442733412793588
445    0.0    0.0017083366738233875    0.44444108685503564
446    0.0    0.003482035900208858    0.44266738762865016
447    0.0    0.0017770022546722637    0.44437242127418675
448    0.0    0.003553486231069587    0.4425959372977894
449    0.0    0.001851392902677773    0.44429803062618123
450    0.0    0.003630985104263145    0.4425184384245959
451    0.0    0.0019321814923163928    0.4442172420365426
452    0.0    0.0037152598810065345    0.4424341636478525
453    0.0    0.0020201554790563654    0.44412926804980263
454    0.0    0.0038071644290444107    0.4423422590998146
455    0.0    0.002116242279052581    0.4440331812498064
456    0.0    0.00390770779386375    0.44224171573499527
457    0.0    0.002221541742510803    0.4439278817863482
458    0.0    0.004018091077742123    0.44213133245111685
459    0.0    0.0023373681543969547    0.44381205537446206
460    0.0    0.004139755414744491    0.4420096681141145
461    0.0    0.0024653052031533246    0.4436841183257057
462    0.0    0.00427444515716808    0.44187497837169093
463    0.0    0.0026072788610177495    0.44354214466784125
464    0.0    0.004424292238222673    0.44172513129063634
465    0.0    0.00276565540656218    0.4433837681222968
466    0.0    0.004591930519194831    0.4415574930096642
467    0.0    0.002943375375253668    0.4432060481536053
468    0.0    0.004780653400768967    0.44136877012809006
469    0.0    0.00314413988282701    0.443005283646032
470    0.0    0.004994635187551614    0.4411547883413074
471    0.0    0.0033726750151809757    0.44277674851367804
472    0.0    0.0052392486485551325    0.4409101748803039
473    0.0    0.0036351155501628436    0.4425143079786962
474    0.0    0.005521531671844825    0.4406278918570142
475    0.0    0.003939576389094373    0.44220984713976463
476    0.0    0.005850892193117332    0.44029853133574165
477    0.0    0.0042970291281359905    0.441852394400723
478    0.0    0.006240207631591164    0.43990921589726784
479    0.0    0.004722693957228092    0.4414267295716309
480    0.0    0.006707605042240543    0.43944181848661845
481    0.0    0.005238341760767734    0.44091108176809124
482    0.0    0.007279474639828057    0.43886994888903097
483    0.0    0.005876292140957768    0.44027313138790125
484    0.0    0.007995853252052694    0.4381535702768063
485    0.0    0.006686783190733442    0.43946264033812554
486    0.0    0.008920701938235479    0.43722872159062354
487    0.0    0.007752607252749131    0.4383968162761099
488    0.0    0.010163250341824952    0.43598617318703403
489    0.0    0.009221103432930408    0.4369283200959286
490    0.0    0.011927502755895191    0.4342219207729638
491    0.0    0.011383701778176231    0.4347657217506828
492    0.0    0.014645954052779206    0.4315034694760798
493    0.0    0.014913528510919684    0.4312358950179393
494    0.0    0.019432480481714837    0.42671694304714414
495    0.0    0.021812105964789094    0.4243373175640699
496    0.0    0.03033303265309453    0.4158163908757645
497    0.0    0.041922749519115524    0.4042266740097435
498    0.0    0.08117621954843604    0.364973203980423
499    2.268413340428162    0.3780688900713603    0.0680805334574987
