-3.9 28.50459472360877 
-3.8212121212121213 26.97830213346671 
-3.742424242424242 25.556503870243017 
-3.6636363636363636 23.72041381978889 
-3.584848484848485 22.543031277708707 
-3.506060606060606 21.144675004065686 
-3.4272727272727272 20.02372799357218 
-3.3484848484848486 19.77876179483099 
-3.2696969696969695 17.761634994528084 
-3.190909090909091 17.59487542016766 
-3.1121212121212123 16.190639442462622 
-3.033333333333333 15.231200091941592 
-2.9545454545454546 14.119785512115065 
-2.875757575757576 13.825977468558502 
-2.796969696969697 13.227018005499756 
-2.7181818181818183 12.312856352274055 
-2.6393939393939396 11.868339457001754 
-2.5606060606060606 11.117244421555652 
-2.481818181818182 10.520032675754804 
-2.4030303030303033 9.610003831416801 
-2.324242424242424 9.043439901059779 
-2.2454545454545456 8.702751496734072 
-2.166666666666667 8.236753721884364 
-2.087878787878788 7.563950898539007 
-2.0090909090909093 7.425371714168648 
-1.9303030303030304 7.147793451843649 
-1.8515151515151516 6.756157415301202 
-1.772727272727273 6.319672557580599 
-1.6939393939393939 5.909111698106754 
-1.6151515151515152 5.391382806935604 
-1.5363636363636366 4.996481136715244 
-1.4575757575757575 4.740725227558236 
-1.378787878787879 4.443071595578566 
-1.3000000000000003 4.245969277541741 
-1.2212121212121212 3.9116678887995606 
-1.1424242424242426 3.7222240429533833 
-1.063636363636364 3.5875539176576154 
-0.9848484848484849 3.5140255803333664 
-0.9060606060606062 3.3575058302274576 
-0.8272727272727276 3.0456250932081743 
-0.7484848484848485 2.846293253272964 
-0.6696969696969699 2.713977890361535 
-0.5909090909090913 2.4780077198842783 
-0.5121212121212122 2.1864080269117996 
-0.43333333333333357 2.090077300730218 
-0.35454545454545494 2.0214991837214016 
-0.27575757575757587 1.9485228194292163 
-0.19696969696969724 1.9777175901113333 
-0.11818181818181861 2.0436913645125765 
-0.03939393939393954 2.0152819214784734 
0.03939393939393909 2.015281921478473 
0.11818181818181772 2.0436913645125765 
0.1969696969696968 1.9777175901113329 
0.27575757575757587 1.9485228194292161 
0.35454545454545405 2.0214991837214003 
0.4333333333333331 2.090077300730218 
0.5121212121212122 2.1864080269118 
0.5909090909090904 2.478007719884276 
0.6696969696969695 2.713977890361534 
0.7484848484848485 2.8462932532729637 
0.8272727272727267 3.0456250932081708 
0.9060606060606058 3.3575058302274563 
0.9848484848484849 3.5140255803333647 
1.063636363636363 3.5875539176576137 
1.1424242424242421 3.72222404295338 
1.2212121212121212 3.9116678887995597 
1.2999999999999994 4.245969277541736 
1.3787878787878785 4.443071595578563 
1.4575757575757575 4.74072522755823 
1.5363636363636357 4.996481136715236 
1.6151515151515148 5.3913828069355985 
1.6939393939393939 5.909111698106751 
1.772727272727272 6.319672557580596 
1.8515151515151511 6.756157415301196 
1.9303030303030302 7.147793451843645 
2.0090909090909084 7.425371714168642 
2.0878787878787874 7.563950898538999 
2.1666666666666665 8.236753721884357 
2.2454545454545447 8.702751496734065 
2.3242424242424238 9.043439901059772 
2.403030303030303 9.610003831416792 
2.481818181818181 10.520032675754784 
2.56060606060606 11.117244421555645 
2.639393939393939 11.868339457001747 
2.7181818181818174 12.312856352274055 
2.7969696969696964 13.227018005499726 
2.8757575757575755 13.825977468558483 
2.9545454545454537 14.119785512115035 
3.0333333333333328 15.231200091941577 
3.112121212121212 16.190639442462604 
3.19090909090909 17.594875420167604 
3.269696969696969 17.761634994528006 
3.348484848484848 19.778761794830935 
3.4272727272727264 20.023727993572173 
3.5060606060606054 21.144675004065622 
3.5848484848484845 22.54303127770868 
3.6636363636363627 23.720413819788796 
3.7424242424242418 25.55650387024301 
3.821212121212121 26.978302133466567 
3.9 28.504594723608843 
