-0.03 -1.6151184550210473e-05 
-0.029393939393939392 -1.8869578577209724e-05 
-0.028787878787878786 -2.153785988667778e-05 
-0.02818181818181818 -2.4155712114293238e-05 
-0.027575757575757573 -2.6722823933766902e-05 
-0.02696969696969697 -2.923888914182271e-05 
-0.026363636363636363 -3.170360675142092e-05 
-0.025757575757575757 -3.411668107730748e-05 
-0.02515151515151515 -3.6477821823837074e-05 
-0.024545454545454544 -3.878674416995409e-05 
-0.023939393939393937 -4.1043168853320825e-05 
-0.02333333333333333 -4.324682225302467e-05 
-0.022727272727272728 -4.5397436473137986e-05 
-0.022121212121212118 -4.7494749418603986e-05 
-0.021515151515151515 -4.953850487851241e-05 
-0.02090909090909091 -5.152845259942751e-05 
-0.020303030303030302 -5.3464348362410873e-05 
-0.019696969696969695 -5.534595405919163e-05 
-0.01909090909090909 -5.717303775952587e-05 
-0.018484848484848486 -5.8945373787082645e-05 
-0.017878787878787876 -6.0662742784529654e-05 
-0.017272727272727273 -6.232493178373488e-05 
-0.016666666666666666 -6.393173426857857e-05 
-0.01606060606060606 -6.548295023947048e-05 
-0.015454545454545453 -6.697838627786723e-05 
-0.014848484848484847 -6.84178556008419e-05 
-0.01424242424242424 -6.980117812446451e-05 
-0.013636363636363634 -7.112818051524528e-05 
-0.013030303030303031 -7.239869624839912e-05 
-0.012424242424242424 -7.361256565616259e-05 
-0.011818181818181818 -7.476963598037401e-05 
-0.011212121212121211 -7.586976141851664e-05 
-0.010606060606060605 -7.69128031714672e-05 
-0.009999999999999998 -7.789862948612836e-05 
-0.009393939393939392 -7.88271156957876e-05 
-0.008787878787878785 -7.969814426189714e-05 
-0.008181818181818179 -8.051160480960107e-05 
-0.007575757575757576 -8.126739416383088e-05 
-0.0069696969696969695 -8.196541637971678e-05 
-0.006363636363636363 -8.260558277669362e-05 
-0.0057575757575757565 -8.318781196294367e-05 
-0.00515151515151515 -8.371202986438675e-05 
-0.0045454545454545435 -8.417816974571224e-05 
-0.003939393939393937 -8.458617223368492e-05 
-0.003333333333333334 -8.493598533476643e-05 
-0.0027272727272727275 -8.52275644524525e-05 
-0.002121212121212121 -8.546087240034695e-05 
-0.0015151515151515145 -8.563587941637252e-05 
-0.000909090909090908 -8.575256317016056e-05 
-0.0003030303030303015 -8.58109087701564e-05 
0.000303030303030305 -8.58109087701564e-05 
0.0009090909090909115 -8.575256317016056e-05 
0.001515151515151518 -8.563587941637252e-05 
0.002121212121212121 -8.546087240006272e-05 
0.002727272727272731 -8.52275644524525e-05 
0.003333333333333334 -8.493598533476643e-05 
0.003939393939393937 -8.458617223368492e-05 
0.004545454545454547 -8.417816974571224e-05 
0.00515151515151515 -8.371202986438675e-05 
0.00575757575757576 -8.318781196294367e-05 
0.006363636363636363 -8.260558277669362e-05 
0.006969696969696973 -8.196541637971678e-05 
0.007575757575757576 -8.126739416383088e-05 
0.008181818181818186 -8.051160480960107e-05 
0.008787878787878789 -7.969814426189714e-05 
0.009393939393939392 -7.88271156957876e-05 
0.010000000000000002 -7.789862948612836e-05 
0.010606060606060605 -7.69128031714672e-05 
0.011212121212121215 -7.586976141851664e-05 
0.011818181818181818 -7.476963598008979e-05 
0.012424242424242428 -7.36125656564468e-05 
0.013030303030303031 -7.239869624839912e-05 
0.013636363636363641 -7.112818051524528e-05 
0.014242424242424244 -6.980117812446451e-05 
0.014848484848484847 -6.84178556008419e-05 
0.015454545454545457 -6.697838627786723e-05 
0.01606060606060606 -6.548295023947048e-05 
0.01666666666666667 -6.393173426829435e-05 
0.017272727272727273 -6.232493178373488e-05 
0.017878787878787883 -6.0662742784529654e-05 
0.018484848484848486 -5.8945373787082645e-05 
0.01909090909090909 -5.7173037759810086e-05 
0.0196969696969697 -5.534595405919163e-05 
0.020303030303030302 -5.3464348362410873e-05 
0.020909090909090912 -5.1528452599143295e-05 
0.021515151515151515 -4.953850487851241e-05 
0.022121212121212125 -4.7494749418603986e-05 
0.022727272727272728 -4.5397436473137986e-05 
0.02333333333333333 -4.324682225302467e-05 
0.02393939393939394 -4.1043168853320825e-05 
0.024545454545454544 -3.878674416995409e-05 
0.025151515151515154 -3.6477821823837074e-05 
0.025757575757575757 -3.4116681077591694e-05 
0.026363636363636367 -3.170360675170514e-05 
0.02696969696969697 -2.923888914182271e-05 
0.02757575757575758 -2.6722823933766902e-05 
0.028181818181818183 -2.4155712114293238e-05 
0.028787878787878786 -2.153785988667778e-05 
0.029393939393939396 -1.8869578576925504e-05 
0.03 -1.6151184550210473e-05 
