-0.1 0.05782545761383729 
-0.09797979797979799 0.055809904732497445 
-0.09595959595959597 0.05381402831833692 
-0.09393939393939395 0.0518388727655651 
-0.09191919191919193 0.049885485463370044 
-0.08989898989898991 0.04795491633508658 
-0.08787878787878789 0.04604821631768185 
-0.08585858585858586 0.04416643630211678 
-0.08383838383838385 0.04231062676454862 
-0.08181818181818182 0.04048183555495335 
-0.07979797979797981 0.03868110775873322 
-0.07777777777777778 0.03690948424533263 
-0.07575757575757576 0.035168000032653045 
-0.07373737373737374 0.03345768401057585 
-0.07171717171717172 0.03177955709783263 
-0.0696969696969697 0.030134631297591034 
-0.06767676767676768 0.028523908476398612 
-0.06565656565656566 0.026948379212278956 
-0.06363636363636364 0.025409021251236084 
-0.061616161616161624 0.023906798885180876 
-0.059595959595959605 0.022442661247226707 
-0.05757575757575758 0.02101754139006967 
-0.05555555555555556 0.01963235474255888 
-0.05353535353535354 0.018287998441506765 
-0.05151515151515152 0.01698534939659074 
-0.0494949494949495 0.015725264152114633 
-0.04747474747474748 0.014508576767495228 
-0.04545454545454546 0.013336097941846519 
-0.043434343434343436 0.012208614415013645 
-0.04141414141414142 0.011126886986314475 
-0.0393939393939394 0.01009165033022884 
-0.03737373737373738 0.009103611337689473 
-0.03535353535353536 0.008163448378877364 
-0.03333333333333334 0.007271809920926673 
-0.03131313131313132 0.006429314666196263 
-0.0292929292929293 0.005636549156309302 
-0.027272727272727282 0.004894068002530749 
-0.025252525252525262 0.004202392756942141 
-0.023232323232323243 0.003562010967862625 
-0.021212121212121224 0.0029733756269660697 
-0.019191919191919204 0.002436904385980885 
-0.01717171717171717 0.0019529792111347912 
-0.015151515151515152 0.0015219452082182706 
-0.013131313131313133 0.001144110806897403 
-0.011111111111111113 0.0008197467240062805 
-0.009090909090909094 0.0005490858483603281 
-0.007070707070707075 0.00033232278000288934 
-0.005050505050505055 0.00016961350767364798 
-0.003030303030303036 6.107557007480333e-05 
-0.0010101010101010166 6.787065246530229e-06 
0.0010101010101010027 6.787065246530229e-06 
0.003030303030303022 6.107557007480333e-05 
0.005050505050505041 0.00016961350767364798 
0.007070707070707061 0.00033232278000288934 
0.00909090909090908 0.0005490858483603281 
0.0111111111111111 0.0008197467240062805 
0.013131313131313133 0.001144110806897403 
0.015151515151515152 0.0015219452082182706 
0.01717171717171717 0.0019529792111347912 
0.01919191919191919 0.002436904385980885 
0.02121212121212121 0.0029733756269660697 
0.02323232323232323 0.003562010967862625 
0.02525252525252525 0.004202392756942141 
0.027272727272727254 0.004894068002530749 
0.029292929292929287 0.005636549156309302 
0.03131313131313132 0.006429314666196263 
0.033333333333333326 0.007271809920926673 
0.03535353535353536 0.008163448378877364 
0.037373737373737365 0.009103611337689473 
0.0393939393939394 0.01009165033022884 
0.0414141414141414 0.011126886986314475 
0.043434343434343436 0.012208614415013645 
0.04545454545454544 0.013336097941846519 
0.047474747474747475 0.014508576767495228 
0.04949494949494948 0.015725264152114633 
0.051515151515151514 0.01698534939659074 
0.05353535353535352 0.018287998395434563 
0.05555555555555555 0.01963235474255888 
0.05757575757575756 0.02101754139006967 
0.05959595959595959 0.022442661247226707 
0.0616161616161616 0.023906798885180876 
0.06363636363636363 0.025409021251236084 
0.06565656565656566 0.026948379212278956 
0.06767676767676767 0.028523908476398612 
0.0696969696969697 0.030134631297591034 
0.07171717171717171 0.03177955709783263 
0.07373737373737374 0.03345768401057585 
0.07575757575757575 0.035168000032653045 
0.07777777777777778 0.03690948424533263 
0.07979797979797978 0.03868110775873322 
0.08181818181818182 0.04048183555495335 
0.08383838383838382 0.04231062676454862 
0.08585858585858586 0.04416643630211678 
0.08787878787878786 0.046048216271609654 
0.0898989898989899 0.047954916289014375 
0.0919191919191919 0.049885485463370044 
0.09393939393939393 0.0518388727655651 
0.09595959595959597 0.05381402831833692 
0.09797979797979797 0.055809904732497445 
0.1 0.05782545761383729 
