0.001 4.021601093462173 
0.002929292929292929 4.02160109347516 
0.004858585858585859 4.02160109347516 
0.006787878787878788 4.021601093462173 
0.008717171717171717 4.021601093485837 
0.010646464646464647 4.021601095978648 
0.012575757575757577 4.021601096284376 
0.014505050505050503 4.02160109429379 
0.016434343434343433 4.021601097722537 
0.018363636363636363 4.021601096977011 
0.020292929292929293 4.021601108161635 
0.022222222222222223 4.021601213095085 
0.024151515151515153 4.021601690623358 
0.026080808080808083 4.021603270114296 
0.02801010101010101 4.021607557828331 
0.02993939393939394 4.021617455343779 
0.031868686868686866 4.021637731802852 
0.0337979797979798 4.021675468620853 
0.035727272727272726 4.02174041337076 
0.03765656565656566 4.021845236534716 
0.039585858585858585 4.022005606777815 
0.04151515151515152 4.022240077410325 
0.043444444444444445 4.022569933560861 
0.04537373737373737 4.0230188850829505 
0.047303030303030305 4.023612721446022 
0.04923232323232323 4.024378973507726 
0.051161616161616165 4.025346518654991 
0.05309090909090909 4.026545250754805 
0.05502020202020202 4.028005785153533 
0.05694949494949495 4.029759169674954 
0.05887878787878788 4.0318367147801375 
0.06080808080808081 4.034269773968127 
0.06273737373737373 4.037089674581234 
0.06466666666666666 4.040327635991074 
0.0665959595959596 4.044014705994369 
0.06852525252525253 4.048181789648894 
0.07045454545454545 4.052859686459459 
0.07238383838383838 4.05807914549767 
0.07431313131313132 4.063870922959638 
0.07624242424242424 4.0702659317652055 
0.07817171717171717 4.077295306785916 
0.0801010101010101 4.084990586542477 
0.08203030303030304 4.0933838382585765 
0.08395959595959596 4.102507817829186 
0.08588888888888889 4.112396160859406 
0.08781818181818182 4.1230835436622995 
0.08974747474747474 4.134605909821937 
0.09167676767676768 4.147000635422051 
0.09360606060606061 4.160306853712369 
0.09553535353535353 4.174565575826277 
0.09746464646464646 4.189820047861313 
0.0993939393939394 4.206116018073528 
0.10132323232323233 4.223502023216662 
0.10325252525252525 4.242029748367436 
0.10518181818181818 4.2617544152501114 
0.10711111111111112 4.282735150629432 
0.10904040404040403 4.305035517218195 
0.11096969696969697 4.3287239489935265 
0.1128989898989899 4.353874379233084 
0.11482828282828282 4.380566865181732 
0.11675757575757575 4.408888274919406 
0.11868686868686869 4.438933208108666 
0.12061616161616162 4.470804796934092 
0.12254545454545454 4.504615898013152 
0.12447474747474747 4.540490243620296 
0.1264040404040404 4.578563855377517 
0.12833333333333333 4.618986751495272 
0.13026262626262627 4.661924736814518 
0.1321919191919192 4.707561730111123 
0.1341212121212121 4.75610228798292 
0.13605050505050506 4.807774724270311 
0.13797979797979798 4.862834732444425 
0.1399090909090909 4.921569767082305 
0.14183838383838385 4.984304238608768 
0.14376767676767677 5.051405796044532 
0.14569696969696969 5.123293023623008 
0.14762626262626263 5.200444798162036 
0.14955555555555555 5.283411871114331 
0.15148484848484847 5.372831265847897 
0.15341414141414142 5.46944443385208 
0.15534343434343434 5.574120106336487 
0.15727272727272726 5.687883893476939 
0.1592020202020202 5.811956285674468 
0.16113131313131313 5.947803097463184 
0.16306060606060607 6.097202224865193 
0.164989898989899 6.262334586909742 
0.1669191919191919 6.4459093018610085 
0.16884848484848486 6.6513399845047925 
0.17077777777777778 6.88299870446641 
0.1727070707070707 7.146591729198998 
0.17463636363636365 7.449731991943803 
0.17656565656565656 7.802843838191621 
0.17849494949494948 8.220654606303999 
0.18042424242424243 8.724782210311595 
0.18235353535353535 9.348521166199411 
0.18428282828282827 10.14643661219286 
0.18621212121212122 11.215773745017398 
0.18814141414141414 12.751907947599026 
0.19007070707070706 15.228457651673978 
0.192 20.27275623196115 
