200.0 55.068442264247714 
242.10526315789474 559.2063212892014 
284.2105263157895 72.95785741019647 
326.3157894736842 111.41159021135064 
368.42105263157896 88.39574208683918 
410.5263157894737 90.90062120512016 
452.63157894736844 94.09602936739627 
494.7368421052632 89.75444349727557 
536.8421052631579 93.03408943323925 
578.9473684210527 91.46260213784642 
621.0526315789474 91.53705185886895 
663.1578947368421 92.21979755704304 
705.2631578947369 91.33134260479716 
747.3684210526317 91.99494871976889 
789.4736842105264 91.70015753455282 
831.578947368421 91.63054711343531 
873.6842105263158 91.95519099739339 
915.7894736842106 91.51036104841698 
957.8947368421053 91.95957798577597 
1000.0 91.577159557432 
