##delta---free_energy---extended_GL
0.0 -0.0005988180246276897 0.0
0.00202020202020202 -0.0022546491441062244 -0.0012556921641664056
0.00404040404040404 -0.007239407520955865 -0.004883708483322483
0.006060606060606061 -0.013980247503241117 -0.010466868437438813
0.00808080808080808 -0.020711996856334736 -0.017309871159799695
0.0101010101010101 -0.026489662131098157 -0.024439295437003156
0.012121212121212121 -0.030699365441705595 -0.030603599708960934
0.014141414141414142 -0.032860433374480635 -0.0342731220688985
0.01616161616161616 -0.03257002466125414 -0.03364008026335502
0.01818181818181818 -0.029479938852091436 -0.026618571692183422
0.0202020202020202 -0.023283281999738392 -0.010844573408550327
0.022222222222222223 -0.01370563757882337 0.016324057881064
0.024242424242424242 -0.0004988236732970108 0.05780758581686535
0.026262626262626262 0.01656370126283946 0.11680439438574597
0.028282828282828285 0.037690320958972734 0.19679098792128452
0.030303030303030304 0.06307396494639761 0.3015219911037455
0.03232323232323232 0.0928942497234857 0.43503014896008024
0.03434343434343434 0.1273192035205284 0.6016263268639256
0.03636363636363636 0.16650667616295323 0.8058995105356058
0.03838383838383838 0.21060550633319508 1.0527168060421304
0.0404040404040404 0.2597564989168859 1.3472234397971954
0.04242424242424243 0.31409325153390455 1.6948427585611847
0.044444444444444446 0.37374285977011823 2.101276229441165
0.046464646464646465 0.43882652377260456 2.572503439890891
0.048484848484848485 0.5094600737588735 3.114782097710807
0.050505050505050504 0.5857544283003335 3.7346480310480366
0.052525252525252523 0.6678159963789767 4.438915188396397
0.05454545454545454 0.7557470320416542 5.234675638596386
0.05656565656565657 0.8496459488433175 6.129299570835196
0.05858585858585859 0.9496075999190907 7.130435294646689
0.06060606060606061 1.0557235285277784 8.24600923991143
0.06262626262626263 1.1680821930772254 9.484225956856665
0.06464646464646465 1.2867691699816532 10.853568116056325
0.06666666666666667 1.4118673371667683 12.362796508431027
0.06868686868686869 1.5434570406146122 14.020950045248073
0.0707070707070707 1.6816162459690531 15.837345758121456
0.07272727272727272 1.8264206769404154 17.821578799011856
0.07474747474747474 1.977943941999456 19.98352244022663
0.07676767676767676 2.1362576506389814 22.33332807441983
0.07878787878787878 2.3014315203263322 24.881425214592188
0.0808080808080808 2.4735334751030678 27.638521494091126
0.08282828282828283 2.652629736695417 30.61560266661078
0.08484848484848485 2.8387849088567236 33.8239326061919
0.08686868686868687 3.0320620556108224 37.27505330722198
0.08888888888888889 3.2325227739570437 40.98078488443521
0.09090909090909091 3.4402272615643597 44.9532255729124
0.09292929292929293 3.655234379882131 49.20475172808113
0.09494949494949495 3.8776017130949185 53.74801782571561
0.09696969696969697 4.107385623258779 58.59595646193675
0.09898989898989899 4.344641301958745 63.76177835321215
0.10101010101010101 4.589422818754883 69.2589723363561
0.10303030303030303 4.841783166697951 75.10130536852955
0.10505050505050505 5.101774305129311 81.3028225272402
0.10707070707070707 5.3694471999870075 87.87784701034236
0.10909090909090909 5.6448518618026355 94.84098013603705
0.1111111111111111 5.9280373815659 102.20710134287201
0.11313131313131314 6.219051964606479 109.99136818974168
0.11515151515151516 6.517942962647339 118.20921635588707
0.11717171717171718 6.824756904147762 126.87635964089597
0.1191919191919192 7.139539523064741 136.00878996470286
0.12121212121212122 7.462335786127369 145.6227773675889
0.12323232323232323 7.793189918744247 155.7348700101819
0.12525252525252525 8.132145429618504 166.36189417345642
0.12727272727272726 8.479245134154098 177.52095425873355
0.1292929292929293 8.834531176746623 189.2294327876814
0.13131313131313133 9.198045052008638 201.5049904023144
0.13333333333333333 9.56982762501275 214.3655658649937
0.13535353535353536 9.949919150597907 227.82937605842753
0.13737373737373737 10.338359291810775 241.9149159856702
0.1393939393939394 10.735187137518096 256.64095877012346
0.1414141414141414 11.140441219250533 272.0265556555348
0.14343434343434344 11.55415952731164 288.0910360059995
0.14545454545454545 11.976379526206529 304.85400730595836
0.14747474747474748 12.407138169417976 322.3353551601999
0.1494949494949495 12.846471913565438 340.55524329385855
0.15151515151515152 13.294416731989713 359.5341135524161
0.15353535353535352 13.751008127788282 379.2926859017002
0.15555555555555556 14.21628114632722 399.8519584278862
0.15757575757575756 14.690270387263354 421.2332073374952
0.1595959595959596 15.173010016100307 443.45798695739563
0.1616161616161616 15.664533775301152 466.54812973480205
0.16363636363636364 16.16487499497589 490.5257462372765
0.16565656565656567 16.674066603171468 515.4132251527271
0.16767676767676767 17.192141135791644 541.2332332894081
0.1696969696969697 17.719130746132578 568.0087155759222
0.1717171717171717 18.25506721409556 595.7628950612166
0.17373737373737375 18.799981955062776 624.5192729145874
0.17575757575757575 19.35390602845655 654.3016284256754
0.17777777777777778 19.916870146008023 685.1340190044696
0.1797979797979798 20.48890467973615 717.0407801813042
0.18181818181818182 21.070039669655216 750.046525606862
0.18383838383838383 21.660304831226313 784.1761470521703
0.18585858585858586 22.259729562557823 819.4548144086054
0.18787878787878787 22.868342951363957 855.9079756878882
0.1898989898989899 23.486173781710477 893.5613570220877
0.1919191919191919 24.113250540525314 932.4409626636186
0.19393939393939394 24.74960142391501 972.5730749852435
0.19595959595959597 25.3952543432747 1013.9842544800701
0.19797979797979798 26.050236931209838 1056.7013397615538
0.2 26.714576547273282 1100.7514475634969
