##delta---free_energy---extended_GL
0.0 -0.0006931481211722712 0.0
0.0002525252525252525 -0.0007126101568246668 -1.9718860036909592e-05
0.000505050505050505 -0.0007711527814535657 -7.884162636123974e-05
0.0007575757575757576 -0.0008692456103744917 -0.00017726685761379452
0.00101010101010101 -0.0010076693702103512 -0.0003148254848625809
0.0012626262626262625 -0.0011875055433847592 -0.0004912808116028082
0.0015151515151515152 -0.0014101074157224502 -0.0007063285137568889
0.0017676767676767678 -0.0016770396664469445 -0.0009595966396744384
0.00202020202020202 -0.001989973541640211 -0.0012506456101322736
0.0022727272727272726 -0.002350529131035728 -0.0015789682183344155
0.002525252525252525 -0.0027600666571743204 -0.0019439896299120873
0.002777777777777778 -0.003219444537990057 -0.0023450673829237155
0.0030303030303030303 -0.003728779235643742 -0.0027814913878549284
0.0032828282828282827 -0.004287253359962051 -0.0032524839276185575
0.0035353535353535356 -0.004893016543064732 -0.0037571996575546376
0.003787878787878788 -0.005543205475987634 -0.004294725605430403
0.00404040404040404 -0.006234080603917391 -0.004864081171440298
0.004292929292929293 -0.0069612488223356195 -0.0054642181282059605
0.004545454545454545 -0.007719925297351438 -0.006094020620776236
0.004797979797979798 -0.008505187576247408 -0.006752305166627176
0.00505050505050505 -0.00931218786536192 -0.0074378206556620285
0.005303030303030303 -0.010136306964341202 -0.00814924835021125
0.005555555555555556 -0.010973248875416175 -0.00888520188503249
0.005808080808080808 -0.01181908498847406 -0.009644227267310615
0.006060606060606061 -0.012670260860886629 -0.010424802876657677
0.006313131313131313 -0.013523578556487337 -0.011225339465112949
0.0065656565656565654 -0.01437616526027341 -0.012044180157142897
0.006818181818181818 -0.01522543597548065 -0.012879600449641187
0.007070707070707071 -0.016069055442585523 -0.013729808211928698
0.0073232323232323236 -0.016904902250644227 -0.014592943685753493
0.007575757575757576 -0.017731036675286305 -0.015467079485290863
0.007828282828282828 -0.018545672746313357 -0.016350220597143274
0.00808080808080808 -0.01934715453580793 -0.01724030438034043
0.008333333333333333 -0.020133936305228417 -0.018135200566339205
0.008585858585858586 -0.020904566061744845 -0.01903271125902369
0.008838383838383838 -0.021657672009041562 -0.019930570934705166
0.00909090909090909 -0.022391951425561274 -0.02082644644212214
0.009343434343434343 -0.023106161539089953 -0.02171793700244031
0.009595959595959595 -0.023799112041615444 -0.022602574209252563
0.009848484848484848 -0.024469658926591364 -0.023477822028579017
0.0101010101010101 -0.02511669940167849 -0.024341076798866972
0.010353535353535354 -0.025739167669598828 -0.025189667230990948
0.010606060606060607 -0.026336031405662652 -0.026020854408252615
0.010858585858585859 -0.026906288801455958 -0.026831831786380933
0.011111111111111112 -0.0274489660623658 -0.027619725193531987
0.011363636363636364 -0.027963115282091167 -0.028381592830289116
0.011616161616161616 -0.028447812609556422 -0.029114425269662843
0.011868686868686869 -0.028902156663662026 -0.029815145457090863
0.012121212121212121 -0.02932526715721906 -0.030480608710438135
0.012373737373737374 -0.02971628367458834 -0.031107602719996783
0.012626262626262626 -0.0300743645948387 -0.031692847548486114
0.012878787878787878 -0.030398686127682595 -0.03223299563105271
0.013131313131313131 -0.030688441444908676 -0.03272463177527027
0.013383838383838383 -0.03094283989730684 -0.03316427316113974
0.013636363636363636 -0.03116110629389368 -0.0335483693410893
0.013888888888888888 -0.03134248024753106 -0.03387330223997424
0.014141414141414142 -0.03148621556647413 -0.03413538615507715
0.014393939393939395 -0.031591579696396366 -0.03433086775610777
0.014646464646464647 -0.03165785319788483 -0.03445592608520303
0.0148989898989899 -0.031684329258041544 -0.03450667255692714
0.015151515151515152 -0.03167031323755509 -0.03447915095827142
0.015404040404040404 -0.03161512223778118 -0.03436933744865444
0.015656565656565657 -0.03151808470465767 -0.034173140559921954
0.015909090909090907 -0.03137854004080509 -0.03388640119634696
0.01616161616161616 -0.031195838249004737 -0.03350489263462963
0.016414141414141416 -0.03096933959159287 -0.03302432052389731
0.016666666666666666 -0.030698414263497398 -0.032440322885704594
0.01691919191919192 -0.030382442090285622 -0.03174847011403324
0.01717171717171717 -0.03002081222484776 -0.030944264975292273
0.017424242424242425 -0.02961292287955075 -0.030023142608317805
0.017676767676767676 -0.029158181051570864 -0.028980470524373317
0.01792929292929293 -0.02865600227005416 -0.027811548607149305
0.01818181818181818 -0.028105810355100402 -0.026511609112763648
0.018434343434343435 -0.027507037181749183 -0.02507581666976129
0.018686868686868686 -0.026859122458972706 -0.023499268279114444
0.01893939393939394 -0.026161513513670798 -0.021776993314222465
0.01919191919191919 -0.02541366508557985 -0.019903953520912045
0.019444444444444445 -0.02461503913582419 -0.017875043017436944
0.019696969696969695 -0.02376510464864623 -0.01568508829447816
0.01994949494949495 -0.022863337456328736 -0.013328848215143909
0.0202020202020202 -0.02190922006366236 -0.010801014014969641
0.020454545454545454 -0.020902241476960626 -0.008096209301917918
0.02070707070707071 -0.019841897045353107 -0.005208990056378589
0.02095959595959596 -0.0187276883029881 -0.002133844631168718
0.021212121212121213 -0.017559122820784978 0.001134806248467597
0.021464646464646464 -0.0163357140613698 0.004602609484858741
0.021717171717171718 -0.01505698123582988 0.008275279607906246
0.02196969696969697 -0.013722449175475049 0.012158598775084184
0.022222222222222223 -0.012331648196777678 0.016258416771439608
0.022474747474747474 -0.010884113976771914 0.020580651009592128
0.022727272727272728 -0.009379387434819364 0.02513128652973446
0.02297979797979798 -0.007817014611191553 0.029916375999631827
0.023232323232323233 -0.006196546557021065 0.0349420397146225
0.023484848484848483 -0.004517539223343192 0.04021446559761734
0.023737373737373738 -0.0027795533551397966 0.045739909199100225
0.023989898989898988 -0.0009821543876569194 0.051524693697127526
0.024242424242424242 0.0008750876486374182 0.05757520989732871
0.024494949494949497 0.0027925982308261155 0.0638979162329058
0.024747474747474747 0.004770798431309231 0.07049933876463386
0.025 0.006810105011481937 0.0773860711808605
