0.001 2.64173506098052 
0.0029393939393939396 2.64173506098052 
0.004878787878787878 2.64173506098052 
0.006818181818181818 2.64173506098052 
0.008757575757575757 2.64173506098052 
0.010696969696969698 2.641735061377906 
0.012636363636363637 2.641735060988662 
0.014575757575757575 2.6417350595872144 
0.016515151515151514 2.641735028821366 
0.018454545454545456 2.6417347971818743 
0.020393939393939395 2.6417336259470408 
0.022333333333333334 2.6417292763312505 
0.024272727272727272 2.6417164945223837 
0.02621212121212121 2.641685141182282 
0.028151515151515153 2.6416184096435553 
0.030090909090909092 2.641491599358564 
0.03203030303030303 2.6412717581860377 
0.03396969696969697 2.640918268736711 
0.03590909090909091 2.6403842534592874 
0.03784848484848485 2.6396185503756535 
0.03978787878787879 2.6385679675416416 
0.041727272727272724 2.6371795346377045 
0.043666666666666666 2.6354025612776018 
0.04560606060606061 2.6331903470040894 
0.047545454545454544 2.630501495114023 
0.049484848484848486 2.6273008028368747 
0.05142424242424242 2.6235597582687964 
0.05336363636363636 2.619256709983921 
0.055303030303030305 2.614376754918523 
0.05724242424242424 2.6089114061706793 
0.05918181818181818 2.602858130016414 
0.06112121212121212 2.596219770866973 
0.06306060606060605 2.589003929093402 
0.065 2.5812223214197485 
0.06693939393939394 2.572890143717163 
0.06887878787878787 2.5640254759464254 
0.07081818181818182 2.554648719823556 
0.07275757575757576 2.5447820708475533 
0.07469696969696969 2.534449077217205 
0.07663636363636364 2.5236742168252 
0.07857575757575758 2.5124825467688314 
0.08051515151515151 2.5008994014327124 
0.08245454545454545 2.488950121621024 
0.0843939393939394 2.4766598435478047 
0.08633333333333333 2.464053325577166 
0.08827272727272727 2.451154785059912 
0.09021212121212122 2.43798779797777 
0.09215151515151515 2.4245752019421203 
0.09409090909090909 2.4109390241763378 
0.09603030303030304 2.3971004403741505 
0.09796969696969697 2.383079733070659 
0.0999090909090909 2.3688962803799685 
0.10184848484848484 2.3545685422733302 
0.10378787878787879 2.340114064934867 
0.10572727272727273 2.3255494872481273 
0.10766666666666666 2.310890562121165 
0.10960606060606061 2.2961521677497543 
0.11154545454545454 2.28134833818603 
0.11348484848484848 2.266492286925785 
0.11542424242424243 2.2515964372874793 
0.11736363636363636 2.23667245179417 
0.1193030303030303 2.2217312656443315 
0.12124242424242423 2.2067831173588273 
0.12318181818181818 2.191837577713706 
0.1251212121212121 2.176903585718457 
0.12706060606060607 2.161989477916257 
0.129 2.1471030188116185 
0.13093939393939394 2.1322514298645574 
0.13287878787878787 2.117441419658956 
0.1348181818181818 2.102679212160331 
0.13675757575757574 2.0879705760374527 
0.1386969696969697 2.073320841634445 
0.14063636363636364 2.0587349341591383 
0.14257575757575758 2.0442173942439763 
0.1445151515151515 2.02977240543913 
0.14645454545454545 2.0154037997807066 
0.14839393939393938 2.0011151016820015 
0.15033333333333332 1.9869095293047494 
0.15227272727272728 1.9727900163753385 
0.15421212121212122 1.95875923753539 
0.15615151515151515 1.9448196141172223 
0.1580909090909091 1.930973335714508 
0.16003030303030302 1.9172223775028605 
0.16196969696969696 1.9035685052866054 
0.1639090909090909 1.8900132957765732 
0.16584848484848486 1.8765581445211035 
0.1677878787878788 1.8632042841383685 
0.16972727272727273 1.8499527895964354 
0.17166666666666666 1.8368045816407337 
0.1736060606060606 1.8237604578217457 
0.17554545454545453 1.8108210757252072 
0.1774848484848485 1.7979869853856765 
0.17942424242424243 1.785258616439684 
0.18136363636363637 1.7726362955737107 
0.1833030303030303 1.7601202636875841 
0.18524242424242424 1.7477106585231854 
0.18718181818181817 1.7354075379282476 
0.1891212121212121 1.7232108996744842 
0.19106060606060607 1.7111206445633933 
0.193 1.6991348566349043 
