##q-\DeltaF
0.001 11.618400618497994 
0.001494949494949495 11.61840061771265 
0.00198989898989899 11.61840061771265 
0.0024848484848484847 11.618400618497994 
0.00297979797979798 11.618400618497994 
0.003474747474747475 11.618400618497997 
0.00396969696969697 11.618401443229367 
0.004464646464646465 11.618399791295753 
0.00495959595959596 11.618400208880967 
0.005454545454545455 11.618401428514492 
0.00594949494949495 11.618400935337446 
0.0064444444444444445 11.61840102107429 
0.00693939393939394 11.618402373936124 
0.007434343434343435 11.618401688154048 
0.007929292929292928 11.618400952721649 
0.008424242424242424 11.618404303297947 
0.00891919191919192 11.618408553184711 
0.009414141414141413 11.618416483661465 
0.009909090909090909 11.618433284659167 
0.010404040404040405 11.618461657121731 
0.010898989898989901 11.618507446104378 
0.011393939393939394 11.618581002788357 
0.01188888888888889 11.618692269004406 
0.012383838383838386 11.618853461662624 
0.012878787878787878 11.619080341225178 
0.013373737373737375 11.619392641293594 
0.01386868686868687 11.619808056337382 
0.014363636363636363 11.620352698013972 
0.01485858585858586 11.621045020707253 
0.015353535353535355 11.621919790594065 
0.015848484848484848 11.623001105871367 
0.016343434343434344 11.624320771437011 
0.01683838383838384 11.625908002126419 
0.017333333333333336 11.62779891035093 
0.01782828282828283 11.630023076971096 
0.018323232323232325 11.632619047512648 
0.01881818181818182 11.635616970572348 
0.019313131313131313 11.639054798415962 
0.01980808080808081 11.642966597436311 
0.020303030303030305 11.647386953045265 
0.0207979797979798 11.65235260848906 
0.021292929292929294 11.657897123298198 
0.02178787878787879 11.664055021573061 
0.022282828282828286 11.670862317668625 
0.02277777777777778 11.678354710055403 
0.023272727272727275 11.686564334285297 
0.02376767676767677 11.69552467914202 
0.024262626262626263 11.705273003474673 
0.02475757575757576 11.715841510884706 
0.025252525252525256 11.727263665063665 
0.025747474747474748 11.739573156181205 
0.026242424242424244 11.75280550874798 
0.02673737373737374 11.766992222165152 
0.027232323232323233 11.782170416202844 
0.02772727272727273 11.798372447803446 
0.028222222222222225 11.81563209779725 
0.028717171717171718 11.83399087243811 
0.029212121212121214 11.853478428520102 
0.02970707070707071 11.874133392914318 
0.030202020202020206 11.895994830069503 
0.0306969696969697 11.91909784387983 
0.031191919191919194 11.94348301132126 
0.03168686868686869 11.969192243292303 
0.03218181818181818 11.996265868632952 
0.03267676767676768 12.024748453230144 
0.03317171717171717 12.054682041558136 
0.03366666666666667 12.086114590810233 
0.034161616161616164 12.119094635308077 
0.034656565656565656 12.153672419757035 
0.035151515151515156 12.189899409731513 
0.03564646464646465 12.227833174084433 
0.03614141414141414 12.267527546305553 
0.03663636363636364 12.309044419521584 
0.03713131313131313 12.352447011385882 
0.037626262626262626 12.397802889953148 
0.038121212121212125 12.445181894983916 
0.03861616161616162 12.494658707101493 
0.03911111111111111 12.546309612940084 
0.03960606060606061 12.60022166510269 
0.0401010101010101 12.656477047806709 
0.0405959595959596 12.715175065685216 
0.041090909090909095 12.776410055587112 
0.04158585858585859 12.840293694324645 
0.04208080808080809 12.906929296964092 
0.04257575757575758 12.976444825210741 
0.04307070707070707 13.04896209759427 
0.04356565656565657 13.12461786453598 
0.044060606060606064 13.203566088554785 
0.04455555555555556 13.285955975998885 
0.045050505050505056 13.371959165336477 
0.04554545454545455 13.461752876582912 
0.04604040404040404 13.555540126882018 
0.04653535353535354 13.653526450237813 
0.04703030303030303 13.755938304944143 
0.047525252525252526 13.863027163660464 
0.048020202020202025 13.97505369834609 
0.04851515151515152 14.09230670484568 
0.04901010101010101 14.215110332361322 
0.04950505050505051 14.343802173207843 
0.05 14.478761423834603 
