##delta---free_energy
0.0 -1.0748585318184223
0.00202020202020202 -0.7990082206388296
0.00404040404040404 -0.6438104095925609
0.006060606060606061 -0.5464770191096948
0.00808080808080808 -0.4741032431061475
0.0101010101010101 -0.4156158114737181
0.012121212121212121 -0.36631971833494
0.014141414141414142 -0.3236689554733456
0.01616161616161616 -0.28607178939726746
0.01818181818181818 -0.2524525211009517
0.0202020202020202 -0.2220471782016377
0.022222222222222223 -0.1942930295552039
0.024242424242424242 -0.168763435992886
0.026262626262626262 -0.14512717321411595
0.028282828282828285 -0.12312192256794718
0.030303030303030304 -0.10253637802154483
0.03232323232323232 -0.08319781488879083
0.03434343434343434 -0.06496322855395226
0.03636363636363636 -0.0477128816579516
0.03838383838383838 -0.03134551529752521
0.0404040404040404 -0.01577472746248486
0.04242424242424243 -0.0009262052518066101
0.044444444444444446 0.013264434443271512
0.046464646464646465 0.026853336630126214
0.048484848484848485 0.039889757743657
0.050505050505050504 0.05241714802307095
0.052525252525252523 0.06447403029499928
0.05454545454545454 0.07609471674416311
0.05656565656565657 0.08730990253902549
0.05858585858585859 0.09814715565323419
0.06060606060606061 0.10863132873541546
0.06262626262626263 0.11878490349964407
0.06464646464646465 0.12862828372734897
0.06666666666666667 0.13818004303082393
0.06868686868686869 0.1474571375847755
0.0707070707070707 0.15647508912970415
0.07272727272727272 0.1652481407883318
0.07474747474747474 0.17378939603346247
0.07676767676767676 0.1821109345704094
0.07878787878787878 0.19022391792180363
0.0808080808080808 0.19813867977126923
0.08282828282828283 0.20586480543115307
0.08484848484848485 0.21341120279761178
0.08686868686868687 0.22078616421308378
0.08888888888888889 0.2279974226699535
0.09090909090909091 0.23505220007780464
0.09292929292929293 0.24195725156790376
0.09494949494949495 0.24871890591599174
0.09696969696969697 0.25534309812453926
0.09898989898989899 0.261835404854276
0.10101010101010101 0.26820106911687
0.10303030303030303 0.2744450291111033
0.10505050505050505 0.28057194010671094
0.10707070707070707 0.28658619570424415
0.10909090909090909 0.29249194704476106
0.1111111111111111 0.29829312090450516
0.11313131313131314 0.3039934348053094
0.11515151515151516 0.3095964119886432
0.11717171717171718 0.315105394698416
0.1191919191919192 0.32052355634799656
0.12121212121212122 0.3258539122621016
0.12323232323232323 0.33109933099643346
0.12525252525252525 0.3362625424507765
0.12727272727272726 0.3413461475842721
0.1292929292929293 0.3463526262596389
0.13131313131313133 0.351284343840433
0.13333333333333333 0.3561435591678999
0.13535353535353536 0.3609324307566246
0.13737373737373737 0.3656530212970226
0.1393939393939394 0.3703073053191106
0.1414141414141414 0.37489717222587776
0.14343434343434344 0.37942443239727847
0.14545454545454545 0.3838908208906779
0.14747474747474748 0.3882980016743373
0.1494949494949495 0.392647571728756
0.15151515151515152 0.3969410641649628
0.15353535353535352 0.4011799515692663
0.15555555555555556 0.405365650012398
0.15757575757575756 0.4094995202552716
0.1595959595959596 0.41358287260424875
0.1616161616161616 0.4176169672707767
0.16363636363636364 0.4216030188259827
0.16565656565656567 0.4255421971371354
0.16767676767676767 0.42943562946421326
0.1696969696969697 0.4332844035319008
0.1717171717171717 0.43708956838035856
0.17373737373737375 0.4408521367676808
0.17575757575757575 0.44457308584323874
0.17777777777777778 0.4482533606633365
0.1797979797979798 0.4518938733947808
0.18181818181818182 0.45549550638419467
0.18383838383838383 0.4590591127878332
0.18585858585858586 0.4625855177694106
0.18787878787878787 0.466075520199177
0.1898989898989899 0.4695298932277935
0.1919191919191919 0.47294938553986676
0.19393939393939394 0.4763347225973086
0.19595959595959597 0.4796866074878375
