##q-\DeltaF
0.001 4.027062061275527 
0.00301010101010101 4.027062060198783 
0.00502020202020202 4.0270620602080305 
0.00703030303030303 4.0270620602080305 
0.00904040404040404 4.027062062343025 
0.01105050505050505 4.027061500695806 
0.01306060606060606 4.027061499628199 
0.015070707070707071 4.027061497376586 
0.017080808080808082 4.027061453432082 
0.019090909090909092 4.02706197855804 
0.021101010101010103 4.027062006813907 
0.023111111111111114 4.027062419744552 
0.02512121212121212 4.027063656739425 
0.02713131313131313 4.0270672422302365 
0.02914141414141414 4.027077140295726 
0.031151515151515152 4.027097142181852 
0.03316161616161616 4.027135916285209 
0.03517171717171717 4.027202878649577 
0.037181818181818184 4.027312791216933 
0.039191919191919194 4.027483115589354 
0.041202020202020205 4.027735304307736 
0.043212121212121216 4.0280928681682955 
0.045222222222222226 4.028583676440466 
0.04723232323232324 4.029236146346769 
0.04924242424242424 4.030081652144621 
0.05125252525252525 4.031153502765983 
0.05326262626262626 4.032485853856311 
0.05527272727272727 4.0341130651134725 
0.05728282828282828 4.036070421935727 
0.05929292929292929 4.038393437690172 
0.061303030303030304 4.041117164420666 
0.06331313131313131 4.044277201430576 
0.06532323232323232 4.047908506766372 
0.06733333333333333 4.052046667913786 
0.06934343434343435 4.056725701828618 
0.07135353535353535 4.061980550270789 
0.07336363636363637 4.06784658738487 
0.07537373737373737 4.074358076822336 
0.07738383838383839 4.081549492671478 
0.07939393939393939 4.089457603966805 
0.08140404040404041 4.098117445417856 
0.08341414141414141 4.10756679574085 
0.08542424242424243 4.117842805902759 
0.08743434343434343 4.128984121796617 
0.08944444444444445 4.1410322043976535 
0.09145454545454546 4.154028932831408 
0.09346464646464647 4.168018809714869 
0.09547474747474748 4.183048243730417 
0.09748484848484848 4.199165342920446 
0.0994949494949495 4.216423265233008 
0.1015050505050505 4.234877560818868 
0.10351515151515152 4.25458715211431 
0.10552525252525252 4.275615607404078 
0.10753535353535354 4.298031023703314 
0.10954545454545454 4.321907743537918 
0.11155555555555556 4.347325373322813 
0.11356565656565656 4.374369599259196 
0.11557575757575758 4.403135262878588 
0.11758585858585859 4.433724799908645 
0.1195959595959596 4.466248729421724 
0.1216060606060606 4.500832253706644 
0.12361616161616162 4.537609989407208 
0.1256262626262626 4.576730403833672 
0.12763636363636363 4.618357706310231 
0.12964646464646465 4.662675387017197 
0.13165656565656567 4.709887427336876 
0.13366666666666666 4.760217569121139 
0.13567676767676767 4.813926056150438 
0.1376868686868687 4.871292681156806 
0.1396969696969697 4.932645604554507 
0.1417070707070707 4.99834871225734 
0.14371717171717172 5.068818975240403 
0.14572727272727273 5.1445322940686 
0.14773737373737375 5.226041619408017 
0.14974747474747474 5.3139813886231275 
0.15175757575757576 5.409090104334041 
0.15376767676767678 5.5122367217505985 
0.1557777777777778 5.624449622774539 
0.15778787878787878 5.746948231814569 
0.1597979797979798 5.881199494442579 
0.16180808080808082 6.028988625246344 
0.1638181818181818 6.192498538717885 
0.16582828282828282 6.374454434985494 
0.16783838383838384 6.578287861488374 
0.16984848484848486 6.808395363015827 
0.17185858585858585 7.070539623334856 
0.17386868686868687 7.372390125581489 
0.17587878787878788 7.724509783557828 
0.1778888888888889 8.141817371391712 
0.1798989898989899 8.646291442478649 
0.1819090909090909 9.271879954376402 
0.18391919191919193 10.074463560682384 
0.18592929292929294 11.154160966773924 
0.18793939393939393 12.713708211697734 
0.18994949494949495 15.250576910077951 
0.19195959595959597 20.515812642784383 
0.19396969696969696 46.88945393837172 
0.19597979797979798 35.44160543619612 
0.197989898989899 nan 
0.2 0.0 
