1.0 43.12970987604726 
1.02020202020202 41.94763843159503 
1.0404040404040404 40.77592138481439 
1.0606060606060606 39.61442926751127 
1.0808080808080809 38.462573775514066 
1.101010101010101 37.31961097407515 
1.121212121212121 36.18481893066008 
1.1414141414141414 35.05760469500154 
1.1616161616161615 33.93757112916133 
1.1818181818181819 32.82456126587705 
1.202020202020202 31.718692369214487 
1.2222222222222223 30.62037803204234 
1.2424242424242424 29.530341896432777 
1.2626262626262625 28.449619431937748 
1.2828282828282829 27.379544809533243 
1.303030303030303 26.32172456647917 
1.3232323232323233 25.277994666407658 
1.3434343434343434 24.25036576594542 
1.3636363636363638 23.240957753164324 
1.3838383838383839 22.25192971071577 
1.404040404040404 21.28540940664755 
1.4242424242424243 20.34342761653267 
1.4444444444444444 19.42786129784499 
1.4646464646464648 18.540387878132275 
1.4848484848484849 17.682451938250725 
1.5050505050505052 16.85524374654707 
1.5252525252525253 16.05968902905002 
1.5454545454545454 15.296446991162597 
1.5656565656565657 14.565916293240525 
1.5858585858585859 13.868246252458476 
1.606060606060606 13.20335203464727 
1.6262626262626263 12.570933008025088 
1.6464646464646466 11.970493112912083 
1.6666666666666667 11.401362739310128 
1.6868686868686869 10.862721408502576 
1.7070707070707072 10.353620639165403 
1.7272727272727273 9.873007170635585 
1.7474747474747474 9.419745075025194 
1.7676767676767677 8.992637367776219 
1.787878787878788 8.590446147029995 
1.8080808080808082 8.21191105111862 
1.8282828282828283 7.855765952285064 
1.8484848484848486 7.520753595232105 
1.8686868686868687 7.20563808180045 
1.8888888888888888 6.909215159255451 
1.9090909090909092 6.630320585847615 
1.9292929292929295 6.367836536649858 
1.9494949494949496 6.120696058471477 
1.9696969696969697 5.887886252896529 
1.98989898989899 5.668449899099735 
2.0101010101010104 5.46148605038398 
2.0303030303030303 5.266149590966554 
2.0505050505050506 5.0816501845272395 
2.070707070707071 4.907250570653669 
2.090909090909091 4.742264469991371 
2.111111111111111 4.5860541402892 
2.1313131313131315 4.438027825608951 
2.1515151515151514 4.29763705769841 
2.1717171717171717 4.164373932835716 
2.191919191919192 4.037768413262398 
2.212121212121212 3.917385658490829 
2.2323232323232327 3.802823516997017 
2.2525252525252526 3.6937100617008074 
2.272727272727273 3.589701299090412 
2.2929292929292933 3.490479017291599 
2.313131313131313 3.395748714174452 
2.3333333333333335 3.3052377282258147 
2.353535353535354 3.218693497730385 
2.3737373737373737 3.1358818883277446 
2.393939393939394 3.056585757511613 
2.4141414141414144 2.9806035084383664 
2.4343434343434343 2.9077479044758556 
2.4545454545454546 2.837844813670743 
2.474747474747475 2.7707322369167766 
2.494949494949495 2.7062592690242533 
2.5151515151515156 2.64428523532458 
2.5353535353535355 2.5846788855700567 
2.5555555555555554 2.527317627058311 
2.575757575757576 2.4720868618352023 
2.595959595959596 2.4188793745136 
2.6161616161616164 2.3675947448295527 
2.6363636363636367 2.3181388428891285 
2.6565656565656566 2.2704233521536192 
2.676767676767677 2.2243653492762303 
2.6969696969696972 2.179886885273608 
2.717171717171717 2.136914632261124 
2.7373737373737375 2.095379565065097 
2.757575757575758 2.055216643314309 
2.7777777777777777 2.016364527815934 
2.7979797979797985 1.9787653378233931 
2.8181818181818183 1.9423644025139162 
2.8383838383838382 1.907110055023395 
2.858585858585859 1.8729534216913954 
2.878787878787879 1.8398482493545247 
2.8989898989898992 1.807750729913014 
2.9191919191919196 1.7766193411452387 
2.9393939393939394 1.7464147043646132 
2.95959595959596 1.7170994533030741 
2.97979797979798 1.6886381048949992 
3.0 1.6609969462224679 
