0.001 nan 
0.00301010101010101 nan 
0.00502020202020202 nan 
0.00703030303030303 nan 
0.00904040404040404 nan 
0.01105050505050505 nan 
0.01306060606060606 nan 
0.015070707070707071 nan 
0.017080808080808082 nan 
0.019090909090909092 nan 
0.021101010101010103 nan 
0.023111111111111114 nan 
0.02512121212121212 nan 
0.02713131313131313 nan 
0.02914141414141414 nan 
0.031151515151515152 nan 
0.03316161616161616 nan 
0.03517171717171717 nan 
0.037181818181818184 nan 
0.039191919191919194 nan 
0.041202020202020205 nan 
0.043212121212121216 nan 
0.045222222222222226 nan 
0.04723232323232324 nan 
0.04924242424242424 nan 
0.05125252525252525 nan 
0.05326262626262626 26042.927063488536 
0.05527272727272727 26042.92706348853 
0.05728282828282828 26042.927063488536 
0.05929292929292929 26042.92706348853 
0.061303030303030304 26042.92706348853 
0.06331313131313131 26042.92706348853 
0.06532323232323232 18415.130328539402 
0.06733333333333333 18415.130328539402 
0.06934343434343435 26042.927063488525 
0.07135353535353535 26042.92706348853 
0.07336363636363637 26042.92706348853 
0.07537373737373737 26042.92706348853 
0.07738383838383839 26042.92706348853 
0.07939393939393939 26042.927063488536 
0.08140404040404041 26042.927063488536 
0.08341414141414141 26042.92706348853 
0.08542424242424243 26042.92706348853 
0.08743434343434343 26042.92706348853 
0.08944444444444445 26042.927063488536 
0.09145454545454546 26042.927063488536 
0.09346464646464647 26042.92706348853 
0.09547474747474748 26042.927063488536 
0.09748484848484848 26042.92706348853 
0.0994949494949495 18415.130328539402 
0.1015050505050505 21263.96090468853 
0.10351515151515152 26042.927063488536 
0.10552525252525252 26042.927063488536 
0.10753535353535354 26042.92706348853 
0.10954545454545454 26042.92706348853 
0.11155555555555556 inf 
0.11356565656565656 4.189531432560844 
0.11557575757575758 0.7394413072661967 
0.11758585858585859 0.6506831936291562 
0.1195959595959596 0.6186174420551122 
0.1216060606060606 0.6036393351406124 
0.12361616161616162 0.5965481751296855 
0.1256262626262626 0.5939363759092942 
0.12763636363636363 0.594227676765207 
0.12964646464646465 0.5965912614317475 
0.13165656565656567 0.6005520103274924 
0.13366666666666666 0.6058247119928073 
0.13567676767676767 0.6122349159937103 
0.1376868686868687 0.6196777379545217 
0.1396969696969697 0.6280951431614433 
0.1417070707070707 0.6374629211477999 
0.14371717171717172 0.6477831528189603 
0.14572727272727273 0.6590799536702063 
0.14773737373737375 0.6713974138957937 
0.14974747474747474 0.684799116912809 
0.15175757575757576 0.6993689095911843 
0.15376767676767678 0.7152128771334881 
0.1557777777777778 0.7324625798602157 
0.15778787878787878 0.7512797566881234 
0.1597979797979798 0.7718628617440676 
0.16180808080808082 0.794456109881442 
0.1638181818181818 0.819361908445031 
0.16582828282828282 0.8469581782532248 
0.16783838383838384 0.8777228547741652 
0.16984848484848486 0.9122691906867432 
0.17185858585858585 0.951397992298417 
0.17386868686868687 0.9961771164116008 
0.17587878787878788 1.0480667492939577 
0.1778888888888889 1.109125261843853 
0.1798989898989899 1.1823649577177677 
0.1819090909090909 1.2724063025215455 
0.18391919191919193 1.3867806757126873 
0.18592929292929294 1.5388089720246467 
0.18793939393939393 1.7549595444159065 
0.18994949494949495 2.098210149085665 
0.19195959595959597 2.7766138364743016 
0.19396969696969696 5.475879486310862 
0.19597979797979798 328.6059311543853 
0.197989898989899 inf 
0.2 18415.130328539402 
