0.001 0.30129598115685957 
0.011090909090909092 0.30129598116072587 
0.021181818181818184 0.30129598115685957 
0.03127272727272727 0.30129598115685957 
0.041363636363636366 0.30129598116072587 
0.05145454545454546 0.3012959811181961 
0.06154545454545455 0.3012959812419191 
0.07163636363636364 0.3012959823399604 
0.08172727272727273 0.3012959970185324 
0.09181818181818183 0.3012960991538469 
0.10190909090909092 0.3012965681699477 
0.112 0.30129815661690035 
0.1220909090909091 0.3013024476610978 
0.13218181818181818 0.3013122014927039 
0.14227272727272727 0.30133158636300916 
0.15236363636363637 0.3013662304495059 
0.16245454545454546 0.30142308960789754 
0.17254545454545456 0.30151017109635125 
0.18263636363636365 0.3016361774536624 
0.19272727272727275 0.3018101323112889 
0.20281818181818184 0.30204103753431505 
0.2129090909090909 0.3023375933516964 
0.223 0.302707993369448 
0.2330909090909091 0.3031597964277923 
0.2431818181818182 0.30369986628323625 
0.25327272727272726 0.3043343666642715 
0.26336363636363636 0.30506879862532416 
0.27345454545454545 0.3059080673483752 
0.28354545454545454 0.30685656681299944 
0.29363636363636364 0.30791827605238714 
0.30372727272727273 0.30909685687716093 
0.31381818181818183 0.31039575370683237 
0.3239090909090909 0.3118182873619891 
0.334 0.3133677466367223 
0.3440909090909091 0.31504747316194687 
0.3541818181818182 0.31686094200914383 
0.3642727272727273 0.31881183776776123 
0.3743636363636364 0.32090412724443756 
0.3844545454545455 0.32314213062880953 
0.3945454545454546 0.325530591441147 
0.4046363636363637 0.32807474760590366 
0.4147272727272727 0.3307804044082441 
0.4248181818181818 0.3336540126665049 
0.4349090909090909 0.33670275067472105 
0.445 0.33993461686998133 
0.4550909090909091 0.34335852983146126 
0.4651818181818182 0.3469844429517437 
0.4752727272727273 0.35082347455137736 
0.4853636363636364 0.35488805579112814 
0.4954545454545455 0.35919210425139214 
0.5055454545454545 0.3637512240385265 
0.5156363636363637 0.3685829421033655 
0.5257272727272727 0.3737069851515072 
0.5358181818181819 0.3791456126754047 
0.5459090909090909 0.38492400832920803 
0.556 0.39107075711767647 
0.5660909090909091 0.3976184180167778 
0.5761818181818182 0.4046042244618621 
0.5862727272727273 0.4120709418827111 
0.5963636363636364 0.4200679315224908 
0.6064545454545455 0.4286524751254874 
0.6165454545454546 0.43789144409004166 
0.6266363636363637 0.44786342456449574 
0.6367272727272728 0.45866144594359526 
0.6468181818181818 0.47039654002923537 
0.6569090909090909 0.4832024285262413 
0.667 0.4972418056122217 
0.6770909090909091 0.5127148846068669 
0.6871818181818182 0.5298712504027151 
0.6972727272727273 0.549026632844104 
0.7073636363636364 0.5705872296809135 
0.7174545454545455 0.5950859270491169 
0.7275454545454546 0.623238001277828 
0.7376363636363636 0.6560299913185476 
0.7477272727272728 0.6948679890985003 
0.7578181818181818 0.7418387445027735 
0.767909090909091 0.8002015207851063 
0.778 0.8753980844130655 
0.7880909090909092 0.9773805341380637 
0.7981818181818182 1.1269306359655784 
0.8082727272727274 1.3778112871837063 
0.8183636363636364 1.9428808643569089 
0.8284545454545454 10.746602205794016 
0.8385454545454546 inf 
0.8486363636363636 12724.63958052503 
0.8587272727272728 17995.35787108799 
0.8688181818181818 12724.63958052503 
0.878909090909091 17995.35787108799 
0.889 14693.148174314187 
0.8990909090909092 12724.63958052503 
0.9091818181818182 17995.35787108799 
0.9192727272727274 17995.35787108799 
0.9293636363636364 17995.35787108799 
0.9394545454545455 17995.35787108799 
0.9495454545454546 17995.35787108799 
0.9596363636363637 inf 
0.9697272727272728 17995.35787108799 
0.9798181818181818 12724.63958052503 
0.989909090909091 12724.63958052503 
1.0 17995.35787108799 
