200.0 0.25003296129736297 
242.10526315789474 0.25761019671028307 
284.2105263157895 0.25002503065796045 
326.3157894736842 0.2500209735004517 
368.42105263157896 0.2500217406579641 
410.5263157894737 0.2500214326032322 
452.63157894736844 0.25002115394146035 
494.7368421052632 0.250021512345156 
536.8421052631579 0.2500212280726041 
578.9473684210527 0.25002134245477103 
621.0526315789474 0.2500213829410283 
663.1578947368421 0.25002132276365263 
705.2631578947369 0.2500213809501969 
747.3684210526317 0.25002132627475254 
789.4736842105264 0.25002134113358376 
831.578947368421 0.2500213405725318 
873.6842105263158 0.2500213144021681 
915.7894736842106 0.25002133920609815 
957.8947368421053 0.2500213065745887 
1000.0 0.250021327052986 
