10.0 0.31436048838905206 
25.263157894736842 0.31366710900650835 
40.526315789473685 0.31364734457251703 
55.78947368421053 0.31364927609054194 
71.05263157894737 0.3136472086899519 
86.31578947368422 0.3136469343337487 
101.57894736842105 0.3136313291276564 
116.84210526315789 0.3136187748051235 
132.10526315789474 0.31364244445112943 
147.3684210526316 0.31363177499828054 
162.63157894736844 0.31362446858421367 
177.89473684210526 0.3136188296970949 
193.1578947368421 0.31363198087525407 
208.42105263157896 0.3136263633279095 
223.68421052631578 0.3136214485422797 
238.94736842105263 0.3136171234365611 
254.21052631578948 0.3136275617987217 
269.4736842105263 0.3136233830366333 
284.7368421052632 0.31361968358715375 
300.0 0.31361639113462547 
