0.001 nan 
0.0030707070707070706 nan 
0.005141414141414141 nan 
0.007212121212121212 nan 
0.009282828282828282 nan 
0.011353535353535352 nan 
0.013424242424242425 nan 
0.015494949494949495 nan 
0.017565656565656566 nan 
0.019636363636363636 nan 
0.021707070707070706 nan 
0.023777777777777776 0.19863741577668273 
0.02584848484848485 0.4601354431196025 
0.02791919191919192 0.6677544803533884 
0.02998989898989899 0.8631171193628004 
0.03206060606060606 1.0531945261500513 
0.03413131313131313 1.2397464748857445 
0.0362020202020202 1.4231693885124783 
0.03827272727272727 1.6035064793435276 
0.04034343434343434 1.7807718703203343 
0.04241414141414141 1.9550557283842387 
0.04448484848484848 2.126549292631803 
0.04655555555555555 2.2955418283435374 
0.04862626262626262 2.4624086395468305 
0.0506969696969697 2.6275981713122545 
0.05276767676767677 2.791622208998707 
0.05483838383838384 2.9550490881844533 
0.05690909090909091 3.1185006426923567 
0.05897979797979798 3.282653225911824 
0.06105050505050505 3.4482420682921036 
0.06312121212121212 3.616069489117647 
0.06519191919191919 3.7870167615545154 
0.06726262626262626 3.962060988633586 
0.06933333333333333 4.142297196180298 
0.0714040404040404 4.328966994454699 
0.07347474747474747 4.5234971353278715 
0.07554545454545454 4.727548664332032 
0.07761616161616161 4.943083980153065 
0.07968686868686868 5.1724565047942335 
0.08175757575757575 5.41853372787297 
0.08382828282828282 5.68488147976179 
0.08589898989898989 5.975952394705097 
0.08796969696969696 6.297565552945199 
0.09004040404040403 6.657338762163122 
0.0921111111111111 7.065607251361811 
0.09418181818181817 7.536816408057472 
0.09625252525252524 8.091942240311786 
0.09832323232323231 8.762832086612361 
0.1003939393939394 9.600971021562586 
0.10246464646464647 10.69617101417242 
0.10453535353535354 12.223887253904397 
0.10660606060606061 14.590200188118818 
0.10867676767676768 19.066213435945954 
0.11074747474747475 34.34151961640412 
0.11281818181818182 98.36242288962382 
0.11488888888888889 nan 
0.11695959595959596 27.242738640373776 
0.11903030303030303 26.571084683773464 
0.1211010101010101 58.28210325609239 
0.12317171717171717 nan 
0.12524242424242424 48.3377441447658 
0.1273131313131313 nan 
0.12938383838383838 41.899243029082356 
0.13145454545454544 39.41807575366719 
0.13352525252525252 37.27927536284528 
0.1355959595959596 35.39772679157477 
0.13766666666666666 33.732770889886716 
0.13973737373737374 32.2375499858405 
0.1418080808080808 30.85984522089916 
0.14387878787878788 29.664807168917154 
0.14594949494949494 28.535526723158895 
0.14802020202020202 27.535637935480526 
0.15009090909090908 26.541910933868593 
0.15216161616161616 25.681238699188228 
0.15423232323232322 24.891949988264656 
0.1563030303030303 24.109828992751964 
0.15837373737373736 23.39974152506062 
0.16044444444444445 22.762441287593898 
0.1625151515151515 22.132232656150023 
0.16458585858585859 21.508565032709814 
0.16665656565656564 20.95809875924992 
0.16872727272727273 20.4813516252905 
0.17079797979797978 19.94348586605119 
0.17286868686868687 19.479103003698604 
0.17493939393939392 19.020485331001826 
0.177010101010101 18.635557910070112 
0.17908080808080806 18.187810784726977 
0.18115151515151515 17.81352793561202 
0.1832222222222222 17.44426627956985 
0.1852929292929293 17.079755274973262 
0.18736363636363634 16.719800478079957 
0.18943434343434343 16.433163493002922 
0.19150505050505048 16.081874659493444 
0.19357575757575757 15.803658451892556 
0.19564646464646462 15.529361069887885 
0.1977171717171717 15.189807175175845 
0.1997878787878788 14.922978097462419 
0.20185858585858585 14.659688971939557 
0.20392929292929293 14.399760770036577 
0.206 14.212253938611584 
