0.001 454837.3586342825 
0.0030707070707070706 42.17932197766892 
0.005141414141414141 8.064343061014036 
0.007212121212121212 4.274558978840077 
0.009282828282828282 3.1277247729568622 
0.011353535353535352 2.586516924860406 
0.013424242424242425 2.224064635903112 
0.015494949494949495 1.926093266835086 
0.017565656565656566 1.67272868551788 
0.019636363636363636 1.4642936616210438 
0.021707070707070706 1.2981860117289274 
0.023777777777777776 1.1678704669384663 
0.02584848484848485 1.0659433897921382 
0.02791919191919192 0.9858892527623251 
0.02998989898989899 0.9225428798743831 
0.03206060606060606 0.8719855447583118 
0.03413131313131313 0.8312902618345849 
0.0362020202020202 0.7982744799194744 
0.03827272727272727 0.7713022308534471 
0.04034343434343434 0.7491367905795225 
0.04241414141414141 0.7308340136384968 
0.04448484848484848 0.715665785061545 
0.04655555555555555 0.7030650314787035 
0.04862626262626262 0.6925859799196776 
0.0506969696969697 0.6838751867945431 
0.05276767676767677 0.6766502082979621 
0.05483838383838384 0.6706837334100819 
0.05690909090909091 0.6657916580006509 
0.05897979797979798 0.6618240307086529 
0.06105050505050505 0.6586581130537887 
0.06312121212121212 0.6561930120033258 
0.06519191919191919 0.6543454938049357 
0.06726262626262626 0.6530466938108564 
0.06933333333333333 0.6522395122248552 
0.0714040404040404 0.651876539486329 
0.07347474747474747 0.651918394275345 
0.07554545454545454 0.652332385127018 
0.07761616161616161 0.653091428101524 
0.07968686868686868 0.6541731681498238 
0.08175757575757575 0.6555592640705018 
0.08382828282828282 0.6572348051202632 
0.08589898989898989 0.6591878346025543 
0.08796969696969696 0.661408961213176 
0.09004040404040403 0.6638910419006192 
0.0921111111111111 0.6666289247781984 
0.09418181818181817 0.6696192412789095 
0.09625252525252524 0.6728602407019263 
0.09832323232323231 0.6763516597940796 
0.1003939393939394 0.6800946235800476 
0.10246464646464647 0.684091572274786 
0.10453535353535354 0.6883462123249421 
0.10660606060606061 0.6928634888878401 
0.10867676767676768 0.6976495775865005 
0.11074747474747475 0.702711895503391 
0.11281818181818182 0.7080591300380229 
0.11488888888888889 0.71370128589485 
0.11695959595959596 0.7196497505550287 
0.11903030303030303 0.725917379126067 
0.1211010101010101 0.7325185999743875 
0.12317171717171717 0.7394695431044371 
0.12524242424242424 0.7467881938777664 
0.1273131313131313 0.7544945755027533 
0.12938383838383838 0.7626109638514296 
0.13145454545454544 0.771162141459052 
0.13352525252525252 0.7801756945593316 
0.1355959595959596 0.789682364388436 
0.13766666666666666 0.7997164594817262 
0.13973737373737374 0.8103163442889846 
0.1418080808080808 0.8215250179283906 
0.14387878787878788 0.8333908034223267 
0.14594949494949494 0.8459681721844508 
0.14802020202020202 0.8593187356747376 
0.15009090909090908 0.8735124440812134 
0.15216161616161616 0.8886290465681723 
0.15423232323232322 0.9047598803742388 
0.1563030303030303 0.9220100806994385 
0.15837373737373736 0.9405013329601372 
0.16044444444444445 0.9603753301944241 
0.1625151515151515 0.9817981621573306 
0.16458585858585859 1.0049659430219053 
0.16665656565656564 1.0301121175307697 
0.16872727272727273 1.0575170669768827 
0.17079797979797978 1.087520922612718 
0.17286868686868687 1.120540935440756 
0.17493939393939392 1.1570954472962538 
0.177010101010101 1.1978376483681672 
0.17908080808080806 1.2436042215566148 
0.18115151515151515 1.2954873104090772 
0.1832222222222222 1.3549442855450107 
0.1852929292929293 1.4239712695342184 
0.18736363636363634 1.505389354498443 
0.18943434343434343 1.603341664209937 
0.19150505050505048 1.7242133590130178 
0.19357575757575757 1.878478343279655 
0.19564646464646462 2.084825638187868 
0.1977171717171717 2.3808669686672035 
0.1997878787878788 2.858003197196456 
0.20185858585858585 3.8315015814386877 
0.20392929292929293 8.559959957652389 
0.206 4649.923700244488 
