0.001 nan 
0.0030707070707070706 nan 
0.005141414141414141 nan 
0.007212121212121212 nan 
0.009282828282828282 nan 
0.011353535353535352 nan 
0.013424242424242425 nan 
0.015494949494949495 nan 
0.017565656565656566 nan 
0.019636363636363636 nan 
0.021707070707070706 nan 
0.023777777777777776 nan 
0.02584848484848485 13968871.27112363 
0.02791919191919192 12280714.722643454 
0.02998989898989899 7189775.6602534875 
0.03206060606060606 12374486.171250181 
0.03413131313131313 11351324.79796325 
0.0362020202020202 8177818.803086415 
0.03827272727272727 7683145.687862897 
0.04034343434343434 9391289.455612388 
0.04241414141414141 7304555.663396886 
0.04448484848484848 8564275.761286076 
0.04655555555555555 6721139.486076238 
0.04862626262626262 6481612.580708548 
0.0506969696969697 4855098.898835731 
0.05276767676767677 8150786.151611368 
0.05483838383838384 5597097.491466368 
0.05690909090909091 4304087.0205456065 
0.05897979797979798 3575114.6038565882 
0.06105050505050505 148.9365522340042 
0.06312121212121212 0.7923399538199696 
0.06519191919191919 0.6106534548026653 
0.06726262626262626 0.5527403610912118 
0.06933333333333333 0.5263343774938499 
0.0714040404040404 0.5135529663485691 
0.07347474747474747 0.5083329127194728 
0.07554545454545454 0.5080566430962352 
0.07761616161616161 0.5114502247846315 
0.07968686868686868 0.5178739793944309 
0.08175757575757575 0.5270377630371097 
0.08382828282828282 0.5388834068774584 
0.08589898989898989 0.553523440036598 
0.08796969696969696 0.5712420593964488 
0.09004040404040403 0.5925106793881117 
0.0921111111111111 0.6180434820233917 
0.09418181818181817 0.6489003564222111 
0.09625252525252524 0.6866735731008294 
0.09832323232323231 0.7338365048452224 
0.1003939393939394 0.7944389972716288 
0.10246464646464647 0.8756417445046315 
0.10453535353535354 0.9915907901335484 
0.10660606060606061 1.1755644761343138 
0.10867676767676768 1.5347218544654908 
0.11074747474747475 2.877484414800353 
0.11281818181818182 1361.0272318474065 
0.11488888888888889 2738807.6739748796 
0.11695959595959596 1871388.2474765473 
0.11903030303030303 2191624.141918594 
0.1211010101010101 991542.596812571 
0.12317171717171717 nan 
0.12524242424242424 nan 
0.1273131313131313 1129077.7214153467 
0.12938383838383838 1650996.4472493024 
0.13145454545454544 1965543.1040652955 
0.13352525252525252 1429209.0393723857 
0.1355959595959596 nan 
0.13766666666666666 1501297.2867325742 
0.13973737373737374 1421787.1124600729 
0.1418080808080808 nan 
0.14387878787878788 1386430.4769079078 
0.14594949494949494 1788088.0671654013 
0.14802020202020202 2349968.630963515 
0.15009090909090908 1765675.9006586974 
0.15216161616161616 1537105.9373488429 
0.15423232323232322 1914597.9092502824 
0.1563030303030303 1703966.4911993928 
0.15837373737373736 1559022.9432413161 
0.16044444444444445 2235387.4771539466 
0.1625151515151515 1470984.3800503563 
0.16458585858585859 1877553.6363892327 
0.16665656565656564 2689856.2276125103 
0.16872727272727273 1851561.3127104577 
0.17079797979797978 2757342.693635366 
0.17286868686868687 1708506.2678261085 
0.17493939393939392 2445118.7230115784 
0.177010101010101 2110474.5973164355 
0.17908080808080806 2236435.154150119 
0.18115151515151515 3195820.793780691 
0.1832222222222222 1805313.267695968 
0.1852929292929293 2200383.33181424 
0.18736363636363634 2607785.925099605 
0.18943434343434343 nan 
0.19150505050505048 1772649.4643372006 
0.19357575757575757 2190059.8593853135 
0.19564646464646462 2049985.2467558156 
0.1977171717171717 1823933.7940476183 
0.1997878787878788 5520479.799342949 
0.20185858585858585 4547735.630794686 
0.20392929292929293 1986913.8095260414 
0.206 2138059.6530787223 
