0.0 0.0 
0.006346651825433925 0.0005544522748680033 
0.01269330365086785 0.0011000245542891194 
0.019039955476301777 0.0016277732513394305 
0.0253866073017357 0.002128626364352035 
0.03173325912716962 0.002593316153836811 
0.03807991095260355 0.0030123079057503936 
0.044426562778037484 0.003375723253034865 
0.0507732146034714 0.003673256241398411 
0.057119866428905326 0.003894079972168011 
0.06346651825433924 0.0040267412514923264 
0.06981317007977318 0.004059039974674037 
0.0761598219052071 0.003977889126104971 
0.08250647373064103 0.0037691501891590072 
0.08885312555607497 0.0034174370057765747 
0.09519977738150888 0.0029058789881084546 
0.1015464292069428 0.0022158313873583235 
0.10789308103237673 0.0013265218312510589 
0.11423973285781065 0.0002558089852656929 
0.12058638468324458 1.3426797800118663e-07 
0.1269330365086785 3.667830793003042e-12 
0.13327968833411244 7.20010025126824e-17 
0.13962634015954636 3.9158598672530184e-17 
0.1459729919849803 2.4921200283251102e-17 
0.1523196438104142 1.7137453490893082e-17 
0.15866629563584814 1.2503704595505002e-17 
0.16501294746128206 9.405149402124586e-18 
0.17135959928671599 7.676553324385203e-18 
0.17770625111214994 6.017125822027796e-18 
0.18405290293758383 4.874173763803316e-18 
0.19039955476301776 4.079204963346307e-18 
0.19674620658845168 3.503341959404004e-18 
0.2030928584138856 2.941533131443746e-18 
0.20943951023931953 2.6207812559164586e-18 
0.21578616206475346 2.278595196685696e-18 
0.22213281389018738 2.0001808378449027e-18 
0.2284794657156213 1.8926500565566886e-18 
0.23482611754105523 1.6069865129257487e-18 
0.24117276936648915 1.5378994971412801e-18 
0.24751942119192308 1.3871183305973785e-18 
0.253866073017357 1.3299316024465785e-18 
0.26021272484279095 1.108383414258144e-18 
0.2665593766682249 1.1119851265635854e-18 
0.2729060284936588 9.067088659467921e-19 
0.2792526803190927 8.639028704185585e-19 
0.28559933214452665 7.755819528443771e-19 
0.2919459839699606 8.036185266807693e-19 
0.2982926357953945 7.584714810878826e-19 
0.3046392876208284 6.339357039354611e-19 
0.31098593944626235 5.919287655975411e-19 
0.3173325912716963 6.189527055081419e-19 
0.3236792430971302 5.475745535538518e-19 
0.3300258949225641 5.332225819820743e-19 
0.33637254674799805 5.725613080487812e-19 
0.34271919857343197 4.954640197979027e-19 
0.3490658503988659 4.639859113928334e-19 
0.3554125022242999 4.708159560633879e-19 
0.36175915404973374 3.6587165300095766e-19 
0.36810580587516767 4.325688582599486e-19 
0.3744524577006016 3.8383987939638477e-19 
0.3807991095260355 3.6241107372731236e-19 
0.38714576135146944 3.643642751102596e-19 
0.39349241317690337 3.903473995028441e-19 
0.3998390650023373 2.943727882169553e-19 
0.4061857168277712 3.547179582090458e-19 
0.4125323686532052 2.945080793457033e-19 
0.41887902047863906 2.5529776590990095e-19 
0.42522567230407304 2.3115369636084516e-19 
0.4315723241295069 2.1868037442333236e-19 
0.4379189759549409 2.16226289217971e-19 
0.44426562778037476 2.235195806437608e-19 
0.45061227960580874 2.4162085584171866e-19 
0.4569589314312426 2.7318302212088567e-19 
0.4633055832566766 1.90641997598016e-19 
0.46965223508211046 2.3328649454112e-19 
0.47599888690754444 1.7235104126364418e-19 
0.4823455387329783 2.283842986365217e-19 
0.4886921905584123 1.7871978890897482e-19 
0.49503884238384616 2.5653745556859096e-19 
0.5013854942092801 2.1271021111618407e-19 
0.507732146034714 1.805633501375027e-19 
0.514078797860148 1.569282990028325e-19 
0.5204254496855819 1.3964446441930763e-19 
0.5267721015110158 2.4089733471398347e-19 
0.5331187533364498 2.2720898757064057e-19 
0.5394654051618837 2.1942143591122263e-19 
0.5458120569873176 2.16965161676108e-19 
0.5521587088127515 2.196599200246337e-19 
0.5585053606381855 2.2769280077473015e-19 
0.5648520124636194 1.19625255728866e-19 
0.5711986642890533 1.2859415375843064e-19 
0.5775453161144872 1.4151915650057462e-19 
0.5838919679399212 1.5943247491856286e-19 
0.5902386197653551 1.8385447812305836e-19 
0.596585271590789 1.0191222040517852e-19 
0.6029319234162229 1.2183469864765378e-19 
0.6092785752416569 1.4905936031557456e-19 
0.6156252270670908 1.8661534096772154e-19 
0.6219718788925247 1.0772394630160286e-19 
0.6283185307179586 1.3974382265812989e-19 
