##kBT-lamb
0.0 1.1368683772161603e-16 
0.006346651825433925 0.00055450627766038 
0.01269330365086785 0.0011003682598131946 
0.019039955476301777 0.0016288685243620194 
0.0253866073017357 0.0021311416732052064 
0.03173325912716962 0.0025980959714020173 
0.03807991095260355 0.003020329486173978 
0.044426562778037484 0.003388038523309433 
0.0507732146034714 0.003690915739388629 
0.057119866428905326 0.003918034761776426 
0.06346651825433924 0.004057717469968111 
0.06981317007977318 0.004097379025393821 
0.0761598219052071 0.004023344370182372 
0.08250647373064103 0.0038206281030356876 
0.08885312555607497 0.0034726668779123883 
0.09519977738150888 0.002960989872086202 
0.1015464292069428 0.0022648075684196557 
0.10789308103237673 0.0013604913480884306 
0.11423973285781065 0.00022092767817571258 
0.12058638468324458 9.094947017729283e-16 
0.1269330365086785 2.2737367544323206e-16 
0.13327968833411244 0.0 
0.13962634015954636 0.0 
0.1459729919849803 0.0 
0.1523196438104142 0.0 
0.15866629563584814 0.0 
0.16501294746128206 0.0 
0.17135959928671599 0.0 
0.17770625111214994 0.0 
0.18405290293758383 0.0 
0.19039955476301776 0.0 
0.19674620658845168 0.0 
0.2030928584138856 0.0 
0.20943951023931953 0.0 
0.21578616206475346 0.0 
0.22213281389018738 0.0 
0.2284794657156213 0.0 
0.23482611754105523 0.0 
0.24117276936648915 0.0 
0.24751942119192308 0.0 
0.253866073017357 0.0 
0.26021272484279095 0.0 
0.2665593766682249 0.0 
0.2729060284936588 0.0 
0.2792526803190927 0.0 
0.28559933214452665 0.0 
0.2919459839699606 0.0 
0.2982926357953945 0.0 
0.3046392876208284 0.0 
0.31098593944626235 0.0 
0.3173325912716963 0.0 
0.3236792430971302 0.0 
0.3300258949225641 0.0 
0.33637254674799805 0.0 
0.34271919857343197 0.0 
0.3490658503988659 0.0 
0.3554125022242999 0.0 
0.36175915404973374 0.0 
0.36810580587516767 0.0 
0.3744524577006016 0.0 
0.3807991095260355 0.0 
0.38714576135146944 0.0 
0.39349241317690337 0.0 
0.3998390650023373 0.0 
0.4061857168277712 0.0 
0.4125323686532052 0.0 
0.41887902047863906 0.0 
0.42522567230407304 0.0 
0.4315723241295069 0.0 
0.4379189759549409 0.0 
0.44426562778037476 0.0 
0.45061227960580874 0.0 
0.4569589314312426 0.0 
0.4633055832566766 0.0 
0.46965223508211046 0.0 
0.47599888690754444 0.0 
0.4823455387329783 0.0 
0.4886921905584123 0.0 
0.49503884238384616 0.0 
0.5013854942092801 0.0 
0.507732146034714 0.0 
0.514078797860148 0.0 
0.5204254496855819 0.0 
0.5267721015110158 0.0 
0.5331187533364498 0.0 
0.5394654051618837 0.0 
0.5458120569873176 0.0 
0.5521587088127515 0.0 
0.5585053606381855 0.0 
0.5648520124636194 0.0 
0.5711986642890533 0.0 
0.5775453161144872 0.0 
0.5838919679399212 0.0 
0.5902386197653551 1.1368683772161603e-16 
0.596585271590789 0.0 
0.6029319234162229 0.0 
0.6092785752416569 0.0 
0.6156252270670908 0.0 
0.6219718788925247 0.0 
0.6283185307179586 0.0 
