##kBT-lamb
0.0 0.0 
0.00202020202020202 0.00277614909666886 
0.00404040404040404 0.005552203168215669 
0.006060606060606061 0.008328067186470207 
0.00808080808080808 0.011103646117165794 
0.0101010101010101 0.013878844916889874 
0.012121212121212121 0.016653568530036866 
0.014141414141414142 0.019427721885755773 
0.01616161616161616 0.022201209894902832 
0.01818181818181818 0.024973937446988087 
0.0202020202020202 0.02774580940712474 
0.022222222222222223 0.030516730612975607 
0.024242424242424242 0.033286605871698384 
0.026262626262626262 0.036055339956890975 
0.028282828282828285 0.03882283760553446 
0.030303030303030304 0.041589003514933894 
0.03232323232323232 0.04435374233965979 
0.03434343434343434 0.04711695868848551 
0.03636363636363636 0.04987855712132489 
0.03838383838383838 0.05263844214616688 
0.0404040404040404 0.05539651821600899 
0.04242424242424243 0.05815268972578963 
0.044444444444444446 0.060906861009317484 
0.046464646464646465 0.06365893633619896 
0.048484848484848485 0.06640881990876596 
0.050505050505050504 0.06915641585899926 
0.052525252525252523 0.07190162824545235 
0.05454545454545454 0.07464436105017228 
0.05656565656565657 0.0773845181756193 
0.05858585858585859 0.08012200344158532 
0.06060606060606061 0.08285672058211196 
0.06262626262626263 0.08558857324240432 
0.06464646464646465 0.08831746497574727 
0.06666666666666667 0.09104329924041918 
0.06868686868686869 0.09376597939660428 
0.0707070707070707 0.096485408703306 
0.07272727272727272 0.09920149031525853 
0.07474747474747474 0.1019141272798397 
0.07676767676767676 0.10462322253398339 
0.07878787878787878 0.10732867890109117 
0.0808080808080808 0.11003039908794722 
0.08282828282828283 0.11272828568163208 
0.08484848484848485 0.11542224114643852 
0.08686868686868687 0.1181121678207893 
0.08888888888888889 0.12079796791415628 
0.09090909090909091 0.12347954350398277 
0.09292929292929293 0.12615679653260828 
0.09494949494949495 0.12882962880419496 
0.09696969696969697 0.13149794198166045 
0.09898989898989899 0.13416163758361244 
0.10101010101010101 0.13682061698128836 
0.10303030303030303 0.13947478139549946 
0.10505050505050505 0.14212403189358122 
0.10707070707070707 0.14476826938634804 
0.10909090909090909 0.14740739462505564 
0.1111111111111111 0.15004130819836814 
0.11313131313131314 0.15266991052933462 
0.11515151515151516 0.1552931018723714 
0.11717171717171718 0.1579107823102528 
0.1191919191919192 0.16052285175111092 
0.12121212121212122 0.1631292099254449 
0.12323232323232323 0.16572975638313722 
0.12525252525252525 0.16832439049048264 
0.12727272727272726 0.17091301142722626 
0.1292929292929293 0.1734955181836125 
0.13131313131313133 0.17607180955744467 
0.13333333333333333 0.17864178415115747 
0.13535353535353536 0.18120534036890024 
0.13737373737373737 0.18376237641363297 
0.1393939393939394 0.18631279028423522 
0.1414141414141414 0.18885647977262726 
0.14343434343434344 0.19139334246090517 
0.14545454545454545 0.1939232757184891 
0.14747474747474748 0.19644617669928494 
0.1494949494949495 0.19896194233885933 
0.15151515151515152 0.20147046935163018 
0.15353535353535352 0.20397165422806837 
0.15555555555555556 0.20646539323191598 
0.15757575757575756 0.20895158239741693 
0.1595959595959596 0.2114301175265605 
0.1616161616161616 0.21390089418633965 
0.16363636363636364 0.21636380770602182 
0.16565656565656567 0.21881875317443134 
0.16767676767676767 0.2212656254372464 
0.1696969696969697 0.22370431909430533 
0.1717171717171717 0.22613472849692415 
0.17373737373737375 0.2285567477452255 
0.17575757575757575 0.23097027068547435 
0.17777777777777778 0.2333751909007011 
0.1797979797979798 0.23577140173496888 
0.18181818181818182 0.23815879625032893 
0.18383838383838383 0.24053726725113586 
0.18585858585858586 0.24290670727467034 
0.18787878787878787 0.2452670085885038 
0.1898989898989899 0.2476180631878633 
0.1919191919191919 0.2499597627929919 
0.19393939393939394 0.2522919988465043 
0.19595959595959597 0.2546146625107342 
0.19797979797979798 0.2569276446650699 
0.2 0.25923083590327767 
