##delta---free_energy
0.0 -0.008509824048034319
0.010344827586206896 -0.008348143791318706
0.020689655172413793 -0.007863170873929164
0.03103448275862069 -0.007055108958359142
0.041379310344827586 -0.005924297830064234
0.05172413793103448 -0.004471213921423498
0.06206896551724138 -0.0026964710492816835
0.07241379310344828 -0.000600821370071003
0.08275862068965517 0.0018148434424021787
0.09310344827586206 0.004549490790314081
0.10344827586206896 0.007601945509077978
0.11379310344827587 0.010970887978930931
0.12413793103448276 0.0020209774349959275
0.13448275862068965 0.001023328258720113
0.14482758620689656 0.00036182158301670595
0.15517241379310345 3.663225581647111e-05
0.16551724137931034 4.784614149087929e-05
0.17586206896551723 0.00039546027907817917
0.18620689655172412 0.0010793828830641416
0.19655172413793104 0.0020994317886902534
0.20689655172413793 0.0017220837974433322
0.21724137931034482 0.0008140503948874311
0.22758620689655173 0.00024221493238670176
0.23793103448275862 6.7283998377831726e-06
0.2482758620689655 0.00010765297610447533
0.25862068965517243 0.000544962012632908
0.2689655172413793 0.0013185400404880454
0.2793103448275862 -inf
0.2896551724137931 -inf
0.3 -inf
