0.0 nan 0.5523592832969049 0.9375159840142621 
0.0006809535505102667 nan 0.56041905283986 0.9422870885371855 
0.0013619071010205334 nan 0.5685271973606447 0.9471317841655982 
0.0020428606515308003 nan 0.5766866867962966 0.9520519823864922 
0.002723814202041067 nan 0.5849005203436386 0.957049664926653 
0.0034047677525513333 nan 0.5931717326837375 0.9621268871063665 
0.004085721303061601 nan 0.6015034001924877 0.9672857813909412 
0.004766674853571867 nan 0.6098986471720249 0.9725285611539776 
0.005447628404082134 nan 0.6183606521366314 0.9778575246674741 
0.0061285819545924 nan 0.6268926541861003 0.9832750593351045 
0.0068095355051026665 nan 0.6354979594992158 0.9887836461863772 
0.007490489055612934 nan 0.6441799479800261 0.9943858646508954 
0.008171442606123201 nan 0.6529420800899297 1.0000843976335816 
0.008852396156633467 nan 0.6617879038992766 1.0058820369135526 
0.009533349707143734 nan 0.6707210623931638 1.0117816888913211 
0.010214303257654 nan 0.6797453010674218 1.017786380711198 
0.010895256808164267 nan 0.688864475852433 1.0238992667881968 
0.011576210358674534 0.6280821891902733 0.6980825614044 1.0301236357713999 
0.0122571639091848 1.012778899588496 0.707403659806046 1.0364629179787126 
0.012938117459695067 1.389869603240856 0.7168320097214549 1.0429206933411859 
0.013619071010205333 1.7805212489297928 0.7263719960529166 1.0495006998986984 
0.0143000245607156 2.1898257933470338 0.7360281601512539 1.0562068428928113 
0.014980978111225868 2.618215858000789 0.7458052106352046 1.063043204507033 
0.015661931661736135 3.0643071583986843 0.7557080348800809 1.070014054309696 
0.016342885212246402 3.5259650689049207 0.7657417112411888 1.0771238604601348 
0.017023838762756666 4.0008005888003195 0.7759115220834012 1.0843773017449878 
0.017704792313266934 4.4864265146393905 0.7862229676949739 1.0917792805182978 
0.0183857458637772 4.980594514359456 0.7966817811711943 1.0993349366267162 
0.01906669941428747 5.481266120735133 0.8072939443619404 1.1070496624096948 
0.019747652964797736 5.98664469130769 0.8180657049867572 1.1149291188741282 
0.020428606515308 6.495183708696135 0.8290035950318156 1.1229792531536966 
0.021109560065818267 7.005580804654831 0.8401144505552547 1.1312063173752687 
0.021790513616328534 7.516763499428506 0.8514054330410997 1.139616889068367 
0.0224714671668388 8.027870549792896 0.8628840524574465 1.1482178932691065 
0.02315242071734907 8.538232204810475 0.8745581921921262 1.1570166264874155 
0.023833374267859333 9.047346651175525 0.8864361360589464 1.1660207827260518 
0.0245143278183696 9.554864148101041 0.8985265975901733 1.1752384817622903 
0.025195281368879868 10.060565956932418 0.9108387518565872 1.184678299928561 
0.025876234919390135 10.564348882935606 0.9233822700856946 1.1943493036572552 
0.026557188469900402 11.066207750840562 0.9361673573820655 1.2042610860879295 
0.027238142020410666 11.56622599198715 0.9492047938919594 1.2144238070729003 
0.027919095570920933 12.064562080233832 0.9625059797981653 1.2248482369604758 
0.0286000491214312 12.561441338597064 0.9760829845812656 1.2355458045847718 
0.029281002671941468 13.05714481850705 0.9899486010414075 1.246528649948247 
0.029961956222451736 13.55200696034527 1.0041164046414413 1.2578096821490978 
0.030642909772962003 14.046408521352728 1.0186008188095386 1.2694026431819898 
0.03132386332347227 14.540769711391384 1.0334171869289615 1.2813221783291382 
0.03200481687398254 15.035552413141827 1.0485818518467882 1.2935839139616723 
0.032685770424492805 15.531252351315548 1.064112243854784 1.3062045436912335 
0.033366723975003065 16.028402320646013 1.080026978237514 1.3192019239520596 
0.03404767752551333 16.527570443027134 1.0963459636491626 1.332595180258345 
0.0347286310760236 17.029404253797907 1.1130905227761756 1.3464048255751684 
0.03540958462653387 17.53440188521653 1.1302835269736589 1.360652892469631 
0.036090538177044135 18.04337998770218 1.1479495468366596 1.375363080979147 
0.0367714917275544 18.557006633947832 1.1661150209919031 1.3905609244549144 
0.03745244527806467 19.076042629138023 1.1848084457822952 1.4062739760213931 
0.03813339882857494 19.601293588673936 1.2040605889791243 1.4225320187506205 
0.038814352379085204 20.133617182920176 1.2239047312125402 1.4393673032004026 
0.03949530592959547 20.673930920016666 1.2443769394808855 1.4568148166289958 
0.04017625948010573 21.2232140212575 1.2655163779108352 1.4749125890026566 
0.040857213030616 21.782518476107786 1.2873656619271927 1.4937020418902824 
0.041538166581126267 22.35297719604068 1.3099712631972453 1.5132283875345938 
0.042219120131636534 22.935814537077114 1.3333839741955504 1.5335410868573036 
0.0429000736821468 23.53235856495332 1.3576594430630138 1.5546943769680692 
0.04358102723265707 24.14405537672235 1.3828587917025077 1.5767478809964766 
0.044261980783167336 24.772485867340023 1.4090493328842233 1.5997673158742287 
0.0449429343336776 25.419385425814863 1.4363054056880558 1.6238253172206332 
0.04562388788418787 26.086701868412796 1.4647093531005357 1.6490024049400747 
0.04630484143469814 26.77645050571212 1.4943526712945947 1.6753881188080721 
0.046985794985208405 27.491089976602936 1.5253373674349555 1.7030823605837035 
0.047666748535718666 28.233221259094346 1.5577775722908618 1.7321969885582789 
0.04834770208622893 29.00580176455479 1.5918014662154445 1.7628577226434352 
0.0490286556367392 29.81217192877154 1.6275535931565763 1.795206434100224 
0.04970960918724947 30.656124236806665 1.665197658682848 1.829403915192268 
0.050390562737759735 31.541989467364736 1.7049199365013217 1.8656332523616828 
0.05107151628827 32.47474370760571 1.7469334464215398 1.9041039647729845 
0.05175246983878027 33.460143407913264 1.7914831192626246 1.945057122307955 
0.05243342338929054 34.504921732248825 1.8388522368129734 1.9887717293017908 
0.053114376939800804 35.616858440306096 1.889370536609174 2.035572761422396 
0.05379533049031107 36.80535770078331 1.9434245156318983 2.0858413866823717 
0.05447628404082133 38.08151653168757 2.001470675089478 2.1400281086193917 
0.0551572375913316 39.45875751682195 2.064052753471748 2.1986698732534324 
0.05583819114184187 40.95345910159217 2.1318244504275925 2.262412634750537 
0.056519144692352134 42.58585122739712 2.205579837720307 2.332041565452103 
0.0572000982428624 44.381279592400965 2.286294734154972 2.4085221721758585 
0.05788105179337267 46.37203249694358 2.3751840472117602 2.493057299896494 
0.058562005343882936 48.59987575370313 2.473782918407279 2.587167827923344 
0.059242958894393204 51.120214167034064 2.584064313226441 2.6928096511503368 
0.05992391244490347 54.008210987502274 2.708614136436216 2.8125479520427854 
0.06060486599541374 57.36912133005292 2.8509004083545464 2.9498251780053133 
0.061285819545924006 61.35543074499199 3.015702734134545 3.1093887539361376 
0.061966773096434266 66.19872327421548 3.2098287000328583 3.2980048098801475 
0.06264772664694454 72.27142890501835 3.4433753729003227 3.5257154452868704 
0.0633286801974548 80.22065065065004 3.7321055976779145 3.808207929545967 
0.06400963374796508 91.29954066466026 4.1023288165565415 4.1716827733647435 
0.06469058729847534 108.37001647988248 4.602155582935806 4.6640831309042055 
0.06537154084898561 140.15502183245215 5.332078377788126 5.385619302300676 
0.06605249439949587 241.02945711554196 6.5523665542712415 6.596009619760295 
0.06673344795000613 733.1636549858921 9.297357171019206 9.328166261808384 
0.0674144015005164 211.40123325144995 inf inf 
