0.001 -0.0474931541450901 
0.00301010101010101 -0.004837034542297651 
0.00502020202020202 -0.0003402321481296132 
0.00703030303030303 -2.0261268132662826e-05 
0.00904040404040404 -1.1084495011811246e-06 
0.01105050505050505 -5.7655858865675935e-08 
0.01306060606060606 -2.9027590105521447e-09 
0.015070707070707071 -1.4846562840566526e-10 
0.017080808080808082 -5.119504427781561e-12 
0.019090909090909092 -5.119504427781561e-12 
0.021101010101010103 0.0 
0.023111111111111114 -5.119504427781561e-12 
0.02512121212121212 0.0 
0.02713131313131313 0.0 
0.02914141414141414 0.0 
0.031151515151515152 0.0 
0.03316161616161616 0.0 
0.03517171717171717 -5.119504427781561e-12 
0.037181818181818184 -5.119504427781561e-12 
0.039191919191919194 0.0 
0.041202020202020205 0.0 
0.043212121212121216 -5.119504427781561e-12 
0.045222222222222226 -5.119504427781561e-12 
0.04723232323232324 0.0 
0.04924242424242424 -5.119504427781561e-12 
0.05125252525252525 0.0 
0.05326262626262626 -5.119504427781561e-12 
0.05527272727272727 0.0 
0.05728282828282828 -5.119504427781561e-12 
0.05929292929292929 -5.119504427781561e-12 
0.061303030303030304 0.0 
0.06331313131313131 -5.119504427781561e-12 
0.06532323232323232 0.0 
0.06733333333333333 0.0 
0.06934343434343435 0.0 
0.07135353535353535 -5.119504427781561e-12 
0.07336363636363637 0.0 
0.07537373737373737 0.0 
0.07738383838383839 -5.119504427781561e-12 
0.07939393939393939 -5.119504427781561e-12 
0.08140404040404041 -5.119504427781561e-12 
0.08341414141414141 -5.119504427781561e-12 
0.08542424242424243 0.0 
0.08743434343434343 -5.119504427781561e-12 
0.08944444444444445 0.0 
0.09145454545454546 0.0 
0.09346464646464647 -5.119504427781561e-12 
0.09547474747474748 0.0 
0.09748484848484848 0.0 
0.0994949494949495 0.0 
0.1015050505050505 0.0 
0.10351515151515152 0.0 
0.10552525252525252 -5.119504427781561e-12 
0.10753535353535354 -5.119504427781561e-12 
0.10954545454545454 -5.119504427781561e-12 
0.11155555555555556 0.0 
0.11356565656565656 0.0 
0.11557575757575758 -5.119504427781561e-12 
0.11758585858585859 -5.119504427781561e-12 
0.1195959595959596 0.0 
0.1216060606060606 -5.119504427781561e-12 
0.12361616161616162 -5.119504427781561e-12 
0.1256262626262626 0.0 
0.12763636363636363 -5.119504427781561e-12 
0.12964646464646465 0.0 
0.13165656565656567 -5.119504427781561e-12 
0.13366666666666666 -5.119504427781561e-12 
0.13567676767676767 0.0 
0.1376868686868687 0.0 
0.1396969696969697 0.0 
0.1417070707070707 -5.119504427781561e-12 
0.14371717171717172 -5.119504427781561e-12 
0.14572727272727273 0.0 
0.14773737373737375 0.0 
0.14974747474747474 -5.119504427781561e-12 
0.15175757575757576 -5.119504427781561e-12 
0.15376767676767678 0.0 
0.1557777777777778 0.0 
0.15778787878787878 -5.119504427781561e-12 
0.1597979797979798 -5.119504427781561e-12 
0.16180808080808082 -5.119504427781561e-12 
0.1638181818181818 -5.119504427781561e-12 
0.16582828282828282 0.0 
0.16783838383838384 -5.119504427781561e-12 
0.16984848484848486 0.0 
0.17185858585858585 -5.119504427781561e-12 
0.17386868686868687 0.0 
0.17587878787878788 -5.119504427781561e-12 
0.1778888888888889 -5.119504427781561e-12 
0.1798989898989899 0.0 
0.1819090909090909 0.0 
0.18391919191919193 -5.119504427781561e-12 
0.18592929292929294 -5.119504427781561e-12 
0.18793939393939393 -5.119504427781561e-12 
0.18994949494949495 0.0 
0.19195959595959597 0.0 
0.19396969696969696 0.0 
0.19597979797979798 -5.119504427781561e-12 
0.197989898989899 -5.119504427781561e-12 
0.2 -5.119504427781561e-12 
