1.0 46.230637480350026 
1.02020202020202 43.91750673483896 
1.0404040404040404 41.70383792346033 
1.0606060606060606 39.58501367405002 
1.0808080808080809 37.55686529588827 
1.101010101010101 35.61563259070254 
1.121212121212121 33.75792640896713 
1.1414141414141414 31.98069366086279 
1.1616161616161615 30.2811824116157 
1.1818181818181819 28.656905519008482 
1.202020202020202 27.10560560306859 
1.2222222222222223 25.62521718106868 
1.2424242424242424 24.213829463060687 
1.2626262626262625 22.869648688823943 
1.2828282828282829 21.59096038708919 
1.303030303030303 20.376094592391762 
1.3232323232323233 19.223392902151403 
1.3434343434343434 18.1311808873314 
1.3636363636363638 17.097744886022493 
1.3838383838383839 16.12131567805524 
1.404040404040404 15.200057967674796 
1.4242424242424243 14.332066300934029 
1.4444444444444444 13.515366534818682 
1.4646464646464648 12.747922016138563 
1.4848484848484849 12.027643418225036 
1.5050505050505052 11.352401143185439 
1.5252525252525253 10.72003940156455 
1.5454545454545454 10.128390842130976 
1.5656565656565657 9.575291497894352 
1.5858585858585859 9.058595101016511 
1.606060606060606 8.576186660127423 
1.6262626262626263 8.125994927078409 
1.6464646464646466 7.7060035770146635 
1.6666666666666667 7.31426096257609 
1.6868686868686869 6.948888402632119 
1.7070707070707072 6.608086845594452 
1.7272727272727273 6.2901420977150355 
1.7474747474747474 5.993428431620942 
1.7676767676767677 5.716410850152083 
1.787878787878788 5.457645950305594 
1.8080808080808082 5.215781583660862 
1.8282828282828283 4.989555493107859 
1.8484848484848486 4.777793001458422 
1.8686868686868687 4.5794039874039925 
1.8888888888888888 4.393379265085044 
1.9090909090909092 4.218786572225642 
1.9292929292929295 4.054766244229733 
1.9494949494949496 3.9005267452464802 
1.9696969696969697 3.755340145037136 
1.98989898989899 3.6185376190882845 
2.0101010101010104 3.489505073745438 
2.0303030303030303 3.3676789062948798 
2.0505050505050506 3.2525419725069766 
2.070707070707071 3.1436197647946353 
2.090909090909091 3.0404768432466884 
2.111111111111111 2.942713495383719 
2.1313131313131315 2.849962641480414 
2.1515151515151514 2.761886990773525 
2.1717171717171717 2.67817641701704 
2.191919191919192 2.5985455550033247 
2.212121212121212 2.5227316154487647 
2.2323232323232327 2.450492378381647 
2.2525252525252526 2.38160438113027 
2.272727272727273 2.315861263418502 
2.2929292929292933 2.2530722650897372 
2.313131313131313 2.193060871895533 
2.3333333333333335 2.135663576326987 
2.353535353535354 2.0807287663651453 
2.3737373737373737 2.028115707645307 
2.393939393939394 1.9776936314362497 
2.4141414141414144 1.9293408982172082 
2.4343434343434343 1.8829442485881074 
2.4545454545454546 1.8383981147788615 
2.474747474747475 1.7956040042901822 
2.494949494949495 1.7544699321495676 
2.5151515151515156 1.7149099101959444 
2.5353535353535355 1.6768434816110642 
2.5555555555555554 1.6401952934337578 
2.575757575757576 1.6048947126530166 
2.595959595959596 1.5708754701763643 
2.6161616161616164 1.5380753396401827 
2.6363636363636367 1.5064358432423146 
2.6565656565656566 1.4759019796386923 
2.676767676767677 1.4464219792208481 
2.6969696969696972 1.4179470750143104 
2.717171717171717 1.3904312955608082 
2.7373737373737375 1.3638312741942167 
2.757575757575758 1.3381060713054462 
2.7777777777777777 1.3132170130786758 
2.7979797979797985 1.2891275425334168 
2.8181818181818183 1.265803080082761 
2.8383838383838382 1.2432108968155269 
2.858585858585859 1.2213199971011848 
2.878787878787879 1.2001010081646422 
2.8989898989898992 1.1795260796446432 
2.9191919191919196 1.1595687902825396 
2.9393939393939394 1.1402040596929826 
2.95959595959596 1.1214080681030312 
2.97979797979798 1.103158181597093 
3.0 1.0854328810233902 
