##q---Fq-F0
0.0 0.0 
0.00030303030303030303 1.4395703219630476e-07 
0.0006060606060606061 5.758280960435061e-07 
0.0009090909090909091 1.2956130922247818e-06 
0.0012121212121212121 2.303311856303525e-06 
0.0015151515151515152 3.598924157631662e-06 
0.0018181818181818182 5.18244969916848e-06 
0.002121212121212121 7.053888118571227e-06 
0.0024242424242424242 9.213238987649652e-06 
0.0027272727272727275 1.1660501811638826e-05 
0.0030303030303030303 1.4395676030108033e-05 
0.003333333333333333 1.7418761016961093e-05 
0.0036363636363636364 2.0729756080254433e-05 
0.00393939393939394 2.4328660461833337e-05 
0.004242424242424242 2.821547333733184e-05 
0.004545454545454545 3.2390193817263976e-05 
0.0048484848484848485 3.685282094520513e-05 
0.005151515151515152 4.16033537001567e-05 
0.005454545454545455 4.6641790993999185e-05 
0.005757575757575757 5.196813167312943e-05 
0.006060606060606061 5.7582374518096906e-05 
0.006363636363636364 6.348451824342196e-05 
0.006666666666666666 6.967456149777713e-05 
0.0069696969696969695 7.615250286398809e-05 
0.007272727272727273 8.291834085903248e-05 
0.007575757575757576 8.997207393294962e-05 
0.00787878787878788 9.731370047175007e-05 
0.008181818181818182 0.00010494321879377826 
0.008484848484848484 0.00011286062715262237 
0.008787878787878787 0.0001210659237354776 
0.00909090909090909 0.00012955910666350974 
0.009393939393939394 0.00013834017399203728 
0.009696969696969697 0.0001474091237103494 
0.01 0.00015676595374261527 
0.010303030303030303 0.00016641066194606543 
0.010606060606060607 0.00017634324611262857 
0.01090909090909091 0.0001865637039682042 
0.011212121212121211 0.00019707203317193488 
0.011515151515151515 0.00020786823131875283 
0.011818181818181818 0.00021895229593628753 
0.012121212121212121 0.000230324224486867 
0.012424242424242424 0.00024198401436551647 
0.012727272727272728 0.00025393166290105 
0.013030303030303031 0.00026616716735516097 
0.013333333333333332 0.0002786905249158735 
0.013636363636363636 0.00029150173269081275 
0.013939393939393939 0.00030460078768101083 
0.014242424242424242 0.00031798768671724247 
0.014545454545454545 0.00033166242629540646 
0.014848484848484849 0.0003456250021457891 
0.015151515151515152 0.00035987540812147927 
0.015454545454545455 0.000374413633320728 
0.01575757575757576 0.000389239654627454 
0.01606060606060606 0.0004043534174015804 
0.016363636363636365 0.0004197547854650111 
0.016666666666666666 0.0004354434116505217 
0.016969696969696968 0.00045141840297546884 
0.017272727272727273 0.00046767745655688496 
0.017575757575757574 0.0004842146422181032 
0.01787878787878788 0.0005010147949018575 
0.01818181818181818 0.0005180398609078112 
0.018484848484848486 0.0005351987767786341 
0.018787878787878787 0.0005522965784723056 
0.019090909090909092 0.0005690028695340515 
0.019393939393939394 0.0005849511430560597 
0.019696969696969695 0.0005999477417686648 
0.02 0.0006140269961644663 
0.020303030303030302 0.000627326882165653 
0.020606060606060607 0.0006399852728003679 
0.02090909090909091 0.0006521092719664012 
0.021212121212121213 0.0006637772485011737 
0.021515151515151515 0.0006750469788510599 
0.02181818181818182 0.0006859623588297837 
0.02212121212121212 0.0006965578881801775 
0.022424242424242423 0.0007068615194904851 
0.022727272727272728 0.0007168964786460492 
0.02303030303030303 0.0007266824607640956 
0.023333333333333334 0.0007362364267508383 
0.023636363636363636 0.0007455731788333651 
0.02393939393939394 0.0007547057897105332 
0.024242424242424242 0.000763645861572877 
0.024545454545454544 0.0007724038248983562 
0.02484848484848485 0.0007809890916207223 
0.02515151515151515 0.0007894101579304333 
0.025454545454545455 0.0007976748674640475 
0.025757575757575757 0.0008057902756028853 
0.026060606060606062 0.0008137630115637877 
0.026363636363636363 0.0008215990748311014 
0.026666666666666665 0.0008293040928112533 
0.02696969696969697 0.0008368832902346184 
0.02727272727272727 0.0008443414526425841 
0.027575757575757576 0.0008516832173290824 
0.027878787878787878 0.0008589126660477631 
0.028181818181818183 0.0008660339708148967 
0.028484848484848484 0.0008730506273233915 
0.02878787878787879 0.0008799664272544761 
0.02909090909090909 0.0008867843754913337 
0.029393939393939392 0.0008935079475573729 
0.029696969696969697 0.0009001397336880474 
0.03 0.0009066829414281528 
