-2.0 0.1938532188618294 
-1.9595959595959596 0.5609438243429646 
-1.9191919191919191 0.7697026292452926 
-1.878787878787879 0.9025294553765977 
-1.8383838383838385 1.015505739538779 
-1.797979797979798 1.1039111401394974 
-1.7575757575757576 1.1847420554309434 
-1.7171717171717171 1.2654367017573995 
-1.6767676767676767 1.3332313259168407 
-1.6363636363636362 1.3954987866946535 
-1.595959595959596 1.4588348480089943 
-1.5555555555555556 1.5170939704199202 
-1.5151515151515151 1.5763788564521783 
-1.4747474747474747 1.6365232198859236 
-1.4343434343434343 1.6918636618816296 
-1.393939393939394 1.7533555700362342 
-1.3535353535353534 1.804761446334743 
-1.3131313131313131 1.861946629439243 
-1.2727272727272727 1.9193571821664128 
-1.2323232323232323 1.9720040154226481 
-1.1919191919191918 2.0247849686892625 
-1.1515151515151514 2.0775242075321176 
-1.1111111111111112 2.1300471153476113 
-1.0707070707070705 2.182180541132833 
-1.0303030303030303 2.2253493551130847 
-0.9898989898989898 2.2764822349285327 
-0.9494949494949494 2.3267291382465713 
-0.909090909090909 2.3721469694163138 
-0.8686868686868685 2.4166419776982435 
-0.8282828282828283 2.4600973351626463 
-0.7878787878787878 2.5023495143896395 
-0.7474747474747474 2.5432962114541344 
-0.707070707070707 2.582777550924568 
-0.6666666666666665 2.620706288972959 
-0.6262626262626261 2.6569277095365162 
-0.5858585858585856 2.688774023763885 
-0.5454545454545454 2.7214845962745065 
-0.505050505050505 2.7521714264884363 
-0.46464646464646453 2.778692493574986 
-0.4242424242424241 2.805309737288546 
-0.38383838383838365 2.829642115289997 
-0.3434343434343432 2.850104558504467 
-0.303030303030303 2.868523358626112 
-0.26262626262626254 2.8860767766621405 
-0.2222222222222221 2.901093784197475 
-0.18181818181818166 2.9127484166406643 
-0.14141414141414121 2.92218251416634 
-0.10101010101010077 2.929860977800802 
-0.06060606060606055 2.93460637826693 
-0.02020202020202011 2.9371564806464043 
0.020202020202020332 2.9371564806464043 
0.060606060606060996 2.93460637826693 
0.10101010101010122 2.9298609778008022 
0.14141414141414144 2.9221825141663405 
0.1818181818181821 2.912748416640665 
0.22222222222222232 2.901093784197475 
0.262626262626263 2.88607677666214 
0.3030303030303032 2.868523358626112 
0.3434343434343434 2.8501045585044675 
0.3838383838383841 2.8296421152899964 
0.4242424242424243 2.805309737288546 
0.464646464646465 2.7786924935749857 
0.5050505050505052 2.752171426488436 
0.5454545454545459 2.7214845962745056 
0.5858585858585861 2.688774023763885 
0.6262626262626263 2.656927709536516 
0.666666666666667 2.6207062889729587 
0.7070707070707072 2.5827775509245674 
0.7474747474747478 2.5432962114541335 
0.7878787878787881 2.502349514389639 
0.8282828282828287 2.4600973351626463 
0.868686868686869 2.4166419776982435 
0.9090909090909092 2.372146969416313 
0.9494949494949498 2.326729138246571 
0.9898989898989901 2.2764822349285327 
1.0303030303030307 2.225349355113084 
1.070707070707071 2.182180541132832 
1.1111111111111112 2.13004711534761 
1.1515151515151518 2.077524207532117 
1.191919191919192 2.024784968689263 
1.2323232323232327 1.9720040154226475 
1.272727272727273 1.9193571821664124 
1.3131313131313136 1.8619466294392422 
1.3535353535353538 1.8047614463347426 
1.393939393939394 1.7533555700362333 
1.4343434343434347 1.6918636618816287 
1.474747474747475 1.636523219885923 
1.5151515151515156 1.5763788564521781 
1.5555555555555558 1.5170939704199202 
1.5959595959595965 1.4588348480089939 
1.6363636363636367 1.395498786694653 
1.676767676767677 1.3332313259168402 
1.7171717171717176 1.2654367017573989 
1.7575757575757578 1.1847420554309431 
1.7979797979797985 1.1039111401394974 
1.8383838383838387 1.015505739538779 
1.878787878787879 0.9025294553765973 
1.9191919191919196 0.7697026292452928 
1.9595959595959598 0.5609438243429646 
2.0 0.19385321886182919 
